130.7443546
34.93985206
77.80433608
84.42992723
26.82205417
38.6399453
95.03087305
100.8374407
3.172750277
70.24189022
166.9446143
42.51195622
29.8924265
37.82961426
53.53110627
26.07353622
65.92366602
25.78378733
0.829647637
230.325251
1.906547655
5.901218932
108.8615531
176.9428825
7.57500165
332.2202751
68.1276892
37.0221807
22.73466325
97.54492753
45.36405106
261.2723634
155.9235326
200.3951571
85.49427146
340.678045
74.92133469
21.84899749
100.9736227
5.924398842
77.64304254
48.56577623
45.78708443
11.98884298
115.06894
64.31652555
165.0641441
15.93135946
133.9480115
52.24655288
34.10440944
84.42509808
158.3439016
16.4905748
33.76443742
20.30077262
59.02667676
83.10287734
51.73756068
156.4325248
46.45157521
93.79750864
28.07473517
67.65539852
64.67195085
101.0315724
109.3338438
73.11040417
49.8107306
39.88489967
8.385332695
224.9050152
90.19786167
172.9124755
94.97195744
25.10384329
65.59624978
58.18157585
98.5223471
77.04036486
35.52900812
31.99890089
21.29364546
93.1764802
29.33997196
130.4410841
52.19536391
65.7469192
46.94125082
49.89862109
28.38186899
31.52178106
101.4449475
47.90128546
42.19419828
52.84826473
38.87657356
14.4227336
51.27299663
23.04855787
29.24435483
15.59911407
29.87697323
117.6602609
132.7851526
22.15419965
58.99287272
14.94911074
68.15762992
34.58056344
17.87943778
0.863451673
11.06744153
17.77802568
5.534203679
43.45750341
14.24695261
42.01841729
40.27026569
10.8250183
32.79860781
34.33331106
30.69503091
36.21281549
12.23319787
12.74412174
21.12269362
20.97781918
43.2942782
10.339206
40.49723565
100.8789714
55.59604998
29.73885959
83.3626855
59.2855191
32.90291741
14.46426428
37.21148331
16.74845131
34.21258236
48.59281946
29.58529269
20.37127818
64.96169973
94.74595332
17.4525411
55.45503885
31.1837407
24.62865512
12.86871376
33.72387258
27.78595212
16.10327713
151.1165986
42.84130412
55.73126612
6.082794899
73.44844453
66.97835196
15.3586225
30.44198355
11.12732296
37.7851861
20.64267631
25.43512284
2.569106769
48.50009982
16.9928062
30.01895018
69.10897208
48.9105774
220.2477848
243.2963427
9.131918985
174.0048288
69.29730886
319.4037161
9.108739074
27.36485041
151.3899284
4.395490566
16.67408243
35.17068533
312.3879298
77.58702442
2.028242186
9.671817738
13.17198425
40.59188695
77.87387582
78.46882686
147.7854523
189.9748214
37.55725031
160.2417568
30.28841664
42.49070797
13.92243386
41.24478777
12.62049555
276.7275689
98.86135329
53.82471847
437.5884225
106.2914805
25.93349092
126.0494569
311.7031566
430.0114892
50.70412299
201.8835006
105.9003195
17.66212612
321.4406508
142.1710848
141.4177377
13.34486775
12.43891958
7.584659946
113.9872109
50.3718776
90.39972006
85.16975271
250.5738688
104.8523944
29.11976281
97.19722887
63.32075522
23.63964559
123.3267832
153.6113365
0.521547991
19.41897019
21.81036431
34.02617724
136.7344299
192.4096779
18.17594748
155.1499031
2.033071334
50.64520738
79.92336625
155.1759805
224.8876303
0.967761272
243.7300002
14.60624123
32.76673543
227.252947
62.20425619
21.39216008
43.9790514
50.8837673
169.5755342
3.831446072
25.47472186
112.0922532
7.362519135
151.5222471
57.02934112
0.876007458
23.03407043
48.10217802
42.73119954
17.866882
81.40398305
79.96199944
7.783620846
68.22427216
150.0454936
45.09651626
261.586258
21.03576896
74.35439271
137.2888161
102.7555783
32.27126484
2.51598614
204.3531269
9.846632898
215.2399583
0.692499832
76.36911328
2.909078792
95.22886812
93.31749132
44.23306459
129.6172315
163.2194095
174.8528272
3.777359614
204.6110034
154.4863782
43.47295668
17.91034433
34.29371205
20.15493235
25.78861648
78.59245305
24.9869779
75.36078717
13.81039763
156.2721971
227.5919532
128.7305999
50.10047948
21.19416501
155.9360884
209.510657
3.353360414
85.34843119
68.85592473
104.7799572
19.97335638
211.5862248
121.9871775
145.2086189
418.8445672
222.3938582
37.85279417
28.51032433
239.9874104
22.91237589
1.555951506
190.4104106
1.515386662
17.10001329
155.9698924
178.362652
6.459468448
309.9627317
11.06937319
19.48657826
164.2441547
74.66152653
553.170218
3.496303197
5.983314449
297.0418631
9.165723022
35.77239718
88.64384182
104.8108637
324.885765
170.0400982
91.61280205
61.65469914
214.714547
44.1519349
7.369279942
74.48188222
60.70818612
28.41180971
72.59658281
45.72140802
16.19889426
425.9105766
347.6861047
85.33201208
41.95274087
40.13215205
59.65639767
25.27962427
15.36055416
30.56174642
58.97838528
42.18260832
183.4235992
25.97115828
136.4205353
14.53573567
148.9579695
58.00676069
86.06700842
68.28318777
55.79404505
41.76826742
56.27019905
88.02474504
8.750416288
12.87161124
202.5982145
20.23316455
28.31812424
16.43262503
17.46413105
21.45107569
23.28325447
2.642509819
0.749483779
2.214647301
1.84376873
2.559448473
1.099114099
0.72147472
3.433524272
6.416971945
2.872377267
0.767834542
628.4846454
52.5111902
125.9161724
73.16642229
369.8412702
29.43945242
170.5075598
50.93399044
173.6107703
39.44448137
25.78958231
36.39439145
371.3122287
32.32245381
1.547259039
11.31565974
48.74155722
61.91547313
84.88966212
46.51628579
6.879604329
14.26144006
26.71484708
96.4380868
22.03540261
354.1397781
59.27972412
126.4676611
192.3565573
138.0006325
161.9618994
0.526377139
3.001798435
164.3069337
20.76437084
194.143342
90.99370527
6.387997056
197.7507156
6.837107826
237.1710513
202.0911539
354.9307926
36.83384393
47.52654357
157.3693796
164.8362083
114.3069005
243.1408441
141.1926994
618.4264958
2.107440214
7.879237978
2.826983275
88.988643
456.0782646
7.000333031
19.89126087
32.43449004
41.63691459
255.1461062
41.34330239
85.61500016
165.0168184
105.3015051
3.162126151
222.8545589
70.21484699
1.217911141
4.271864376
383.8129613
83.02850846
7.210883886
232.9223668
131.6976285
103.6364149
18.86265233
1.134849795
150.2087188
84.58639162
2.894591348
20.6948311
8.324485429
56.33587546
38.02084852
6.664224325
87.89146056
25.42643038
135.9492104
87.59881418
167.1628918
207.1704519
73.28811682
22.4690601
0.626823418
123.5373341
0.640345033
80.4922399
19.73479647
165.7691997
45.05305393
298.556284
11.27702655
57.00422955
55.58349419
72.66998587
228.7557779
3.174681936
78.73153251
210.429161
0.843169252
11.87294343
7.045727022
78.99616983
3.743555578
13.99100776
51.34350219
15.33640842
64.84966349
15.98737757
108.4056815
12.49397187
14.59658293
73.44361538
111.1418768
0.669319921
78.6397787
1.212116164
258.7544456
65.51222261
68.8810363
154.2912806
131.3006725
54.71714503
40.45087583
70.88609857
108.1429759
12.19746217
31.25424626
20.52291343
61.92706309
39.16921993
39.05911535
29.24145734
56.25088245
30.2217744
21.13138609
25.96053415
45.46546317
43.30876565
8.852794227
83.85912192
2.166355821
56.9047491
10.38653165
41.99137406
11.77249715
84.17687987
51.46133341
75.7142808
34.79497762
43.51062404
18.93798704
14.50676078
44.38952899
10.49180708
16.28485309
31.22237388
47.02914132
49.96429751
4.471791105
17.33953903
56.36678201
68.57100499
125.0053951
34.53613528
210.9478115
70.02361273
86.24955022
146.2497832
23.76423761
7.882135467
447.4051147
93.71541312
118.3556582
9.027609387
180.0789312
5.147871834
298.5987805
332.4655958
91.41190949
170.4293276
3.125424626
1.61873043
154.5655762
75.78575219
145.2675345
41.43119288
223.7943111
146.5994135
339.8995863
87.51382118
50.26177303
43.07503488
95.31192947
82.37464181
31.53916599
282.9088784
11.09351893
7.968094302
1.94324918
86.88313444
131.6126354
257.1347494
76.33917256
241.2922462
0.594951041
167.887264
66.01831732
235.6604938
56.53483636
71.33810683
151.1320519
144.7817222
440.40285
272.8864645
63.51778446
62.06614255
400.2388255
1.126157328
80.68443999
209.4179374
225.0267097
164.2045557
119.1196294
83.00339689
66.03183894
4.588656488
5.042596406
26.95437282
205.877206
52.25427952
729.7335295
3.801505354
104.1376805
431.5133542
69.49530393
226.8299136
502.8891284
25.84366877
6.934656617
46.43129279
532.2725627
294.8784048
2.558482643
292.1856718
52.54885755
375.7222067
104.6408777
279.0088584
92.10730681
469.1874699
56.17941106
1.921035099
29.70215807
74.93002716
16.32445211
25.03526938
70.91603929
86.0206486
36.4871111
40.4924065
20.3683807
29.33321116
0.911743154
25.64953702
7.059248637
813.1551306
170.1289546
55.6849063
106.1881367
62.10091242
2.184706583
6.563778046
6.625591141
21.50323049
31.08812356
235.3166584
113.1054084
4.594451466
1.176380468
547.4950032
2.652168116
61.63828003
6.568607194
706.9669938
4.637913799
8.402717628
427.6529333
20.77789245
14.66902015
223.7035232
5.771797764
310.6957963
71.06670871
79.24535387
463.0341695
54.11639901
43.85542521
22.6940984
178.3510621
45.11390119
15.13068671
201.4353556
309.6681536
151.9752212
6.17937786
178.4128751
9.129021496
55.83364406
182.5553184
69.08868966
168.9545058
9.725904197
27.93468988
7.501598599
14.86218608
4.207153792
42.70125882
86.62332628
23.98541259
5.802704311
3.326317185
34.6868047
59.64867103
46.01502022
3.708785712
21.03673479
15.34220339
24.82278687
34.18843662
42.90311721
26.98334771
56.16975277
46.0468926
300.1991601
23.84150398
9.471891009
30.2381935
153.4268631
24.78125619
25.98081657
34.43858649
28.61946307
36.00902544
36.83674142
25.70072599
41.59248643
57.74405504
25.38296804
16.56011453
466.3315117
289.6754807
5.684873098
49.41184297
21.46459731
1.904615996
132.9918401
75.30766654
92.96110019
48.37454197
3.260640771
78.41763789
139.08043
33.19556378
5.485912198
1.286485044
180.8274492
3.427729294
103.6905014
43.97229059
26.59701587
155.8462663
51.27879161
154.6254576
39.84530066
167.7201755
21.29557712
4.672683665
2.476387126
36.82611729
318.9604003
1.158995535
30.04406175
10.0455938
17.10194495
176.8801036
5.530340361
4.569339896
34.77083188
102.7246717
156.1485709
53.80926519
70.91507346
165.7933454
21.78815023
230.4691596
119.6856056
405.7363277
690.2677998
55.91670541
30.72883495
447.1810422
192.1150999
28.02258037
91.53070654
438.8710442
111.4625322
21.90404978
172.8902614
4.221641236
92.75054934
336.268067
1.755878235
6.389928716
1.059515085
164.9366546
41.09991333
111.9097114
19.13211879
92.41926978
84.55258759
4.524911734
24.61320184
133.6350827
3.926097374
5.868380725
130.2875172
188.5734027
19.04326247
283.4487772
65.8773062
58.03863307
18.84333574
62.5732031
237.1517347
7.066009444
18.91094381
119.6633915
107.1761804
114.0905546
12.40414971
4.494005186
82.5861585
3.558116292
32.79667615
20.82425227
41.92666347
30.09814821
79.17581413
108.9581361
1.334776524
153.9493769
5.798840993
83.45250766
104.7770597
231.5354355
139.8878636
38.58682467
2.013754742
14.48647836
30.82541791
255.164457
26.13245182
164.5252112
282.8190562
47.40001989
4.11250249
318.7797902
91.71035084
186.9508089
145.746586
120.5239457
35.76756804
27.59471786
43.7704322
80.03153917
75.25840923
170.1791777
53.81699183
72.28558568
8.588156913
54.82628378
481.5655422
71.1285218
20.85998797
82.40941168
1.375341368
18.28315456
221.3807029
125.1763469
70.43505614
188.2102507
2.762272691
349.9133078
306.2336635
57.32488498
109.5569504
45.82668345
43.58402709
119.3707451
28.68900281
50.72440541
393.9464456
54.31535991
56.91633906
49.39832135
1.612935453
263.4474117
307.1521675
58.71374797
53.34566698
57.09598337
26.93698789
112.2100844
68.63378392
26.62599075
48.55225461
0.961000464
40.18623851
12.65719707
39.74002523
135.4199358
176.3875305
10.86365148
511.0668077
9.86691532
188.9616662
169.5407643
17.44964361
289.9652295
149.1839736
11.19782853
165.6301202
173.6600276
18.71198291
465.400452
455.3925256
23.94291609
20.12595746
65.46779445
48.59378529
217.9462128
103.9367879
23.1180976
15.64064474
352.2805561
145.6760804
0.756244586
203.9561709
66.50316379
108.0579829
358.6878698
58.90884555
30.76553647
155.4435153
12.44374873
7.896622911
202.0544524
85.63624841
53.11966285
629.3703111
114.9723571
6.962665676
161.4171715
40.20072596
103.9300271
34.48398048
8.903017367
54.57999723
9.929694245
516.4735219
94.31229582
35.45270758
449.8129279
23.46772792
3.447045887
257.2380931
9.56847397
0.644208351
290.195097
275.967461
71.29174701
3.985012981
649.1263558
98.77442863
68.9921067
371.3624518
76.40871229
12.69196694
229.9717573
193.9946043
228.556817
482.9041821
109.3454337
0.701192299
41.27955763
9.614833791
198.2655028
7.681242907
17.83597545
133.5800304
149.7161457
47.66852052
5.367115156
22.69023508
0.89822154
67.32605062
1.996369809
8.332212066
474.0697386
2.311230262
79.1062744
102.4030505
275.9664951
6.322320643
322.2606401
0.849930059
77.91926981
71.15653086
1.970292409
218.2079527
235.1273558
48.31466053
39.65792971
76.24645292
66.95806954
163.1662889
111.4210016
30.00446274
2.139312591
66.82188756
10.13734761
218.852161
63.03776714
36.16548984
87.32258691
2.253280486
66.17478172
243.6730162
20.39735558
58.54762527
91.73932573
52.67055208
127.3340103
44.08915598
200.032971
12.93728766
305.6531999
69.82561766
68.13734749
5.662659017
314.9551049
12.14337572
232.0811292
17.90744684
0.860554185
190.9058812
11.80533535
119.4827813
1.873709448
571.8184562
328.0256771
21.26370475
81.11616583
33.97305662
54.07486834
61.0665089
151.4517415
110.0736693
777.2050207
41.2979084
0.562112834
50.64424155
16.42876171
156.1814091
16.78322117
473.3453664
106.549357
20.95657093
408.5893884
242.1933653
81.1412774
22.9712915
3.469259968
11.38423364
14.40148535
727.9081115
7.783620846
681.4768187
30.81575961
96.26810078
194.4021844
292.2764598
38.70079257
14.47102508
91.22840187
225.8225533
2.480250445
290.2955433
4.746086715
157.1491704
80.59461783
46.42356615
45.62192757
93.22187419
27.17458197
36.14907073
239.0882231
42.2994737
109.8631184
1.64577366
26.6308199
4.304702582
379.0803962
57.93915262
324.069639
138.4594016
0.634550055
65.5218809
31.13738087
160.274595
70.28631838
31.03790042
30.17348292
11.03363749
5.959168708
212.8012385
102.0630785
125.2816223
149.4940049
86.78268816
104.990508
70.4109104
214.4653629
39.34403509
219.9667284
254.5559843
4.963398378
119.4064808
47.55938177
0.869246651
258.2010253
7.234063797
312.4101439
166.2723969
125.1106705
100.2308997
1.044061811
330.775394
225.5366678
75.8543261
107.1771463
328.4863778
93.41986926
115.9256309
303.6172311
87.77169768
286.158895
88.0624124
113.8384731
247.630986
40.53973215
0.455871577
202.2968756
97.52271345
170.7287348
44.24272288
171.5100909
195.9938716
6.398621182
58.90111891
24.34470121
45.76680201
55.97465519
205.2803233
14.60913872
204.1831409
96.21015101
332.7089849
17.61769796
579.1297863
3.91257576
278.4264632
9.658296124
275.6130015
1.212116164
10.36914672
99.62629035
57.00519538
98.48274809
7.265936174
18.13924595
81.36438404
195.2868843
3.980183833
105.8925929
29.47229062
128.2457534
1.311596614
2.432924794
116.3428693
43.89695588
3.324385526
111.8131284
1110.779389
28.6040098
26.22227398
85.09152051
145.7398252
69.3996868
32.72810225
13.59501762
56.70675403
278.8958564
56.59182031
14.92206751
30.66412436
233.8688798
82.98890944
142.316925
103.8189567
67.42166775
76.54006512
6.355158849
38.20145866
48.21518008
3.486644901
305.1094379
110.2098512
497.8870968
661.6367468
18.82884829
90.23552903
100.1874374
279.5690396
227.3553249
84.79018167
151.9916403
466.8974879
22.12812225
226.3325114
383.7385924
193.9685269
3.827582754
34.65300066
212.1077728
10.59321919
45.20951833
24.09358551
80.4729233
317.4691594
12.15496567
130.5898219
5.453073992
110.2484844
173.958469
145.6548322
1.143542261
264.6914003
74.46353146
356.6287211
49.09891418
285.0655759
15.57013918
4.505595142
71.73989195
29.16902012
123.2978083
36.58755738
150.3043359
93.50486226
158.0309728
215.2467191
396.48368
220.0575164
222.6353156
150.2058213
46.76643566
524.5072926
208.1710513
325.6555312
6.300106562
43.6236261
145.7871508
268.9265631
50.85286075
5.33137946
39.07263697
30.6457736
130.5453937
32.79377866
117.6274227
527.6076057
0.977419568
140.129321
0.780390327
15.74398851
40.27895815
19.65270095
126.5062943
103.6818089
121.5477251
24.13028704
243.3977548
298.6499694
15.2871511
263.1441412
53.80443605
79.91467379
168.8472987
2.680177174
327.6026437
1.398521279
24.71557978
16.3437687
59.08559237
30.62452535
391.767534
216.425997
1.653500296
12.10087921
66.12069526
40.96469718
98.13698108
46.83018042
21.06377802
165.6021112
26.29664286
8.975454588
39.8172916
14.81775791
165.5258106
86.58469309
2.899420496
32.37557444
54.2496835
173.266935
73.40208471
210.6174977
81.08043013
12.76730165
821.836973
0.682841536
43.79361211
45.50023304
224.5177175
40.82754937
6.398621182
178.532638
2.041763801
1.062412574
15.45037631
121.5428959
286.2419564
24.11579959
1.980916535
1.693099311
263.5835937
120.7789247
186.5596479
12.0187837
8.94551387
159.5463595
3.968593877
7.939119414
38.66795436
7.79810829
86.8493304
129.5090586
3.172750277
176.3112299
34.58346093
210.7034566
11.71358154
3.959901411
50.78042353
38.95094244
15.03603541
216.51099
6.941417424
20.63301801
260.2138142
114.1591285
532.7661016
26.92153462
4.688136939
356.6209944
48.06064734
179.0068604
342.6686198
10.28415371
130.0064608
199.1473053
13.16522345
181.0582825
209.0200156
102.1809097
287.0725699
69.09351881
9.887197742
1.432325315
389.1791107
112.3723437
36.5460267
565.7346955
58.33031361
2.436788112
15.09398518
6.572470512
343.0781316
35.21221601
68.76417091
39.00213141
70.3780722
1.689235992
165.0989139
96.68630501
360.2650695
19.14564041
52.63481639
101.963598
87.86248567
50.74951698
64.73279811
38.21498027
26.99107435
7.602044879
369.2163784
2.837607401
119.9840469
1.329947376
274.9311258
945.6910991
22.05278754
75.15409963
247.7179106
151.6874039
16.87111167
246.4420497
174.9069137
196.5984809
0.510923865
7.755611787
121.4868778
92.20002646
142.6974619
195.3486974
20.44178375
99.55771644
177.4992003
265.8822682
574.0099236
59.50862574
65.26979938
36.46006787
10.03110635
116.6113699
1.978019046
253.1255906
69.8140277
44.5662758
3.38909611
29.55342031
179.2405911
4.104775853
21.976487
2.93901951
95.37567422
22.65063607
0.908845665
14.9085459
130.2884831
39.96796102
64.24505416
119.5726035
118.4715577
1.584926394
79.13621512
23.59811492
108.1323517
36.99030832
322.7097509
101.4372209
14.70668751
160.5054283
237.5303399
143.7096513
27.62755606
24.86914669
1.62066209
3.48761073
61.20848586
34.21451402
13.38639843
292.2571432
65.60301059
142.2328979
7.738226854
447.8049681
1.015086923
2.226237257
15.65609802
36.68800366
15.87340968
61.94734551
609.8354414
131.9139743
1.110704054
23.80866577
20.89765532
202.5364014
369.541863
387.4618656
183.2381599
330.5368341
63.20388983
171.566109
146.5733361
3.117697989
451.0636772
573.7027898
73.04472775
161.1525341
66.98318111
30.09042157
15.45423963
45.88656488
95.77359602
12.97495501
37.63258502
49.02744278
32.56004789
34.52164784
28.26307195
64.18324106
26.85972152
34.46756138
15.67348295
10.17115165
13.72926794
29.92623054
8.013488294
111.6537665
50.24728558
90.48084975
33.15693059
50.24825141
26.07546788
0.804536067
73.4049822
2.337307662
22.52411239
75.577133
378.8331438
168.4435819
69.31855711
30.07110498
60.02244709
40.69233323
93.36191948
8.976420417
37.87114493
2.365316721
24.40361682
43.86508351
6.467195085
65.86668208
76.48211535
83.05555169
5.850029962
204.9954036
3.560047951
11.47791911
110.7767932
90.47119145
19.49623656
40.404516
69.03556903
78.99810149
77.2306333
36.77975747
29.00676075
163.5806298
2.390428291
86.607873
126.8327447
73.99510409
86.88410027
71.467528
44.50832603
27.33297803
25.8446346
258.5989471
51.55598471
52.98927585
31.839539
40.95310722
19.3639179
20.74891756
8.327382918
53.1505694
24.85948839
75.04592671
14.05378669
79.89245971
62.75381324
34.65686398
38.92872836
8.883700775
8.19699592
31.85885559
27.28178906
22.2633384
34.66362479
82.25584477
4.483381061
49.32105499
110.9477451
11.84493437
109.8418702
160.9139742
48.39868771
47.1035102
122.3822018
55.21164979
34.86065403
2.586491702
111.3678809
30.78195558
7.47455537
95.49447127
12.57896487
13.67421565
80.38406698
24.68467323
200.6549653
83.42063528
84.38743072
16.13611533
81.85405965
39.45027635
117.1908677
142.0049621
90.69043477
92.52164772
39.46090047
99.72673663
6.039332566
170.3433687
75.41294196
150.0889559
13.98038364
550.8647827
325.452707
54.81855714
510.6186628
14.5956171
37.32448537
27.77629382
140.4412839
131.9680607
177.7725301
82.66728818
96.66505676
87.18060996
17.15699723
136.7605073
414.089788
370.3686131
164.6749147
27.84583355
1.654466126
29.31775788
249.5780985
771.761605
17.0353027
134.8433355
161.1071402
21.07729963
4.962432548
32.16309192
193.9994334
3.720375667
1.137747283
9.765503211
26.777626
79.55441934
3.153433684
3.759974681
101.062479
89.35662408
130.9249648
215.5470921
101.1320187
13.68387395
70.34426816
15.50736026
27.44308261
4.366515678
13.06091385
2.058182904
1.836042093
5.599880093
2.775794306
7.341270884
37.85472583
31.62898815
14.9674615
5.167188426
49.19453131
15.08722438
15.16449074
20.5151868
12.41960299
24.32731628
3.04043162
1.211150334
8.138080314
53.68080986
4.508492631
27.21804431
2.627056546
15.03700124
1.157063876
25.64760536
32.6353826
5.534203679
41.70355683
7.627156449
7.621361471
26.76603605
0.628755078
34.80560174
21.97552117
38.77516145
45.01538657
1.978019046
209.6893355
5.001065733
0
0
0.660627455
46.65826274
5.355525201
74.57556769
48.98398045
23.73139941
0
44.6802437
23.72946775
8.756211266
13.64910408
25.32115495
20.44371541
5.124691923
10.74388861
5.795943504
0.452008259
19.36778122
34.46369806
2.705288744
33.24482109
0.877939118
4.132784911
0.703123958
0.868280822
4.243855317
26.1025111
9.245886879
10.36721506
28.25631114
29.40661421
25.39648966
7.07663357
1.699860118
82.40554836
25.86298536
29.88663153
15.88017049
36.16066069
5.548691123
1.803203886
7.379904068
5.454039821
14.09241987
0.861520014
10.44737892
20.01488706
27.729934
3.802471184
20.74119093
5.70708718
6.564743875
0.553420368
3.950243115
2.909078792
26.87614062
0.983214545
28.20705383
31.47059209
10.16825416
5.734130409
92.65589803
99.33074649
23.03696791
40.64404175
69.23839325
68.32568427
0.983214545
155.2667685
53.37753936
2.830846594
4.544228326
15.84829811
42.40668079
64.94817811
105.2792911
44.16738817
54.73742745
22.59172046
53.02597738
48.9366548
33.78954899
59.93648826
6.875741011
17.22653697
158.1690865
37.94454798
42.0840937
291.3357418
20.82328644
40.44508085
31.48121622
6.917271684
158.755345
5.30626789
36.55665083
218.0466591
1.328015717
21.74855121
43.34450134
3.897122486
73.49673601
34.36614927
39.16245912
4.875507883
1.027642708
29.36991268
10.41840403
38.19662951
27.71641239
35.59082122
40.24515412
7.386664876
57.00712704
36.95940178
10.47538798
6.795577153
0
4.338506619
10.18853658
8.87017916
5.215479907
23.6985612
6.18034369
2.36821421
1.409145404
11.77925795
2.283221204
0.586258575
38.23043355
230.070272
27.22673677
2.657963093
4.369413166
10.61833076
2.072670348
2.428095646
4.596383125
31.25714375
24.16022775
8.554352877
1.043095981
233.0025307
207.0535865
491.3136605
115.3190899
17.5375341
33.84749877
6.449810151
2.852094845
