33445673.120313 30301491.5275456 43957550.2903379 52858326.7702748 84881392.754108
9415712.75777122 5774792.64788048 9634980.12748521 14119001.2707784 17656530.2006573
141277933.696894 123454818.379113 160693620.151711 210660260.838882 275173589.852064
0 0 0 0 0
1243700.46738468 833214.793741109 1577347.08392603 1698867.10018289 2697622.43446454
12001625.6858362 13028424.1007925 9812411.09530583 9728510.46535257 13081944.7266816
28401163.3814265 29372155.0497866 57738442.3897582 61265875.8382443 81472972.972973
9470636.04958342 5836796.38284901 5691856.33001422 12683346.8807153 10827093.0705141
50977316.6023166 54871799.43101 95105517.1713066 98171535.2570616 153239026.620606
43787136.760821 60292013.8183296 68088777.6874619 104438503.352977 138352773.826458
40956311.6159823 33234304.188456 70784912.9004522 54285672.2028919 68407156.7963983
12473125.3810201 5568558.21987401 8085475.51310709 11910663.4830319 15984174.9644381
63512573.6638895 50135668.5633001 103720128.02276 92724979.678927 111361994.51331
29690484.6575899 45165184.9217639 51798567.3643568 101168512.49746 122233717.740297
1326711.31603089 1253131.72646278 1821305.80469657 2358814.86622053 3416133.43164038
51623577.5248933 36465606.5840276 64227951.6358464 47122612.2739281 76552453.769559
13307838.8538915 15948790.8961593 12237273.9280634 24096321.8857956 20683778.7035155
65511786.2223125 58584840.4795773 123050243.852875 114249695.183906 180794325.340378
23596448.8925015 26515571.02215 27731685.6330014 38501016.0536476 53543283.8853891
8799227.7992278 6810887.01483438 6282691.52611258 9940154.44015444 12336186.7506604
115020524.283682 87747612.2739281 143098887.421256 124252819.548872 241928393.619183
20663127.4131274 11728535.8666938 12218908.7583824 13527814.4686039 34869741.9223735
39970178.825442 22364941.0688884 46659164.8039016 32613696.4031701 58941780.1259907
69174989.8394635 50409291.8106076 80229475.7163178 91141002.8449502 117991973.176184
28672449.7053444 25841749.6443812 28121189.7988214 63563706.5637066 74057127.6163381
69298440.3576509 34959383.2554359 41300828.0837228 55283732.9811014 99200340.3779719
71785932.1707209 45407422.3503977 49523612.8697459 53592118.7070863 74265535.6351327
0 0 0 0 0
583812.236490112 739498.110012528 1015229.64163718 2243097.90032476 2540898.99298914
3345422.12468641 5666593.86763017 2675095.86073932 6861281.80253547 4930755.74498202
9760570.0515078 3738836.8935226 6987108.91010098 8166428.38793373 16875284.3843111
11747618.1596731 8689482.71556475 15926353.635242 19716357.7174371 14772046.9546043
14551671.2264515 6982950.13696151 13525846.8449995 16611213.0218841 18864640.077891
735458.232666224 1553316.05483172 938640.557863759 1203930.48837856 3309834.62589
4047479.79406137 3275926.57558473 5786727.52383258 6245288.40790623 4075470.45702918
1026128.60122075 759540.105622367 1512627.45020301 1556127.80041605 1306706.22000977
15322819.0343299 9248495.59960757 20772192.2445427 19566440.4130363 19040531.9175159
4446523.90151858 3537630.04847125 4966969.95676571 6101576.40222651 4592303.5051735
7937465.64597169 6405352.41907463 8528519.3295965 7036581.18372702 7128392.06566979
157280.540787042 68514.2363295909 144519.598401162 139958.347906514 158930.557311689
12852739.6456278 11618435.7554289 15887471.9894537 27587809.4384402 24018519.3063709
108965.525198158 132430.912489594 132098.698302991 201508.409725479 170203.835374852
1248737.26565051 1722108.3266012 3214484.88189926 3097257.73645533 2614046.93214176
45728544.9765503 32442408.6816372 48915048.883318 81316113.6435732 111340756.956639
10136864.8182025 4908346.44290584 11838184.5185875 13150056.5067941 16806791.7479435
1359490.33821622 736844.602679836 1282138.82950671 1017365.74969959 732566.135293295
534352.356570448 267071.61410072 537381.68476151 583320.003633577 597082.246714051
37803038.0004064 27600690.9164804 53055552.7331843 72350259.0936801 94416099.3700467
30476235.4419935 17728567.8638357 60318329.8388296 62675162.3029034 71511353.6290396
23833350.9826367 6712417.47174456 22825104.1761029 22133929.8733271 27240684.8373753
24446936.5982524 5154643.36516968 44037771.7943507 46826127.8195489 44250127.006706
35692770.7782971 20758890.4694168 25235013.2086974 49648978.8660841 55178266.6124771
9045661.97523534 6830365.22001545 13092185.3447934 16072495.4582035 18329430.3818706
172786.569859861 0 416589.307317296 0 479923.254714204
0 0 0 0 0
46241363.5439951 30081106.4824223 46679993.9036781 62271337.1266003 65159063.1985369
49750488.340391 21337893.4746695 51812835.7288901 45361810.4192194 55915020.4018128
6536377.48678026 4589414.55543612 8856380.1117986 11228744.4257877 9746272.77692335
15425624.8729933 9368497.25665515 16941805.5273318 20191780.1259907 22615626.9051006
48119614.9156675 23997332.859175 64610622.840886 66481609.4289778 75994106.8888437
68511430.6035359 31014046.9416785 64757747.4090632 90569929.8922983 133099725.665515
43946809.5915464 17189570.2093071 48032310.5059947 45959408.6567771 62422195.6919325
265377.533061767 357339.961999412 644853.820170693 962113.365207885 700894.727563907
64131832.9607803 32417115.4236944 52016231.4570209 136828998.171103 174374618.979882
8626117.6590124 5937233.2859175 9676386.91322902 23302910.9937005 20619462.5076204
29850030.4816094 10916658.1995529 31673491.1603333 39798948.3844747 36529541.7598049
1354983.02334162 1088171.63185969 3018840.21420934 3035746.59090247 3862659.6112985
24556.4257271996 18884.2814885886 32437.4328782207 62325.0874774802 46778.5467006101
31311852.2657996 9163330.62385694 25797602.1133916 29168537.8988011 40943177.1997561
2036711.90016974 1461214.83208734 2464865.72127752 4709643.25918102 4936437.7306911
312681757.040592 119009684.927972 407961102.435375 381143316.071668 451690484.908905
60393361.7007276 31096961.0118238 68706791.5248909 60000982.9577904 74384871.7329592
16338086.9337842 7880532.59946208 25313713.5294615 28408105.4848052 18585503.9859004
50375685.8362122 27972109.3273725 50872967.8927047 55295646.2101199 53992862.2231254
1578.68921798289 868.586391840782 1198.55560574622 2578.3838818053 1724.31254207356
35783631.3757366 26544884.1698842 42611842.1052632 38657488.3153831 46205801.666328
20482092.0544605 5995224.54785613 14978485.0640114 21048745.1737452 19028805.1209104
87409444.2186547 51317389.7581792 100480593.37533 91535587.2790083 123411374.720585
33078058.3214794 6970559.84555985 38365626.9051006 43768136.5576102 65289854.7043284
1613291.99081799 1248297.81065664 1963266.53231822 3391244.07298046 3766094.30210011
38215421.7424672 13543935.3936776 35438868.1656809 46105960.4920856 52120884.7196944
41523801.0566958 17403881.324934 27855567.973989 42275579.1505791 73802961.7963828
622429.031057872 528594.03041245 869278.394618947 1206458.06041096 1296490.95818702
3100462.30440967 1396845.1534241 4264580.36984353 7019762.24344645 5305832.14793741
3184032.71692745 3200035.56187767 3171509.85572038 3190840.27636659 2292623.45051819
18372815.4846576 9091368.62426336 15430832.1479374 25516866.4905507 30562512.7006706
37581512.9038813 17448003.4545824 25602316.6023166 49413940.2560455 49583214.7937411
284103.414010307 34359.3511631909 0 67234.1607022205 142622.457071813
8495910.38406828 5140596.42349116 8078667.95366795 11701737.4517375 7338168.05527332
154066678.520626 126866769.965454 296500000 230047779.92278 311765062.995326
19574227.0751049 25116259.848582 51938779.1407779 28554556.7466068 42846833.4772504
3867252.5909368 1595407.4375127 2036450.92460882 7046560.65840276 4212533.02174355
0 0 0 0 492989.229831335
3285155.45620809 1999974.59865881 8010693.96464133 2570895.14326356 14503962.6092258
430984.555984556 339488.925015241 0 0 0
342712.320589679 315350.360616145 355732.104981885 217440.161969368 575728.298242974
0 0 0 0 0
31540692.9485877 12285180.8575493 50845229.6281244 41833189.3923999 76666480.3901646
522759.60170697 0 3412390.77423288 1733133.5094493 874923.795976428
35519.5625169175 44317.1689230794 41576.4237487266 66844.4856925004 77936.1514906488
1952015.25174887 1807481.80817661 1805198.74940264 4845622.71369517 4752898.88111253
760719.365982524 487350.132086974 1133585.6533225 1068786.83194473 3650604.55192034
269734.242671563 135846.673248 390279.479414012 129099.68061408 227020.827377652
21480771.1847186 18839057.102215 21146337.1266003 18689316.1958951 44988391.5870758
11020143.2635643 9071911.1969112 19116058.7279008 25797475.1066856 24040972.3633408
1681.45136640318 1099.39157381707 2924.85420357918 3698.18698210099 3901.98175594766
685709.205446047 793334.68807153 635719.365982524 811014.021540337 1508687.25868726
5981914.24507214 7815611.66429587 5689316.19589514 9953921.96707986 10110267.2221093
106575.171654481 535284.08934923 297285.179929374 562124.919350955 988994.8242234
12755486.6896972 14778932.1276163 15471906.116643 21236435.6838041 33160917.4964438
1966140.01219264 58931.1115626905 480466.368624263 848125.381020118 1657386.71001829
493278.147571016 355394.327786412 1066748.5231023 448796.648820237 2451235.58034728
32584561.0648242 23754165.8199553 26041429.5874822 23556746.5962203 53849649.4614916
16764.8851859378 268593.781751676 926132.89981711 68863.0359682991 30481.6094289778
19901391.9934973 23299354.8059338 20193405.8118269 33128098.9636253 31314112.9851656
981838.041048567 1425167.64885186 1422144.88925015 2425142.24751067 0
5231812.63970738 4525731.5586263 2929282.66612477 6364915.66754725 14664575.2895753
147.922159075871 165.417122545042 207.388212790792 131.800998827837 195.556683008757
11729932.9404593 11106050.5994717 17484327.3724853 13597185.5313961 16867786.0191018
5271565.738671 1908199.55293639 11608565.3322495 12906065.8402764 6433143.66998577
765037.593984962 543588.701483438 376320.869741922 0 0
26554231.8634424 14343857.9557001 31670265.190002 39762827.6773014 37805070.1077017
3391688.68116237 3111994.5133103 9766764.88518594 5825492.7860191 5902763.66592156
0 0 0 0 0
8364267.02225661 5764876.35756019 5576051.24038298 7554938.90305544 17270136.2480205
3593299.12619386 1870732.57467994 0 0 0
28479882.1377769 13711745.5801666 20739610.851453 19141409.2664093 38357371.4692136
16319625.076204 5583849.82727088 6023343.83255436 3279973.58260516 12623399.715505
26742913.0258078 18719924.8120301 24836770.9815078 16940891.079049 32002971.9569193
10776849.2176387 7276696.80959155 7673948.3844747 7259169.88416988 19630258.0776265
15674710.4247104 12501397.0737655 11375558.8295062 21258890.4694168 19102951.6358464
6976427.55537492 1890799.63422069 4392679.33346881 3441246.69782564 5967105.26315789
0 0 0 0 0
14387014.8343833 8082020.93070514 9071834.99288762 16166150.1727291 24574197.3176184
2109682.99126194 2189646.41333062 2428114.20442999 2211440.76407234 3458367.20178825
10312639.7073765 10231355.4155659 13691322.9018492 13975386.1003861 21197622.4344645
1320.67375187867 669.863023589981 515.598228662615 1350.05162790362 1492.30945383764
291099.370046738 150299.735826052 0 0 2178419.02052428
5990144.27961796 4927301.36151189 13859378.1751676 9138970.73765495 11575924.6088193
4003205.97602605 6579486.62623633 19642857.7090389 12077755.1554006 15881023.8324191
30290794.5539524 22893822.3938224 24181695.7935379 34000330.2174355 54081792.3186344
437657.369684144 827042.270377476 958860.114584946 1962055.40881262 3145438.63498274
12388437.3094899 9630004.06421459 11098963.6252794 10712914.0418614 18411806.5433855
6613391.5870758 4966394.02560455 6052402.96687665 9574375.12700671 14563681.1623654
1990525.29973583 840428.774639301 3517298.31335094 2649690.10363747 3385998.78073562
1259280.0350249 755201.345270313 1253779.89885549 204961.695335917 1000622.94640039
6961597.92476456 5846384.79506791 8114802.039959 6979109.66421972 11555401.6398482
5429765.2916074 1653982.93029872 2307432.43243243 2517323.71469214 3180451.12781955
1144940.05283479 530405.405405405 1256680.55273318 512243.446453973 0
22462812.4364966 20004445.2347084 11690383.0522252 10184718.5531396 31666531.192847
8917.85063034081 0 0 0 0
2272200.77220077 2356634.83031904 2234403.57650884 6361054.66368624 5794045.92562487
34681111.5626905 23814087.5838244 43217968.9087584 57679993.9036781 89116236.5372892
13839844.5437919 9706411.29851656 28724039.829303 26625939.8496241 40274817.1103434
4891993.49725666 3268898.59784597 4904694.16785206 3608209.71347287 3146286.3239179
2966368.62426336 2059312.13168055 2611410.28246291 1203921.96707986 9144609.83539931
3694285.56186856 2835030.4100428 3833060.44699776 6046756.61169911 7365370.70594199
735114.814062182 784799.837431416 331868.522657996 615347.49034749 1593680.14631173
30288813.2493396 20133534.8506401 26712152.0016257 13659037.7971957 36123272.708799
0 0 0 0 0
0 0 0 0 0
0 0 0 0 0
0 0 0 0 0
2573488.30926144 2307512.96401115 2344335.9384277 1793951.01280531 1709124.8857242
0 0 0 0 0
0 0 0 0 0
0 0 0 0 0
0 0 0 0 0
0 0 0 0 0
0 0 0 0 0
0 0 0 0 0
0 0 0 0 0
0 0 0 0 0
0 0 0 0 0
0 0 0 0 0
0 0 0 0 0
0 0 0 0 0
0 0 0 0 0
0 0 0 0 0
0 0 0 0 0
0 0 0 0 0
0 0 0 0 0
0 0 0 0 0
5513290.91418758 4350742.84391035 8136000.65119845 6305890.1902324 13234068.9413042
107477.321490272 73218.8145232151 124872.355852102 95941.5670439144 144938.884191226
0 0 0 0 0
0 0 0 0 0
0 0 0 0 0
5147683.3976834 6744132.29018492 2756451.94066247 12081335.094493 13597337.9394432
746824.832351148 1046027.23023776 196860.394228815 525350.538508433 735368.827474091
0 0 0 0 0
1664270.473481 849776.468197521 978713.676082097 2704912.6193863 1590403.37329811
7152052.42836822 9129724.64946149 13904567.1611461 15703159.9268441 16719416.7852063
22599471.6521032 28079531.5992684 16519432.026011 34868497.2566551 44799227.7992278
1282767.73013615 1621189.79882138 969670.798618167 1414219.67079862 6086974.19223735
137540.575685263 32242.9920136545 30807.893564794 83005.9317670067 30980.7915534425
366973.176183702 226452.956716115 543487.096118675 386354.399512294 430552.733184312
2485597.43954481 2807457.83377362 6845509.04287746 7792598.049177 7058194.47266816
0 0 0 0 0
277.315457220863 279.253589418051 297.109413789562 470.732714447756 600.179105088757
0 0 0 0 0
0 0 0 0 0
