15344047.8718682 53827012.4935409 47091.3074459221 0 0 0 0 0 0 8820298.67982633 57293928.9198997 2057519.02883374 0 0 0 0 0 0 5826354.88846315 471870.714269004 43058774.9391263
1113391620.20944 3261269496.69161 0 0 0 0 0 0 0 1742489753.29258 1477680712.00789 353982224.171639 0 0 0 0 0 0 31643613.6372858 2562784.94100058 560174208.986728
62333657.0857549 0 4714111.08147397 590540.397800647 2672961.34396434 167981.30691427 0 0 148902.864903085 0 0 13454168.9362426 0 0 0 0 0 0 305808.358810358 55601.5197837014 0
787307100.065469 0 4889925.94830025 6588307.16673011 0 0 0 0 0 0 0 235885402.711426 0 0 402284.705082377 0 0 0 30810762.8961383 2495333.18400533 112948608.632181
685259147.159095 0 51824133.0660243 6492049.85363106 29384947.0188205 1846686.56543575 0 0 1636949.52267372 0 0 147907130.144798 0 0 0 0 0 0 319708.738756283 58128.8615920515 0
43506282.7001148 0 3290252.15235158 412172.471401885 1865615.09967249 117243.918753118 0 0 103927.96505455 0 0 9390446.58377729 0 0 0 0 0 0 0 0 0
90776271.0441124 0 6865142.28862291 860001.766613824 3892623.58081013 244630.547279068 0 0 216846.683728048 0 0 19593255.7646893 0 0 0 0 0 0 69501.8997296267 12636.7090417503 0
1838101866.87004 0 0 0 0 0 0 0 0 0 0 1262495745.10976 0 0 0 0 0 0 0 0 275933623.824568
1004451987.21943 0 75963748.4007298 9516038.4266908 43072418.0038406 2706870.82122628 0 0 2399438.53043639 0 0 216802083.436287 0 0 0 0 0 0 222406.079134806 40437.468933601 0
290215446.133188 2086541002.0957 21948140.2919969 2749460.77320003 12444876.575558 782093.851177261 12981364.9801714 0 693267.704619152 305436029.559299 733224007.730285 62640438.9335154 33381834.3926853 64789118.1959395 0 0 0 0 1028628.11599848 187023.293817905 0
56241177.9313442 161470905.797937 4253354.80888845 532821.097640091 2411706.63775892 151562.847633148 1004587.3815739 0 134349.128721586 23636742.4875572 56741920.9888946 12139161.1600871 2583316.13477511 5013827.9527891 0 0 0 0 0 0 0
29231920.2402305 77410129.8733691 2210724.11887615 276939.146750103 1253508.8821195 78776.320773417 481605.273052088 0 69829.3165183712 11331597.4583984 27202420.4689319 6309451.61298274 1238457.39583054 2403659.47704426 0 0 0 0 0 0 0
6064546.09831739 88957833.8648113 458643.777740439 57454.6662720862 260056.894579296 16343.1832346317 553449.037466653 0 14487.0095963398 13021995.5162988 31260358.3633629 1308978.67288841 1423205.04367014 2762226.86586711 0 0 0 0 194605.319242955 35382.7853169009 0
22875321.1514445 128438535.661306 1729993.23277222 216717.611065351 980928.314288724 61646.0917384781 799077.280179756 0 54644.6496848753 18801335.0015158 45134132.4086151 4937435.88345743 2054842.88244438 3988140.87981774 0 0 0 0 208505.69918888 37910.127125251 0
94070146.2699018 1328500198.12534 7114248.3804013 891207.482387364 4033869.92447106 253507.123612131 8265232.23400528 0 224715.104749433 194471052.989897 466843564.80969 20304209.6187477 21254206.6318981 41251217.3368371 0 0 0 0 986926.9761607 179441.268392855 0
217697.129873583 276235.66694951 16463.7934034624 2062.43233087931 9335.18166668026 586.666178391243 1718.5936004186 0 520.035689142383 40436.4569164856 97071.0005676078 46988.0013332906 4419.39711618407 8577.38489583977 0 0 0 0 0 0 0
11911495.6736878 131189776.218207 900831.370683257 112847.853349323 510782.921668846 32099.9714137903 816194.057555095 0 28454.2238337263 19204072.3506589 46100936.1404064 2570991.05955941 2098859.01083711 4073569.56271807 0 0 0 0 0 0 0
30167402.6571401 550604510.087872 2281471.90160308 285801.777060039 1293623.78079964 81297.3273424944 3425572.80110968 0 72064.0002904572 80599640.864843 193485987.16992 6511367.22426593 8808927.57590585 17096803.1049813 0 0 0 0 0 0 0
704282.530968153 7756764.57123705 53262.8156111226 6672.2747460461 30200.6984431763 1897.95217415467 48258.5254080106 0 1682.39265053998 1135465.52427453 2725777.25538598 152013.159398849 124097.743624502 240855.049634392 0 0 0 0 0 0 0
