0.614893405187595 0.412355579654544 0.00242118174751723 0 0 0 0 0 0 0.30327281802095 4.77845867839123 0.17906848053679 0 0 0 0 0 0 0.917491861479041 0.0390110477060751 4.52038782717392
4.98386317859077 2.79072189716604 0 0 0 0 0 0 0 6.6923508392538 13.7663278075072 3.44124041055621 0 0 0 0 0 0 0.556608240699932 0.0236665539425448 6.56894172546265
0.948966424344868 0 0.0927249886612675 0.0104967485881087 0.064521413611904 0.00728490794046277 0 0 0.00254631411472573 0 0 0.707716157475152 0 0 0 0 0 0 0.0291993555571885 0.00278721121227708 0.254034618891599
1.51586455763788 0 0.0120793972966226 0.0152307506158007 0 0 0 0 0 0 0 0.986353737956651 0 0 0.000827007038661102 0 0 0 0.233111703756686 0.00991173020481801 0.569706602937225
0.0619471812027908 0 0.00605295564444415 0.000685212848575348 0.00421186629783678 0.000475548450036095 0 0 0.000166219771129452 0 0 0.0461987062161048 0 0 0 0 0 0 0.000122662123549436 1.17086572479007e-05 0.00106716142235693
0.164033511631364 0 0.0160279701324381 0.00181441459618312 0.0111528435344664 0.00125923215061089 0 0 0.000440142912583363 0 0 0.122332217000247 0 0 0 0 0 0 0 0 0
0.0308688527397113 0 0.00301624372248165 0.000341447893307494 0.00209881189075669 0.000236970186370657 0 0 8.28288477021521e-05 0 0 0.0230212421495279 0 0 0 0 0 0 8.50445112416895e-05 8.11788516397946e-06 0.000739887904710493
0.0351304752266216 0 0 0 0 0 0 0 0 0 0 0.0524034366629135 0 0 0 0 0 0 0 0 0.0138157100423352
0.163226399070312 0 0.0159491059058943 0.00180548692770263 0.0110979669423688 0.00125303620884307 0 0 0.000437977227840829 0 0 0.121730292015649 0 0 0 0 0 0 0.000182736430006698 1.74430228642758e-05 0.00158980835256601
1.05686127371173 2.0428924994485 0.10326756258959 0.0116901997774252 0.0718573193130983 0.00811318175998208 0.111059475157601 0 0.00283582296435517 1.1588845568822 8.52539929075419 0.788181520891979 0.115009597185242 0.564920334129876 0 0 0 0 0.0192020752291811 0.00183292536278547 0.167058202816121
0.683941632306774 0.49187611299486 0.0668290030855372 0.00756524485913307 0.0465020466608511 0.00525039843368999 0.02674027290546 0 0.00183518635360949 0.279029675522757 2.05269746988516 0.510067091454363 0.0276913609677715 0.136018326063939 0 0 0 0 0 0 0
0.380870191768825 0.252647063063763 0.0372154201741753 0.0042128978909471 0.0258958405114562 0.00292381712684701 0.0137348637931491 0 0.00102196992464594 0.143320698375113 1.05434676217002 0.28404375718724 0.0142233803104383 0.069864402224514 0 0 0 0 0 0 0
0.215755041723083 1.53733354411441 0.0210817614661082 0.00238651902900315 0.0146694550289059 0.0016562815883907 0.0835753504394448 0 0.000578924705836665 0.872092928791962 6.41560058112887 0.16090488047516 0.0865479273606857 0.425118296554826 0 0 0 0 0.0514251931865388 0.00490876844053325 0.447399577945586
0.848662323510807 1.3632083407974 0.0829241186052612 0.00938726051582174 0.0577016123935917 0.0065149058393542 0.0741092362423844 0 0.00227717314074979 0.773315822731546 5.68894125604838 0.632911790323502 0.0767451259412799 0.376967516195688 0 0 0 0 0.0309522788324322 0.00295453570673217 0.269285064926293
0.330266780117357 1.42725287058523 0.0322708819363308 0.00365316123833294 0.0224552512876679 0.00253535112225809 0.0775909426302005 0 0.000886188322646309 0.80964676845871 5.95621189754186 0.246304959343223 0.0803506683644885 0.394677727171888 0 0 0 0 0.01831876594778 0.00174860947683355 0.159373405245002
0 0 0 0 0 0 0 0 0 0 0 0 0 0 0 0 0 0 0 0 0
0.192544098176816 0.53120325016988 0.0188137839887904 0.00212977713313876 0.0130913139583141 0.00147809869107422 0.0288782469864691 0 0.000516643942627614 0.301339029515109 2.21681748475125 0.143594721383623 0.0299053777142077 0.146893445278132 0 0 0 0 0 0 0
0.384931973961602 1.75987835403186 0.0376123032441214 0.0042578262523764 0.0261720061608811 0.00295499811343356 0.0956737402446609 0 0.00103286870152896 0.998337331518608 7.34432461587052 0.287072935893913 0.0990766281861976 0.486658533454896 0 0 0 0 0 0 0
0.0792750528355579 0.218709200242357 0.00774608899400545 0.000876880654126787 0.00539000995387138 0.000608568909359522 0.0118898713454635 0 0.000212714781895645 0.124068552152083 0.912717267859651 0.0591214128731193 0.0123127658588841 0.0604795771248584 0 0 0 0 0 0 0
