49261047.4064829 11677160.5035629 10712198.0826709 0 6119510.53675793 0 0 0 21307.3969613831 2469721.25595003 2233010.64969765 14874638.5490589 252356.61607743 139190.573128109 0 0 0 0 184886.284212656 33615.6880386647 0
9036583.05466396 1364203.17922949 3795698.89926767 0 994522.312851454 21926.8794783669 0 95648.1556502249 224.213662318295 0 2443924.65036815 3654152.76924566 40363.0334343922 37032.7501477262 0 0 0 0 33916.0523561258 6166.55497384105 0
142609219.548954 12310922.6380305 9481659.07054021 0 5469844.20650475 121901.598766038 0 16041353.3265713 222134.728713676 0 5972728.80077121 28143694.1371325 620953.294414169 219123.677452316 0 0 0 0 535240.115365533 97316.3846119152 0
0 0 0 0 0 0 0 0 0 0 0 0 0 0 0 0 0 0 0 0 0
1550888.95821278 2261612.205 158258.422532298 0 316462.586218909 14756.6635331328 207445.246132912 0 47377.3758260142 1662870.105 11472261.51 0 343602 1025136 0 0 0 0 5820.78765691575 1058.32502853014 0
9647819.54221307 406418.88 1890800.32767522 12310.0050525971 307296.384031213 19322.3721557329 22176.5135677368 0 350722.168669117 963430.47 6191537.625 2671859.39358312 198223.2 497485.8 0 0 0 0 36210.1416804076 6583.66212371047 0
56769948.5288932 17606646.48 5697412.07336224 141652.015668857 2507990.48979307 60238.7368411988 0 0 699802.123792489 4680167.415 17332676.61 8428955.16782469 625514.4 1389717 0 0 0 0 213068.649390299 38739.7544345997 0
5596382.19381684 0 2522854.25800886 1876.27316838109 243568.417752386 17009.3635916806 19521.8464601179 1031954.78955596 62766.7140825035 0 0 755503.664573791 333396 266943.6 0 0 0 0 21004.3099634235 3818.96544789519 0
93510234.9693202 22112634.375 38020340.9019778 13975.1305923835 12165575.1410855 668106.076000813 145405.454963686 0 0 6476393.715 5258951.445 30409267.439044 590587.2 194367.6 0 0 0 0 350962.084437017 63811.2880794576 0
66946669.2332892 80311273.68 14002754.2136475 67703.0319854416 4741060.23131053 122012.384273471 0 0 382061.572851047 8712604.74 41017462.59 13224253.409428 665884.8 2056622.4 0 0 0 0 251263.859918002 45684.3381669094 0
69416162.0095669 40948794.0197462 12478435.5416089 0 2919034.98954832 69807.8834678542 80119.328122999 4315140.76247373 302008.577631846 8106559.3575 9888880.9745732 16242374.949262 556359.113419839 937471.620856145 0 0 0 0 260532.346223794 47369.5174952353 0
7949851.25529013 1200205.755 4844068.50698215 4009.74676906943 393384.658259597 35034.5116192104 40209.5206530807 0 0 783807.84 6152528.67 3952677.60187461 671781.6 540237.6 0 0 0 0 29837.3367197319 5424.97031267854 0
101980345.945507 0 27278308.9345929 12379.0461591027 3322606.77210339 3044020.52428368 128798.856431566 0 0 0 2088339.87 29238155.112305 278510.4 128595.6 0 0 0 0 382752.056995537 69591.2830900976 0
50929707.8590149 196293968.745 27326752.6133732 128003.454551063 6339637.183864 169881.964887683 997903.5 0 100157.488315383 15061085.37 72254563.695 16423414.0818698 1762236 3243807 0 0 0 0 191149.091175234 34754.380213679 0
1904492.17539567 5718239.34905325 0 152868.432461445 100566.827690557 9775.75595212518 11219.7499747911 0 6606.34097166605 2172708.49991101 5648734.11427692 0 0 923482.081677624 0 0 0 0 7147.92924956452 1299.62349992082 0
63150603.9575812 36526896.84 4377512.33544798 17581.1973720737 1443861.91040201 58183.5175751851 211927.506797635 0 0 8227260.765 17783547.555 8705628.44786998 910375.2 1397995.2 0 0 0 0 237016.489218329 43093.9071306052 0
12032008.1782004 12054674.28 2997792.81890501 2437.30284699671 936868.598899185 22095.3808892209 25359.1282749794 0 70938.8787009437 870897.6 6783022.245 2112743.13691871 408920.4 566092.8 0 0 0 0 45158.4649698498 8210.62999451814 0
120986222.018947 61496256.78 29164918.0675871 13226.004006871 6118777.43328921 119900.4040611 137611.10261243 7274334.25557818 218349.928876245 7923353.79 3165168.465 20325144.1743755 657039.6 323530.2 0 0 0 0 454084.803464143 82560.8733571168 0
27266519.5118633 8202766.77 6652732.30512986 0 154192.503309413 57426.7049570903 65909.3040630357 0 0 1290017.07 13976999.295 7594199.8220103 750254.4 1090227.6 0 0 0 0 102336.546650383 18606.6448455242 0
6177306.83056305 1583945.01 1289908.20195027 0 298652.720685571 20547.4625812738 23582.5642443694 0 31116.6429587482 300278.235 3802012.335 1669565.12272852 405518.4 663503.4 0 0 0 0 23184.6330208959 4215.38782198106 0
140698573.380421 22879205.7 45567702.7626505 15696.8303664006 5974143.03629903 0 163319.029173022 8633294.74110161 28373.2981101402 1699157.505 4234739.58 33828139.2456394 1289358 304365.6 0 0 0 0 528069.088983768 96012.5616334123 0
12013951.0624495 2746048.995 7666756.47798126 322753.770704173 1538267.26119975 0 54008.0894072533 0 47678.3174151595 1562172.57 5899424.055 5118074.66313953 606463.2 586504.8 0 0 0 0 45090.6931052516 8198.30783731847 0
45876512.6782932 1315418.25 7581354.08246856 4616.59204500442 610281.822615481 0 48033.7312233379 0 134368.145302852 778364.73 2290642.125 14365673.5712517 480362.4 169646.4 0 0 0 0 172183.467633864 31306.085024339 0
78883721.4583981 12697868.445 22802847.8351391 11566.5772184695 3475797.7426322 674151.595204227 118220.903754275 6249338.56047349 0 410047.62 0 22901232.0479429 480816 281572.2 0 0 0 0 296065.936742344 53830.1703167898 0
27649490.2074724 144208849.155 11382686.0114795 140788.377903211 4074082.94433219 287035.155456208 4300056.9 0 0 16024515.84 28732363.32 8302293.9986991 1454695.2 2217990.6 0 0 0 0 103773.910096784 18867.9836539607 0
40608055.6985983 0 3334068.15318 6750.09621227646 452083.188183655 14529.5671611461 70231.9598594398 3712569.27488471 70412.5177809388 1028747.79 3448210.185 11676260.1479982 410281.2 355735.8 0 0 0 0 152409.924727389 27710.8954049798 0
48830780.0652563 312671.883347742 6684597.55638306 7376.96633039016 311736.312402887 0 44191.8606124523 5205655.78135797 220215.563633711 752631.871689723 0 14239286.2423362 203007.601683554 89583.1716289945 0 0 0 0 183271.407263714 33322.074047948 0
0 0 0 0 0 0 0 0 0 0 0 0 0 0 0 0 0 0 0 0 0
946900.981905956 6684204.30063327 0 73832.1066775734 37341.0663485825 840.027088618894 0 1508423.85663065 5815.87090966062 711760.447983306 2720678.85007 8873.8633642891 106889.891075481 175479.000122019 0 0 0 0 3553.90340398787 646.164255270521 0
2648091.17601961 79507408.5002766 0 39823.4683281412 20594.3100834104 5498.90141843041 180612.286363636 7064868.67283275 0 6957295.42488481 23267059.058035 178658.354153389 595350.901741941 1582179.51507552 0 0 0 0 9938.80080848941 1807.05469245262 0
6998389.53560403 27586402.3500877 0 275040.588170967 14701.4146731991 4570.15179664676 47017.4995658797 0 74314.5119209931 3250426.25026073 12700614.4629595 0 740079.268360475 941881.856469831 0 0 0 0 26266.3159805303 4775.69381464187 0
15658896.1277713 158465895.430261 0 658015.146081982 152037.03058594 12037.7545683386 0 14059858.7823152 25909.3680146312 21186482.6432758 58966305.3493187 358953.882377593 1700421.16788106 3563137.76226895 0 0 0 0 58770.880286938 10685.6145976251 0
13643289.5387066 119590646.771034 74697.8144784155 389443.555996537 246629.523786894 8531.19063020735 710097.384571571 9608395.10709269 56925.9149804897 14079177.1557102 23001893.4134079 344408.030765539 886463.085238402 2175108.2532563 0 0 0 0 51205.9170491146 9310.16673620265 0
856696.476464899 31913968.6833047 0 28498.9446875262 0 3116.60496650712 99996.8687946215 0 13040.9316889362 5168022.66912996 13108151.8723696 152825.974900516 561684.093261525 1446064.15154133 0 0 0 0 3215.34836489947 584.608793618085 0
5480445.65482543 36551765.2909677 22544.7802147497 443754.75737464 0 4537.04705250515 46676.9195671039 0 21513.8553142946 10607463.0355774 6497702.80171267 330721.161743682 248075.990353482 475745.44015363 0 0 0 0 20569.1776017073 3739.85047303769 0
942972.41258403 2146732.22161738 16365.0064705555 414668.339302226 8510.51073254495 0 0 0 424.124027142463 268423.518884728 1029198.79865918 9649.50326461852 34339.9176715527 33078.0718055918 0 0 0 0 3539.15871985216 643.483403609484 0
17829570.4590176 74667702.445042 482331.511758497 720217.493052433 709308.110570865 9052.49547599358 0 0 18193.7106279212 20087466.8754881 18896598.9215715 590592.063610907 760742.000908634 1329996.57456227 0 0 0 0 66917.8428967322 12166.8805266786 0
4610819.00029193 11959265.4772146 44803.4984342546 86867.0964828438 135472.519969663 560.116993115787 27030.9047357632 0 17113.2772869918 3131525.20666293 1272777.08416797 300188.663946994 111920.218902348 173703.27079374 0 0 0 0 17305.2997656907 3146.41813921649 0
7475120.77127736 22557654.0836973 89097.0044453412 86625.2112595545 26694.4038515302 327.670446054402 6455.4866236042 0 5166.88605563136 3564702.9239823 1557475.24160399 63937.0301474466 76197.6037072577 60328.9156411637 0 0 0 0 28055.5809550333 5101.01471909696 0
95359.0600738304 229573.850219803 552.408909436925 2497.01561467084 0 0 0 1497217.64025923 698.686944376356 69501.7869299625 42208.7189995222 1883.59374399332 655.091599190283 989.179706477733 0 0 0 0 357.901084351318 65.0729244275124 0
15904819.0425688 113633193.455894 120416.194141245 835219.361311626 152645.125963753 12239.7279870465 547939.74 0 55209.8042341389 38346346.3403596 40818620.3953712 386647.872378991 1743121.12469234 3425266.14920533 0 0 0 0 59693.8767783539 10853.4321415189 0
135885.385369715 717607.919667317 0 11940.8780033891 11427.4832265543 0 0 0 716.552971220465 216038.613717671 1146466.47794571 1999.45473306392 39565.566298192 110996.53603077 0 0 0 0 510.004258993994 92.728047089817 0
3266619.84707767 11571784.5878539 219488.553660681 474691.524208689 19129.7265740432 807.534393229797 8307.87458984911 0 0 807848.620477172 4494910.57141508 65973.71780185 147302.84515989 183191.264400955 0 0 0 0 12260.259114629 2229.13802084164 0
47224743.7830005 246306399.352846 689436.515180224 6161295.26673357 484533.508781732 26684.3748236584 887790.010344828 0 367469.461798595 43677834.3469184 83091778.5778236 1598914.59852054 3458764.58050653 4716932.33172245 0 0 0 0 177243.640982441 32226.116542262 0
11636542.528134 71650742.9532122 0 445554.144559726 86872.0824914652 7470.37903861563 318166.106474725 0 0 9171640.35 26233029.6673799 222857.543222204 1063347.29174638 1699248.45822543 0 0 0 0 43674.2055311252 7940.76464202277 0
1409305.7190349 6019767.26759444 70665.1670263469 251009.166367133 0 3524.5401385749 22960.1036017673 0 0 474055.99161465 2234272.59420858 15000.371297859 75763.3045688841 101872.475582243 0 0 0 0 5289.39824526989 961.708771867252 0
298467.151889164 873628.652017399 11688.5768352873 30592.7662602004 0 632.667396145109 34759.5094736842 0 1388.18722817419 130387.751808566 967757.541436648 1446.21155458212 37236.1228066653 33848.6492647059 0 0 0 0 1120.20522456572 203.673677193767 0
52165608.7897709 84903444.15 12125207.8587622 239705.746275562 1763459.72967324 206004.877057509 670409.715 0 247637.675269254 13400936.82 46498674.36 14733954.3921815 2370740.4 1324625.4 0 0 0 0 195787.667550945 35597.7577365354 0
59307057.1768167 223040389.980463 1622781.59249069 1953363.56065513 1038284.67916115 70197.6426101094 1632933 0 220331.233489128 41022905.7 41749263.3879349 4256337.31459728 2500534.63954553 3366889.27728778 0 0 0 0 222590.911202715 40471.07476413 0
21367849.4024062 37471251.9240279 1096554.19254458 96164.5229943555 805374.406653358 0 56296.1103110048 0 11971.5834509576 6748355.48294309 2599027.6399366 3200332.27075477 147663.008060879 239095.333190907 0 0 0 0 80197.6913935166 14581.3984351848 0
43299090.426033 232848081.135 1029128.8030329 375173.498658277 927462.899742214 8792.8964731182 302999.79 0 45341.3940256045 18289756.785 14725426.92 5198306.10417568 534114 770666.4 0 0 0 0 162509.901029905 29547.2547327101 0
24811725.8050212 177732963.645 394952.059808892 582970.913913821 27237.3371420609 20810.053734403 776550.36 0 46713.0664499086 28054696.125 79082945.19 676170.336683568 3349382.4 3631861.8 0 0 0 0 93123.2288087712 16931.4961470493 0
12153571.3252715 15865822.8022366 2118451.42404667 2650775.53609632 316347.717766561 2384.1026609875 0 4986824.96487107 0 10382138.0185599 5216376.09956953 771913.153769403 501939.432337614 372041.133427048 0 0 0 0 45614.7150851528 8293.58456093686 0
410368.560033402 2177244 0 0 0 0 0 0 1042.27998168141 0 0 0 55262.4865014729 88216.1413619823 0 0 0 0 1540.19295603302 280.035082915095 0
3178.86145943298 2538.62647048311 71.5243749387949 0 0 0 0 0 0 8094.15839378238 1691.46210994016 268.72876182985 38.2790530846485 11.4091463414634 0 0 0 0 11.9308848310042 2.1692517874553 0
45896992.3946359 126810855.225 5024534.81821374 1190786.83569292 519947.920295409 12228.256054522 307535.715 0 91470.2296281244 26376403.875 23826306.84 7767590.09027398 1627290 1621166.4 0 0 0 0 172260.331989287 31320.0603616886 0
45440627.006157 81052571.551648 3178657.54097227 2618.19169870096 1309209.31564323 19784.124963046 0 0 38753.4332780513 14921785.0463982 7109509.39591738 6926350.5390726 643289.059736318 631350.154953998 0 0 0 0 170547.503997164 31008.6370903935 0
8995547.4411171 12549863.9957476 94089.459912282 629165.943800256 34727.0605448338 4189.06628947046 0 903251.760838369 14969.6309404411 10112039.7724378 13867728.4762606 0 608833.919001772 500149.024755449 0 0 0 0 33762.0377237031 6138.55231340057 0
16657626.8421081 50263492.11 1152224.73512466 143980.753215508 110930.641677698 5060.692522744 0 0 91775.0457224141 6955387.395 7255665.63 3042181.38075371 1175277.6 459383.4 0 0 0 0 62519.310749228 11367.1474089505 0
63526856.3072193 29879045.16 7493257.34751808 856358.533049567 182409.600780325 281837.775710486 815951.808307735 0 163102.011786222 11054956.41 11959419.855 9156154.66052684 1209978 614628 0 0 0 0 238428.63740667 43350.6613466673 0
63671513.0353377 261211220.16 13044385.8402937 858594.737978471 3151997.84017279 198511.481406218 2635372.425 0 67592.9689087584 31526493.12 30269134.71 15458269.0365968 1774483.2 1380304.8 0 0 0 0 238971.562219605 43449.3749490192 0
47226625.4905557 56079455.145 5340480.13673092 678618.796459085 1515340.86950463 0 92532.87 1843152.2961006 180374.923795976 10947908.58 23025262.485 11024393.2973544 885427.2 840634.2 0 0 0 0 177250.703396583 32227.4006175606 0
754725.436238492 2689968.15937877 1035.73139813315 40868.5728385923 0 0 0 0 3497.8383259377 1394201.73932805 1926136.83279153 0 96675.6444174242 96143.5362934581 0 0 0 0 2832.63123407617 515.023860741122 0
51143720.8947964 581825821.305 15586617.5698147 527898.584250949 7989793.07461855 73105.0599471652 4427062.8 0 86618.5734606787 39675735.975 60533733.495 15984998.788908 2659683.6 2522583 0 0 0 0 191952.3236894 34900.4224889817 0
9514077.00438952 62080483.92 936704.795652044 407775.824311403 1117296.90657006 7442.11972957273 0 0 71758.788864052 10548747.18 36702890.73 443150.798640311 1398448.8 1070949.6 0 0 0 0 35708.1799446911 6492.39635358021 0
31142205.9286695 163715141.025 1907320.1664503 664245.396502267 368324.566292761 54059.7010340967 1387085.865 0 73308.2706766917 20356324.215 22013751.21 3144756.78823853 2135548.8 1696350.6 0 0 0 0 116882.750966016 21251.4092665484 0
2475519.17130548 2713035.10762161 23011.3706775137 667214.900144769 0 0 0 0 0 2108805.61804073 1107962.59131266 112356.267898632 281080.466622798 216952.702081066 0 0 0 0 9291.10453748959 1689.29173408902 0
22416.0425952045 28152.9611309835 0 3129.32816856527 0 0 0 0 0 59330.82183704 35705.9510498603 490.665197684662 5164.75558329779 3491.24232233552 0 0 0 0 84.1317641499145 15.2966843908935 0
25364877.9483855 82680840.9 1214575.5598919 785894.94463465 710587.507838082 8386.31480275412 1097693.85 0 61623.6537289169 16761150.06 15219842.745 7179298.76414188 985219.2 897107.4 0 0 0 0 95199.3163013291 17308.9666002417 0
2447569.76916501 9787126.33746209 0 0 0 2992.88852974249 98214.3307639462 0 10953.1635243068 3465404.44754795 10344463.3771285 0 452127.611316328 496183.153146432 0 0 0 0 9186.20499962397 1670.21909084072 0
401209989.498859 1354786091.56424 24004689.351501 333876.99432645 12977502.3849937 137144.081279321 1478699.37302013 5601872.43153015 2149004.26742532 145191774.013017 47674457.0807899 41667106.1364616 3264896.80518467 5329716.11451836 0 0 0 0 1505819.0609581 273785.283810564 0
69006683.6980423 215375378.312717 7570506.10655155 155180.122045653 2626394.07327217 0 469921.83 0 260091.26009126 13026785.5952929 15715552.736014 14466490.5567998 871857.06039395 1063451.26883506 0 0 0 0 258995.494543424 47090.0899169861 0
24734542.9306189 17346824.1453608 1857822.37033405 629135.660835667 0 5363.31508272392 578899.840851064 3764821.14831581 116474.442533493 3732864.81078844 10343730.0757697 2754252.51211723 524558.684224602 468103.442514667 0 0 0 0 92833.5464815696 16878.8266330127 0
50019634.2202189 51295868.64 2151089.84669481 1150442.61435489 43719.0831185118 0 1945911.825 0 211770.981507824 19821085.065 21849550.725 6887411.99171559 1454241.6 1242637.2 0 0 0 0 187733.407946892 34133.346899435 0
1191.57391121017 18291.1033343789 0 1084.65516472476 0 0 0 0 0 1358.28149324662 30275.775349206 0 4112.60949269792 7405.82190622598 0 0 0 0 4.47220845692769 0.813128810350488 0
41897079.0155263 141167057.85 1889711.70568016 806730.205730853 277990.663972689 8341.45453465529 812837.76 0 55933.7533021744 26746535.355 7414423.005 7818973.04844096 1242410.4 1212246 0 0 0 0 157247.879742104 28590.5235894734 0
14727238.749959 14938615.395 1683445.05316558 547068.258227692 146267.330871595 4872.30778930366 605999.58 955066.504936495 17145.9053038 4395311.325 6895513.185 4044557.29825793 860932.8 316839.6 0 0 0 0 55274.1890915258 10049.8525620956 0
98795150.6478807 48119813.955 5630978.91611351 728956.540513865 1967184.56071901 853343.224948796 508023.6 0 79684.0073155863 9079107.48 13105194.51 18333836.8210061 1430881.2 790284.6 0 0 0 0 370797.400038887 67417.7090979794 0
37722089.0369502 111121090.65 5185759.73568258 1262638.41337405 2295883.26482269 13096.6429531313 0 0 22988.2137776875 19948090.965 38291371.665 8600086.54544861 1436324.4 1164618 0 0 0 0 141578.330993077 25741.514726014 0
2011340.4640062 22525558.2989474 261693.12754273 298168.641680235 108160.208276162 0 0 0 6237.36674720708 4354830.15326775 6990428.56343018 72180.3714117925 361297.030435308 511851.976700359 0 0 0 0 7548.9516414084 1372.53666207425 0
34092231.0848354 28749956.6254212 2751656.82087988 554663.574465555 528253.675189856 33868.4549210865 136556.373697704 16927645.8295183 223101.673101673 6626471.71010638 8048545.39990531 5326067.03994287 655803.140210292 334362.007663285 0 0 0 0 127954.768679257 23264.5033962285 0
27388323.8735749 75392516.61 1976093.86098841 773989.081151106 373593.499616805 43385.4907539118 859104.195 0 167394.83844747 16072596.645 11416923.225 6559573.47790234 892911.6 922622.4 0 0 0 0 102793.70209111 18689.7640165654 0
974992.673824168 3461106.6151829 13461.3226454666 149626.302431913 19102.8142066253 4998.24161901034 100177.68741573 0 0 1924929.44797335 5007045.57811508 34197.8669192296 151496.197522841 182371.482147562 0 0 0 0 3659.33698304168 665.333996916669 0
4193047.09432705 15996393.105 0 95971.746707381 0 2061.86877806143 67662.0796758515 404166.134952293 7442.51448079684 3494476.62 9582595.155 0 300510 428992.2 0 0 0 0 15737.320613625 2861.33102065909 0
3118311.54108273 54130821.765 0 86456.3091823201 0 10781.6543712084 332029.71 0 8128.42918106076 11155653.945 61012727.175 0 2337174 2975842.8 0 0 0 0 11703.6292202823 2127.93258550588 0
15171998.2482899 83400238.605 435720.953524005 659294.901452762 239213.927401937 13751.51768965 658616.31 0 23496.2406015038 22270484.565 67315848.555 806560.03614225 2047323.6 3656129.4 0 0 0 0 56943.4579224574 10353.3559859013 0
25172868.1200405 96929088.51 3229778.16605296 240029.610437679 412043.649411273 7126.67822414361 533424.78 1396966.68553705 108539.930908352 15255222.96 6904585.035 8066770.6300672 567000 494991 0 0 0 0 94478.6661007338 17177.9392910425 0
0 1484341.39286654 0 0 0 256.15539296993 8405.96976536308 0 0 118947.962647059 2266962.7864008 0 56691.6197537695 116114.938331719 0 0 0 0 0 0 0
7943157.88458299 23362735.305 0 137642.268899787 0 5880.81204428495 0 1152752.83258047 144881.087934169 7641219.255 18649909.23 0 1207710 871025.4 0 0 0 0 29812.2151986914 5420.40276339844 0
291526564.315538 141420162.465 38743675.7865974 945606.242867277 8312155.99526231 1263462.71083113 308442.9 0 166861.410282463 29507099.31 53779741.17 48466730.3510534 1398902.4 2393533.8 0 0 0 0 1094155.85058162 198937.427378476 0
48217859.4611522 0 13856729.5860564 42270.8323346199 0 11660.0634995288 38000.6656011248 0 6590.4448782829 0 5893130.63824458 17061274.961503 0 204033.326514399 0 0 0 0 180970.997122714 32903.8176586752 0
2002291.87672314 4282820.385 0 46771.5660671418 181613.730625864 16558.1443024453 53963.7288114103 0 18584.7065016476 2209902.66 44251577.115 0 2269814.4 6015303 0 0 0 0 7514.99053485019 1366.36191542731 0
0 0 141489.717112092 0 31319.4874737782 0 0 0 0 0 7139545.95 0 366282 1038630.6 0 0 0 0 0 0 0
7876324.07856696 31000325.82 2347613.33235357 84798.6818840686 1721438.8977914 0 39119.4998781521 0 13472.4645560996 1573965.975 20553183.36 4231201.5393115 636174 2587674.6 0 0 0 0 29561.3749363614 5374.7954429748 0
0 5831385.18 372986.067318075 28665.1722350933 82562.4130268608 0 0 0 8448.69057468445 1370756.535 22520867.625 0 1011754.8 4132069.2 0 0 0 0 0 0 0
551376.237365045 3313820.3091233 166488.699091241 40868.5728385923 0 9648.76631922182 31445.7586251534 0 10468.6956848136 0 0 112273.215090841 744350.569275252 2142925.7718159 0 0 0 0 2069.42217221639 376.258576766617 0
0 0 0 0 0 0 0 0 0 0 0 0 0 0 0 0 0 0 0 0 0
49992361.2321137 170920911.48 6020487.86594709 21282.5020819839 2979603.5671985 478069.438004225 1886730.70432852 0 59769.3558219874 24637330.23 88543070.37 4370926.17237785 3229178.4 15688323 0 0 0 0 187631.047122354 34114.735840428 0
3355151.96800725 5686235.58 209802.443767968 11960.0650809564 46440.8661185836 4234.12128627097 13799.1896116766 0 4752.33818237129 231332.175 10484337.045 0 558608.4 1337553 0 0 0 0 12592.5373696379 2289.55224902507 0
62656.0545329513 2129507.40455666 58155.2829044537 4308.25688356875 7388.55606531592 265.968564538586 995.224156868784 0 2140.72826854782 27898.3774193548 4832961.20921829 0 260399.955310659 947465.161390842 0 0 0 0 235.160349117919 42.756427112349 0
1790205.10614839 10027523.2548308 0 24261.9234134507 105033.306710513 9692.85017718702 31589.4298791745 0 8500.1400828135 3092567.46930193 17319758.2905398 0 804038.701734104 3307095.36416185 0 0 0 0 6718.98766835276 1221.63412151868 0
1114571.09905731 4944158.25 0 29021.7284080714 88178.4295966 10274.3185079026 33484.4610335125 0 11531.7991247133 1642004.85 26522460.66 0 1517292 2877978.6 0 0 0 0 4183.20193834129 760.582170607507 0
503684.223324068 2116788.37178954 41332.4897966521 634.019788271662 350021.78672877 0 0 0 5427.66786743396 44804.8591666667 4102918.99597522 20326.5936001748 206123.619885327 658153.956985851 0 0 0 0 1890.42477514737 343.71359548134 0
20791632.4127349 1377106.83 10193965.2239704 36478.2996990247 1943975.12715112 0 42087.6450797837 0 0 0 4604871.06 8908738.09659887 470610 630390.6 0 0 0 0 78035.037050391 14188.1885546166 0
18795409.5251231 0 8834902.30978372 0 0 0 0 510952.511472138 7380.23884422579 0 1502298.36 6278491.27877704 426610.8 138688.2 0 0 0 0 70542.8246111112 12825.9681111111 0
625055.927938406 653173.2 758007.495162436 32849.0793004534 25762.930975921 2348.8660647142 7655.05898579725 0 0 0 0 843736.477273655 196862.4 491022 0 0 0 0 2345.95636970595 426.537521764718 0
5593884.66743359 19453675.14 773738.082991098 0 398087.507838083 11654.7609952949 37983.3845039635 0 13081.1948783667 4046045.1 19412851.815 1455297.09855023 1269626.4 3266260.2 0 0 0 0 20994.9362615427 3817.26113846231 0
271985.072372724 2071335.8587053 196718.639312308 0 0 3970.07090651283 12938.6376787095 0 0 829826.860909091 5167855.40680859 0 377433.747280579 1021379.25179017 0 0 0 0 1020.8128336647 185.602333393583 0
15212383.2499072 24343402.29 2517819.38128169 122946.336307817 570329.373650108 20103.298315616 65517.5434338117 0 22563.7542520761 2556447.33 36029759.46 4239420.63537423 1825966.8 3825889.2 0 0 0 0 57095.0306818698 10380.9146694309 0
472407.115393573 6577091.25 346453.949928831 17355.1494392724 33202.9889221765 6144.09764243195 20023.8875148623 0 6896.07780415344 350173.41 12892006.035 222024.455893119 1052578.8 1723453.2 0 0 0 0 1773.03571075191 322.37012922762 0
832921.915814079 528284.035954279 1081574.95814177 2004.93670819037 3944.16337511858 1150.72158836254 3750.25284220169 0 3172.03247307661 0 0 918935.776681291 105584.768186085 191743.350672786 0 0 0 0 3126.11781847507 568.385057904559 0
25604615.5059146 0 14653559.6578461 0 3130987.42423187 0 0 0 0 30844.29 5037598.305 10247770.3660764 270572.4 227593.8 0 0 0 0 96099.0979448664 17472.563262703 0
910598.119336488 0 50986.0059656122 2906.52453143568 11286.0185727341 1028.97244323661 3353.46696266164 0 1154.90905904302 0 726655.185 393427.989015804 254469.6 255603.6 0 0 0 0 3417.65170573696 621.391219224903 0
19854685.390055 64863727.5 765246.831429606 63384.8431572129 930859.402215565 30480.4424123796 2553725.775 0 86161.3493192441 7022519.085 63998273.01 2293672.1124982 3785745.6 9423540 0 0 0 0 74518.4927898117 13548.8168708749 0
1398290.09619561 468107.46 0 18354.0142416843 97758.3083675887 6497.71735046626 21176.3498728522 0 7292.97726142205 0 15047477.595 0 882252 1376676 0 0 0 0 5248.05447199932 954.191722181695 0
2880147.42517509 8904927.96 1105386.77378707 40868.5728385923 0 13578.7101666669 44253.6204334527 0 15240.617457427 5262580.185 27480448.02 709400.523082869 948477.6 3933619.2 0 0 0 0 10809.75300893 1965.40963798727 0
0 0 0 0 0 0 0 0 0 0 22909.2419346117 0 1308.23642988248 5276.86053201107 0 0 0 0 0 0 0
17191048.5270447 0 2221115.45652724 16590.0615055101 0 5873.23999372482 19141.1503895934 456385.578410219 33517.491371488 0 2827695.645 6977685.9706562 212738.4 170667 0 0 0 0 64521.3459969277 11731.1538176232 0
11413845.4230798 24757078.65 3637303.80990483 23095.3329846426 325561.791673943 8176.24656236163 26646.751237779 0 9176.94277034145 2853096.825 12197102.325 2298108.24712808 650689.2 1789225.2 0 0 0 0 42838.3800173348 7788.79636678814 0
370008.533679925 0 0 12722.1169514895 49399.9092889418 0 0 0 5055.13989597136 1416115.785 17163940.2 0 708296.4 1315326.6 0 0 0 0 1388.71393363942 252.493442479894 0
31139034.0701628 22744942.32 12030633.8229411 56707.5889952879 1829321.39622379 0 65427.6350229047 0 0 1886037.615 27539415.045 14543037.3097973 901983.6 1752937.2 0 0 0 0 116870.846364627 21249.2447935686 0
9602938.99310589 0 3275309.78099647 12362.8494693657 0 0 0 0 4912.38477202976 0 0 3069097.55958164 408920.4 312870.6 0 0 0 0 36041.6962576097 6553.03568320177 0
0 4241997.06 223898.1571164 12763.6098156221 49561.0258493464 0 0 0 5071.62710746884 410047.62 14003307.66 0 817840.8 4882550.4 0 0 0 0 0 0 0
5547485.17668052 1852277.31719253 5907786.15321598 23653.735075493 119401.518079769 0 57033.7155565009 0 3617.83136118362 0 0 5231534.72605564 94480.0730736129 272033.971082678 0 1148797.7623986 0 0 20820.7899555597 3785.59817373813 0
0 0 611615.052376326 3025.94301845149 0 1071.24916618296 3491.24868327239 83242.413191396 0 0 1216535.085 0 38556 167605.2 0 0 0 0 0 0 0
20391728.4882473 0 9254484.44223091 32712.569273721 283477.321814255 0 0 899908.951170129 12998.3566937696 124284.345 2214438.585 9052218.47554819 336117.6 168966 0 0 0 0 76534.1199052386 13915.2945282252 0
5922309.38683224 0 1466645.98284876 60010.9013063267 0 5521.05339494294 17993.3585984038 0 0 0 6652387.605 1924302.66957329 318427.2 700358.4 0 0 0 0 22227.5780588669 4041.3778288849 0
24420163.6186537 4858882.86 9699050.44946481 0 1485273.11363478 0 29897.4657308326 712850.163801236 0 185972.925 2605435.32 8196343.86302958 226800 264789 0 0 0 0 91653.6198279005 16664.2945141637 0
7545227.00593822 0 3754004.08777559 10563.4759955173 983156.831324462 3739.69859418653 12187.8440655509 290596.758826686 0 0 3410913.92726269 3099987.20869156 15876 108410.4 0 0 0 0 28318.7032780248 5148.85514145905 0
11184747.3279434 8249940.39 2153375.95288444 0 415265.972270605 26366.7023033118 85930.2556348043 0 29593.7403837579 9930954.195 43988493.465 1905170.13801005 4182192 5202338.4 0 0 0 0 41978.5303438097 7632.46006251085 0
4318997.34983484 9196134.345 955456.309517006 59965.6160400893 345681.216470424 10800.9861581664 851667.394332646 0 12122.9259759644 604185.21 20533225.29 1159681.79579084 1185710.4 1975314.6 0 0 0 0 16210.0363994734 2947.27934535879 0
8919665.7251737 29029920 1579400.00598742 16193.2081058573 1014552.7067512 15051.5882008402 49053.7954625272 0 16893.7620053817 3255886.965 40157451.21 4146425.10144596 1581930 3993948 0 0 0 0 33477.2388970625 6086.77070855682 0
2387385.46975795 0 0 3209.11883328083 12460.9905620265 1136.0973598549 3702.59183098888 0 1275.14506484171 0 0 1427891.03982451 0 0 0 0 0 0 8960.3216278496 1629.14938688174 0
13461667.2057698 0 4833481.65808016 13880.8810839735 65317.3552567408 4914.13162654363 16015.3735584495 381857.170345548 5515.57543657173 0 0 4052531.45437177 60328.8 89699.4 0 0 0 0 50524.2531374718 9186.2278431767 0
1039.31316744288 22740.3701421265 0 0 0 0 0 0 0 36603.0152139899 79986.7994231758 0 3361.49266224311 11048.7074174378 0 0 0 0 3.9007442955123 0.709226235547691 0
0 0 406503.330292684 23173.2586075258 89981.6341498838 8203.83391547069 26736.659648686 0 9207.90655778794 1671941.955 20296450.005 0 1159628.4 2826608.4 0 0 0 0 0 0 0
13626903.5512863 0 3406407.08475194 458386.593544562 55255.1208743784 0 0 391462.064175324 0 68038.875 0 4257627.83824166 203666.4 130069.8 0 0 0 0 51144.4172539051 9298.98495525547 0
20345101.2863573 0 25969922.4161597 21825.9212144717 0 0 0 0 7927.2448116601 0 12893671.6787409 14098699.210841 130251.560282436 36656.7251544572 0 0 0 0 76359.1189551057 13883.4761736556 0
23776076.5396749 316607.565 22230559.2523344 37339.5296350455 2073129.31094545 13218.9997443098 43081.3081665612 1027194.67461864 0 0 371945.85 12106483.5604471 0 123719.4 0 0 0 0 89236.2358498629 16224.7701545205 0
1126420.07349045 8402449.33936127 180049.066612478 23777.3789667466 217609.539406474 8629.01552326072 28122.3454211546 0 4547.14368539711 194061.355966387 15849787.3456931 220136.54010518 557602.343439878 1018706.32399439 0 0 0 0 4227.6734420955 768.667898562819 0
10912791.6800703 22264134.27 3340463.807401 45745.376695667 803381.697206159 16194.8511069572 52779.7401275179 0 18176.9496124173 2183594.295 34456700.67 4360448.18567537 2060704.8 3539100.6 0 0 0 0 40957.8279460102 7446.87780836549 0
5950881.08865673 32157893.88 0 24937.5404830203 1623223.36793702 9924.99812762552 0 0 69816.8233435434 3841021.29 31410373.44 734221.104570307 869097.6 3037305.6 0 0 0 0 22334.8132083832 4060.87512879695 0
3458299.80763588 4980445.65 0 11745.5166127585 0 4158.16649589278 13551.6495712573 0 4667.08723511603 281227.35 8934865.065 859086.047404045 519372 774181.8 0 0 0 0 12979.6712573146 2359.94022860266 0
1216537.69067821 8758609.5697638 191081.746491245 25306.5990365879 185141.424939671 8959.08249149533 29198.048352478 0 9862.21376454301 496230.195 22864292.7680952 123049.970614638 897521.517129909 2219292.55793684 0 0 0 0 4565.90237268358 830.164067760651 0
6463176.1076453 0 4963859.63697357 13051.0770655884 33949.067724892 0 0 0 0 0 1209043.76261348 3203424.98144903 154713.466046512 204537.733953488 0 196921.691720115 0 0 24257.5559730648 4410.46472237541 0
2268727.99128928 9175269.09 0 18400.567211199 71449.3000311463 6514.19810686907 1484519.46639106 0 7311.475108468 301185.42 13426338 507787.729597183 424116 1015723.8 0 0 0 0 8514.97705149314 1548.17764572603 0
1235601.22759007 4095033.09 0 21121.8918856525 229894.680891628 0 0 0 8392.7949064369 1044169.935 18849489.93 0 1122886.8 2619199.8 0 0 0 0 4637.4515314845 843.173005724454 0
11494290.7478846 0 10583555.8204536 24507.1023862278 1514056.29485125 0 0 674180.026034397 0 70760.43 918071.22 5767056.6654964 49215.6 379549.8 0 0 0 0 43140.3069549151 7843.69217362093 0
0 56092.5211776062 0 0 0 0 0 0 0 143845.5215625 0 0 81342.4320482735 255199.686154878 0 0 0 0 0 0 0
2196924.10777056 18827717.49 352958.466349333 0 514613.669616108 14509.1563487997 47285.9859285893 0 16284.941561304 9608903.52 51435575.13 0 1690113.6 7780487.4 0 0 0 0 8245.48312242036 1499.17874953097 0
42493038.7610997 330086519.73 1783652.70781114 63138.0895098856 3769072.66773497 41030.9927286859 1900011.02541953 0 541023.166023166 26514295.995 84059762.1 8556704.95894534 3376598.4 9431704.8 0 0 0 0 159484.632484898 28997.2059063452 0
28242228.1440114 55952449.245 1021399.58686795 58603.9912402455 1531822.61548108 0 1452896.84950539 0 76559.642349116 14569391.1 47650799.31 3598684.94462996 2278659.6 5808688.2 0 0 0 0 105998.570764153 19272.4674116641 0
4822423.7429085 13105194.51 1258338.16409344 61071.8241484828 1192303.00285655 8517.32656443728 1299631.71613627 0 9559.76777877075 518002.635 13732059.345 1793096.50361831 487620 1190700 0 0 0 0 18099.4934875847 3290.81699774268 0
2567606.97357397 0 0 10677.8343771511 41461.97143486 3780.18393056735 12319.7875776612 0 0 635936.685 5235364.635 917653.91073844 189831.6 386013.6 0 0 0 0 9636.72795556759 1752.13235555774 0
4396755.56849796 0 3859310.91439934 13920.3499059533 0 95501.4224751067 23984.2946332313 408472.470349218 97529.5444258798 0 639374.876726219 3035147.6039798 118073.337692911 63967.9670677478 0 611303.170887319 0 0 16501.878105497 3000.34147372673 0
326301.82197288 1378921.2 0 13514.5294543148 52476.8426254498 4784.43523919974 15592.6872630165 0 5370.00542286226 1495948.065 10888941.555 0 586051.2 2375956.8 0 0 0 0 1224.67415072555 222.668027404645 0
26264087.3474144 3910874.535 16148319.3037174 90929.2717560803 4241817.91263151 0 52242.624945476 0 81495.3241189949 174179.52 0 7902307.06216304 126327.6 200944.8 0 0 0 0 98574.2239264897 17922.5861684527 0
0 0 5183.81397700514 295.510154310313 1147.46428385737 0 0 8129.35941534704 0 0 89886.8651466474 0 0 47514.6 0 0 0 0 0 0 0
0 0 0 0 0 0 0 0 0 0 0 0 0 0 0 0 0 0 0 0 0
0 0 0 0 0 0 0 0 0 0 0 0 0 0 0 0 0 0 0 0 0
0 0 0 0 0 0 0 0 0 0 0 0 0 0 0 0 0 0 0 0 0
3688608.3686124 0 4333462.41070191 0 0 0 0 353874.421689215 1655.11688568318 27432.3110176991 1191647.22320285 2746805.30183704 17484.1868590961 39449.2457273073 0 0 0 0 13844.0640443772 2517.10255352314 0
0 0 0 0 0 0 0 0 0 0 0 0 0 0 0 0 0 0 0 0 0
0 0 0 0 0 0 0 0 0 0 0 0 0 0 0 0 0 0 0 0 0
0 0 0 0 0 0 0 0 0 0 0 0 0 0 0 0 0 0 0 0 0
0 0 0 0 0 0 0 0 0 0 0 0 0 0 0 0 0 0 0 0 0
0 0 0 0 0 0 0 0 0 0 0 0 0 0 0 0 0 0 0 0 0
0 0 0 0 0 0 0 0 0 0 0 0 0 0 0 0 0 0 0 0 0
0 0 0 0 0 0 0 0 0 0 0 0 0 0 0 0 0 0 0 0 0
0 0 0 0 0 0 0 0 0 0 0 0 0 0 0 0 0 0 0 0 0
0 0 0 0 0 0 0 0 0 0 0 0 0 0 0 0 0 0 0 0 0
0 0 0 0 0 0 0 0 0 0 0 0 0 0 0 0 0 0 0 0 0
0 0 0 0 0 0 0 0 0 0 0 0 0 0 0 0 0 0 0 0 0
0 0 0 0 0 0 0 0 0 0 0 0 0 0 0 0 0 0 0 0 0
0 0 0 0 0 0 0 0 0 0 0 0 0 0 0 0 0 0 0 0 0
0 0 0 0 0 0 0 0 0 0 0 0 0 0 0 0 0 0 0 0 0
0 0 0 0 0 0 0 0 0 0 0 0 0 0 0 0 0 0 0 0 0
0 0 0 0 0 0 0 0 0 0 0 0 0 0 0 0 0 0 0 0 0
0 0 0 0 0 0 0 0 0 0 0 0 0 0 0 0 0 0 0 0 0
0 0 0 0 0 0 0 0 0 0 0 0 0 0 0 0 0 0 0 0 0
0 0 0 0 0 0 0 0 0 0 0 0 0 0 0 0 0 0 0 0 0
9664757.27493725 0 8798054.08005978 0 158444.383305237 10272.527121337 33478.622825012 1197354.41690153 0 0 6497088.06185541 4866083.14951839 154663.84583635 122293.408001448 0 1012113.98362481 0 0 36273.7122829675 6595.22041508499 0
1538768.61236624 0 2450583.28634966 0 56435.3324266107 0 0 404032.093497692 393.755554411 498.312887323944 79588.9099447954 324864.149889185 3684.1 10560.2 0 0 0 0 5775.29764350925 1050.05411700168 0
0 0 0 0 0 0 0 0 0 0 0 0 0 0 0 0 0 0 0 0 0
0 0 0 0 0 0 0 0 0 0 0 0 0 0 0 0 0 0 0 0 0
0 0 0 0 0 0 0 0 0 0 0 0 0 0 0 0 0 0 0 0 0
2710215.7300581 16053545.76 1202437.42464695 95308.5962801888 421732.390441023 0 744908.472698662 0 44839.2615865076 3621482.52 23758267.965 468815.062173924 1323831.6 2528706.6 0 0 0 0 10171.9663329608 1849.4484241747 0
193558.294702627 5889445.02 13143.9757246691 0 10165.5172230794 0 0 0 4860.18703742029 629586.39 22908235.62 0 921261.6 6065879.4 0 0 0 0 726.461895761422 132.083981047531 0
962296.915469964 11312596.95 74597.8222116989 18043.8604608124 56978.5062356302 0 0 0 7894.27182313543 929864.625 33686500.605 0 1320429.6 4746697.2 0 0 0 0 3611.68733466937 656.67042448534 0
13671334.5456445 35012805.075 0 0 409104.36842472 0 397347.03 0 289641.688859044 1344448.17 28224339.72 656847.296271197 1048042.8 6146847 0 0 0 0 51311.1754103644 9329.30462006625 0
16242338.1550997 41894710.485 6521145.12147661 21806.8535825545 665017.76632063 0 67253.2328894917 0 10116.9125908782 8846868.12 17325419.13 7170970.80587965 627555.6 2163331.8 0 0 0 0 60960.6516004898 11083.7548364527 0
953405.721545559 1636561.74 12507.1551953731 23364.4859813084 26126.9421026963 0 0 0 4624.7128592507 1979477.67 14656480.86 0 897901.2 2966090.4 0 0 0 0 3578.31695597375 650.603082904318 0
45854.7187792953 444069.588506377 7885.11366240717 0 0 0 34649.9799588422 0 0 11057.4134570766 1475564.92439036 0 114414.764132568 539163.335861102 0 0 0 0 172.101670895542 31.2912128900985 0
534370.744962246 2170893.705 210974.942643229 35933.4998920453 21337.002717202 0 12242.5177923078 0 1841.64354746435 369224.295 7699279.095 0 218181.6 538876.8 0 0 0 0 2005.59725441437 364.654046257159 0
6730683.7513019 16699461.48 0 6565.12616738571 14577.4699015845 0 0 0 6969.56472546346 2221696.065 24618279.345 152951.390306365 1872914.4 10210195.8 0 0 0 0 25261.5641466231 4593.01166302238 0
37099.2533687114 124278.120350699 0 6012.34670828361 0 0 0 0 0 28220.22011378 1742.80975917987 0 2272.46070043949 9224.92033735057 0 0 0 0 139.240707689504 25.3164923071826 0
3095.56017866242 0 0 3084.42059159187 0 0 0 0 0 0 2349.56790539078 0 204.203125 780.0078125 0 0 0 0 11.6182389356634 2.11240707921152 0
