158.21201471967 10.70172 90.58635 0 49.6773 0 0 6.7311 0.161489466815152 6.62175 10.87425 231.86655 12.56715 13.86315 0 0 21.1559445 0.741213001494984 0.134766000271815 10.9974368765897
48.268948216443 2.34738 32.1327 0 4.75875 0.405 0 0.543546994273976 0.0572105331848485 3.0132 17.11125 80.7165 4.9086 9.0072 0 0 6.362712 0.226136883787926 0.0411157970523502 3.3552111200295
325.841240369029 10.107585 98.19225 0 26.99325 0.91935 0 2.45345300572602 1.21095 5.2974 7.30215 317.38635 18.33435 12.93975 0 0 42.3778635 1.52654502385747 0.277553640701358 22.6494712117623
0 0 0 0 0 0 0 0 0 0 0 0 0 0 0 0 0 0 0 0
2.05570823952969 0.761805 0.3807 0 0.69255 0.0420930230941336 0.105277627698211 0.0356123079519347 0.100257534401366 3.32505 29.84445 0 6.13575 36.612 0 0 0.3371625 0.00963085943327119 0.00175106535150385 0.142893835471159
11.5446966915487 0.164025 4.61295 0.0669304585595857 0.72495 0.0551165956693759 0.0158799131812464 0.0324 0.937227194656489 1.5714 16.46325 14.9688 3.5397 17.76735 0 0 1.482057 0.0540861533256752 0.00983384605921367 0.802480603951856
53.3737656045489 4.618215 14.89185 0.5265 5.8158 0.171829528763383 0.0495066497775933 0.1134 1.81056509014665 7.7841 36.7821 39.19185 11.1699 49.63275 0 0 7.2378765 0.25005262131915 0.0454641129671182 3.71005083995648
13.4511076846321 0 7.6707 0.00900580880789967 0.57915 0.0485187951106673 0.0139789884454742 0.0410487569180726 0.30375 0.2268 10.55025 9.79695 5.9535 9.5337 0 0 1.7076825 0.0630175648671446 0.0114577390667536 0.934996674835724
114.700480683256 4.28652 91.16145 0.0670783744613423 29.2977 3.78675 0.104120334057479 0.7938 0 4.63725 11.27925 179.3664 10.5462 6.9417 0 0 14.990427 0.537364293797743 0.0977025988723169 7.97291721658211
85.5214823056858 33.391845 30.64635 0.34425 10.43685 0.348037352580551 0 0.12555 1.7091 14.04945 88.08345 66.9303 11.8908 73.4508 0 0 14.196546 0.400662583713476 0.0728477424933593 5.94466295695447
63.0780866235578 8.65323 26.68545 0 6.84045 0.202882367180291 0 0.183796244601732 2.68237701511651 11.7774 21.1005 72.9243 10.3761 34.9677 0 0 8.873388 0.295516734286268 0.053730315324776 4.38460553813039
20.3790741399187 0.652455 13.77 0.05265 2.0331 0.0999350905689474 0.0287927899523126 0.10125 0.32805 1.9926 17.5284 31.6953 11.9961 19.2942 0 0 2.6524665 0.0954746372309482 0.0173590249510815 1.4165648661652
95.0650216746756 0 62.5563 0.059417426423699 8.5779 9.69975 0.0922288641868708 8.9667 0 0 4.0824 154.07415 4.9734 4.5927 0 0 12.0689595 0.445373445104808 0.0809769900190559 6.60804160095745
70.3419718833485 76.628835 64.8648 0.83025 16.2081 0.484584164654726 0.6966 0.2025 0.4941 26.7543 143.76285 89.93835 31.4685 115.85025 0 0 16.5931335 0.329547564406626 0.0599177389830229 4.88952369978127
13.5487251150009 10.647045 0.61965 5.57685 2.57985 0.155227087889168 0.0447232389649804 0.02025 0.2754 29.34225 64.9782 0 0 116.33625 0 0 2.78478 0.063474896181015 0.01154089021473 0.941782136296645
53.8589816554994 7.31187 9.55395 0.06075 3.3858 0.165967065894755 0.209817586796626 0.0081 0.395301824276818 10.88235 33.87015 35.0811 16.2567 49.9284 0 0 7.5688425 0.252325826967506 0.0458774230850011 3.74377857486518
14.0626521748833 3.320595 6.20055 0.0116986608436878 2.00475 0.0630265355007521 0.0181588848097668 0.0081 0.150117159250703 1.782 15.3495 10.8378 7.30215 20.2176 0 0 2.1173805 0.0658826110393328 0.011978656552606 0.977505595164435
134.712053908845 16.311375 57.5586 0 12.12165 0.342012980495759 0.0985390402141555 0.305556066389812 0.7452 10.59885 6.40305 128.3607 11.73285 11.55465 0 0 18.7334775 0.631117213141179 0.114748584207487 9.3639368160709
36.3912038212833 3.174795 16.85205 0 0.3969 0.163808276345894 0.0471956073329786 0.02835 0 3.00915 37.13445 47.3364 13.3974 38.9367 0 0 4.937517 0.170490423626693 0.0309982588412169 2.52958011815215
13.5831783257193 0.820125 3.34125 0 0.78165 0.0586111362515959 0.0168867424380256 0.0405 0.1701 0.9072 12.6927 11.1699 7.2414 23.69655 0 0 1.806462 0.0636363072329692 0.0115702376787217 0.944177005047558
143.589497870613 5.544045 105.1542 0 11.7369 0 0.116947688652293 0.351512347920828 0.2025 3.2562 8.4321 188.2035 23.02425 10.8702 0 0 18.7837785 0.672707460861395 0.122310447429344 9.98101466422288
29.7187653454914 1.83708 17.94555 1.00845 4.0905 0 0.038673516838098 0 0.36045 4.07835 18.1035 54.58995 10.8297 20.9466 0 0 3.9566475 0.13923048323155 0.0253146333148273 2.06577387005861
43.7469643096563 0.528525 16.79535 0.0221588977564784 1.458 0 0.0343954643396985 0.101000945831787 0.284342868621936 1.0692 3.12255 58.2633 8.5779 6.0588 0 0 5.606739 0.204951683218929 0.0372639424034416 3.04088459647213
106.753273410884 2.76291 54.9099 0.06075 6.92145 2.3652 0.0846543205311404 0.24858412603327 0 0 5.07465 141.3531 8.586 10.05615 0 0 13.82913 0.500132144480292 0.090933117178235 7.42050082470478
40.2671900271005 50.064075 27.80325 0.69255 9.41625 1.539 2.14245 0.081 0 23.0121 55.84545 41.9094 25.9767 79.21395 0 0 10.11852 0.188649166971548 0.0342998485402815 2.79900285262989
58.467098589082 1.024245 10.46115 0.0323993739009449 1.59165 0.0324 0.0502909270075362 0 0.32805 1.30815 7.6869 64.43145 7.32645 12.70485 0 0 7.5251025 0.273914555166389 0.0498026463938889 4.06409227029983
102.88877160864 0.200475 30.75165 0.0472109992463622 1.1745 0 0.0732818147755133 0.215189204352563 0.60581131352953 1.8225 3.39795 123.2172 5.7591 5.08275 0 0 13.0822695 0.482027204819422 0.0876413099671677 7.15187637981067
0 0 0 0 0 0 0 0 0 0 0 0 0 0 0 0 0 0 0 0
12.6586838381095 24.34131 0 4.41045 0.5913 0.0269705041385807 0.134239690390319 0.142091010807787 0.186428966543291 20.57805 116.10945 0.5589 27.77085 91.1817 0 0 4.0412115 0.0593051106721965 0.0107827473949448 0.879914693564719
2.51221328154816 19.59552 0 0.35235 0 0.0157464958509902 0.15795 0.109598476531779 0 14.0211 72.8352 0 11.70855 62.2323 0 0 2.2784895 0.0117695558716652 0.00213991924939367 0.17462584642076
8.53865405637054 8.678745 0 1.9116 0 0.011897231965626 0.0592158280527968 0.01215 0.321187567702884 11.5263 44.7282 0 14.6448 37.2762 0 0 1.9518975 0.0400030390426655 0.00727327982593919 0.593528305434673
14.246402632048 36.191205 0 3.078 0.49005 0.0313372432289621 0 0.113333676106927 0.0891 37.76625 131.11875 0 30.40335 127.41705 0 0 5.4277695 0.0667434699830889 0.0121351763605616 0.990278228502639
13.4109122721274 28.6497 0.22275 2.01285 0.9558 0.0222087927024706 0.519589329965944 0.112719896057144 0.428914456030248 30.18465 65.71125 1.64835 17.49195 85.83975 0 0 4.5675495 0.0628292519731979 0.0114235003587633 0.932202661292992
1.93512200201538 20.721825 0 0.2835 0 0.0249193943175774 0.1215 0.06885 0.172251023030198 29.20455 126.8703 0 30.27375 155.88045 0 0 2.3178555 0.00906592075143126 0.00164834922753296 0.134511794842962
17.1117613234595 34.813395 0.36045 4.67775 0 0.0281648166752996 0.140184115616286 0.130210338746686 0.542984446337296 60.52725 83.21535 3.64095 27.96525 107.2602 0 0 5.6537595 0.0801674891372853 0.0145759071158701 1.18945147962026
122.148116400211 75.826935 48.4218 9.10035 2.997 0.059929916498354 0 4.3821 1.863 60.32475 48.0249 55.22985 31.4118 60.5151 0 0 23.0899815 0.572255982861857 0.104046542338519 8.49060801157119
47.8899628985409 53.52318 4.9896 6.2694 5.4675 0.0418948937804831 0 0.305416273705376 0.4293 82.8873 76.48425 13.9968 29.5812 103.43295 0 0 11.432178 0.224361362216429 0.0407929749484417 3.32886756376945
20.0259287300553 48.197835 1.4256 3.37365 0.70065 0.0303875750454531 0 0.0567 0.805398880894914 68.8419 82.30815 4.4226 23.89905 61.10235 0 0 7.362171 0.0938201739484169 0.0170582134451667 1.39201746146834
50.9362009462239 41.527485 5.589 6.92955 1.79415 0.039369311233092 0.2835 0.3159 0.936333585972069 66.39975 76.20885 17.172 41.64615 129.27195 0 0 10.619343 0.238632789393386 0.0433877798897065 3.54061387582937
70.7783792191146 50.35932 19.08765 16.25265 1.84275 0.038385313339753 0.340904366347302 0.1701 1.1826 56.4327 26.5518 28.8765 22.1211 35.02845 0 0 14.021586 0.331592104398046 0.0602894735269175 4.9198587039595
97.23270284904 66.845655 32.3514 8.8614 0.18225 0.0553250376313621 0 0.200087475777747 1.15425 65.6667 45.12105 82.67265 15.41025 46.53855 0 0 19.0287225 0.45552889045693 0.0828234346285328 6.75871875986908
16.5231856403539 31.79169 0.3564 4.4874 0.70065 0.0318630298374117 0.29565 0.06885 0.333647708126055 59.19885 109.20825 1.539 31.9545 125.5824 0 0 5.2768665 0.0774100503330666 0.0140745546060121 1.14853913845882
10.3675453253376 17.237205 0 1.5471 0.54675 0.0191635667578626 0 0.50625 0.375464855962447 38.1024 87.6015 0 10.3842 58.2633 0 0 3.03993 0.0485712757172378 0.00883114103949778 0.720655921628986
15.6963085831129 13.752585 4.48335 5.9211 0.25515 0.0134015959869151 0.0667034656369718 0.0162 0 11.93535 36.17865 3.7098 12.0933 30.07935 0 0 3.36798 0.0735361850861642 0.0133702154702117 1.09106228843691
52.3602669892501 72.721395 2.83905 35.40105 2.1303 0.0763073562794837 1.1988 14.6853 1.98855 79.27875 267.6321 7.8894 70.23105 191.5569 0 0 13.919526 0.245304446207495 0.0446008084013628 3.63960178420045
9.84787606366879 18.15939 0 2.40975 0.4293 0.0194472385706687 0.347894308006236 0.0648 0 19.55745 72.26415 0 19.00665 60.74595 0 0 3.066174 0.0461366590169276 0.0083884834576232 0.684533317969377
25.1594571270932 27.435915 11.95155 13.30425 0.66015 0.542716998251402 0.801432454555441 0.375494392031588 0 19.1403 63.8442 5.34195 16.0947 43.28235 0 0 5.937705 0.117870420689603 0.0214309855799277 1.74885290535442
38.6048226099389 31.511025 18.80415 6.18435 2.1384 0.0312927952888663 0.54675 0.324 1.134 54.56565 38.0052 15.47505 20.2338 36.78615 0 0 8.0521695 0.180861083714755 0.0328838334026827 2.68345043539832
73.1441663551096 32.801355 33.2181 1.21095 4.1067 0.8181 0.33615 0.3321 1.21095 17.33805 104.8869 70.3809 42.33465 47.30805 0 0 12.5661375 0.342675663298906 0.0623046660543466 5.08430635818888
57.9474293274131 51.48198 4.77495 9.2259 2.87145 0.1215 0.73305 0.03645 0.80595 77.6304 99.39915 14.4018 44.65935 120.26475 0 0 12.5049015 0.271479938466079 0.0493599888120143 4.02796966664022
144.473796945718 61.26516 41.11155 6.8364 15.06195 0 1.08135 0.1215 1.7982 65.12805 81.67635 104.1012 22.76505 73.72215 0 0 24.468156 0.676850344528221 0.123063699005131 10.042482962163
36.1500313462547 48.6972 2.2194 2.02095 2.23155 0 0.2673 0.0729 0.25515 29.04255 30.3669 16.47135 9.53775 27.5238 0 0 9.4591395 0.169360546263013 0.0307928265932751 2.51281603689575
24.0741809894644 54.015255 0.72495 3.74625 0.1215 0 0.53865 0.0162 0.2025 50.0499 217.69155 2.56365 59.8104 129.70935 0 0 8.457858 0.112785972553043 0.0205065404641897 1.67341453970065
24.1143764019691 7.913295 9.41625 23.63175 1.85085 0 0 8.4321 0.5508 35.66835 34.7571 4.56435 17.0424 25.2639 0 0 3.852765 0.11297428544699 0.02054077917218 1.67620855324338
0 0.49572 0 0.05265 0 0 0 0 0 0.9234 3.7422 0 0.9882 3.15495 0 0 0.049572 0 0 0
4.2291316156805 0.61965 0.68445 1.9521 0.324 0.3078 0 0.02835 0.95985 2.70135 15.81525 1.3446 3.1185 1.85895 0 0 0.5988735 0.0198132066273861 0.00360240120497929 0.293970139174604
48.2029128958995 35.622585 12.51855 5.6133 1.43775 0 0.20655 1.0854 0.3645 51.0543 56.7972 29.5812 29.05875 57.8988 0 0 9.681849 0.225827512605014 0.0410595477463662 3.35062095492358
83.0753043446811 38.626065 24.27165 0.07695 5.50395 0.97605 0 1.2069 1.0773 54.03915 98.99415 60.0858 42.444 83.31255 0 0 14.409414 0.389202399024723 0.0707640725499497 5.77462727563963
10.2584434913961 4.2282 0.4617 4.0338 0.11745 0 0 0 0 25.4826 41.41125 0 12.42135 20.40795 0 0 1.7251785 0.0480601407193826 0.00873820740352411 0.713072170584427
18.3348503039618 16.62849 2.75805 0.87075 0.3645 0 0 0 0.36045 14.64075 15.0903 9.86175 20.9871 16.40655 0 0 3.990546 0.0858975814816617 0.0156177420875749 1.27446932027768
65.3175453202522 8.26686 20.32695 4.7304 0.5022 0.80595 0.16605 0.66015 0.87075 17.88075 32.78475 38.3697 21.60675 21.951 0 0 9.119061 0.306008452663295 0.0556379004842355 4.54027200693975
70.5429489458723 73.21347 33.69195 4.4874 8.54145 1.1097 1.51065 0.08505 0.27945 46.88685 74.0097 56.47725 31.6872 49.2966 0 0 16.277112 0.330489128876359 0.0600889325229744 4.90349376749493
50.5285046193898 14.284755 15.22395 3.3777 4.15935 0 0.18225 0.02025 0.83025 17.901 51.62535 42.68295 15.8112 30.02265 0 0 7.843311 0.236722758611927 0.0430405015658049 3.51227459561022
1.87482888325823 2.4786 0.1863 1.17045 0 0 0 0.0567 0 8.23365 21.41235 0 6.9903 13.90365 0 0 0.4858785 0.00878345141051129 0.00159699116554751 0.130320774528864
66.0180939381924 178.62687 36.6606 2.57985 19.25775 0.3969 2.19105 0.5589 0.3726 64.08315 124.1487 64.08315 47.49435 90.09225 0 0 26.244 0.309290477386366 0.0562346322520665 4.58896767154165
10.6402999101914 22.05225 3.40605 2.5515 3.26025 0 0.14175 0 0.3078 17.67015 81.0891 1.63215 24.9723 38.2482 0 0 3.556062 0.0498491132118757 0.00906347512943195 0.739615299240383
29.5149171820744 36.511965 4.85595 3.34125 1.0935 0.0891 0.6966 0.08505 0.3483 33.2262 59.17455 10.98765 38.1348 60.58395 0 0 7.3982565 0.138275467840821 0.0251409941528765 2.05160422994904
55.7711348503691 16.909155 5.8725 22.9149 2.26395 0.7938 0 0.08505 0.3807 61.27245 57.4209 32.20155 56.619 87.40305 0 0 8.771328 0.261284140350968 0.0475062073365396 3.87669379054086
15.6446287670353 6.732315 0.85455 7.60995 0.58725 0 0.02835 0.0648 0.08505 37.2438 60.38145 5.21235 24.00435 32.45265 0 0 2.659392 0.0732940685082328 0.0133261942742241 1.08746998531054
34.1919405370937 26.65224 3.90825 4.4631 1.8306 0 0.5994 0.14985 0.27135 30.7476 32.157 30.5937 17.5932 32.03955 0 0 7.0060545 0.160187018143613 0.0291249123897477 2.37670766288551
2.33133392527669 2.51505 0 0 0 0 0 0.08505 0 4.99365 27.6453 0 9.01935 19.7964 0 0 0.547479 0.0109221478489053 0.00198584506343733 0.162052785478465
292.797740189215 248.72751 47.64015 1.3446 30.54915 0.14175 0.58725 1.95615 8.08785 162.62775 84.8151 124.22565 58.5954 191.3058 0 0 62.0448255 1.37173837411233 0.249406977111333 20.3525925072405
72.7996342479259 57.13902 18.48825 1.10565 9.49725 0 0.2673 0.26325 1.15425 25.6284 38.8233 56.84175 18.77985 45.8136 0 0 14.956164 0.341061552779363 0.0620111914144297 5.06035767067975
25.7681305164511 4.53438 6.06285 4.8114 0 0 0.2835 1.6524 0.60345 7.39935 28.3743 12.38085 9.6147 17.15985 0 0 3.7248255 0.120722015940795 0.0219494574437808 1.79116225328722
56.552074293319 15.473025 6.4233 6.7635 0.16605 0 0.58725 0.03645 0.98415 36.76185 60.17895 29.1843 25.9686 44.3799 0 0 8.726859 0.264942790861931 0.0481714165203511 3.93097748222823
0.55986467417359 2.88684 0 0.3726 0 0 0 0.00405 0 4.8681 31.6386 0 9.59445 34.5546 0 0 0.3597615 0.00262292959425682 0.000476896289864876 0.0389166172023407
37.3042139053203 31.788045 4.81545 3.6693 0.6723 0 0.3078 0.03645 0.2349 35.2998 21.08025 23.3604 22.1859 43.2945 0 0 7.914753 0.174767816503481 0.0317759666369966 2.59304414005135
17.439066825284 4.78953 5.13945 3.0132 0.4536 0 0.2754 0.00405 0.0972 9.6633 13.11795 20.1933 15.3738 11.3157 0 0 2.692926 0.0817008941308508 0.0148547080237911 1.21220273275394
126.70742461861 14.90076 15.10245 3.8799 5.35815 2.45025 0.46575 0.66825 0.44955 17.28135 30.3588 83.0331 25.55145 28.22445 0 0 17.57619 0.593616045403805 0.107930190073419 8.80752897627538
46.5663853867767 28.37997 15.309 5.9211 5.8725 0 0 0.0729 0.1539 29.3868 87.82425 33.3234 25.64865 41.5935 0 0 8.7498225 0.218160487637186 0.0396655432067611 3.2368646892552
4.75454307913572 14.860665 1.26765 2.49075 1.07325 0 0 0.9315 0 16.56855 38.11455 0.64395 16.7994 47.59965 0 0 2.0896785 0.0222747251696887 0.00404995003085248 0.330491887626032
64.6313522067778 13.096485 20.6874 8.94645 1.8549 0.5994 0.1134 7.533 1.44585 17.64585 45.279 33.1047 19.32255 19.70325 0 0 9.514908 0.302793682545206 0.0550533968264011 4.49257420431739
40.0748262672562 29.57553 6.48 4.3983 1.21905 0.324 0.39285 0.1134 0.8424 35.18235 29.72295 34.70445 15.94485 32.9508 0 0 8.045244 0.187747955264803 0.0341359918663279 2.78563150210396
42.0903390942812 43.422885 2.5758 22.7205 2.57985 0 0.162 0.56295 1.08945 63.3501 97.1352 15.07005 50.16735 120.78315 0 0 9.6858585 0.197190501804128 0.0358528185098414 2.92573132403238
4.39852656837918 4.41774 0 0.51435 0 0 0 0.01215 0 7.52085 21.37995 0 5.36625 15.32115 0 0 1.000188 0.0206068109661613 0.00374669290293841 0.305744910533261
3.19840639502246 14.78412 0 0.82215 0 0 0.45765 0.0162 0.26325 19.71135 143.47125 0 41.73525 106.2801 0 0 1.884465 0.0149843259897543 0.00272442290722806 0.222323649043116
14.6770677660276 23.36445 1.5714 3.3129 1.08945 0 0.6156 0.0486 0.11745 33.7608 165.38175 3.13875 36.55935 130.57605 0 0 4.199769 0.0687611081325172 0.0125020196604577 1.02021408788905
27.5539552720202 29.8161 8.1162 1.1988 1.25955 0 0.3807 0.02835 0.49815 22.3074 15.20775 34.2063 10.125 17.67825 0 0 6.4797165 0.129088488800424 0.0234706343273498 1.91529628354289
0.534024766134809 5.16861 0 0 0 0 0 0.0405 0 6.1803 105.96825 0 19.4157 79.5339 0 0 0.584658 0.00250187130529112 0.000454885691871112 0.0371204656391557
9.39998432432991 7.162425 0 0.8748 0 0 0 0.03645 0.8343 17.0505 51.2001 0 21.56625 31.10805 0 0 1.9096155 0.0440383153415222 0.0080069664257313 0.653400024207505
253.943131801568 29.513565 85.93695 4.2444 19.46025 2.2113 0.2997 0.74925 0.729 38.35755 115.51005 170.1891 24.9804 85.48335 0 0 35.1906525 1.18970706027091 0.21631037459471 17.6517792733981
93.7988661807753 0 53.60175 0.228340426408026 0 0.117333523004359 0.052778375888858 6.3504 0.236974649199209 0 2.19915 149.5584 0 13.7457 0 0 11.908215 0.439441588945488 0.0798984707173615 6.52003017436139
2.0528371386365 1.352295 0 0 0.440574723488501 0.0708144340154806 0.0318533929701141 0.0592160393903183 0.143021578397809 3.56805 115.2063 0 40.5324 214.83225 0 0 0.395847 0.009617408512275 0.00174861972950455 0.142694263075249
0 0 0 0.0966655818856034 0.0759775953393489 0.0122120269842345 0.00549315263051345 0.00811659022721216 0.0246642284020802 0 19.61415 0 6.54075 37.09395 0 0 0 0 0 0
10.0201421172607 8.372565 5.61735 0.419851918433296 4.02165 0 0.0230912286800617 0.0381692123440764 0.103679503658079 1.98045 43.6914 20.40795 11.36025 92.41695 0 0 2.1093615 0.0469437142766989 0.00853522077758163 0.696507661723944
0 1.58193 0 0.147699294280618 0.200287236898334 0.0321925579596947 0.0144806947010148 0.0213964317031026 0.0650182482719831 3.00915 54.20115 0 18.06705 147.5739 0 0 0.158193 0 0 0
1.92650869933579 2.187 1.84275 0.36045 0 0.0412650061119722 0.0185616177531189 0.0274263351830678 0.0833415727849965 2.106 68.0967 4.75875 19.50075 112.2822 0 0 0.4632795 0.00902556798844269 0.00164101236153503 0.133913077655234
0 0 0 9.54201531166009e-05 0.000305054335114074 4.903197785389e-05 2.20553179644204e-05 3.25885680389949e-05 9.90282696193936e-05 0 0 0 0 0 0 0 0 0 0 0
49.7906316898379 43.8129 14.2236 0.13365 6.56505 1.782 2.10740643390819 0.02835 0.36855 37.03725 175.31235 16.79535 57.6639 560.29725 0 0 10.702449 0.233265871915906 0.042411976711983 3.4609844898615
4.42436647641796 1.84437 0 0.0352398552978747 0.112660379136816 0.0181081223211648 0.008145304615735 0.0403853655339013 0.0365723778238123 0.50625 22.2588 0 9.97515 47.76975 0 0 0.7461315 0.020727869255127 0.00376870350093217 0.307541062096446
2.01551282702492 9.02502 2.1303 1.0125 1.134 0.1177495578042 0.0596502626084976 0.24705 0.6156 7.3143 170.991 0 55.5012 403.8822 0 0 1.158381 0.00944254653932454 0.00171682664351355 0.140099821928426
2.42895135564542 3.78351 2.8188 0.0824847586097317 0.263700406810172 0.042385080356072 0.0190654439228686 0.0281707802842086 0.0856037498191145 7.0875 62.0379 0 17.83215 146.691 0 0 0.686718 0.0113794791627757 0.00206899621141377 0.168838246939386
1.31783530997783 1.177335 0.8424 0.0855113665913989 0.2592 0.0439403134036251 0.0197650110395526 0.0292044489266955 0.0887448027461047 2.02095 69.1335 0 27.0945 102.78495 0 0 0.285039 0.00617397273725066 0.00112254049768194 0.0916037297224327
5.54122472387194 5.93406 2.8917 0.3483 2.1465 0.0764454502221383 0.0343863083925905 0.0081 1.85539435623691 2.13435 113.0679 4.77495 31.67505 202.27725 0 0 1.296891 0.0259602775226444 0.00472005045866262 0.385174724105218
33.586138248629 1.6767 24.4296 0.107481856846496 5.7834 0 0.0248432480008604 0.0367079667176741 0.11154606182597 0 15.93675 63.0018 8.40375 22.51395 0 0 4.431591 0.157348873813417 0.0286088861478939 2.33459788734862
18.9435236933197 0 20.27025 0 0 0.0281213715485138 0.0126494140812815 0.0186905621631148 0.0567958072601478 0 2.9322 29.50425 7.61805 4.95315 0 0 2.404971 0.0887491767328537 0.016136213951428 1.31677866821048
5.38905637653245 3.743415 7.63425 0.3726 0 0.0624223045559258 0.0280784874547663 0 0.126072271125765 2.36925 65.64645 7.2495 35.2593 129.7215 0 0 1.058508 0.0252473787098464 0.00459043249269934 0.374597387122018
0.987658707260077 0.20412 2.06955 0.1458 0.0624980069064958 0.0100454264628157 0.00451858326796062 0.00667658287698907 0 0.1377 10.26675 6.03855 3.5154 17.5365 0 0 0.1458 0.00462711682268895 0.000841293967761627 0.0686529041928472
8.94347928231145 6.37875 1.9197 0 0.891 0.0498440699870951 0.0224206091682061 0.0729 0.100668425334965 6.7554 58.72095 8.2215 22.6719 116.65215 0 0 1.7732925 0.0418996189031281 0.00761811252784148 0.621668013257904
0.413438528620497 0.827415 0 0.033042209896408 0.10563459648122 0.0169788545812173 0.00763734307386694 0.0274848100762532 0.0342916329891406 1.31625 26.27235 0 12.7818 69.17805 0 0 0.1352295 0.00193693262345119 0.000352169567900216 0.0287384250109593
17.3012539824105 9.837855 5.751 0.770766256610175 1.2636 0.0859760409174882 0.0386733108219247 0.0692930356636263 0.173642976144181 5.90085 97.5321 21.37995 32.60655 136.6389 0 0 3.1802625 0.0810552499230338 0.0147373181678243 1.20262325775028
1.32070641087103 2.460375 1.04085 0.0511362564311434 0.10125 0.0262765433817612 0.0118195827428702 0.0174644172906476 0.0530698686157181 0.6966 34.76925 1.58355 18.79605 61.5519 0 0 0.4137075 0.00618742365824685 0.00112498611968125 0.0918033021183422
14.8005251044352 1.9683 12.0447 0.105349812800297 0.12555 0.0541343680493104 0.0243504494900929 0.0359798159005528 0.323983398926662 0.39285 21.27465 60.59205 13.32855 48.40965 0 3.64905 2.0758275 0.0693394977353533 0.0126071814064279 1.02879570091316
46.9080463930672 0 39.06225 0 9.69975 0.0586820839952587 0.0263960802312929 0.0390024055861695 0.11851827093386 0 5.6133 70.5267 4.83165 8.12835 0 0 5.955201 0.219761147235733 0.0399565722246787 3.26061380436842
0.935978891182515 0 0 0.00856395874221493 0.0273786265764881 0.00440062001238663 0.00197946478730673 0.00292482398149979 0.00888778719834057 0 2.1465 1.6362 4.5441 9.1287 0 0 0.118827 0.00438500024475755 0.0007972727717741 0.0650606010664773
24.6771121770359 22.70835 4.62915 0.7533 4.9329 0.13035610987249 1.08135 0.0866397633099215 0.7614 10.9188 159.732 14.65695 67.6026 336.555 0 0 5.4037125 0.115610665962243 0.0210201210840441 1.71532474284163
2.68447933514003 0.317115 3.51945 0.0540793717788336 0.30375 0.0277888734486922 0.0124998514563352 0.0306195709361003 0.0561242718067913 0.85455 42.02685 3.0861 15.7545 49.167 0 0 0.372519 0.0125766111314365 0.0022866565693521 0.186600190175326
6.31355086414217 4.10427 2.5839 0.14175 0 0.058072248770701 0.0261217672141104 0.0081 0.117286606830469 8.13645 78.29865 3.36555 16.9371 140.4864 0 0 1.2119625 0.0295785752706192 0.00537792277647622 0.438859698604857
0.295723391999383 0.43011 0 0.0477756779135681 0.152736892412428 0.0245496984117195 0.0110428220133107 0.0163166886600242 0.0495822167450601 2.3652 30.34665 0 14.9607 120.69 0 0 0.0805545 0.00138544486260745 0.000251899065928627 0.0205559567786723
18.845906262951 0 4.8681 0.0488819553137637 0 0.0251181629049631 0.0112985258559607 0.0166945123707263 0.18843032574596 0 4.87215 29.13975 3.7989 6.09525 0 0 2.392578 0.0882918454189833 0.0160530628034515 1.30999320674956
13.7066356641268 6.73596 9.639 0.0680494785710609 1.2057514056762 0.0349674614563632 0.0157288878520637 0.0353907409755594 0.0706226294057557 4.131 21.69585 12.96 11.61945 63.9009 0 0 2.413719 0.0642146968358054 0.0116753994246919 0.952758618071664
0.364629813436133 1.454355 0 0.0374852107758997 0.119838688959969 0.0192619060500391 0.00866429381658527 0.0209022152755689 0.0389026367932936 2.3085 30.8043 0 12.64815 46.97595 0 0 0.191727 0.00170826696651598 0.000310593993911996 0.0253456942804988
32.4376978913498 6.725025 29.4273 0.167086651866738 4.11075 0 0.0386202402130729 0.0570646194217824 0 3.7017 49.7502 70.00425 16.10685 62.6049 0 0 4.7906235 0.151968505414941 0.0276306373481711 2.25476892898485
8.77982653139917 0 7.614 0.0364266434522624 0 0 0.00841961763291748 0.0124406858488863 0.0378040419272035 0 6.37065 14.2722 7.30215 11.17395 0 0 1.114641 0.0411329164063454 0.00747871207388098 0.610292386691066
0 0.885735 0 0.0376074678470803 0.120229539826834 0.0193247282716644 0.00869255219272718 0.0168939693783688 0.0390295167637435 0.9882 30.34665 0 14.6043 174.3768 0 0 0.0885735 0 0 0
30.7437483643631 2.41299 18.65025 0.151005374186806 0 0 0.0349032299073816 0 0.322765331306116 0 8.4726 76.8123 3.7908 21.8295 0 8.46045 4.144365 0.14403246202719 0.02618772036858 2.13702121539828
0 0 1.58355 0.0089158205568324 0 0.00458142543072285 0.00206079377230053 0.0151949943261436 0.00925295394256209 0 2.1222 0 0.6885 5.9859 0 0 0 0 0 0
37.9272427991442 0 22.5504 0.0963862821669065 0.5751 0.0495284266296606 0.0222786280588101 0.0329185272903897 0.10003093084929 0.4212 5.5971 58.60755 6.0021 6.0345 0 0 4.815045 0.177686666359654 0.0323066666108462 2.6363513499637
9.42582423236869 0 3.7665 0.337550767485213 0 0.0236119618352639 0.0106210140572412 0.02835 0.0476883010885892 0 19.3914 13.66065 5.6862 25.0128 0 0 1.1966535 0.0441593736304879 0.00802897702372506 0.65519617577069
25.432211711947 1.27575 22.30335 0 3.94875 0 0.0176477005149682 0.026075946394952 0.0792380888626429 0.1944 7.16445 39.7224 4.05 9.45675 0 0 3.356316 0.11914825818424 0.0216633196698619 1.76781228296581
12.1476278791203 0 8.7885 0.0311248611947213 2.187 0.0159936182762157 0.00719416902851937 0.0187299835372196 0.0323017836964759 0 0.9882 18.92565 0.2835 3.8718 0 0 1.5421995 0.0569108467348748 0.0103474266790682 0.844390807092838
15.4895893188027 3.69603 5.18805 0 0.9153 0.112762823318791 0.0507224067173621 0.11949657774043 0.227743357690626 19.59795 137.49345 11.53035 74.682 185.7978 0 0 2.3360805 0.0725677187744386 0.0131941306862616 1.07669307593143
5.83694811587132 2.657205 2.67705 0.223544729875193 1.1016 0.0461927198862882 0.494628177208543 0.0388014862709868 0.0932939138817456 1.52685 63.8361 6.0426 21.1734 70.54695 0 0 1.006749 0.0273457223852518 0.00497194952459124 0.40573068088389
0.203848163417051 0 1.08945 0.0942184555632887 0 0.0484144813827926 0.021777558803806 0.0321781557602538 0.0977811323488743 0.55485 47.54295 12.1824 26.45865 77.01885 0 0 0.0258795 0.000955015390729405 0.000173639161950801 0.0141696401095702
11.9179398076645 6.841665 3.0861 0.0891 1.88325 0.0643713256756179 0.028955186343852 0.0873336978714442 0.130008644843136 4.17555 82.46205 15.91245 28.24875 142.641 0 0 2.197206 0.0558347730551797 0.0101517769191236 0.828425015420083
2.95723391999383 0 0 0.00945554079789817 0.0302289780202102 0.00485876255545891 0.00218554416453678 0.00322932341411415 0.00981308259259678 0 0.85455 5.7267 0 0 0 0 0.375435 0.0138544486260745 0.00251899065928627 0.205559567786723
17.4850044395752 0 10.15335 0.0408994631296031 0.14175 0.0210163315076236 0.00945346066249968 0.0139682749757142 0.0424459920656126 0 2.72565 19.58175 1.0773 3.20355 0 0 2.219805 0.0819161088667898 0.01489383797578 1.21539589108849
2.29688071455832 9.29475 0.77355 0.292609425219705 0.810526154775381 0.0463030418364594 0.0208278016739631 0.0469748105490746 0.0935167274883892 5.87655 63.18405 0 24.2919 159.68745 0 0 1.221075 0.010760736796951 0.00195649759944565 0.159657916727552
1.97244631362695 0 0 0.0682790833144977 0.218285442670064 0.0350854446530742 0.0157819584609156 0.169119157217403 0.0708609161795273 3.20355 50.9328 0 20.70765 100.9503 0 0 0.2504115 0.00924078272438171 0.00168014231352395 0.137106235989785
13.3018104381859 0 8.60625 1.80772821165539 0.134042781438718 0 0.00969124455930359 0.0143196204748846 0.266263640597447 0 4.53195 19.33065 3.6369 4.64535 0 0 1.6887285 0.0623181169753427 0.0113305667227896 0.924618910248433
42.1994409282227 0 81.1053 0.173634859874365 0 0.0892228772010005 0.0401337864083812 10.0764 0.18020050437304 0 0.4617 125.83755 3.51135 1.9764 0 0 5.357421 0.197701636801983 0.0359457521458151 2.93331507507694
44.5738413668973 0.193185 50.50755 0.110019436543441 4.2039 0.0565338704655352 0.0254297816129767 0.0375746189489611 0.114179594871161 0 1.8549 75.39885 0 4.41855 0 0 5.678181 0.208825548465831 0.037968281539242 3.09836144649405
2.65002612442166 2.773845 0.83835 0.0741802234088025 0.80595 0.0381177660334757 0.0171459420312777 0.244034556472065 0.0769851957288017 0.3078 60.7419 2.2923 17.8443 65.20095 0 0 0.613818 0.0124152000794823 0.00225730910536041 0.184205321424413
12.9113407167109 6.819795 7.60995 0.134786930036769 1.78605 0.0692607332172355 0.0311545150821166 0.0500833891405827 0.139883620104245 4.5765 79.4205 18.8082 36.7983 126.39645 0 0 2.321136 0.0604887917198611 0.0109979621308838 0.897477064404749
7.83236323664386 10.03104 0 0.1215 4.2525 0.0424463703283894 0 0 0.393527535156139 5.85225 58.63185 3.1428 15.5196 108.4752 0 0 1.99746 0.0366941124776031 0.00667165681410965 0.544433496040951
3.78698207812803 1.592865 0 0.0346076967834772 0.77355 0.0177832854678827 0.00799918813422072 0.011819466270643 0.0359163155375838 0.4536 21.37185 4.2363 9.2745 27.64935 0 0 0.640062 0.017741764793973 0.00322577541708601 0.263235990204551
2.10164585382086 2.94516 0.57915 0.0745648859010538 0.5832 0.0383154261941992 0.0172348525318217 0.033565929136972 0.0773844034407049 1.3203 58.3686 0.74925 16.8318 83.23965 0 0 0.56133 0.00984607416921021 0.00179019530349277 0.14608699380571
12.2107920987707 0 14.0211 0.0664213722085089 0.24705 0.0341308533342312 0.0153525689892957 0.0162 0.0689329595553747 0 6.5691 43.2702 8.24985 21.8133 0 1.9116 1.5502185 0.057206766996791 0.0104012303630529 0.848781399802846
4.59663253000983 3.55023 0 0.0542165382489387 0.173328060032628 0.0278593569168571 0.733431555975909 0.0266164170026564 0.0562666249443692 1.51875 32.2218 5.31765 7.5735 36.27585 0 0 0.9385875 0.0215349245148983 0.0039154408208906 0.319515405851013
1.639398610016 1.3122 0 0.062234812990518 0.603962157130182 0.0319795753058918 0.0143848919136068 0.0334048751106832 0.0645880942258238 0 53.35065 0 20.05155 93.54285 0 0 0.3393495 0.00768047588882381 0.00139645016160433 0.11395583806429
28.4841919614163 0 25.1748 0.0722092008709877 4.4388 0.0371049492409313 0.0166903618695751 0.0246613988635094 0.0749396430344761 0.2025 3.33315 42.13215 0.87885 13.55535 0 0 3.6162045 0.133446587203189 0.0242630158551253 1.97995773981755
0 0.368145 0 0.026219668948571 0.083823211520564 0.0134730681646642 0.00606038783941089 0.3969 0.027211111711354 0.6237 20.3958 0 7.09155 44.49735 0 0 0.0368145 0 0 0
2.67012383067404 5.493015 1.2393 0.120757185648843 1.296 0.0620515002234057 0.0279116941126604 0.0412418512460992 0.125323369836768 7.9704 100.9989 1.7415 30.1806 277.87455 0 0 0.8882865 0.0125093565264556 0.00227442845935556 0.185602328195779
40.6404331432162 81.520425 3.9204 0.38475 9.5985 0.175477787492533 1.27773253685123 0.081 2.02905 31.6062 154.13085 25.43805 60.2964 336.8466 0 0 13.31154 0.190397786701053 0.0346177794001914 2.82494726409812
25.2283635485299 13.42818 2.57985 0.1944 4.3092 0 0.697623960668826 0.243605108082666 0.31185 12.96 105.4215 13.02885 40.69035 207.45315 0 0 4.5456795 0.118193242793511 0.0214896805079111 1.75364264285624
9.51482836005783 4.59999 3.2238 0.26528822812628 2.8269 0.0364261627975165 0.911435033561505 0.0242102508747195 0.0735687204269326 1.92375 37.4463 11.8017 8.7075 42.525 0 0 1.667952 0.0445763521813697 0.00810479130570358 0.661382920043882
4.07696326834101 0.24057 0 0.0314618136104143 0 0.0161667624480123 0.00727205187008123 0.0107450619181073 0.0326514772735694 2.106 18.50445 6.0021 3.38985 13.7862 0 0 0.541647 0.0191003078145881 0.00347278323901602 0.283392802191404
20.1321594631037 0 24.60375 0.087500280407923 0 0 0.0202247265733735 0.0379837168917583 0.463408923240984 0 3.34935 49.9284 6.885 7.4601 0 6.71895 2.555874 0.0943178580252759 0.0171487014591411 1.39940164011699
0.401954125047706 0.56133 0 0.0398200226474715 0.127302987222292 0.0204616572581515 0.00920395987802718 0.013599616799773 0.0413257347655432 2.6082 33.7122 0 10.4652 84.8556 0 0 0.107163 0.00188312893946643 0.000342387079902988 0.0279401354273215
57.9043628140152 1.24659 36.94815 0.578915265335717 9.3474 0 0.030837469886378 0.0891 0.401710088728466 0 4.9248 70.8021 2.25585 7.1766 0 0 7.475895 0.271278174651136 0.0493233044820247 4.02497608070158
0 0 0 0.000870708897188983 0.00278362080791592 0.000447416797916746 0.000201254776425336 0.000297370683355828 0.000903632960276966 0 0 0 0 1.69695 0 0 0 0 0 0
0 0 0 0 0 0 0 0 0 0 0 0 0 0 0 0 0 0 0 0
0 0 0 0 0 0 0 0 0 0 0 0 0 0 0 0 0 0 0 0
0 0 0 0 0 0 0 0 0 0 0 0 0 0 0 0 0 0 0 0
31.1658001956632 0 31.61025 0 0.411985412519529 0.0662192183409864 0.0297863961396361 0.0561618795294138 0.133740772754417 0 7.7436 107.4708 1.6119 7.2738 0 0 3.9566475 0.14600974741363 0.0265472268024781 2.16635835759697
0 0 0 0 0 0 0 0 0 0 0 0 0 0 0 0 0 0 0 0
0 0 0 0 0 0 0 0 0 0 0 0 0 0 0 0 0 0 0 0
0 0 0 0 0 0 0 0 0 0 0 0 0 0 0 0 0 0 0 0
0 0 0 0 0 0 0 0 0 0 0 0 0 0 0 0 0 0 0 0
0 0 0 0 0 0 0 0 0 0 0 0 0 0 0 0 0 0 0 0
0 0 0 0 0 0 0 0 0 0 0 0 0 0 0 0 0 0 0 0
0 0 0 0 0 0 0 0 0 0 0 0 0 0 0 0 0 0 0 0
0 0 0 0 0 0 0 0 0 0 0 0 0 0 0 0 0 0 0 0
0 0 0 0 0 0 0 0 0 0 0 0 0 0 0 0 0 0 0 0
0 0 0 0 0 0 0 0 0 0 0 0 0 0 0 0 0 0 0 0
0 0 0 0 0 0 0 0 0 0 0 0 0 0 0 0 0 0 0 0
0 0 0 0 0 0 0 0 0 0 0 0 0 0 0 0 0 0 0 0
0 0 0 0 0 0 0 0 0 0 0 0 0 0 0 0 0 0 0 0
0 0 0 0 0 0 0 0 0 0 0 0 0 0 0 0 0 0 0 0
0 0 0 0 0 0 0 0 0 0 0 0 0 0 0 0 0 0 0 0
0 0 0 0 0 0 0 0 0 0 0 0 0 0 0 0 0 0 0 0
0 0 0 0 0 0 0 0 0 0 0 0 0 0 0 0 0 0 0 0
0 0 0 0 0 0 0 0 0 0 0 0 0 0 0 0 0 0 0 0
0 0 0 0 0 0 0 0 0 0 0 0 0 0 0 0 0 0 0 0
41.217524422749 0 28.72665 0 0.512491282991644 0.0823737227945352 0.0370529341802262 0.0668987943055114 0 0 4.1229 73.7181 6.84045 10.81755 0 15.9975 5.232762 0.193101421821287 0.0351093494220521 2.86506131567591
17.8783452619433 0 15.82335 0.0642356543261818 0.205358765219605 0.0330077145915156 0.0148473643621732 0.0300382166467509 0.0666645932544055 0 0.8343 47.6442 1.12185 6.4314 0 0 2.2697415 0.0837588850432677 0.015228888189685 1.24273730932808
0 0 0 0 0 0 0 0 0 0 0 0 0 0 0 0 0 0 0 0
0 0 0 0 0 0 0 0 0 0 0 0 0 0 0 0 0 0 0 0
0 0 0 0 0 0 0 0 0 0 0 0 0 0 0 0 0 0 0 0
5.20243481847459 7.63263 3.3291 0.5832 1.2069 0 0.75530474138152 0.0324 0.111128957181476 9.81315 68.97555 2.32065 23.63985 90.31095 0 0 1.423737 0.0243730688450941 0.00443146706274439 0.361625181387904
0.200977062523853 1.622025 0.0477054198856909 0 0.0242058438245474 0 0 0.0171998461276961 0.0162281230747823 1.4175 54.67905 0 16.4511 216.63855 0 0 0.1877175 0.000941564469733217 0.000171193539951494 0.0139700677136608
0.829748158134192 4.312035 0.190230777846867 0 0.0451490588932861 0 0.0467709925288565 0.16605 0.93341890901807 7.5897 89.34705 0 31.84515 370.6074 0 0 0.536544 0.00388731616789856 0.000706784757799739 0.057676422417828
1.16853806353154 3.19302 0.25515 0.16605 0.2187 0 0 0.02835 0.0263589063024262 2.3814 88.90965 0 23.5791 169.5249 0 0 0.4676535 0.00547452484544885 0.000995368153717972 0.0812259651351419
10.3244788119396 7.490475 0 0 1.1583 0 0 0 0.978073570667903 2.1951 61.7706 2.77425 18.71505 219.53025 0 0 2.0597895 0.048369511902295 0.00879445670950817 0.717662335690344
20.6661842292385 15.25797 16.13925 0.2025 1.58355 0 0.0521967095176318 0.0682030130344155 0.0337802848733017 9.69975 52.5852 32.1165 11.20635 77.26185 0 0 4.149468 0.096819729330567 0.0176035871510122 1.43652210575615
1.21160457692951 0.834705 0 0.14985 0.12555 0 0 0.0366165202494163 0 4.0176 46.251 0 16.03395 105.9318 0 0 0.2372895 0.00567628866039168 0.00103205248370758 0.0842195510737835
1.88918438772422 5.14674 0.1701 0.1701 0.0367766984735456 0 0.0380978636477846 0.03645 0.1215 6.4395 74.1231 0 27.46305 258.83145 0 0 0.754515 0.00885070601549223 0.00160921927554404 0.131318636508411
0.90152568046414 0.703485 1.08945 0.20655 0.0729 0 0.0095016866478307 0.0162 0.00614923210115662 0.87075 19.8774 0 3.8961 19.2456 0 0 0.1848015 0.00422358919280329 0.000767925307782416 0.062665732315564
5.63884215424067 4.122495 0 0.0376959296593902 0.0347114615077012 0 0 0.0162 0.0232713171883434 4.3983 59.5755 0.6885 33.4449 364.64985 0 0 1.1281275 0.0264176088365148 0.00480320160663906 0.391960185566139
0.539766967921205 2.241675 0.0547849596681459 0.1296 0.0277980191944402 0 0.0287966345241697 0 0.0186363954089906 3.32505 54.17685 0 20.2986 235.8801 0 0 0.2926935 0.0025287731472835 0.000459776935869727 0.0375196104309746
5.31153665241611 3.845475 0.107066771577755 2.5029 0.162 0 0.0562775387530318 0.2106 0.0364212861043189 8.6022 117.9522 0 26.811 217.67535 0 0 1.0588725 0.0248842038429493 0.00452440069871805 0.369208932432463
2.49211557529577 1.94643 0.0592434749278115 0.397144843199861 0.0300602804704844 0 0.0311401652163658 0 0.0201530644696134 2.16675 63.53235 0 24.66045 202.1922 0 0 0.511029 0.0116753994246919 0.00212279989539852 0.173228839649393
0.496700454523236 0 0.019990512431751 0.1377 0.0101432336840363 0 0.0105076189511684 0.0324 0.00680024401520312 0 23.1822 0 7.56135 57.76515 0 0 0.0630585 0.00232700933234066 0.000423092605880121 0.034526024492333
