33225771.6481858 29406212.988711 10350246.6055764 29670.0951968971 6136810.66893861 97459.8658809185 44976.0422200576 228714.940247402 42928.2666124771 4128425.88815029 3217875.6087346 21155551.6453359 257073.562172335 118980.898911144 0 0 0 0 288402.338920805 52436.7888946918 0
5299449.10665445 1262631.35300227 5340241.91230733 0 610951.403517265 0 7012.62720102841 53514.8036469816 1223.79134885649 315518.252170301 1041955.10874935 3608272.04779588 30771.8175687941 37881.972385826 0 0 0 0 45999.6394826954 8363.57081503553 0
107200774.454695 17546931.8265409 8144269.40914849 0 7759005.99491168 81759.9811336459 90463.2248327052 7884131.84506576 225810.107389055 0 6046889.42544987 30022954.7343323 379402.874386921 448329.101566758 0 0 0 0 930511.2433271 169183.862423109 0
0 0 0 0 0 0 0 0 0 0 0 0 0 0 0 0 0 0 0 0 0
801588.205821494 2363216.925 0 53576.3856759508 0 8575.44290848982 506854.364503701 0 64175.3931777371 2800480.095 10836324.825 0 1420675.2 867056.4 0 0 0 0 6957.84934231536 1265.06351678461 0
12533900.2356704 345637.485 3045991.55773643 8241.79285440037 840373.092733226 10941.7938067797 65644.1752037813 0 141526.623446008 2177244 0 4735179.09192596 693100.8 472651.2 0 0 0 0 108795.250326857 19780.9546048832 0
28257267.2068815 22601607.09 2769427.13989065 76802.0727306375 1037696.82296384 22249.0171167443 0 0 166503.28578034 8203673.955 11979377.925 6844846.87170862 1522054.8 1071856.8 0 0 0 0 245275.325439124 44595.5137162043 0
5615247.32328152 0 2871784.82297646 5948.91392545451 528961.715320839 7897.77063031263 47381.8688352805 407491.35181582 88142.6539321276 625050.465 2406761.805 1750912.40130961 322509.6 247665.6 0 0 0 0 48740.7931048488 8861.96238269979 0
52789013.8131258 15333240.87 32314709.7325528 32392.1385185663 11784100.0139344 384982.72708799 257996.682724516 3713565.14954958 51539.3212761634 4260140.76 2307878.64 25880436.6462822 266716.8 311850 0 0 0 0 458212.835934524 83311.424715368 0
58003491.4706713 114021361.095 12628641.1003791 362342.308997255 6488147.07726608 52524.1866215073 0 0 356787.238366186 19547115.195 38389347.645 15622623.7423014 2402038.8 1677072.6 0 0 0 0 503474.916484834 91540.8939063335 0
31889476.9636335 38801001.4917518 11790607.2290297 24803.8822573846 2963603.55786906 107320.518512381 296170.030957742 1234866.18850979 234604.113412978 9218644.0575 7967169.3927788 9423744.59396103 900989.056041729 940294.676466784 0 0 0 0 276803.19484093 50327.8536074418 0
5357190.75802711 1831606.515 4440815.7044609 59082.0764319423 410955.026823661 13948.21946849 246974.219119772 0 0 1110394.44 5917567.755 5156666.31286452 857984.4 403250.4 0 0 0 0 46500.8416063167 8454.69847387577 0
48232653.7085032 0 25636449.2416387 31260.7224361402 4743172.15913049 2030557.81345255 248985.187670561 15788934.1473814 49431.0099573257 156943.005 0 23895688.2404331 160801.2 563711.4 0 0 0 0 418663.268055328 76120.5941918778 0
43450836.2297294 184153111.89 19731137.5827693 501896.918663829 7844374.86936529 67818.1220145237 112490.94 0 234327.372485267 24045845.61 59138482.965 16832327.7187654 4402641.6 2393760.6 0 0 0 0 377156.712247585 68573.9476813791 0
1282135.59110594 5597670.22783037 0 129835.439448445 95351.5320391974 4190.47282189186 40622.213708025 0 2161.60432878699 2040363.16819672 4252897.82519568 0 665099.993237483 652786.898815114 0 0 0 0 11129.0388438203 2023.46160796732 0
35081470.4389003 46787159.19 3780430.38670575 111548.07069492 1137871.87347593 25210.967669535 151250.62745474 49713.7828741461 32259.7033123349 12823967.16 12316850.745 8766291.90854487 1511848.8 1143752.4 0 0 0 0 304509.951928005 55365.4458050917 0
15343417.7783536 11399686.71 3508492.61233899 8852.39835920174 1217254.23256462 11752.4329054382 70507.5217408365 0 87950.7928103383 2862168.675 7176740.535 3455313.42788015 782233.2 537856.2 0 0 0 0 133182.085917268 24214.9247122306 0
56361117.8307453 64563449.265 27419367.1296032 65429.6242033947 5533185.57096077 43581.4801847226 261462.642360653 2073658.04081134 91267.0188985978 4993146.24 4137670.785 21811630.2930843 366735.6 210810.6 0 0 0 0 489218.98274304 88948.90595328 0
25509111.4099705 18873983.925 8521379.17520555 75691.6813176645 514352.400195081 24396.6605206563 146365.274824757 0 0 4539553.74 16770221.91 10969009.6533555 1180947.6 831108.6 0 0 0 0 221421.114679472 40258.3844871767 0
6552364.10021106 2448492.315 2122023.63942662 14959.4398692206 0 10914.7419364059 65481.8802684384 0 121520.016256858 858197.01 4250161.725 2832975.44885246 611679.6 541031.4 0 0 0 0 56875.0412171319 10340.9165849331 0
84416949.406245 20100498.045 53406461.5158517 45571.9616374745 5258025.32571588 145803.698435277 362971.2475136 2878721.94357953 74273.5216419427 2116462.605 4491472.935 36718593.9358312 296654.4 315025.2 0 0 0 0 732745.83089027 133226.514707322 0
11283352.2555257 7221192.6 9093422.81806133 279032.108818359 1942472.82798021 89920.7478154847 114731.51624097 0 61852.2657996342 1865172.36 6589791.84 6466659.5906237 705121.2 485578.8 0 0 0 0 97940.3944569822 17807.344446724 0
21516028.183105 927143.07 8552459.3331646 37431.0174616502 671157.597714764 97007.722007722 106509.489770802 0 159276.894589395 908999.37 1978570.485 13516439.552903 230428.8 212398.2 0 0 0 0 186760.834872356 33956.5154313374 0
48495890.9548025 7276530.885 30120918.6881016 0 2684652.16331081 0 237096.395966289 1880409.54342039 0 359245.26 513466.71 20714326.5376105 305046 279077.4 0 0 0 0 420948.188277126 76536.0342322048 0
24860866.4756426 179992761.48 7769005.29886756 424986.891212486 5455675.64272278 0 2871240.525 0 27916.0739687055 21210892.485 22929100.875 8226607.55449233 2632694.4 2240103.6 0 0 0 0 215794.297122506 39235.3267495465 0
33632419.2883425 0 8749690.42312016 21830.1828919625 966500.905733993 166556.594188173 173872.890984571 1378984.45152227 144305.019305019 1077735.78 3446395.815 15276360.3012217 234511.2 422301.6 0 0 0 0 291932.072760537 53078.558683734 0
43807563.6515093 0 5006951.60463635 23622.19607807 315104.806334676 0 108326.430335467 1914499.72531954 240710.18354234 422273.103231225 957806.675850622 19047603.3265668 112782.000935308 130413.111208106 0 0 0 0 380253.134623802 69136.933567964 0
0 0 0 0 0 0 0 0 0 0 0 0 0 0 0 0 0 0 0 0 0
674867.098230014 7893225.83042025 50246.3879333328 89142.4310783402 293117.796203976 374.870003596797 208897.735135135 1303110.9100789 13128.244418627 1289103.62984914 3300008.0041866 10185.7935770077 276258.225118808 137864.109183542 0 0 0 0 5857.90005574963 1065.07273740902 0
5488536.81548407 50478125.6608385 0 246493.01378736 23515.2228402453 41505.2601159773 494828.181818182 773413.953562777 0 8587173.1689178 25683754.7387394 0 1752691.63774668 1519987.89545391 0 0 0 0 47640.9358253379 8661.98833187961 0
3664190.36406821 21757687.04174 161119.340750135 634372.222268956 27208.0217995895 1694.81057918556 141196.309951028 19655.6927422111 62228.8572699841 5527692.41238617 15277107.5895685 0 1360427.79225445 630888.922765809 0 0 0 0 31805.4636153513 5782.81156642751 0
8359486.90493705 145779516.09126 0 874239.50272489 227957.569846025 4573.12016405993 1185690.795 1500362.6146277 174710.424710425 31301202.4665482 54327843.8863497 393363.334085145 3446144.61810876 2886887.94253951 0 0 0 0 72561.0108047956 13192.9110554174 0
6891828.80321276 83271262.8814247 142719.511787823 337971.451198992 200374.138817729 3192.33344242376 918222.404309361 972237.297518432 97434.9706386207 17410260.7889651 29089547.3861703 352215.415612147 2224880.72331194 1911365.4737862 0 0 0 0 59821.6218221935 10876.6585131261 0
1387165.9042933 29590889.8755901 0 23012.1213979194 0 1362.18805704148 279183.600764479 0 3561.84866547947 8749296.48876908 14856095.1586342 0 1548144.13022973 1394516.95582529 0 0 0 0 12040.7103108236 2189.22005651338 0
3035693.43123061 33841521.5260409 0 506563.105479414 37771.4611414914 1849.53347774921 195933.990533213 0 2294.89099476511 14651685.418234 5105508.83764239 92846.5575374011 447399.030828663 398089.212326106 0 0 0 0 26350.0602810299 4790.92005109634 0
463296.08478825 1656544.38883012 19928.8105939889 434392.025230352 1806.66915968645 0 0 2344601.07065152 361.10472876162 311802.842050264 1286420.75644675 3031.5411235484 44107.0474270253 32137.221817814 0 0 0 0 4021.44684194501 731.17215308091 0
7767308.43498024 64968588.3279846 522444.780090508 844686.36401352 230156.621760328 24149.0795045692 229631.203125 0 30414.930908352 27488074.1138542 10210738.0181494 125301.952781445 1334527.28061916 1105440.20080008 0 0 0 0 67420.8546151225 12258.3372027495 0
3213215.58487119 15365913.2993449 45728.0227295692 204789.216967122 106919.745540591 245.890735097112 26432.4968330942 0 9404.48629126231 4589498.93655166 2060697.17547818 151794.007928931 259246.104642131 131696.455189965 0 0 0 0 27890.9666853209 5071.08485187653 0
5493239.25106061 18641261.0861678 87105.6384094339 90839.5687283902 38182.8171590291 115.399676429484 9614.05875175497 0 10133.7176495776 4316311.33742914 1887554.58933485 59580.5992355965 88864.6531701266 71942.702731294 0 0 0 0 47681.7533399243 8669.40969816806 0
44234.0746593635 124339.082924412 880.76829407568 4011.74003121815 0 0 0 130112.278540837 2085.09269224968 99308.4091419538 49639.4208667574 748.68885917586 1120.45627530364 853.082489878542 0 0 0 0 383.955284074027 69.8100516498231 0
11380530.4434389 150396924.766763 103080.010548926 721628.028236902 340623.567924652 5097.88730528027 0 99142.4502052184 121168.240877758 45222743.8362456 40591237.8037021 363019.391289164 3465695.95475903 3495963.07694951 0 0 0 0 98783.9088524651 17960.7107004482 0
133292.125495556 645532.494760054 2187.57397986037 12800.8692626528 1572.19661631688 0 0 0 253.002566398426 302348.04782528 1272442.78332788 1178.48699738697 123881.578097459 110610.756328175 0 0 0 0 1156.98624428314 210.361135324207 0
1712334.41376065 8043565.27609159 104885.187132296 245195.671689159 80393.9021919403 269.410842465819 22444.8780790898 7091.08561623804 46565.4013917827 2323276.47509978 4230139.98237058 0 234323.012226885 224851.429416872 0 0 0 0 14863.1988196464 2702.39978539026 0
30646516.6588615 188008099.754197 2662800.59329439 9815977.13173115 738645.613081449 9348.9585506867 1093426.95227586 37761707.8042015 326335.518607572 50277060.213902 95453555.513439 917201.519422273 4720921.44951324 3961094.23831207 0 0 0 0 266014.200596412 48366.2182902567 0
4720793.18231323 62903846.8549429 0 732868.200066219 52123.2494948791 6489.58485962999 1369283.56719999 0 0 14671903.005 35484597.9979458 0 2113779.43420029 1658916.93938229 0 0 0 0 40976.8600638312 7450.33819342387 0
792477.567619034 3537706.50216978 34247.4272302908 150784.452857806 2927.66163491935 52.4804761633364 22296.9235813081 0 7954.63053080782 1220120.86806261 2468292.21893566 15841.1249508662 112386.683551478 61903.2335015517 0 0 0 0 6878.76827854136 1250.68514155297 0
145138.396805149 648171.525438375 14312.2373009411 24406.9623685603 0 190.957091445821 0 978.630709111893 1958.49845515806 173672.958736733 1071164.40485133 524.91862472976 40604.9633808472 33151.7762698253 0 0 0 0 1259.81282087413 229.056876522569 0
26553043.0776886 69891346.77 20865073.4683769 668363.097992042 2074348.56824357 20321.0729526519 359245.26 817147.626348305 432483.235114814 12409383.615 60884814.09 11449962.8507744 2525644.8 1575806.4 0 0 0 0 230482.524534187 41905.9135516703 0
17055781.7789615 165285693.501866 838048.42734945 2935705.25276827 1220824.91465199 17597.7327521347 2030280.03 22588.9268898949 288076.610445031 46273692.48 33590631.4804282 1893579.59812615 3288088.53481548 2851679.81859117 0 0 0 0 148045.541553101 26917.3711914729 0
6148482.12163345 30737914.6682508 963127.30562592 221011.140122545 873215.82330917 786.30722675044 42095.1202392344 0 18424.2106361594 7825243.54933714 1808806.78379602 1751302.27175527 276175.271970115 184414.57331211 0 0 0 0 53369.3135397402 9703.51155268003 0
4958986.99563881 174760118.4 468923.92437343 726658.647173129 803642.966627186 9373.56850489545 0 54113.6340956718 96271.0831131884 25043749.11 13333805.13 1727806.3994644 1184349.6 703420.2 0 0 0 0 43044.401296792 7826.25478123492 0
19970938.935819 156195484.56 72638.3026205853 1763949.29212547 54627.0814463875 28734.4861476873 4508709.45 0 118268.644584434 51765790.47 89601755.265 596238.26669606 6379430.4 3639232.8 0 0 0 0 173349.337391514 31518.0613439116 0
6204068.79271136 16320436.1368461 1877087.8775451 3327758.84372357 297037.054610715 2783.40105301653 13956.6923076923 2788868.68289124 0 9519943.34437464 6646892.5700015 205689.947209525 565755.401040234 324686.10618417 0 0 0 0 53851.8102631102 9791.2382296564 0
0 0 0 34977.3295086518 0 0 0 0 0 356523.705 0 0 0 0 0 0 0 0 0 0 0
887.570065233523 2376.07136951212 273.221839024097 0 0 0 0 0 0 4957.62165433013 1368.67698535322 114.47495828067 22.1720229555237 19.7609397417504 0 0 0 0 7.70417871644573 1.4007597666265 0
28939308.7538749 100354619.07 5319769.10327485 2200178.89639431 659269.839058037 16193.5428502086 231332.175 0 686395.041658199 46108584.81 17481454.95 6733290.33276453 3226683.6 1224379.8 0 0 0 0 251195.500280414 45671.9091418935 0
18310466.3530517 69099980.9832003 1908965.50095666 51932.3716716115 1615021.9721048 821.216665953392 20171.5252941176 2956563.94299244 33726.4259165787 14835788.573823 5106648.61340677 4291043.77734005 1019011.61075216 564289.725778242 0 0 0 0 158936.303387227 28897.5097067686 0
4561099.52252598 17687262.8438375 144804.984977495 918299.072681384 109319.480248032 5266.43463342757 95666.7818181818 415651.498624381 44122.1296484454 11997954.9936306 9341992.14405504 60690.8920499056 798809.158807672 414689.94352615 0 0 0 0 39590.7064033194 7198.31025514898 0
9012894.35043222 58623201.885 1702985.81797696 311017.550353166 32658.6776283704 5299.94459173166 177808.26 0 43537.8988010567 13600517.52 4972280.985 1735889.41777774 807861.6 323983.8 0 0 0 0 78232.6393690449 14224.1162489173 0
23086458.7805964 27861465.72 6387625.63378212 2200055.51957065 447423.883508674 173954.603908147 1040496.42848982 3618038.48282244 398267.628530786 13930732.86 11910431.865 5998443.27054706 975013.2 510186.6 0 0 0 0 200392.297287286 36434.963143143 0
29836837.3077257 186032799.21 11255262.8069574 1617871.13290768 5299088.16972062 96931.5179841496 3425530.56 269162.032459109 298160.942897785 30733613.43 24952123.425 7511736.70588428 2189980.8 1011187.8 0 0 0 0 258986.119469627 47088.385358114 0
16537100.4528784 68516054.31 7811951.4365728 1440362.72786157 2205266.32062983 931390.977443609 256733.355 684217.887712914 382112.375533428 13417266.15 26950651.98 5106181.46784347 1426345.2 392477.4 0 0 0 0 143543.346414314 26098.7902571479 0
409213.739245174 2195697.13957722 0 69044.3490979693 0 0 0 0 1587.58382442593 1580737.30076795 1462880.24340743 0 87377.7550933846 85809.4364122213 0 0 0 0 3552.00778379154 645.819597053008 0
31186649.0916643 444063428.76 10721348.1494787 1144659.32574566 9722183.51564133 60861.6134931924 6232360.95 0 462863.239179029 43039577.955 47546473.035 9493436.97014727 4215304.8 1687732.2 0 0 0 0 270702.593046608 49218.6532812015 0
5711871.91220348 51467326.605 1660965.00896752 1291539.43431726 1248541.2457326 62517.3123953931 254011.8 0 144914.651493599 11636461.995 28128178.11 107610.284211987 1686031.2 887241.6 0 0 0 0 49579.5022170833 9014.4549485606 0
10502291.2764858 117613813.695 1698576.89889695 1209262.51503655 567346.54776005 12117.9029824644 2339630.115 0 131832.960780329 27235508.07 18599106.87 2124092.02121724 2039839.2 1575919.8 0 0 0 0 91160.7230747774 16574.6769226868 0
873100.982305899 1894042.06638931 18844.2129363736 775005.866024429 0 0 0 24545.0463118361 0 1890992.02514816 935891.863774601 39452.5262131832 191689.640113144 154403.250602988 0 0 0 0 7578.58592653099 1377.92471391472 0
12768.9104629614 36296.3693947189 0 3814.30756592503 0 0 0 0 0 94106.5785758452 30258.8605162961 0 10407.9366773931 1897.02596673516 0 0 0 0 110.835157779984 20.1518468690881 0
8815515.29005724 58595986.335 2548300.79714346 1351701.05795626 782610.778234515 42534.4254581365 937122.105 15013.9253023197 110749.847591953 23821770.915 9451960.515 2650359.10918062 1133773.2 723492 0 0 0 0 76519.3734359347 13912.6133519881 0
1419700.70089151 5923115.73258468 0 37608.6593512719 0 3394.70606699405 472883.409926498 0 0 2573114.67961644 13510244.6976934 0 691489.28789556 215100.675433161 0 0 0 0 12323.1149313871 2240.5663511613 0
114518643.758476 1086502050.80764 17323613.3243368 536463.459430055 14402246.0846057 157087.270738715 2864585.80550336 6781440.79251753 2366109.53058321 167931164.256602 32064108.7607669 22308427.2228712 5771113.55375953 3904200.96948438 0 0 0 0 994030.930558875 180732.89646525 0
30559788.7067157 188957184.299666 9068580.72069518 447403.48604462 3630639.70562045 111994.513310303 829167.09 0 735565.11056511 14418805.8026325 9763655.01067416 7331376.2299726 980721.679321726 987490.463918271 0 0 0 0 265261.395078048 48229.344559645 0
7534327.74182613 12214973.0225356 1442937.05521634 1573199.53449086 30699.1569706682 5986.5734427023 97667.1510638298 2498162.94871679 228190.780180511 8804199.82787122 9980823.23587019 1252532.65898286 768940.278475828 477052.316445205 0 0 0 0 65398.563679625 11890.64794175 0
26910363.4467369 46939566.27 1783788.78556052 2429644.36630579 247814.045844074 11151.1887827677 822816.795 143108.562926944 257061.572851046 36193052.76 21889466.865 5284089.51738665 2594818.8 1368284.4 0 0 0 0 233584.093739825 42469.8352254227 0
844.922215461508 18745.2649592221 0 2041.21846793882 0 0 0 0 0 1994.99012506253 35073.8973435943 0 8463.05245964643 5441.52573020753 0 0 0 0 7.33399199047803 1.33345308917782 0
25537311.9096205 117394274.925 1982924.96400744 1846056.56827365 378905.977844353 23697.7216399058 566083.44 0 129140.418614103 30740870.91 8323422.375 3154391.09289484 1922130 947683.8 0 0 0 0 221665.897258004 40302.8904105463 0
5767661.9821349 12626200.83 1731698.22309675 835230.251997162 271894.377482059 4289.02090640238 0 246413.947477327 92918.1060760008 6097190.385 4419805.32 3919665.13987432 361065.6 371158.2 0 0 0 0 50063.7644586694 9102.50262884897 0
49369519.9517575 35626062.135 6177929.82198309 1780312.14336387 3213091.33978959 14571.7849270342 261269.28 0 191043.487096119 12571769.73 9314068.395 12480261.922452 1124474.4 674616.6 0 0 0 0 428531.357412782 77914.7922568694 0
6705976.1806267 78484203.09 4872971.42095107 1622544.03010394 2277158.95631575 13883.2589011312 1009696.905 56336.2393519065 173846.779109937 13868137.095 30231032.94 2907954.28876243 1601208 734718.6 0 0 0 0 58208.4062852922 10583.3465973259 0
1251311.52895774 19231632.384651 621128.002449578 443404.491572641 29286.1692855223 0 0 5447151.89012165 5886.69916723059 3688312.97582533 7061975.63375175 0 585757.601175855 549479.825578867 0 0 0 0 10861.4835342639 1974.81518804798 0
12748566.7875612 23124648.6565331 2787104.47865953 897702.82913616 997801.853271093 17470.4779967938 136990.722836153 10289064.725942 150981.338481338 4653794.7106383 8690750.3970537 3169920.26950275 471611.941744186 358897.92477239 0 0 0 0 110658.573060454 20119.7405564463 0
16743276.8961597 68594072.22 3220361.58579566 1944387.8967336 913942.207204069 0 1904181.315 236185.827943138 537517.780938833 21952969.815 14265484.125 4128381.19187779 1095217.2 619390.8 0 0 0 0 145332.974330328 26424.1771509688 0
580103.693395031 3314532.93478222 2134.21481578396 176731.542276606 38718.1184314188 21725.8044852962 153446.775168539 0 0 2249962.98947176 4391563.91243013 8631.52648735876 238098.649662926 174788.722604156 0 0 0 0 5035.34616932995 915.517485332718 0
1343824.67612736 13515242.13 0 155331.420992567 0 2637.79903166912 229094.327989181 151547.517773857 0 5024897.715 8102976.42 0 644565.6 371498.4 0 0 0 0 11664.5050052821 2120.81909186948 0
3078570.83657051 40769801.085 25854.7723827486 148437.740970359 0 16255.1070016238 213188.475 0 41607.3968705548 14202888.36 57437511.09 0 5600145.6 2899751.4 0 0 0 0 26722.2395675735 4858.5890122861 0
8746284.77401882 59812521.42 148841.842275002 1002560.06909102 267714.066745628 17673.0984387538 1451496 0 123729.932940459 36001636.725 70955474.775 194727.259366912 3580038 3452236.2 0 0 0 0 75918.4470538001 13803.3540097818 0
16785724.2686831 66759744.15 2893502.83177796 887218.161068443 688009.475371003 8868.49434580395 81646.65 509515.049616056 320971.347287137 19171540.605 6697746.855 6864687.00756864 760914 308334.6 0 0 0 0 145701.420897842 26491.1674359714 0
29892.1359624415 1287146.58788595 0 355.817146677101 0 375.396478450956 23100.709646387 0 0 78578.2301470588 2677880.68693059 0 132611.56110112 109498.550919906 0 0 0 0 259.466116188081 47.1756574887419 0
4945473.23800759 30936822.87 0 335877.980321397 0 5490.99505657683 460849.98 315470.079768048 0 8552940.18 15532821.57 0 1318161.6 665544.6 0 0 0 0 42927.1008063859 7804.9274193429 0
122051249.304359 114201890.91 35938541.8452687 1805881.99006817 7570760.4681948 193812.233285917 0 3069690.01460569 344975.614712457 28178980.47 42587799.825 29672896.3060334 2946358.8 2209032 0 0 0 0 1059414.54544083 192620.826443787 0
22814558.3991417 0 9573883.36103038 14046.1475985193 142010.33486262 29905.7510761594 52427.5173555453 0 22506.8739398922 66611.1402422407 16482341.6905573 11502626.7937668 101956.547368421 303945.93366435 0 0 0 0 198032.180363733 36005.8509752242 0
1534850.07106995 5962019.82 0 24265.4446994504 178483.756177569 17669.0344534676 116241.165271878 0 22355.8322027834 4730969.775 33838000.5 915476.666748313 6708970.8 4848530.4 0 0 0 0 13322.6206174057 2422.29465771014 0
0 2431255.8 0 0 29938.960621402 0 0 0 0 0 0 0 1141257.6 891210.6 0 0 0 0 0 0 0
1924060.95315393 39522421.71 1436926.60238354 13795.4490135947 1805219.29213405 0 66085.7070064474 0 12709.7915216432 2982824.28 14700932.925 3148566.96522125 1808730 1517292 0 0 0 0 16701.0020110725 3036.545820195 0
326602.840400106 2902992 0 11337.1080802413 83389.7610126371 0 0 0 10444.9141174171 1438795.41 19182426.825 0 3564842.4 3913660.8 0 0 0 0 2834.9386153297 515.4433846054 0
478254.67580665 2207547.96829112 310939.909454176 35948.9219950032 246269.411350318 9912.72103045693 65213.877228545 0 12124.0481094989 1290198.507 17879188.0833487 75355.1402462644 2276491.48144286 1617474.55998483 0 0 0 0 4151.28860099718 754.779745635851 0
0 0 0 0 0 0 0 0 0 0 0 0 0 0 0 0 0 0 0 0 0
11818868.502778 143970259.5 2184020.66204547 100367.046050399 1970298.02131958 35788.5889919645 2846324.64517481 0 195564.925828084 32929001.13 73864817.07 2221632.5519749 11035407.6 13865418 0 0 0 0 102588.718049675 18652.49419085 0
0 0 0 6070.48944497364 44651.3044123077 4420.26463892004 29080.0673795339 0 5592.76143921945 0 0 0 2193382.8 1394706.6 0 0 0 0 0 0 0
65347.4781358425 1366772.5800429 47162.9527517536 2686.48067555322 10572.4639686801 245.938940000752 1617.98478839954 0 1190.23427294104 75159.789516129 4904130.71895573 0 772858.098536956 559363.958293749 0 0 0 0 567.221304489467 103.131146270812 0
1753850.66621808 9293067.22755863 0 13517.5139603322 110851.688350202 11107.5406330647 73074.3646401564 0 10980.610168604 5569108.76442388 20926431.3804979 80700.3652586131 3600369.53063584 2416224.86531792 0 0 0 0 15223.5631909763 2767.92058017751 0
468851.634561648 5113801.845 297765.331199634 13277.5707034957 36926.0781718108 9668.14567481348 63604.8631982849 0 12232.6685698311 614164.245 27679121.535 0 3057717.6 1942088.4 0 0 0 0 4069.66945557169 739.939901013035 0
171542.821059515 2861218.88142985 65288.14980285 3685.53989355322 531027.528374145 0 0 0 1507.83471835514 250366.260277778 3176193.54137213 29696.4349638814 607380.762546638 379237.415719207 0 0 0 0 1489.00532220862 270.728240401568 0
18123977.2689698 4168515.075 11242716.4384643 13734.3154817377 4843042.39531805 0 65792.8529883875 0 0 960708.915 0 9336648.1873083 597391.2 657606.6 0 0 0 0 157317.563313952 28603.1933298094 0
8727565.89816797 0 9930083.25236707 0 974317.215913049 0 0 226302.700836047 5938.46517906703 0 1878780.135 4522135.76749211 148780.8 278850.6 0 0 0 0 75755.9657235088 13773.8119497289 0
763221.841479693 480808.05 939235.841790566 64772.8324234293 24987.4674361965 2473.63924028926 16273.594831156 0 0 62595.765 3783868.635 799157.406575821 406198.8 388735.2 0 0 0 0 6624.82625020406 1204.51386367346 0
7518952.10987703 18275241.825 1061651.38513541 45340.9826964005 463753.222322859 12261.0026093808 80662.7682157392 0 15513.2934793397 5135574.285 19647812.73 1451840.7237159 4619008.8 2241804.6 0 0 0 0 65265.1019721451 11866.3821767537 0
479178.201998633 1202640.73566556 0 0 0 4785.5926806134 31483.4900105082 0 0 708841.370454545 0 0 1064970.69693712 831825.231055154 0 0 0 0 4159.30488175185 756.237251227609 0
14217963.6957028 49806270.87 2207344.38828969 37044.0796165014 1125026.1269421 18102.413797045 3602682.68427529 0 22904.167535463 6201516.66 37382372.295 5036428.0135098 4312828.8 3217384.8 0 0 0 0 123413.055020971 22438.7372765402 0
56694.245396801 7252944.075 296867.218053707 8153.24563375728 54431.1293806173 5936.83650947902 39057.3008224021 0 7511.61141095767 1080457.335 0 113788.21403397 1875182.4 1410469.2 0 0 0 0 492.110556495691 89.4746466355801 0
271514.883289987 438351.51316108 760552.328125566 908.885989416509 15997.7276259587 1072.93599105167 7058.63867040607 0 1260.57054206823 50781.7421590909 1187954.03812251 769019.0164905 206453.352560759 138421.599009075 0 0 0 0 2356.77076884134 428.50377615297 0
22852521.7068104 0 12617700.4493287 0 6890697.93771337 0 0 0 0 158757.375 1116744.735 10746386.4553651 213418.8 524021.4 0 0 0 0 198361.704891884 36065.7645257971 0
258398.685700765 0 0 1442.96215710769 10613.6651939662 1050.70186781136 6912.36466765515 0 1329.40567373969 256733.355 1556729.46 40442.3071165942 341787.6 196182 0 0 0 0 2242.92113120062 407.803842036476 0
22414974.0930907 59327177.445 2021543.8292823 70633.2315474538 2417177.59353445 30298.6909200474 2018486.625 0 68202.6010973379 8814209.46 65603083.275 4797938.14994135 9136864.8 7369979.4 0 0 0 0 194563.756825481 35375.2285137238 0
1371072.12596246 811023.39 486967.833941601 58618.3596836923 75463.3177732878 6299.09456762873 41440.5266245447 0 7969.96018963198 306628.53 0 0 2196104.4 1511395.2 0 0 0 0 11901.0150356669 2163.8209155758 0
4353946.98625114 13989699.885 713237.915615466 52759.0142191789 275312.652407162 15173.9053283728 99826.1926389 0 19198.857881872 6314914.785 33188456.04 453900.940841559 4593607.2 2917441.8 0 0 0 0 37792.6059225348 6871.38289500633 0
0 0 0 0 0 0 0 0 0 0 21091.4003227819 0 4447.08306714516 4671.43817768402 0 0 0 0 0 0 0
10684494.8513472 0 634911.563070676 18976.2738784354 687051.487493904 4721.63469012086 31062.7227431808 227659.579561217 5974.07136950077 880876.635 0 6274000.71304741 134265.6 91627.2 0 0 0 0 92742.2645873773 16862.2299249777 0
1835769.44081831 9751331.565 2798901.58040698 9282.1079202893 68274.2685072784 6758.82460328907 44465.0017420943 0 8551.63586426315 470829.015 9329490.54 0 1880852.4 1199885.4 0 0 0 0 15934.6246659781 2897.2044847233 0
522955.539436009 3606967.56 0 5241.32200139581 38552.3879628896 0 0 0 27182.0270560127 667688.16 10834510.455 0 1464220.8 1024682.4 0 0 0 0 4539.29565043439 825.326481897161 0
13799403.7667561 17522278.275 13436507.4829154 20857.7773116278 4180876.82017697 155913.432229222 99917.0783686427 0 85043.6903068482 3245000.745 17365335.27 8863778.00820277 1922130 1150443 0 0 0 0 119779.92156767 21778.1675577582 0
2993871.58892167 0 3329985.82069851 63731.5886285904 0 0 0 0 5036.65748317251 748427.625 2524695.855 2666443.49915768 584010 414817.2 0 0 0 0 25987.0433654985 4724.91697554519 0
0 5055742.005 0 10074.0330973336 74099.2505737989 0 0 0 9281.23907551449 1601181.525 14279091.9 0 4245922.8 4458774.6 0 0 0 0 0 0 0
5611775.66190134 2517871.98597382 6372249.32778223 29280.6054303718 88729.9309071615 299838.152021803 92896.6272440897 0 1683.90796808287 247791.102857143 1263600.17857237 4536940.48928384 259214.559458374 389477.950806128 0 4257528.20064606 0 0 48710.6588081172 8856.48341965767 0
1799724.60807681 0 0 2228.21183354687 0 1622.48630281461 10674.0240375624 78230.2261366079 0 0 0 0 156945.6 47968.2 0 0 0 0 15621.7526526888 2840.31866412525 0
13191284.6733512 0 6347373.83551466 11463.2399074635 1404061.8685989 0 0 402462.5651465 58595.0559671182 1175711.76 2443049.205 8808339.93310418 180986.4 132111 0 0 0 0 114501.399499396 20818.4362726175 0
5371901.9372206 0 1965098.77883828 80151.6535156478 509235.874033303 3898.8791004249 25649.9726162806 0 0 387367.995 0 2469157.97810237 375354 651369.6 0 0 0 0 46628.5358110626 8477.91560201138 0
18009366.9194392 8835981.9 10118278.7797636 50615.3419080226 3018031.94454121 0 62886.1927056896 460894.697156767 0 561547.515 2433070.17 8156908.53125842 257418 405405 0 0 0 0 156322.736370001 28422.3157036366 0
7000493.01059318 0 3370319.2656156 3409.77544064528 1415100.50163729 2482.84919092019 16334.1853176511 119713.70934339 0 0 9025384.50416498 3666506.0949224 42411.6 39236.4 0 0 0 0 60764.8357796397 11048.1519599345 0
12026877.7341649 8904020.775 3805659.20144134 194781.160359027 411738.835086741 26728.5558907541 175842.007154275 0 33818.4359813249 6760342.62 63812300.085 4068969.64649722 7920990 3822600.6 0 0 0 0 104394.254712128 18980.7735840232 0
1819029.97612141 8845053.75 853969.524027248 36103.7429556581 586332.125688009 10006.099696576 65828.197438843 0 12660.2665476763 2915692.59 26536975.62 703467.533209775 2641766.4 1771421.4 0 0 0 0 15789.3247818404 2870.78632397098 0
7775249.19855016 21087515.325 905270.835544597 0 319989.723402773 12244.1176998908 80551.6856571647 0 15491.9297650795 2858539.935 33719159.265 2182877.60895065 3723375.6 3244374 0 0 0 0 67489.7810740963 12270.8692861993 0
2106533.33693752 0 501174.350977174 1637.60570106622 12045.3599876008 1192.43277474281 7844.78493205275 0 1508.73139646961 0 0 1103127.88314732 59194.8 30618 0 0 0 0 18284.8768064834 3324.52305572426 0
9843000.73917529 0 4188881.35925342 5337.94108910085 281953.250191598 3886.8549982123 25570.8683700231 187409.622468225 4917.86228417995 0 2637186.795 4012198.00945468 146739.6 163182.6 0 0 0 0 85438.0288059424 15534.1870556259 0
1321.17980888276 15067.6005292579 0 0 0 0 0 0 0 88300.4532811781 79628.0317201852 0 10655.561851822 9980.79740278219 0 0 0 0 11.467945757628 2.08508104684145 0
144594.762936583 0 202265.966682724 13719.5591119791 100913.80865819 9989.98228297191 65722.1640874765 0 51884.946051146 908999.37 18596385.315 0 4433486.4 1893553.2 0 0 0 0 1255.09403568319 228.198915578762 0
4740274.2817158 0 4779730.94707392 399663.492111432 35730.3469617181 0 0 170547.320492706 0 0 1897831.02 3215707.72676677 258778.8 132111 0 0 0 0 41145.9575551384 7481.08319184335 0
6667885.0414728 0 8074697.58010382 13547.4680934903 610951.356681622 0 0 11920592.1642637 43789.7386389295 87089.76 27473520.4153734 8285226.12436168 35755.3302736099 111998.313945278 0 0 0 0 57877.7721696888 10523.2313035798 0
22024834.5983666 161478.93 17021366.9282081 11354.6751870968 2971003.44875636 8267.97734695091 54393.4261819526 400238.544637912 0 422748.21 1105858.515 10841341.5088845 115214.4 31525.2 0 0 0 0 191177.315000285 34759.5118182337 0
950634.877898262 4720867.18232311 0 11885.5726752765 235427.233237071 8871.80921632402 58365.9194333001 0 5270.15758324831 1599039.34865546 16705301.9430187 273052.619902752 1622691.15923425 778188.109353565 0 0 0 0 8251.58630320395 1500.28841876435 0
9264475.06438053 25143539.46 1315273.09443524 250096.892657602 720907.649968648 14248.0494580029 93735.165677068 0 18027.414216602 1905995.685 28084633.23 1940495.92174985 4041122.4 3002265 0 0 0 0 80416.3799634945 14621.1599933626 0
4777883.09364066 18492059.04 45939.8481916628 0 775991.952901832 8487.99283424523 0 0 31060.5473727482 5250786.78 23840821.8 292022.850175676 2742919.2 2038138.2 0 0 0 0 41472.4050320552 7540.43727855548 0
808528.363447654 14416076.835 1117279.96908314 7487.80362607236 536124.851947328 5452.29077350758 35869.5680051294 0 6898.53755021675 1594831.23 11327111.91 856037.905817868 1338346.8 900055.8 0 0 0 0 7018.09046216225 1276.01644766586 0
716981.468016091 6651940.46657655 230610.360061123 30205.9017103749 281596.973708379 8743.5689642534 57522.2515817994 0 10850.0963799211 1644726.405 19426302.9446924 0 2839416.00270068 1695810.3256166 0 0 0 0 6223.4561330347 1131.53747873358 0
4556132.71131383 0 8215669.08863209 5254.85791952023 31559.1333548628 0 0 0 0 9331.04571428571 0 2595652.75251924 175448.260465116 272476.465116279 0 180037.319356624 0 0 39547.5940872014 7190.47165221843 0
1591202.19602039 12792215.685 918116.575086341 55094.891670254 466277.44900114 5698.65695288482 37490.3635188747 0 7210.25356283212 1026026.235 0 648165.53586057 897220.8 561897 0 0 0 0 13811.7615412329 2511.22937113326 0
510272.645745949 3218692.38 64038.1888595868 12584.021324842 92561.3942664442 0 0 0 11593.6992978657 4488751.38 26231254.275 157197.016087112 3424680 1969304.4 0 0 0 0 4429.2071250804 805.310386378254 0
19245130.4088662 2641722.72 9971831.90587774 10648.1261493701 4006849.61332126 0 0 373844.759306556 0 430912.875 0 8408734.01426639 256284 106936.2 0 0 0 0 167049.261685273 30372.593033686 0
0 136171.153861004 0 0 0 0 0 0 0 298662.31171875 1456688.85206897 0 194274.158095877 198873.187663426 0 0 0 0 0 0 0
2267183.32367828 19096244.25 262249.038610701 0 402463.770640284 98580.9798540958 107107.149432734 0 59844.2243836478 5729780.46 38088162.225 105895.704569763 6364008 6730516.8 0 0 0 0 19679.3314609673 3578.06026563042 0
22910169.002022 322684797.315 1057106.38830602 31152.6479750779 3054130.66954644 37907.3893010012 1367944.49820683 0 512116.439748019 30035988.165 74853648.72 5565824.88970898 10055631.6 6957430.2 0 0 0 0 198862.087996528 36156.743272096 0
9337982.08599844 43142997.045 778364.726470116 318990.777582431 2333680.24106459 0 118360.149230139 0 282462.914041861 8884062.705 40410555.825 1991062.41342053 4774140 3859115.4 0 0 0 0 81054.4267539855 14737.1685007246 0
3144820.01729066 9938211.675 742249.691783898 59609.1445103404 1285249.59938689 7020.54070038452 46186.7813999982 0 8882.77343529692 902649.075 13992421.44 942991.587673533 1494612 1117216.8 0 0 0 0 27297.2877221683 4963.14322221242 0
1981146.19334658 1676477.88 263065.505106998 5067.75898566384 516988.179824378 3690.12021945727 24276.5882557239 0 0 672224.085 6944501.175 584100.131451106 915364.8 397353.6 0 0 0 0 17196.5064334751 3126.6375333591 0
3181890.90700249 0 4687206.99088325 6389.37635216742 0 275248.93314367 45707.4433290588 239279.395553125 69710.9973526729 288484.83 0 3357791.03397086 43478.7702328015 19551.5556238556 0 1795379.57484646 0 0 27619.0659915182 5021.64836209422 0
755010.950767053 597834.915 98084.8417551852 8269.18853900333 60823.7701497901 6021.26105692916 39612.7136152743 0 7618.42998225889 1791690.375 12061931.76 0 2749723.2 1096237.8 0 0 0 0 6553.55506615985 1191.55546657452 0
19369320.1308949 0 15680429.5702393 16267.1409481583 7530851.56413293 302072.74944117 77926.0979090415 92442.2349429834 14986.969246201 527981.67 0 11990490.8868731 372405.6 865695.6 0 0 0 0 168127.238343942 30568.5887898076 0
0 0 0 117.699615931599 865.736021421638 0 0 4132.31248119893 0 0 376718.876233412 0 12020.4 13041 0 0 0 0 0 0 0
0 0 0 0 0 0 0 0 0 0 0 0 0 0 0 0 0 0 0 0 0
0 0 0 0 0 0 0 0 0 0 0 0 0 0 0 0 0 0 0 0 0
0 0 0 0 0 0 0 0 0 0 0 0 0 0 0 0 0 0 0 0 0
3552448.25888416 578391.106159881 5209449.82008084 529.39873426595 0 0 0 201318.71780661 1710.63853434474 141464.662699115 0 3002280.05395881 60755.3528294721 17967.4181541967 0 0 0 0 30835.533260317 5606.46059278491 0
0 0 0 0 0 0 0 0 0 0 0 0 0 0 0 0 0 0 0 0 0
0 0 0 0 0 0 0 0 0 0 0 0 0 0 0 0 0 0 0 0 0
0 0 0 0 0 0 0 0 0 0 0 0 0 0 0 0 0 0 0 0 0
0 0 0 0 0 0 0 0 0 0 0 0 0 0 0 0 0 0 0 0 0
0 0 0 0 0 0 0 0 0 0 0 0 0 0 0 0 0 0 0 0 0
0 0 0 0 0 0 0 0 0 0 0 0 0 0 0 0 0 0 0 0 0
0 0 0 0 0 0 0 0 0 0 0 0 0 0 0 0 0 0 0 0 0
0 0 0 0 0 0 0 0 0 0 0 0 0 0 0 0 0 0 0 0 0
0 0 0 0 0 0 0 0 0 0 0 0 0 0 0 0 0 0 0 0 0
0 0 0 0 0 0 0 0 0 0 0 0 0 0 0 0 0 0 0 0 0
0 0 0 0 0 0 0 0 0 0 0 0 0 0 0 0 0 0 0 0 0
0 0 0 0 0 0 0 0 0 0 0 0 0 0 0 0 0 0 0 0 0
0 0 0 0 0 0 0 0 0 0 0 0 0 0 0 0 0 0 0 0 0
0 0 0 0 0 0 0 0 0 0 0 0 0 0 0 0 0 0 0 0 0
0 0 0 0 0 0 0 0 0 0 0 0 0 0 0 0 0 0 0 0 0
0 0 0 0 0 0 0 0 0 0 0 0 0 0 0 0 0 0 0 0 0
0 0 0 0 0 0 0 0 0 0 0 0 0 0 0 0 0 0 0 0 0
0 0 0 0 0 0 0 0 0 0 0 0 0 0 0 0 0 0 0 0 0
0 0 0 0 0 0 0 0 0 0 0 0 0 0 0 0 0 0 0 0 0
5056899.24693931 0 5569696.80943172 0 109613.809601819 7716.43774787156 50764.95367773 582580.703824091 0 0 18135242.9005345 3855289.51713006 68129.0120202752 96973.9566256336 0 1818351.50704235 0 0 43894.2874208245 7980.77953105901 0
882816.855294461 0 1592135.77786245 0 41129.7831629826 0 0 198386.31689786 351.250654638284 0 262679.030270737 297130.701607042 9363.2 5579.35 0 0 0 0 7662.92047635661 1393.25826842847 0
0 0 0 0 0 0 0 0 0 0 0 0 0 0 0 0 0 0 0 0 0
0 0 0 0 0 0 0 0 0 0 0 0 0 0 0 0 0 0 0 0 0
0 0 0 0 0 0 0 0 0 0 0 0 0 0 0 0 0 0 0 0 0
6488143.20499434 18895756.365 1487193.72300558 48934.332685605 706712.011426183 0 93477.6842624356 0 7561.37139027963 10369124.55 20955973.5 1144549.95005947 2308370.4 1871100 0 0 0 0 56317.598741929 10239.5634076235 0
1006322.85579322 6775764.765 9371.98713399592 0 3303.52632562029 0 1764474.825 0 4608.24553097829 0 20694704.22 21251.7371372302 2724094.8 5621011.2 0 0 0 0 8734.96237779851 1588.17497778155 0
817521.243751974 8355173.85 109134.355005076 46574.7509330372 83475.5800181147 0 0 0 7875.56994920997 2688896.34 38956338.27 36319.5800313507 3791869.2 4344807.6 0 0 0 0 7096.14937802019 1290.20897782185 0
8783184.90787622 35204221.11 0 0 361204.974569776 0 2438513.28 0 62662.6573024896 3275845.035 23347313.16 523926.550673993 3868300.8 4967146.8 0 0 0 0 76238.7431487606 13861.589663411 0
27013708.2587124 43819757.055 5110944.18907187 120292.403072083 492579.948442834 0 98269.3603368777 0 7948.96809495467 8929421.955 14774414.91 8861464.68646326 1316120.4 1675258.2 0 0 0 0 234481.134922334 42632.9336222425 0
1559653.80343105 3851907.51 8768.31479199463 33728.1391690571 67494.6004319654 0 394625.475 0 71370.9580426344 2207181.105 14540361.18 19882.8613859297 2138724 2324813.4 0 0 0 0 13537.9189858726 2461.4398156132 0
46956.7763581151 559510.59722499 42979.9937685 0 0 0 448449.468925785 0 0 26934.9049883991 1330220.30158018 0 272833.908866483 585243.07643713 0 0 0 0 407.588551238387 74.1070093160704 0
217857.412807104 1614789.3 141493.643808326 22362.0492890411 68844.4924406047 0 19947.7727615724 0 1613.56712513005 781993.47 5482118.955 7441.24942258893 642751.2 418672.8 0 0 0 0 1891.01965998236 343.82175636043 0
2700894.30096381 14514960 0 6930.7212426408 4947.84251482131 0 301185.42 0 6901.98015983071 6829288.68 20620315.05 412315.580630149 4427589.6 8423238.6 0 0 0 0 23443.9772181594 4262.54131239261 0
34118.3822549514 123030.42397967 0 5120.83378844655 0 0 0 0 0 66149.9575600506 1343.27635414725 963.987263431907 5033.74074187987 7118.94656133904 0 0 0 0 296.150269938406 53.8455036251647 0
2370.5738204603 0 0 3233.32365463424 0 0 0 0 0 0 0 0 419.78125 713.34375 0 0 0 0 20.5767691912283 3.74123076204151 0
