12725023.9412379 44639460.7463009 39053.4505417047 0 0 0 0 0 0 7314791.56001837 47514620.8667649 1706328.02504898 0 0 5507061.41695626 0 0 0 4831873.96604592 391328.688908153 35709217.4474588
1174439820.55179 3440087650.15229 0 0 0 0 0 0 0 1838031934.15928 1558703190.09311 373391367.681088 0 0 117618744.790902 0 0 0 33378659.6263348 2703304.59794137 590889032.698451
60414734.2816912 0 375232.964111641 505559.808632569 0 0 0 0 0 0 0 18100883.2824643 0 0 603157.931618154 0 0 0 2364292.22247786 191481.686426341 8667215.34383792
864150363.406193 0 5367195.70406725 7231343.4387776 0 0 0 0 0 0 0 258908444.313972 0 0 8627351.45649911 0 0 0 33817975.1602722 2738884.32810834 123972692.723852
330153322.074843 0 0 0 0 0 0 0 0 0 0 180714536.985106 0 0 0 0 0 0 0 0 142955464.377898
17483880.9942762 0 0 0 0 0 0 0 0 0 0 11221427.1172686 0 0 0 0 0 0 0 0 1405012.97616983
106629211.989996 0 0 0 0 0 0 0 0 0 0 73238011.9231417 0 0 0 0 0 0 0 0 16007048.0315975
1886448119.57348 0 0 0 0 0 0 0 0 0 0 1295702249.83631 0 0 0 0 0 0 0 0 283191304.667641
441821638.965422 0 0 0 0 0 0 0 0 0 0 283568008.848021 0 0 0 0 0 0 0 0 35504996.6367459
116951449.590295 410266390.642336 358927.234514182 0 0 0 0 0 0 67227808.7919878 436691028.068972 15682291.5954853 0 0 50613564.1606634 0 0 0 44408141.5623417 3596571.4206449 328191503.882476
37590386.1672535 131867301.429074 115365.935168811 0 0 0 0 0 0 21608276.7894037 140360674.779098 5040582.21703893 0 0 16268147.4130123 0 0 0 14273608.3746413 1156005.41125202 105486895.724443
314151652.22602 920191226.647876 0 0 0 0 0 0 0 491656327.430238 416938504.577999 99878693.6812434 0 0 31461912.6175848 0 0 0 8928478.82642154 723108.660871588 158057281.996142
6580329.92994614 23083837.0884011 20195.2146144451 0 0 0 0 0 0 3782605.20813007 24570632.1059543 882371.72875947 0 0 2847796.69063032 0 0 0 2498645.5839553 202362.832161273 18465853.8506144
96628486.0397183 283037458.081053 0 0 0 0 0 0 0 151226346.367428 128244229.128073 30721235.7142076 0 0 9677227.42379176 0 0 0 2746270.42551437 222417.722928157 48616124.5965748
120911385.707949 424157870.430361 371080.388019687 0 0 0 0 0 0 69504119.4241235 451477237.050249 16213288.6298452 0 0 52327322.1471193 0 0 0 45911786.0601793 3718350.09990218 339303956.052021
0 0 0 0 0 0 0 0 0 0 0 0 0 0 0 0 0 0 0 0 0
9433137.43760638 136136620.582631 718414.934065885 86901.8202609635 473495.759197147 63227.517514044 3192477.5256658 0 21238.4761026141 17206440.2798237 52183901.9494801 3239284.01919724 730599.379953746 4485826.74949722 0 0 0 0 0 0 0
23043562.4560687 551107821.179769 1754966.41621289 212286.477958674 1156670.21411614 154454.152546171 12923777.0542949 0 51882.0120855249 69655055.1371872 211250700.810374 7913024.07105156 2957610.01498645 18159509.1425441 0 0 0 0 0 0 0
565496.709967962 8161103.50928683 43067.4613078886 5209.58098753958 28385.0729177664 3790.35642914435 191382.299828843 0 1273.20188433606 1031489.83388177 3128314.94939076 194188.250475936 43797.8931613352 268915.86019027 0 0 0 0 0 0 0
