0 52133506.1544279 0 0 0 0 1222558.97068599 0 0 6589204.70028501 19983820.3842735 0 308407.837882085 1893601.56453137 0 0 0 0 4196180.21868939 762941.857943526 54760200.4726161
2754303507.46569 752943020.596001 209764013.913858 25373741.2322342 138252096.81857 18461278.0646043 17656921.8559429 0 6201246.36257815 95165202.8862551 288618188.053804 945811655.429079 4454208.93700425 27348517.0473704 0 0 0 0 3229787.19862759 587234.036114108 42148760.3637712
181344378.176786 0 13810941.5189601 1670616.65982194 9102570.01860668 1215497.48671484 0 0 408292.391341262 0 0 62272594.8905904 0 0 0 0 0 0 267029.650280234 48550.8455054971 3484740.03007557
1135656647.00183 0 86490067.6549803 10462121.4806517 57004216.2341128 7611969.08379498 0 0 2556902.90930856 0 0 389977825.751006 0 0 0 0 0 0 1462305.22772509 265873.677768199 19083100.1646995
651459947.218372 0 49614304.6916328 6001508.57706077 32699992.3763401 4366542.46743379 0 0 1466745.99117454 0 0 223707521.503791 0 0 0 0 0 0 305176.74317741 55486.680577711 3982560.03437208
23512092.0894042 0 1790648.99667639 216602.759604347 1180188.03052769 157594.567471058 0 0 52936.8949902615 0 0 8073914.39665345 0 0 0 0 0 0 0 0 0
150718627.306884 0 11478525.9321581 1388480.04143206 7565312.31881783 1010222.17801555 0 0 339339.269193169 0 0 51755891.8291791 0 0 0 0 0 0 63578.4881619605 11559.7251203565 829700.00716085
8318255566.51818 0 633507045.125775 76631084.2927513 417534331.574824 55754795.5806927 0 0 18728347.0884913 0 0 2856440129.53744 0 0 0 0 0 0 864667.439002663 157212.261636848 11283920.0973876
2691123079.49272 0 204952278.338428 24791697.9585054 135080759.084191 18037798.4277785 0 0 6058997.18847969 0 0 924115867.361477 0 0 0 0 0 0 190735.464485882 34679.1753610694 2489100.02148255
239786202.885749 988891881.739878 18261791.5063248 2209006.03241119 12036053.8507323 1607215.67377395 23190050.5114398 0 539872.717153777 124987009.619737 379062127.25494 82341174.4151253 5850019.10754163 35918689.3908143 0 0 0 0 928245.927164623 168771.986757204 12113620.1045484
136971886.377029 191465804.301281 10431592.8153595 1261839.58725 6875295.49502819 918081.857930909 4489976.86698383 0 308388.821300443 24199549.7849073 73392689.7522178 47035341.6935899 1132660.33859296 6954451.62474209 0 0 0 0 0 0 0
92349935.2904854 81599405.5347811 7033245.63132176 850764.396342961 4635499.37774165 618994.17766584 1913550.27884918 0 207923.599832828 10313428.4676262 31278691.6506297 31712425.641948 482720.194550119 2963866.68350652 0 0 0 0 0 0 0
5449226.52200887 65973712.557556 415005.690144216 50200.4457063281 273523.593411201 36524.5463280068 1547119.31090498 0 12268.7990110301 8338481.88901406 25289049.5783758 1871232.39817951 390282.786403421 2396307.75929158 0 0 0 0 139872.673956313 25431.3952647842 1825340.01575387
14257928.1417634 43743786.8503523 1085864.44050371 131349.714436436 715675.834759773 95566.656084476 1025815.5065815 0 32101.3732827017 5528819.89307995 16767872.4073527 4896088.82325327 258776.50897543 1588868.83558125 0 0 0 0 139872.673956313 25431.3952647842 1825340.01575387
120468201.18975 1111224715.63101 9174694.5687172 1109801.064195 6046894.02213666 807462.559619303 26058821.7588604 0 271231.18146179 140448775.833713 425954760.417538 41368073.0845384 6573707.33772887 40362082.1862965 0 0 0 0 915530.229532231 166460.041733133 11947680.1031162
0 0 0 0 0 0 0 0 0 0 0 0 0 0 0 0 0 0 0 0 0
16171015.815497 64967082.5268512 1231562.59915752 148973.840265822 811703.154034692 108389.514353738 1523513.29118794 0 36408.6429593648 8211252.93744267 24903188.0622247 5553031.89970453 384327.833164764 2359744.78201166 0 0 0 0 0 0 0
79719551.8370842 595939136.732707 6071332.7835636 734408.271993623 4001518.04949581 534336.470058893 13975095.6982884 0 179486.603243284 75321328.843896 228435444.820239 27375226.1102388 3525416.075501 21645796.8190325 0 0 0 0 0 0 0
973920.718987505 3912728.08381251 74172.4790659202 8972.14567578233 48885.8911772449 6527.90121254697 91755.593889089 0 2192.75845951265 494533.519468742 1499827.28972413 334438.657535539 23146.6497759549 142118.736444583 0 0 0 0 0 0 0
