16116085.275893 56535324.3639775 49460.7115990036 0 0 0 0 0 0 9264092.94795956 60176679.0598286 2161043.31805763 0 0 6974625.10287532 0 0 0 6119508.55564269 495612.939548913 45225281.7893455
1422401687.765 4166400350.20029 0 0 0 0 0 0 0 2226099353.55034 1887795363.81137 452226246.328166 0 0 142451829.523948 0 0 0 40425963.8995597 3274058.79413054 715644635.58228
79561829.3832077 0 494154.636688572 665785.651723397 0 0 0 0 0 0 0 23837552.2879892 0 0 794315.310943526 0 0 0 3113601.61810452 252167.512554604 11414094.866307
638813983.67018 0 3967642.45441977 5345693.88040789 0 0 0 0 0 0 0 191395319.289259 0 0 6377677.98965602 0 0 0 24999579.1781413 2024691.16781277 91645497.1945864
353476259.948146 0 0 0 0 0 0 0 0 0 0 193480708.448772 0 0 0 0 0 0 0 0 153054231.197451
25067349.6737923 0 0 0 0 0 0 0 0 0 0 16088615.4212349 0 0 0 0 0 0 0 0 2014424.11907259
85841313.6695056 0 0 0 0 0 0 0 0 0 0 58959895.1046851 0 0 0 0 0 0 0 0 12886393.938015
1839676000.09463 0 0 0 0 0 0 0 0 0 0 1263576934.64235 0 0 0 0 0 0 0 0 276169930.795838
621485922.702084 0 0 0 0 0 0 0 0 0 0 398879344.253887 0 0 0 0 0 0 0 0 49942903.763139
130248910.275661 456913962.940113 399737.509261348 0 0 0 0 0 0 74871657.1368047 486343099.91367 17465378.9935291 0 0 56368361.4028558 0 0 0 49457377.9643194 4005504.07804826 365507104.804367
41860805.2036617 146847957.169 128471.969342174 0 0 0 0 0 0 24063063.9292558 156306211.887252 5613212.62733717 0 0 18116274.3806501 0 0 0 15895147.6865839 1287332.27478666 117470631.288875
380536860.058796 1114642172.2153 0 0 0 0 0 0 0 595551077.776079 505044198.384708 120984639.77802 0 0 38110311.8640492 0 0 0 10815207.4758577 875912.946309832 191457283.048018
7471698.20588211 26210762.3773347 22930.8485149754 0 0 0 0 0 0 4294995.06073811 27898957.9212407 1001897.37184609 0 0 3233557.83837935 0 0 0 2837110.89345438 229774.802493677 20967229.3873639
116979796.025376 342649103.497836 0 0 0 0 0 0 0 183076728.993282 155254256.582962 37191557.4256056 0 0 11715386.8028215 0 0 0 3324673.36883602 269262.004683276 58855360.0696379
104611046.633998 366976182.631333 321054.196416654 0 0 0 0 0 0 60134110.9090768 390612563.264564 14027538.2919187 0 0 45272956.763448 0 0 0 39722313.6966812 3217070.86081991 293561617.558441
0 0 0 0 0 0 0 0 0 0 0 0 0 0 0 0 0 0 0 0 0
11355646.6857322 130260399.144454 1224307.24249748 289576.744339616 873624.931112651 137861.587459451 1008739.8162524 0 23344.8388421828 25930175.0134818 51842496.4425571 3421134.68401254 5698545.82771579 3063845.64316246 0 0 0 0 0 0 0
22678280.2582933 431100772.891666 2445055.18144567 578311.63175138 1744710.06158531 275322.383989532 3338455.2580002 0 46621.8096159069 85816706.8652357 171574326.747113 6832323.45216288 18859511.6153646 10139890.8145779 0 0 0 0 0 0 0
464330.188287122 5326322.43103289 50061.6854471536 11840.7368548835 35722.3538194033 5637.13354546663 41247.1752402879 0 954.565927869415 1060279.82197226 2119829.6143444 139889.533017882 233012.432525805 125280.053504991 0 0 0 0 0 0 0
