11366679.7586597 39874381.1599543 34884.6546637641 0 0 0 0 0 0 6533967.52320668 42442629.7145424 1524184.49768915 0 0 0 0 0 0 4316091.21207721 349555.954294137 31897404.7539688
1049911290.88715 3075327319.74242 0 0 0 0 0 0 0 1643141220.95953 1393430339.96556 333799830.342929 0 0 0 0 0 0 29839444.3062248 2416667.05302301 528235722.457036
36776461.919178 0 1927548.30035812 176770.572839746 855920.858181472 232559.91195169 0 0 91075.8947728021 0 0 11681124.0900759 0 0 0 0 0 0 293346.374066408 53335.7043757106 3497505.28959867
897173385.12389 0 5572300.07919002 7507685.17459034 0 0 0 0 0 0 0 268802485.376194 0 0 458422.298760305 0 0 0 35110310.1235583 2843549.25736078 128710239.680477
712879966.84312 0 37363859.8369694 3426544.95643919 16591286.9579919 4507973.13470511 0 0 1765427.59846034 0 0 226428506.69877 0 0 0 0 0 0 335252.998933038 60955.0907150978 3997148.90239847
31003820.9191868 0 1624989.44158144 149023.666174031 721570.690143436 196055.995788222 0 0 76780.1083692114 0 0 9847588.93390596 0 0 0 0 0 0 0 0 0
116526697.176394 0 6107461.82115944 560099.855615887 2711996.35428391 736869.101082065 0 0 288575.155314904 0 0 37011793.3724978 0 0 0 0 0 0 69844.3747777162 12698.977232312 832739.354666349
1934189267.43701 0 0 0 0 0 0 0 0 0 0 1328493139.79226 0 0 0 0 0 0 0 0 290358147.905747
718227225.962652 0 37644123.3449186 3452247.21294662 16715736.9560522 4541787.10280118 0 0 1778669.938356 0 0 228126929.930844 0 0 0 0 0 0 209533.124333149 38096.9316969361 2498218.06399905
229710883.560939 2215800689.43781 12039734.1145738 1104133.52333429 5346200.43176513 1452601.47571235 26124723.9571324 0 568872.674738014 275068689.869741 809728330.466905 72961921.720834 14732639.2919346 65429868.8398486 0 0 0 0 1019727.87175466 185405.067591756 12157994.5781287
47636138.6407447 171552729.980936 2496731.69415759 228968.940348414 1108664.68763206 301232.245569362 2022640.27455534 0 117969.584996012 21296493.3643946 62691155.5252502 15130429.0189053 1140637.10802303 5065741.09994453 0 0 0 0 0 0 0
23112392.5111199 76772655.8973867 1211379.52312882 111092.548077801 537908.700304549 146153.699591641 905164.644246054 0 57237.2033208763 9530529.51746872 28055318.6853071 7341073.90575666 510453.784138403 2267002.09535873 0 0 0 0 0 0 0
2668162.56727805 92414671.6599835 139845.214934991 12824.8504840906 62097.7624049636 16872.4129331049 1089587.07261647 0 6607.63109154402 11472323.6523153 33771438.9884369 847475.162492925 614455.997481681 2728891.580553 0 0 0 0 153657.624510976 27937.7499110865 1832026.58026597
15737302.8100446 127370931.058376 824832.235096113 75643.2752774798 366263.773721281 99516.5267366991 1501728.2149629 0 38972.9968555764 15811780.9515647 46545635.5562744 4998560.96465246 846876.703534661 3761106.92305696 0 0 0 0 153657.624510976 27937.7499110865 1832026.58026597
67718995.5914766 1478415275.70821 3549325.52079571 325499.654348074 1576065.17313233 428228.351243276 17430805.5575541 0 167704.226963523 183529933.40554 540262821.761153 21509246.6615673 9829836.71975541 43655784.5845601 0 0 0 0 1005758.99679911 182865.272145293 11991446.7071954
11038.7428996018 17569.8428744733 578.568709545218 53.0590710460843 256.911344996587 69.8046778515695 207.151887466135 0 27.3371426799454 2181.11388977173 6420.61337246119 3506.18082544396 116.82014484401 518.815848507209 0 0 0 0 0 0 0
11070825.6073892 152944869.432273 580250.246203162 53213.2805142572 257658.02527384 70007.5563044945 1803249.95547842 0 27416.5946219211 18986520.3389336 55891215.4731276 3516371.09583034 1016915.28648699 4516273.86631981 0 0 0 0 0 0 0
20223511.9311928 462998548.510349 1059965.91341254 97206.7894068995 470674.033995729 127885.552569144 5458843.53680508 0 50082.9701516593 57476471.0370435 169195290.659922 6423493.18225752 3078431.48547035 13671777.6316599 0 0 0 0 0 0 0
680958.588685248 9407529.85628609 35690.7788769653 3273.11093890912 15848.3614028565 4306.11486704234 110916.618893332 0 1686.37518486769 1167847.32706967 3437828.80863748 216289.47863762 62549.7341261018 277792.785036063 0 0 0 0 0 0 0
