0 38698949.9938309 0 0 0 0 370952.440942765 0 0 4709140.75240415 15842883.2817002 0 330790.149698557 1524755.7812003 0 0 0 0 4596151.54869995 835663.917945446 54960797.407979
2540841298.50352 614195308.18608 152103235.238485 14183543.9759409 43062320.5315407 14589712.8939564 5887427.14785647 0 8534063.35256992 74739292.8277272 251444149.810553 775730884.678835 5250006.98911502 24199567.3549829 0 0 0 0 3537643.91930239 643207.985327707 42303159.2170505
196389271.612568 0 11756516.8654944 1096288.8047988 3328416.36670386 1127682.82299573 0 0 659623.44310675 0 0 59958574.9409757 0 0 0 0 0 0 292482.371280906 53178.6129601648 3497505.28959867
1530387161.55273 0 91614080.177582 8542963.15904614 25937087.2659196 8787604.8444276 0 0 5140195.49286406 0 0 467234450.03497 0 0 0 0 0 0 1601689.1760621 291216.213829474 19153005.157326
798118179.496327 0 47778016.3899023 4455274.04783262 13526551.5747728 4582858.08765654 0 0 2680683.40618953 0 0 243669260.974148 0 0 0 0 0 0 334265.567178178 60775.5576687597 3997148.90239847
25732789.4150627 0 1540450.60746098 143646.181486082 436120.755206047 147759.724209271 0 0 86430.1344738953 0 0 7856342.50748271 0 0 0 0 0 0 0 0 0
250462107.77189 0 14993497.2007863 1398135.46087343 4244845.82025283 1438173.35044076 0 0 841240.850580637 0 0 76467267.9694109 0 0 0 0 0 0 69638.6598287872 12661.5745143249 832739.354666349
9682705198.07678 0 579639030.330386 54051024.3846714 164103029.613685 55598863.6362147 0 0 32521834.2575405 0 0 2956175765.01623 0 0 0 0 0 0 947085.773671505 172197.413394819 11325255.2234623
2765241703.33272 0 165536591.970939 15436197.1865088 46865471.1517128 15878237.8725428 0 0 9287769.32872934 0 0 844241391.28268 0 0 0 0 0 0 208915.979486361 37984.7235429748 2498218.06399905
235979662.499585 864050750.536039 14126529.7198266 1317291.21470981 3999396.52723172 1355013.99741473 8282440.09361667 0 792597.865469061 105143333.401637 353731953.7711 72045708.822834 7385716.59340966 34043982.5199471 0 0 0 0 1016724.43350029 184858.987909144 12157994.5781287
136046979.560839 167422767.213454 8144225.98838242 759444.644784224 2305731.82380469 781192.58099734 1604846.75106492 0 456948.469462378 20373094.7762365 68540861.1883488 41535787.3294843 1431093.14951217 6596531.23027786 0 0 0 0 0 0 0
85568742.5662744 66562768.5751896 5122430.34906787 477663.844597274 1450223.83808073 491342.527954854 638043.706168025 0 287404.439817012 8099792.01348462 27249994.4730195 26124542.454063 568963.968915111 2622602.58259971 0 0 0 0 0 0 0
4941326.07221548 56482243.7641942 295804.260736363 27583.5864624879 83745.8708255121 28373.4874553187 541415.883314461 0 16596.7035291929 6873127.97736356 23123149.2220671 1508610.25745446 482797.850408 2225425.43734 0 0 0 0 153205.051623332 27855.4639315149 1832026.58026597
12720171.185167 35671442.9980342 761471.875945496 71006.8383619919 215582.17316223 73040.2350051803 341931.986634802 0 42723.9382537136 4340733.94616348 14603458.4400292 3883528.51968656 304911.682905203 1405470.66376943 0 0 0 0 153205.051623332 27855.4639315149 1832026.58026597
103098549.497489 868758597.140443 6171823.06356528 575519.144589867 1747319.9870502 592000.074084766 8327567.60197972 0 346282.766061714 105716214.895952 355659289.377715 31476475.5507932 7425958.23519262 34229473.7626866 0 0 0 0 1002796.70153454 182326.673006279 11991446.7071954
58189.7738723695 23710.2584152494 3483.43395905765 324.82832247528 986.203544324348 334.130311350866 227.276921878309 0 195.445192500216 2885.2189573899 9706.69376589357 17765.6136146168 202.67009652257 934.194689989463 0 0 0 0 0 0 0
18647753.5784762 65955104.3897857 1116316.72977247 104095.928025338 316043.171315926 107076.884726116 632218.883714573 0 62633.2351082133 8025847.4702937 27001224.0860876 5693247.503976 563769.788533259 2598660.34437695 0 0 0 0 0 0 0
63049708.0103047 414940634.414834 3774365.82712091 351957.56097049 1068569.98009237 362036.439843729 3977452.64941451 0 211768.520465203 50492683.9529968 169871690.082465 19249374.5289728 3546821.67335233 16348844.8983705 0 0 0 0 0 0 0
1214837.77996674 4296750.93341237 72724.2416642514 6781.4959895138 20589.1386862943 6975.69518918207 41186.9119737489 0 4080.3424375374 522856.690599832 1759037.99817411 370895.729044513 36727.6860149299 169293.891104092 0 0 0 0 0 0 0
