2.71903063838661 2.78522461720706 0.0130965965760572 0 0 0 0 0 0 3.2447929246257 9.18254705359272 1.77797159526196 0 0 1.21295936313651 0 0 0 2.80186723458339 0.647901294695837 27.0064891392435
24.0319108616772 20.554780187808 0 0 0 0 0 0 0 78.0800579615299 28.8470469717272 37.2587783747149 0 0 2.48087518424069 0 0 0 1.85354396212025 0.428611862121984 42.7952698183006
7.42471908745461 0 0.0723738516928666 0.0937509652467016 0 0 0 0 0 0 0 10.8478513817943 0 0 0.0764080363287603 0 0 0 0.788523738756987 0.182337530106068 3.77006681839035
7.42471908745461 0 0.0723738516928666 0.0937509652467016 0 0 0 0 0 0 0 10.8478513817943 0 0 0.0764080363287603 0 0 0 0.788523738756987 0.182337530106068 3.77006681839035
0.149141358375209 0 0 0 0 0 0 0 0 0 0 0.398090958136554 0 0 0 0 0 0 0 0 0.228568030713476
0.475733840047487 0 0 0 0 0 0 0 0 0 0 1.48895337221228 0 0 0 0 0 0 0 0 0.135312787740231
0.160300792837246 0 0 0 0 0 0 0 0 0 0 0.536911639294541 0 0 0 0 0 0 0 0 0.0851732113222611
0.160300792837246 0 0 0 0 0 0 0 0 0 0 0.536911639294541 0 0 0 0 0 0 0 0 0.0851732113222611
0.475733840047487 0 0 0 0 0 0 0 0 0 0 1.48895337221228 0 0 0 0 0 0 0 0 0.135312787740231
2.71903063838661 2.78522461720706 0.0130965965760572 0 0 0 0 0 0 3.2447929246257 9.18254705359272 1.77797159526196 0 0 1.21295936313651 0 0 0 2.80186723458339 0.647901294695837 27.0064891392435
2.71903063838661 2.78522461720706 0.0130965965760572 0 0 0 0 0 0 3.2447929246257 9.18254705359272 1.77797159526196 0 0 1.21295936313651 0 0 0 2.80186723458339 0.647901294695837 27.0064891392435
24.0319108616772 20.554780187808 0 0 0 0 0 0 0 78.0800579615299 28.8470469717272 37.2587783747149 0 0 2.48087518424069 0 0 0 1.85354396212025 0.428611862121984 42.7952698183006
2.71903063838661 2.78522461720706 0.0130965965760572 0 0 0 0 0 0 3.2447929246257 9.18254705359272 1.77797159526196 0 0 1.21295936313651 0 0 0 2.80186723458339 0.647901294695837 27.0064891392435
24.0319108616772 20.554780187808 0 0 0 0 0 0 0 78.0800579615299 28.8470469717272 37.2587783747149 0 0 2.48087518424069 0 0 0 1.85354396212025 0.428611862121984 42.7952698183006
2.71903063838661 2.78522461720706 0.0130965965760572 0 0 0 0 0 0 3.2447929246257 9.18254705359272 1.77797159526196 0 0 1.21295936313651 0 0 0 2.80186723458339 0.647901294695837 27.0064891392435
24.0319108616772 20.554780187808 0 0 0 0 0 0 0 78.0800579615299 28.8470469717272 37.2587783747149 0 0 2.48087518424069 0 0 0 1.85354396212025 0.428611862121984 42.7952698183006
0.850352484061647 3.58346841195681 0.10163931262243 0.0118205516766075 0.0659877209545569 0.00822612311310906 0.174919667460898 0 0.00301097867638889 3.2200557598377 4.25461016353698 1.42396282889526 0.135648500569838 0.666297496637777 0 0 0 0 0 0 0
1.70001502695975 11.8720442477393 0.203196159271129 0.0236315126419156 0.131921902176088 0.0164455718869783 0.579509512339089 0 0.00601951436805048 10.6680567724345 14.0955393801866 2.84677031269608 0.449403989590408 2.20744609771013 0 0 0 0 0 0 0
0.350110643437795 1.47540044271601 0.0418473583693728 0.00486680644892049 0.0271687375240486 0.00338689344725939 0.0720186492925216 0 0.00123969259986494 1.32577468180904 1.75172570181488 0.586279868172738 0.0558497619587538 0.274330762408795 0 0 0 0 0 0 0
