2.71561756234269 2.78172845085876 0.0130801570113831 0 0 0 0 0 0 3.24071988299015 9.17102061805783 1.77573978802416 0 0 0 0 0 0 2.79835017751107 0.647088013537277 26.9725891162684
22.0107522082873 18.8260590684498 0 0 0 0 0 0 0 71.5132815734821 26.420920354196 34.1251989119649 0 0 0 0 0 0 1.69765513413479 0.392564267777132 39.19605415812
4.47455430992526 0 0.926050695584604 0.200797900752163 0.679547718432352 0.0231309152160708 0 0 0.0432461421821936 0 0 7.31643998490683 0 0 0 0 0 0 0.0896781184859589 0.0465542145145688 0
6.69466997064047 0 0.065257560034359 0.08453272970504 0 0 0 0 0 0 0 9.78121650614069 0 0 0.0035260572830187 0 0 0 0.710990696457891 0.164408858159283 3.39936808640105
0.261717677014735 0 0.0541649111976764 0.0117447138852963 0.0397468972260053 0.00135293237678368 0 0 0.00252947647694586 0 0 0.427940202361634 0 0 0 0 0 0 0.000528718242262125 0.000274471218660666 0
0.687699343244652 0 0.14232578510717 0.0308608578436215 0.104440462066296 0.0035550166789696 0 0 0.00664654879941689 0 0 1.12447198625987 0 0 0 0 0 0 0 0 0
0.130795584560067 0 0.0270693646052244 0.00586951838958733 0.0198638422762387 0.000676139201257314 0 0 0.00126412689508339 0 0 0.213866673291205 0 0 0 0 0 0 0.000391508607858223 0.000203242173478313 0
0.155150363776878 0 0 0 0 0 0 0 0 0 0 0.519660786937996 0 0 0 0 0 0 0 0 0.0824366148588586
0.687366710005417 0 0.142256943559782 0.0308459307578086 0.104389945267719 0.00355329715324215 0 0 0.00664333393077029 0 0 1.12392809049657 0 0 0 0 0 0 0.000668640416010153 0.000347108412682867 0
4.74819359393724 11.1091252043317 0.98268289440192 0.213077602815685 0.721105142534085 0.0245454755588132 0.225167098155307 0 0.0458908398578407 17.0099727300404 13.0819500506877 7.76387346326369 2.98783182287295 1.86995309391188 0 0 0 0 0.0767750745914475 0.039855913039276 0
2.86737878545246 2.67479239644527 0.593430749713515 0.128675081561309 0.435466993263089 0.014822726686218 0.0542144616248108 0 0.0277129434703306 4.09556512193351 3.14979801583406 4.68851271985307 0.719393264067413 0.450236740094936 0 0 0 0 0 0 0
1.59677237983853 1.3738793680234 0.330466918182172 0.0716559727835706 0.242500806207266 0.00825441015555037 0.0278466958309779 0 0.0154326533075985 2.10364454037576 1.61786107704901 2.61091685952531 0.369508887609644 0.231259431111218 0 0 0 0 0 0 0
1.68409407360064 8.35992634316123 0.348538956120935 0.0755745782095146 0.255762296325748 0.00870581392786679 0.169444517084724 0 0.016276609179505 12.8004785711544 9.84453202543972 2.75369843899429 2.24842672177566 1.4071918213843 0 0 0 0 0.347139963152501 0.180209270489003 0
4.0543045248243 7.41304407431911 0.839076087868081 0.181938977875165 0.615724650735177 0.0209584614976792 0.150252480911906 0 0.0391844679461252 11.3506396976774 8.72949674434986 6.6292805231162 1.99375995699229 1.24780704574947 0 0 0 0 0.154386374183884 0.0801459319533826 0
1.68151115327706 7.76131433340401 0.348004396699679 0.0754586683461266 0.25537002985825 0.0086924616905541 0.15731145289841 0 0.0162516455000361 11.8839010932199 9.13961491744527 2.74947505042319 2.08742826515469 1.30642993787777 0 0 0 0 0.085073009854442 0.0441635843506666 0
0 0 0 0 0 0 0 0 0 0 0 0 0 0 0 0 0 0 0 0 0
0.807228038618128 2.88865097731684 0.167063362042464 0.0362247688497747 0.122593209044485 0.00417291243507622 0.0585490888060479 0 0.0078017822812203 4.42301922491653 3.40163488160112 1.31991592672885 0.776911156950047 0.486234670409418 0 0 0 0 0 0 0
1.61380112548078 9.5701114887891 0.333991175718159 0.0724201464063651 0.245086950982241 0.008342439139982 0.193973350135002 0 0.015597234515965 14.6534792302345 11.2696290817781 2.6387609277565 2.57390956791959 1.61089728114369 0 0 0 0 0 0 0
0.332355268313808 1.18932733341941 0.0687840187167938 0.0149146117264245 0.0504745833100398 0.00171808877499345 0.0241060731153177 0 0.00321218208406105 1.82106377743115 1.40053518918336 0.543441247073879 0.319873076344261 0.200194550506498 0 0 0 0 0 0 0
