64669667.9678608 64969932.1796697 4890776.71125772 612671.440002897 2773133.01812681 174276.560221841 404208.880397834 0 154483.136124968 9510552.68301174 22830854.513233 13958376.2379498 1145776.28122042 2223779.3776354 0 0 0 0 4670527.66183092 849186.847605621 0
3425385071.02992 804039199.02053 259051794.433346 32451621.7568226 146885684.413789 9230978.70103519 5002310.6616965 0 8182572.2140916 117698401.475077 282544576.543645 739339091.783398 14179621.4418316 27520511.8676703 0 0 0 0 3391692.70680578 616671.401237415 0
277404030.761134 0 20979250.6423541 2628087.20579015 11895503.7382823 747568.710214353 0 0 662663.749363681 0 0 59875208.1611437 0 0 0 0 0 0 305808.358810358 55601.5197837014 0
1382037486.60177 0 104519428.75161 13093230.9328555 59263854.3975369 3724415.89436171 0 0 3301416.13342772 0 0 298300576.129836 0 0 0 0 0 0 1556842.55394364 283062.282535207 0
676798236.234801 0 51184259.2673042 6411892.36028658 29022130.3818269 1823885.48266288 0 0 1616738.06813667 0 0 146080917.304866 0 0 0 0 0 0 319708.738756283 58128.8615920514 0
35270364.7932126 0 2667393.9135413 334146.530611913 1512446.50301968 95049.1636509626 0 0 84253.9746490579 0 0 7612796.4980131 0 0 0 0 0 0 0 0 0
137995370.617468 0 10436183.8569003 1307348.94869036 5917449.87461709 371880.037016772 0 0 329643.839122666 0 0 29785081.0542466 0 0 0 0 0 0 69501.8997296267 12636.7090417503 0
9880559330.33622 0 747237630.646629 93607044.8971472 423693304.41179 26626855.3290636 0 0 23602715.7705174 0 0 2132631400.59354 0 0 0 0 0 0 945225.836322923 171859.242967804 0
3694364089.77385 0 279393886.205698 34999891.5705212 158419910.914423 9955843.07148217 0 0 8825110.26435699 0 0 797395835.566407 0 0 0 0 0 0 222406.079134806 40437.468933601 0
316629351.102026 1071580220.03901 23945746.2073259 2999702.43520144 13577544.7074425 853275.977893658 6666810.73024073 0 756365.336091773 156862102.127042 376560222.278091 68341646.8576339 18897837.1741298 36677858.7395606 0 0 0 0 1028628.11599848 187023.293817905 0
169346879.192328 207468926.104703 12807206.2050732 1604368.7805282 7261849.90525027 456368.379757414 1290762.96564713 0 404536.435900805 30370112.536828 72905922.9246874 36552027.0749481 3658815.18798053 7101209.80418955 0 0 0 0 0 0 0
112521529.792989 87136899.967282 8509672.22686428 1066013.32364749 4825093.11280445 303231.264044328 542120.140740036 0 268791.836269186 12755440.0931402 30620470.4106137 24286777.6667845 1536701.51487136 2982506.44070944 0 0 0 0 0 0 0
9741329.07162536 71984572.068548 736708.055836629 92287.9967904096 417722.900670962 26251.6474251204 447850.294829921 0 23270.1220262626 10537383.0948251 25295844.3538075 2102579.77985909 1269482.85957659 2463875.23433551 0 0 0 0 194605.319242955 35382.7853169009 0
20214053.6935908 46700779.8717941 1528729.40516502 191505.133301488 866809.146998301 54474.3131758364 290547.785912428 0 48287.4043815458 6836242.7419528 16410956.1936882 4363024.82470582 823590.915003933 1598466.05520828 0 0 0 0 208505.69918888 37910.1271252509 0
148577516.397852 1061440046.56324 11236480.4064907 1407602.72603789 6371228.26545092 400397.578923558 6603723.88329213 0 354922.507135895 155377743.888996 372996899.71337 32069143.689002 18719010.2942762 36330782.6706077 0 0 0 0 986926.976160699 179441.268392854 0
203794.441337849 82667.0046403185 15412.3739752966 1930.72019329213 8739.01338824812 549.200194538542 514.310793785342 0 486.824896616956 12101.1193393941 29049.7202731952 43987.2288939261 1457.87274172427 2829.51165196929 0 0 0 0 0 0 0
18745165.9606299 66002658.7084426 1417641.74782019 177589.095213848 803821.022887014 50515.846873215 410633.963816392 0 44778.5200663199 9661727.22990641 23193761.2970229 4045978.39053877 1163988.91469497 2259127.35908428 0 0 0 0 0 0 0
95806505.7343903 627694231.550565 7245564.13782117 907657.510459247 4108327.64033103 258186.392337154 3905184.66089189 0 228862.926501784 91884335.6873975 220575814.050348 20678987.4620745 11069692.3675497 21484607.4292137 0 0 0 0 0 0 0
1113479.66819173 3920617.11658374 84209.1911212144 10548.9515125392 47747.6896032608 3000.68660543998 24392.0256955231 0 2659.88424803933 573915.261817914 1377730.22054692 240334.744716052 69141.9853649487 134194.191050602 0 0 0 0 0 0 0
