58.780000099419 8.0982903638416 60.7693603518268 0.0804499522900763 9.89846343204654 0.894843572395128 0.0806597891312769 0.0114427065908331 0.0918 4.62849430996542 6.41647215098738 108.947738783685 5.34072657207718 4.94367793416572 0 0 0 0.510215073104651 0.0927663769281183 0
13.1441539830782 0.528320340468026 4.27923547297297 0 2.16098002518892 0 0.00363818099225032 0 0.0419175 0.818609907120743 2.10713158660528 27.5039658573596 0.702110626381724 1.72868146647015 0 0 0 0.114092301361553 0.0207440547930097 0
217.383695181434 7.3199723613962 41.142506123508 0 20.337085492228 0.300338920601972 0.0796020052029614 3.24955697503639 1.06696022727273 0 9.12658304905876 181.981983663712 6.02755681081236 14.245169512755 0 0 0 1.88690775333719 0.343074136970398 0
0 0 0 0 0 0 0 0 0 0 0 0 0 0 0 0 0 0 0 0
1.39486570371877 1.0368 0 0.23085 0 0.0272598807405121 0.322331543290326 0 0.134692988423606 6.2775 30.4641 0 25.3692 30.9663 0 0 0 0.0121075451818701 0.00220137185124911 0
23.1555499363147 0.12555 7.3629 0.0439558854718982 1.6524 0.0347821095006994 0.0392117600962594 0 0.649760849903274 3.68955 13.10985 26.2764 12.3768 16.8804 0 0 0 0.200992014010765 0.0365440025474118 0
51.2437813835455 8.88975 7.7598 0.2997 2.2518 0.0707258575059269 0.0797330983351905 0 0.34946143737665 12.4335 31.17285 31.14855 27.17955 38.2806 0 0 0 0.444800095619987 0.0808727446581795 0
20.467121624678 0 7.1118 0.0317272932975799 1.09755 0.0251056753331188 0.028302990599148 0 0.3645 1.86705 8.7804 16.97355 5.7591 8.8452 0 0 0 0.177656242570848 0.0323011350128814 0
105.246123991205 4.6332 72.07785 0.172756723696564 27.1917 1.54305 0.154111221554989 1.1988 0.486 5.4756 7.70715 187.7661 4.7628 11.1375 0 0 0 0.913544721934846 0.16609904035179 0
119.654541232412 42.9948 30.71115 1.39725 14.45445 0.166965494211055 0 0 1.3122 29.99025 71.21115 82.7253 42.89355 59.89545 0 0 0 1.03861092886936 0.18883835070352 0
72.4150243977788 11.9287904682453 26.9784838509317 0.162 6.66190384615385 0.334503849812202 0.116355745341615 0.523019930761045 1.54973659432933 12.539880927835 17.990862807855 55.7557940528518 16.252251157217 33.9225102486138 0 0 0 0.628568167820622 0.114285121421931 0
19.5631863083015 0.8019 12.0366 0.32805 1.05705 0.0443390275360701 0.171485792569909 0 0 2.4705 17.03835 43.578 15.32115 14.4018 0 0 0 0.169810012173658 0.0308745476679379 0
89.0532137547382 0 54.2376 0.16672255168827 12.04875 6.89715 0.148728313154246 5.26905 0.2592 0 1.7577 181.45215 2.87145 20.13255 0 0 0 0.772988973957605 0.140543449810474 0
86.1115277035994 81.82215 48.2274 1.8225 18.3222 0.215582324771956 0.21465 0 1.053 37.86345 128.0367 87.8931 78.6186 85.49145 0 0 0 0.747454905208131 0.135900891856024 0
2.08814870723357 1.89849197574234 0 0.739177128712871 0 0 0 0 0.0129448598130841 5.26352638554217 12.2612272532189 0 11.7963675960655 23.1559594004361 0 0 0 0.0181252967593154 0.00329550850169371 0
67.3509736158734 13.91985 9.90225 0.32805 2.61225 0.080141396701976 0.0903477467688913 0.0243 0.537734278910976 19.6344 27.59265 40.4352 26.9973 40.8483 0 0 0 0.584611804507839 0.106293055365062 0
27.9051066202063 3.90825 7.8651 0.0472124227462158 3.0051 0.0373589939122497 0.0421168217728512 0 0.184593417060037 3.13875 17.41905 17.1477 13.96845 19.20915 0 0 0 0.242218543554619 0.0440397351917489 0
136.876067518549 18.0873 60.75405 0.19035 11.4048 0.138538144910785 0.156181570939891 0.903378885922579 0.41715 6.30585 10.65555 138.6558 6.54885 7.52895 0 0 0 1.18809514591926 0.216017299258048 0
43.3304510923365 5.2812 19.10385 0.243 1.27575 0.0775528521799662 0.0874295400168398 0 0.6804 5.02605 39.41865 55.8657 21.08835 29.68245 0 0 0 0.37611175968597 0.06838395630654 0
18.7449689960643 1.3851 6.42735 0 0 0.0346961161860606 0.0391148151647442 0 0.77355 1.944 13.70115 21.19365 10.92285 19.32255 0 0 0 0.162707820865857 0.0295832401574286 0
174.327042781523 9.5094 111.4074 0 11.3805 1.1502 0.216816517766582 1.25410099982264 0.2511 3.8394 6.96195 262.7559 5.2974 11.2509 0 0 0 1.51317258806489 0.275122288739071 0
35.4288096198737 2.2761 21.3354 0.98415 4.83165 0.2673 0.0685334940435335 0.0567 0.38475 4.0743 17.51625 66.5739 12.59145 17.3421 0 0 0 0.307524883627779 0.0559136152050506 0
51.4152173918238 0.31995 19.41165 0.164469639853834 1.53495 0.5832 0.0636221652249063 0.368000657151658 0.404398982075711 2.1627 3.34125 77.65875 4.1148 7.58565 0 0 0 0.446288173798764 0.0811433043270481 0
125.269070503526 2.64465 65.41155 0 6.0831 0 0.141626686137147 0.819191132279775 0 0.7857 1.51065 173.21445 5.44725 9.96705 0 0 0 1.08734548922432 0.197699179858967 0
54.6023686366337 68.16555 20.4282 1.4742 13.60395 0 2.32875 0 0 28.9332 53.09955 40.2246 47.0124 80.0037 0 0 0 0.473952899940579 0.0861732545346508 0
87.6349704135269 1.0773 20.6226 0.116426733355398 2.7621 0.8829 0.103860884341454 0 0.87885 2.06955 8.63055 106.11 4.1877 15.0822 0 0 0 0.760678509024084 0.138305183458924 0
92.4021261354651 0.427402218103258 21.1289119897959 0.152707954445673 0.788954682779456 0 0.118502981019202 0.182473662082752 0.46272534112575 0 3.27373981466295 106.190833870976 2.01509706579727 4.66023080912863 0 0 0 0.802057799617075 0.145828690839468 0
0 0 0 0 0 0 0 0 0 0 0 0 0 0 0 0 0 0 0 0
1.15446327634958 2.52642040501754 0.22629375 0.264132964907433 0.0428845794392523 0.00352029531883897 0.136415805543006 0.288663660530846 0.00762171428571428 2.67892237818507 8.14897614167047 0.0440460372740964 4.19148236693349 4.18344092688859 0 0 0 0.0100208330034548 0.00182196963699178 0
8.05837121300246 18.9917246481475 0 1.01021830985916 0 0 0 0 0.1377 18.7097506978951 74.2005170185452 0 30.7689329527904 53.3675229995408 0 0 0 0.0699473026640418 0.0127176913934621 0
6.40720609845836 8.73073199653779 0.49005 3.10992 0.0581370967741935 0.0103235506206867 0.051164900886655 0.010125 0.241193825042882 11.3349521061743 44.8153634708738 0 24.2679532003482 22.5081888792157 0 0 0 0.0556150582237547 0.0101118287679554 0
14.4742542602757 46.1039271141051 0 4.3173 0.8829 0.027856114475544 0.34425 0.610704083395688 0.7533 56.7336754205653 136.631254121373 1.62384141407655 61.520597576192 103.073487065672 0 0 0 0.125637677493214 0.0228432140896752 0
14.649960011782 28.8209195930349 0.5346 1.46772717872969 0.704785865724382 0.0171119240936015 0.505360989891004 0.422720788665576 0.373986486486486 31.8910827430139 74.6670349302468 1.54471163210099 39.3795557968476 67.6609065236427 0 0 0 0.127162817382599 0.0231205122513817 0
2.94181794356625 10.1634510593149 0 0 0 0.0103827963219206 0.0858 0 0 18.917593053152 45.4261528131089 0 27.2096801758823 49.019157360007 0 0 0 0.025535213586229 0.0046427661065871 0
4.77747946119218 12.3342532893181 0 3.604043728223 0.378323353293413 0.00275539488560544 0.0198868756814993 0 0.0200475 32.6936043764293 12.4917310131721 0.295407354596623 8.46267795927907 15.0599378668259 0 0 0 0.0414689014703188 0.00753980026733069 0
1.03377451834788 0.783289531914894 0 2.66975082152974 0.667610526315789 0 0 0.378064340425532 0 0.608223439725365 2.05148975428707 0.0550692561994555 0.410379933200483 0.598021028937102 0 0 0 0.00897324499082136 0.00163149908924025 0
14.6945174847267 24.0520824891233 0.761008064516129 3.32816348884381 0.597236600719424 0.0236885356626901 0.0300483870967742 0 0.0150685378590078 43.7391007931156 29.5245036433274 0.790779345242659 21.5626823363244 35.7223958443112 0 0 0 0.127549579789496 0.0231908326889992 0
5.5183321967138 5.35082800298746 0 2.82775829397875 0.032805 0 0 0 0.065218064516129 9.30800021669971 3.02736894343303 0.617716994786776 4.24529885863833 4.31320510428849 0 0 0 0.0478995621027553 0.00870901129141005 0
10.2071565741257 6.64226745759091 0 0.625810396659708 0.117409792418773 0 0 0 0.021597227926078 7.14016933948021 5.44406509154677 0.346769051747133 1.4374739525201 2.32748922233788 0 0 0 0.088598930398941 0.0161088964361711 0
0.129165135735326 0.0697532275159498 0 0.0320542682926829 0 0 0 0.0123734948394487 0 0.187244366482621 0.0620322917073552 0.00230422236695994 0.00584815285754516 0.00890522354306585 0 0 0 0.00112116364512261 0.000203847935476837 0
19.661152468749 47.7342807508574 0.26325 4.46554493087558 1.2543343902439 0.0310526133722317 0 0 0.598881976744186 89.5124454781492 122.518024537918 1.40778440979955 62.3224816729526 125.733530948276 0 0 0 0.170660366233372 0.0310291574969767 0
0.167278650336384 0.207075732427529 0 0.0136194690265487 0 0 0 0 0 0.517053784302154 4.16545572261998 0.000435610465116279 2.8319615059623 5.05717490651164 0 0 0 0.00145199198138601 0.000263998542070184 0
2.07677838524453 2.81285184700239 0 1.61104396092362 0.163537974683544 0 0 0 0.112135642737896 4.72400469988675 10.8479174853083 0 4.1903375534887 8.0419193973901 0 0 0 0.0180266014606586 0.00327756390193793 0
55.9632379765975 64.6064145603405 5.95060714285714 40.5901389319996 2.74431678183613 0.0446824723260135 0.462857142857143 14.3878999573015 1.58814447839371 98.0608653510891 255.863618503024 3.31807050634398 82.9612704343428 139.217487024448 0 0 0 0.48576535398279 0.0883209734514163 0
8.87716120489191 30.2613660227142 0 3.62128695652174 0.3078 0.0854531929752376 0.835409993223019 0 0 30.0308529863986 103.136271839917 0 37.7709564363762 59.2861094541598 0 0 0 0.0770544648767441 0.0140099027048626 0
1.32899901564198 1.10661778270662 0.615952173913043 0.8762094 0.129445058448459 0.00161226284403122 0.0551818951483201 0 0.0359370712401055 1.28371121372673 6.92814311540761 0.103750234593522 1.6741434596482 1.84425574672696 0 0 0 0.0115358170938228 0.00209742128978596 0
0.486147954930607 0.428553938370621 0 0.064661453879047 0 0 0 0.000949920760697306 0.0107461346633416 0.334363039264686 2.91301637404888 0.0470311602671119 0.753607659210714 1.23056052429121 0 0 0 0.00421980289120564 0.000767236889310117 0
79.1216140933439 35.44155 55.6308 2.5272 5.04225 0.2916 0.2673 0 1.7901 20.07585 137.32335 61.44255 45.1008 56.2788 0 0 0 0.686781899464346 0.124869436266245 0
41.9804314579802 68.1179021023089 3.04155 12.43755 4.6332 0.186306562544619 1.12185 0 1.5957 84.23595 93.2740693808765 9.8253 58.7246337995672 101.860914806408 0 0 0 0.364393481950843 0.0662533603546987 0
19.4737802551926 15.0991664746755 1.2778538961039 0.836715789473684 2.64511971356361 0.00433928571428571 0.0348457792207792 0.0054 0.217658389963408 9.84172310542771 5.21009010226474 10.0115134639674 5.56124339277397 7.42698156896666 0 0 0 0.16903396052606 0.0307334473683746 0
15.3123525575832 72.5355 1.7172 3.2643 2.56365 0.0992376320018683 0 0 0.42525 41.229 40.7754 9.86175 21.1491 25.12215 0 0 0 0.132912437331702 0.0241658976966732 0
37.4704566275515 77.70735 0.27135 8.96265 0.3645 0.304210969450719 1.32435 0.6075 0.5913 108.3375 251.99505 3.0861 113.9184 129.9726 0 0 0 0.325246541938672 0.0591357348979404 0
18.5118103137059 7.25953465445179 5.98998941605839 11.9043487821921 0.117804896907216 0.0603515634564103 0.0204175182481752 1.10346923076923 0.246476712328767 15.9981409354669 19.1322237579664 1.46446939151599 9.3559998962348 10.7387863029944 0 0 0 0.160683984969919 0.0292152699945308 0
0 0 0 0.19035 0 0 0 0 0 0.7614 1.87470868439633 0 0 0 0 0 0 0 0 0
0 0 0 0 0 0 0 0 0 0 0 0 8.50063532401525e-05 0.000151524777636595 0 0 0 0 0 0
64.0001789086161 37.7298 15.0174 9.50535 2.51505 0.171440454650351 0.27135 0 2.4948 76.40325 53.60175 35.7858 57.61935 43.72785 0 0 0 0.555526640104464 0.101004843655357 0
42.1001832938439 24.3817973248442 11.2037288764045 0.642787826086957 5.26839972862958 0.118794563757927 0.190932471910112 1.11247682165163 0.53039356223176 25.728579628547 10.7340581294396 20.728005702836 19.9962616707754 22.1463325750784 0 0 0 0.365432937404845 0.0664423522554263 0
10.7584095739771 6.69884207816968 0.475109451219512 4.43587294724316 0.467389285714286 0.0594612581812907 0.168840548780488 0 0.312818048780488 24.6559689342023 35.4427505709867 0.231746256239601 14.2278723610968 14.7723784107014 0 0 0 0.0933838502550594 0.0169788818645562 0
23.1087946613297 20.96685 4.45095 1.48635 0.10125 0.0561103224188177 0.1215 0.0845083205180606 0.2592 24.38505 14.64075 9.78075 14.4261 11.57085 0 0 0 0.200586174507462 0.0364702135468113 0
72.5602905037841 14.35725 18.9135 10.1979 1.1583 0.615353233305589 0.556941534219194 1.34865 1.863 28.05435 35.1297 46.3563 17.41095 18.22095 0 0 0 0.629829089167504 0.114514379848637 0
75.2097560862667 89.52525 30.8691 6.4314 12.7899 0.3564 2.15865 0 1.6524 52.21665 63.96165 44.72415 39.1068 36.11385 0 0 0 0.652826661021336 0.118695756549334 0
48.7228928072716 30.1482 21.6837 6.64605 5.30955 0 0.16605 0.189895836356205 1.7415 24.6645 58.73715 45.47745 25.47045 14.01705 0 0 0 0.422918582400239 0.0768942877091343 0
0.670800762594214 0.787752193375112 0 0.294723431734317 0 0.0180166392083596 0.0228178710820514 0 0 2.88529329173167 5.25336800867141 0 1.41298621444201 2.77524984682713 0 0 0 0.00582260393921036 0.00105865526167461 0
75.1396231737892 210.6 30.60585 5.1516 23.63985 0.2592 3.20355 0 2.349 87.5772 108.2079 56.3436 75.2733 60.27615 0 0 0 0.652217901766382 0.118585073048433 0
14.9889619056037 25.1019 5.86845 5.832 4.01355 0.237836672598288 0.18225 0 0.57105 25.20315 75.26115 1.1097 30.1077 31.6872 0 0 0 0.130105380767191 0.0236555237758528 0
27.5622346036497 59.5674 6.00615 6.1155 1.8225 0.128291802228799 1.24335 0 0.6885 51.22845 57.61935 11.35215 36.4257 56.28285 0 0 0 0.239242387197064 0.0434986158540117 0
2.38060117611156 1.01397796805284 0.685776724137931 1.3663864142539 0.1683 0.0341701075851318 0.0107534482758621 0 0.00593480769230769 4.00581295081967 3.00943070926061 0.866076119075577 4.02267826240353 6.48041907197984 0 0 0 0.020663807435325 0.00375705589733182 0
0.0331344834163267 0.0210950127732688 0 0.0362452673184939 0 0 0 0 0 0.0882255309466019 0.0395061142061281 0 0.227967833187694 0.083102138789285 0 0 0 0.000287609949812047 5.22927181476448e-05 0
31.1545982316629 35.07705 8.9181 5.63355 2.3085 0.243853497253985 0.486 0.0162 0.5022 40.419 24.3648 19.83285 20.24595 25.839 0 0 0 0.270424389034171 0.0491680707334856 0
3.47875132246183 2.79559966620167 0 0.225440939597315 0 0.0364387923482359 0.187899321001106 0 0 6.84481583683263 37.9437184905506 0 11.6078334134471 7.22166735264075 0 0 0 0.030195837994228 0.00549015236258692 0
271.539117672432 381.654888198829 43.8615 2.39259027666399 36.7336661274976 0.71681979279539 1.6038 2.42957848543689 9.90972281126265 224.360165573365 70.9890300721732 113.983723143335 103.073500301396 139.459969399738 0 0 0 2.35698112520728 0.42854202276496 0
71.048486218681 67.9253807773525 24.9544546875 2.22577659574468 11.4612876681103 0.2752734375 0.4220859375 0 2.97047193593315 26.8929381726652 22.9413066584202 48.2139772458986 17.9810230054865 36.2102503162634 0 0 0 0.61670650780413 0.112128455964387 0
22.8227713987479 6.0508183258618 4.39587 7.17933426395939 0.1377 0.0582817099727612 0.061965 1.45395 1.15823017241379 18.4590839764277 30.5522450428612 7.94549886055345 13.9369572592716 17.2930406452686 0 0 0 0.198103469853141 0.0360188127005711 0
71.7109030082235 22.5504 6.79185 11.23065 0.8829 0.0648 0.35235 0.1863 1.23525 62.7507 64.4193 27.4671 46.33605 48.8673 0 0 0 0.622456338190835 0.113173879671061 0
0.00204561128628753 0.00884458924831278 0 0 0 0 0 0 0 0.0103555384615385 0.0655075513159016 0 0.0920111380370957 0.118321604995806 0 0 0 1.77560685643348e-05 3.22837610260633e-06 0
45.1032552688506 42.66675 5.8644 7.0875 1.0611 0.156989998115643 0.324 0 0.53055 50.50755 20.9628 14.06565 34.32375 33.84585 0 0 0 0.391499840852872 0.0711817892459767 0
15.666913392886 5.751 5.76315 3.7908 0.7938 0.0454077097890294 0 0.0683890080723445 0.44955 11.0079 10.77705 23.38875 6.4476 13.25565 0 0 0 0.135990053565083 0.0247254642845605 0
120.987066569484 18.48015 17.7471 7.22115 7.3386 0.154270961954795 0.32805 0.2106 0.91935 23.98815 22.38435 84.31695 20.0799 24.09345 0 0 0 1.05017735471349 0.190941337220635 0
32.3117912875413 45.5544 16.2162 7.5654 5.91705 0.14698156172834 0.61155 0 0.76545 30.2049 91.17765 28.1394 28.593 26.23995 0 0 0 0.280468916740918 0.0509943484983487 0
2.2486502191113 6.72952266603799 0 1.38581893491124 0.00822125748502994 0 0 1.30775806451613 0.018073125 8.60903596920924 17.3861649705655 0 9.35575763962065 17.5526534035827 0 0 0 0.0195184626401864 0.00354881138912479 0
48.1048291664468 12.9548116668396 5.84689655172414 8.15289664607237 2.554875 0.138491379310345 0.0840529586563404 6.4233 0.565177756653992 12.527163897281 23.7146169817807 20.5015348562732 8.59750673134627 13.08545035007 0 0 0 0.417553740869898 0.0759188619763451 0
51.8593925041812 36.1179 11.4858 8.8614 2.92815 0 0.8829 0.162 2.03715 37.49085 33.8418 32.05575 19.55745 22.1211 0 0 0 0.450143649080142 0.0818442998327531 0
0.988063126841711 1.07103101169878 0.00963620689655172 0.769065715691097 0.1366875 0.00654273815686732 0.00432931034482759 0 0.0102616564417178 5.29608173598553 9.53130806333439 0.0535742746016663 5.10947028414265 7.50174589745477 0 0 0 0.00857646647908966 0.00155935754165266 0
3.41313507390403 6.1074 0 0.75735 0 0 0 0 0 11.86245 23.5791 0 11.5101 13.2678 0 0 0 0.0296262837411123 0.0053865970438386 0
5.56387772321343 19.56555 0.27945 0.74925 0 0.172092232103031 0.3402 0 0.324 30.4965 176.58405 0 100.0026 103.56255 0 0 0 0.048294900893046 0.00878089107146292 0
22.0762823387446 27.24435 0.5022 5.7753 1.3041 0.18710445635319 0.8667 0.07695 0.38475 73.0134 203.06295 1.0368 63.92925 123.29415 0 0 0 0.19162388547619 0.0348407064502163 0
42.3018350426668 31.64265 8.58195 4.18365 1.8792 0.0938904300789936 0.0729 0.141409320364788 1.4499 36.32445 16.94115 41.32215 13.58775 11.01195 0 0 0 0.367183290613306 0.0667605982933284 0
0.142543433148282 0.699086775305547 0 0 0 0.00602556524386179 0.0131184074387893 0 0 0.331172519083969 9.61006496184205 0 1.97339451399028 3.2588989659877 0 0 0 0.00123728833006683 0.000224961514557606 0
9.85757047600138 12.19455 0 1.9764 0 0.0581329668059781 0.1944 0 0 19.30635 47.76975 0 23.5386 23.76945 0 0 0 0.0855644952796964 0.0155571809599448 0
289.376189427914 47.17035 94.4784 6.65415 18.48015 0.70875 0.34425 0 1.39725 50.96115 102.5784 163.46205 52.61355 78.894 0 0 0 2.51180832585891 0.456692422883439 0
48.6810283349772 0 6.8134893559322 0.00419995569550799 0.0723777936962751 0.0563998428662522 0.00616446086697829 0 0 0.0305106699751861 1.6011 71.8334511435691 1.20554448979592 7.18777469387755 0 0 0 0.422555195453045 0.076828217355099 0
3.28066179477991 3.01725 0 0 0.547653840535558 0.0751418808890291 0.0419997345115012 0 0.139254295578564 12.43755 111.03885 6.24915 119.80305 173.1618 0 0 0 0.0284764051484207 0.00517752820880376 0
0 1.02465 0 0 0 0.0126043392470774 0.00704505790654805 0 0 0 20.898 0 20.3796 31.82895 0 0 0 0 0 0
5.47815971907428 15.06195 3.41415 0.051068107616278 4.78305 0 0.0238777901338463 0 0.0791691872278621 5.4351 38.75445 24.2352 32.29875 54.189 0 0 0 0.0475508618036574 0.00864561123702861 0
0.763669491421451 1.19475 0 0 0 0.0351071919572459 0.0196227819187305 0 0.0650612844382696 2.64465 58.077 0 63.6579 139.7736 0 0 0 0.00662871188728083 0.00120522034314197 0
0.835563507286582 0.827508784562212 2.800575 0 0 0.0316171989300718 0.0176720883926425 0 0 3.53565 50.1372979447058 1.35530481181515 40.6243157686562 57.7281292798384 0 0 0 0.0072527576596247 0.00131868321084086 0
0 0 0 0 0 0 0 0 0 0 0 0 0 0 0 0 0 0 0 0
29.5844002467504 59.454 8.20125 0.6885 5.1354 0 1.18262036647431 0 1.18665 61.9326 172.5624 12.2472 197.06085 495.1935 0 0 0 0.256794945714915 0.0466899901299846 0
0 0.69255 0 0 0.137006632256184 0.0187982540794997 0.0105070790254067 0 0.0348372651705845 1.0449 26.9244 0 39.16755 49.81095 0 0 0 0 0 0
0.141971457145227 0.509185946416481 0.0144619433198381 0 0.0398801020408163 0.000846895028535289 0.000473362736422872 0 0.0279310344827586 0.069078813559322 13.3517164163942 0 11.0484824840593 15.9929045373833 0 0 0 0.00123232353289571 0.000224058824162856 0
4.67743949037506 5.61164894549935 0.326445843520782 0.00262443594388876 0.0189256006636222 0.0480628634961472 0.026864213176695 0 0.0895086649333117 9.82883605197678 61.9700127575277 0 65.763307830846 88.26812817649 0 0 0 0.0406005465717561 0.00738191755850111 0
1.79228554109116 2.8026 1.09755 0 0.1134 0.0411161488550974 0.0229814228179851 0 0.0761971922711865 1.8711 77.6709 0 54.6021 69.3603 0 0 0 0.0155571809599448 0.0028285783563536 0
0.429402977151803 1.13561235910145 3.43294708520179 0.0347625 0.224122131147541 0.0529651610750442 0.534637482779974 0 0 0.258440625 9.78595381498104 0.163373744102661 9.28231630189389 11.5914163348175 0 0 0 0.0037272519736016 0.000677682177018473 0
39.9329011100941 2.7216 25.9443 0.0508418030008385 12.23505 0 0.0237719774384868 0 0.0788183547160157 2.18295 14.64885 74.41875 10.6677 23.48595 0 0 0 0.346620755779292 0.0630219555962349 0
19.5242235791474 0 23.2713 0 2.7135 0.0199602251037447 0.0111565500520959 0.0894483196865086 0 0 5.265 31.87755 2.6568 9.95895 0 0 0 0.169471812587573 0.0308130568341041 0
1.94424018479237 0.3969 2.5029 0.2268 0.0766707447207458 0.010519754525679 0.00587990201971628 0 0 0.1458 10.8459 8.50905 7.25355 13.8834 0 0 0 0.0168761593456793 0.00306839260830532 0
13.9564495830186 6.02235 2.89575 0.1701 0.9639 0.0521429057190706 0.0291447082632043 0 0.0966321779468361 10.12095 51.81165 6.1965 82.4823 80.06445 0 0 0 0.121143091735918 0.0220260166792578 0
1.2190031218869 0.488688233322159 0 0.0243290467609855 0.148330018693378 0.0203519007298947 0.0113754728700809 0 0 1.68380446927374 20.1165204348159 0 17.2643503687213 26.9696101043551 0 0 0 0.0105810439927929 0.0019238261805078 0
33.0793570518781 20.49705 5.0463 0.278329243010829 2.7783 0.076984932307635 1.50912988799391 0 0.142669871872056 11.8989 101.6226 24.4296 77.0148 114.9066 0 0 0 0.287131448586807 0.0522057179248741 0
0.311701833233245 4.13505 1.20285 0.030181752332697 0.14985 0.0252478460567698 0.0141120080948946 0 0.0467897659190059 3.159 43.9101 0.78165 33.4854 50.3739 0 0 0 0.00270559668868605 0.000491926670670191 0
1.34674212835635 0.448211032604069 0.107102821316614 0.00129033627784834 0.0212142857142857 0.000472026427930471 0.000263834021998597 0 0 0 4.65585030355798 4.51383240001463 3.55945634942631 4.77304566265728 0 0 0 0.011689828722529 0.00212542340409619 0
55.88034615289 0 30.32235 0 15.7707 0.0403730531532627 0.0225660775827523 0.180924901718465 0 0 2.91195 72.4221 3.81105 18.71505 0 0 0 0.485045846364192 0.0881901538843986 0
0.993549593430969 0 0 0.00534156928511534 0.0325666303204161 0.00446836610166137 0.0024975444818466 0 0 0.88695 5.427 0.2916 6.10335 7.0065 0 0 0 0.00862408944518679 0.00156801626276123 0
38.1133416585951 23.79375 6.3261 0.27945 6.48405 0.12885257710055 0.94365 0 0.3483 17.20845 173.40075 25.2558 163.1583 263.21355 0 0 0 0.330826835109087 0.0601503336561977 0
4.05212383203219 0.55485 1.80225 0 0.2106 0.0267884368529599 0.0149731045123026 0 0.0496448167050661 0.8505 43.9668 0 39.21615 53.9784 0 0 0 0.0351727569529187 0.00639504671871249 0
8.24451348901933 4.6089 2.106 0.29565 0.94365 0.0645307353839151 0.0360687505009217 0 0.119589528405933 9.37575 89.3835 1.8144 82.0287 104.19435 0 0 0 0.0715630324157461 0.0130114604392266 0
0.000322539148627116 0.000867218543046358 0 0 0 0 0 0 0 0 0.014033284148398 0 0.0935053597850211 0.196445400691936 0 0 0 2.79966544772977e-06 5.09030081405413e-07 0
29.993508902869 0 1.5309 0.072603896451446 1.7739 0.0200799037672905 0.0112234431353691 0.0899846390566992 0 0 3.8313 31.9464 2.3976 3.2724 0 0 0 0.260346041368815 0.0473356438852392 0
7.33668189972751 6.03045 6.75135 0.074860584110899 0.209490578630405 0.0287435510201587 0.0160658942454116 0 0.0532680697153416 1.5876 28.33785 6.1236 33.58665 42.85305 0 0 0 0.063682982059948 0.0115787240108996 0
1.09874896214719 1.25145 0 0.0194023692708426 0.118292912373988 0.0162306027525163 0.0090719183297267 0 0 1.4823 28.7064 0 26.1468 36.5958 0 0 0 0.00953722832761834 0.00173404151411242 0
38.9081813333398 7.5492 30.2292 0.0772114931044941 11.14155 0.76545 0.0361015889236195 0.289446688461205 0 7.5492 46.3644 75.40695 34.32375 41.08725 0 0 0 0.337726106665237 0.0614047466664067 0
8.86402088257041 0 7.1118 0.31993735526574 0 0 0.00946233068846678 0 0 1.00845 8.9991 24.00435 10.42875 14.8149 0 0 0 0.0769404058345096 0.0139891646971836 0
0 1.2636 0 0 0 0.0311958756349979 0.0174365943335738 0 0 2.3814 35.01225 0 75.82005 159.24195 0 0 0 0 0 0
15.0064709555333 1.09463507844646 1.56659668508287 0.228031796781861 0 0.0760064917127072 0.00285185159846973 0 0 0.204814285714286 3.5848414784006 24.1772753644245 4.78476019944598 14.3785025152355 0 14.6869489629164 0 0.13025736071232 0.0236831564931492 0
7.29382289765794 0 3.43035 0.00824841305239871 0 0.00690001894734269 0.00385669031017071 0.0309212495068046 0 0 3.41415 0 2.8026 1.71315 0 0 0 0.0633109625152536 0.0115110840936825 0
47.4293301993537 0 13.96035 0.0424347165973845 3.54375 0.0354977795955455 0.0198410966177767 0 0 2.28825 8.2134 58.85865 3.2319 4.71825 0 0 0 0.411690356142192 0.074852792025853 0
11.0693113526956 0 4.79925 0.32357116286953 1.61595 0.0165809348403504 0.00926773262803558 0 0 1.41345 16.0623 16.22835 6.70275 23.2632 0 0 0 0.0960825024069635 0.0174695458921752 0
48.8436772676495 4.2444 24.2271 0.36855 7.0956 0 0.0227217560310972 0.182173063161818 0 1.59975 7.8894 55.45665 4.59675 14.47875 0 0 0 0.423967001117104 0.077084909294019 0
11.6147895608538 0 7.47225 0.0126223350163244 3.4911 0.010558922088294 0.00590179430151479 0.0473179953427214 0 0 0.9234 21.8133 0.75735 1.4013 0 0 0 0.100817296612164 0.018330417565848 0
23.4984219528713 2.8998 10.2708 0.68445 1.1826 0.113669706647985 0.0635344423739681 0 0.210654760575712 12.68865 169.1199 20.1852 141.44625 136.52145 0 0 0 0.20396817036832 0.0370851218851491 0
5.43530071700471 3.5802 3.0699 0.18451911562684 1.6605 0.0425533808054978 0.0237847479362026 0 0.0788606965708937 5.53635 72.63675 5.9454 47.1744 63.26505 0 0 0 0.047178842258963 0.00857797131981146 0
17.0929492799281 7.88535 2.8593 0 0.9315 0.0520710985209431 0.0291045724132404 0 0.0964991035457909 5.1678 75.80385 11.64375 66.48885 115.8705 0 0 0 0.148368158415821 0.0269760288028766 0
4.59370576727495 0 1.458 0.00606210237105493 0.0369595967673385 0.00507111137079222 0.0028344423739681 0.0227253144041653 0 0 2.90385 8.0109 1.05705 1.0935 0 0 0 0.0398737311995107 0.00724976930900195 0
22.3412288969928 0 9.7362 0.0197600346113361 0.567 0.0165297994113809 0.00923915103790975 0.074075456284592 0 0.5265 5.103 24.9966 2.62035 5.82795 0 0 0 0.193923642661573 0.035258844120286 0
0.00103004006819717 0.0038370152284264 0 0 0 0 0 0 0 0.00417154032143365 0.104915446848542 0 0.271834214074696 0.509240574181483 0 0 0 8.9408296666732e-06 1.62560539394058e-06 0
0.674055214366893 0 0 0 0 0 0 0 0 3.72195 55.42425 0 79.1694 67.6269 0 0 0 0.00585085283928359 0.00106379142532429 0
16.7072182613019 0 10.854 1.18843211271877 0.10963385215731 0 0.00840785244850525 0.0674104692023148 0 0.5184 4.3902 23.9517 4.62105 4.71825 0 0 0 0.145019982513572 0.0263672695479223 0
12.9211956072942 0 21.0871151658768 0.121067140639774 4.23389973142346 0.119823453122934 0.0195914471733835 4.97474749451662 0 0.142907142857143 0.390237096774193 55.2640362325397 0.527721787709497 3.3060217877095 0 0 0 0.112157004937471 0.0203921827159039 0
49.4592883882852 0.0972 36.92385 0.0420328308147937 7.128 0.0351615913497668 0.0196531878656728 0.173770630961985 0 0.74925 2.05335 64.5813 2.0574 1.1259 0 0 0 0.429310554577259 0.0780564644685926 0
1.28253683501361 2.41988108839447 0 0.0275073332797715 0.834977973568282 0.0177827177695297 0.00993945608463262 0 0.0722210904702609 2.07635973451327 36.3662031647062 1.6241985190409 30.6871608322539 29.4330606703368 0 0 0 0.0111325216728325 0.0020240948496059 0
20.4047812580313 10.7811 2.99295 0.92293438475674 2.38545 0.060593307353257 0.0338679680612327 0 0.112292615415289 4.13505 82.4499 15.05385 72.1629 107.22375 0 0 0 0.177115123233111 0.0322027496787474 0
10.1848574008963 7.2009 0.1782 0 2.42595 0.0360972609011251 0 0 0.18029609814965 8.9991 52.6662 1.77795 48.9807 72.79065 0 0 0 0.0884053718028168 0.0160737039641485 0
3.41313507390403 6.2613 2.87955 0.0277184135876256 1.2879 0.0231871970680806 0.0129602308247175 0 0.0429709338647701 2.6487 31.38345 5.38245 23.89905 32.14485 0 0 0 0.0296262837411123 0.0053865970438386 0
2.34606122139377 3.28753858837142 0.986727272727273 0.12545064851653 0.8181 0.0338037825124467 0.0188942554299912 0 0.0689103606745611 4.22415 49.9776777882686 0 49.9210685351252 59.6296304642639 0 0 0 0.0203639978828996 0.00370254506961811 0
13.8914495109911 0 0.191254527162978 0.0335997323865765 0.00391193181818182 0.00028276738559019 0.000158049745132654 0 0 0 6.26813688039114 12.2407232282974 3.03571360016337 9.42911042474985 0 0.668034495412844 0 0.120578885944064 0.0219234338080116 0
5.64180318152174 6.16815 2.71755 0.251720892579972 1.30658055524404 0.0242349293680319 0.0135458493628276 0 0 1.97235 37.3005 5.69835 16.0218 20.06775 0 0 0 0.0489713000652175 0.00890387273913046 0
1.23901478710215 1.1259 0.25515 0.0465836345471089 0.284012417381627 0.0389684608383748 0.2890809960327 0 0 8.9343 64.90935 1.23525 61.155 70.3323 0 0 0 0.0107547468375271 0.00195540851591401 0
44.3123118670212 0.93555 22.7853 0.0394173217248577 10.5543 0.0329736477825788 0.0184302606796506 0.147765737748774 0 1.08135 3.3858 52.2774 4.5765 3.81915 0 0 0 0.384634389255331 0.0699335253191511 0
0 0.0583969834710744 0 0 0 0 0 0 0 1.59757682926829 4.92288622946612 0 3.36109145030594 6.88131635521746 0 0 0 0 0 0
5.92233483143166 8.31465 0.7128 0 0.891 0.312237370824818 0.0386994730303759 0 0.298411950510803 12.06495 107.5032 0.60345 113.643 240.3756 0 0 0 0.051406337085035 0.00934660674273364 0
45.7305552082325 104.2794 5.4027 0.40905 9.1854 0.161210423759793 0.802906807525847 0 3.5964 47.09745 162.6156 26.69355 179.56485 248.47965 0 0 0 0.396944854188853 0.0721717916707005 0
21.8386096909042 15.58035 2.69325 1.12185 6.18435 0 0.79606535625551 0 1.55925 15.2766 107.78265 13.11795 85.2525 137.82555 0 0 0 0.189560868001067 0.0344656123638303 0
12.2031267710815 4.7061 1.97235 0.238191099177535 3.5721 0.029856562591135 0.0166879999198525 0 0.0553307229315419 3.68955 39.70215 7.9137 26.6895 39.9006 0 0 0 0.105924110362059 0.019258929156738 0
4.89761505467736 1.134 0.6318 0.0187598722591925 1.14615 0.0156931367544104 0.00877150757393604 0 0 1.32435 22.74885 5.39865 16.3458 14.1912 0 0 0 0.0425116879709796 0.00772939781290538 0
8.01051211046728 0 21.2484088757396 0.0324373664800169 0 0.954170414201183 0.0175897359543928 0.0945774831177856 0 0 3.0957580060423 21.0201166010461 0.588070264765784 0.528887474541751 0 8.44531025437202 0 0.0695318818498633 0.0126421603363388 0
1.34031788290295 0.3726 0.31995 0.0306109507412892 0.186629708113297 0.0256068820474074 0.0143126873447143 0 0 3.73815 33.58665 0 49.1022 39.15135 0 0 0 0.01163406576135 0.00211528468388182 0
54.9374481073595 1.7901 37.35315 0.0602178373267203 16.79535 0.8667 0.0281559068686383 0.06075 0 0.68445 6.85665 83.916 6.6501 30.9177 0 0 0 0.476861416380917 0.0867020757056212 0
0 0 0 0.000435701414782965 0.00265639667819318 0.000364475929889593 0.000203719844513906 0 0 0 0.22275 0 0.21465 0.46575 0 0 0 0 0 0
0 0 0 0 0 0 0 0 0 0 0 0 0 0 0 0 0 0 0 0
0 0 0 0 0 0 0 0 0 0 0 0 0 0 0 0 0 0 0 0
0 0 0 0 0 0 0 0 0 0 0 0 0 0 0 0 0 0 0 0
3.67846355112695 0.0961809809966051 2.87300769230769 0 0.325225006935752 0.00464403429381711 0.00259573230128051 0.270548744107945 0 0.0738257142857143 1.1685186301033 12.580604099047 1.68484649827784 0.996532491389208 0 0 0 0.031929356013553 0.00580533745700964 0
0 0 0 0 0 0 0 0 0 0 0 0 0 0 0 0 0 0 0 0
0 0 0 0 0 0 0 0 0 0 0 0 0 0 0 0 0 0 0 0
0 0 0 0 0 0 0 0 0 0 0 0 0 0 0 0 0 0 0 0
0 0 0 0 0 0 0 0 0 0 0 0 0 0 0 0 0 0 0 0
0 0 0 0 0 0 0 0 0 0 0 0 0 0 0 0 0 0 0 0
0 0 0 0 0 0 0 0 0 0 0 0 0 0 0 0 0 0 0 0
0 0 0 0 0 0 0 0 0 0 0 0 0 0 0 0 0 0 0 0
0 0 0 0 0 0 0 0 0 0 0 0 0 0 0 0 0 0 0 0
0 0 0 0 0 0 0 0 0 0 0 0 0 0 0 0 0 0 0 0
0 0 0 0 0 0 0 0 0 0 0 0 0 0 0 0 0 0 0 0
0 0 0 0 0 0 0 0 0 0 0 0 0 0 0 0 0 0 0 0
0 0 0 0 0 0 0 0 0 0 0 0 0 0 0 0 0 0 0 0
0 0 0 0 0 0 0 0 0 0 0 0 0 0 0 0 0 0 0 0
0 0 0 0 0 0 0 0 0 0 0 0 0 0 0 0 0 0 0 0
0 0 0 0 0 0 0 0 0 0 0 0 0 0 0 0 0 0 0 0
0 0 0 0 0 0 0 0 0 0 0 0 0 0 0 0 0 0 0 0
0 0 0 0 0 0 0 0 0 0 0 0 0 0 0 0 0 0 0 0
0 0 0 0 0 0 0 0 0 0 0 0 0 0 0 0 0 0 0 0
0 0 0 0 0 0 0 0 0 0 0 0 0 0 0 0 0 0 0 0
12.6984626542731 0 9.554 0 0.363028796240956 0.0303852172308473 0.0169834856630026 0.275736415106879 0 0 1.54193347393793 21.1875269519934 0.701668348093955 1.9974913457836 0 15.7733423403792 0 0.11022366520089 0.0200406664001618 0
0.102513612489677 0 0 0 0 0 0 0 0 0 0.00570335294117647 1.91692256997105 0.657066666666667 0.783066666666667 0 0 0 0.000889826304902633 0.000161786600891388 0
0 0 0 0 0 0 0 0 0 0 0 0 0 0 0 0 0 0 0 0
0 0 0 0 0 0 0 0 0 0 0 0 0 0 0 0 0 0 0 0
0 0 0 0 0 0 0 0 0 0 0 0 0 0 0 0 0 0 0 0
10.7498169736315 6.23295 0 0.29565 1.6929 0 0 0 0 14.88375 59.86305 5.00985 41.2209 66.825 0 0 0 0.0933092658010602 0.0169653210547382 0
1.54682034741998 2.0331 0.040874774692911 0.1215 0 0 0.6237 0 0.0182217776368117 0 53.17245 0.0786761993932056 48.64455 200.7504 0 0 0 0.0134265235676045 0.00244118610320082 0
1.53902780158915 2.37735 0.33615 0.22275 0.46575 0 0 0 0 4.6494 92.826 0.134458962200229 67.71195 155.1717 0 0 0 0.0133588836503874 0.00242888793643407 0
12.6784720667622 9.65115 0 0 0.8424 0 0.83025 0 0.310308100129309 4.9734 54.9504 2.3004 69.0768 177.3981 0 0 0 0.110050145312305 0.02000911732951 0
37.6379963629144 11.7774 0 0.4617 1.3608 0 0 0 0.0314315563471345 13.0572 39.2526 33.13305 23.50215 59.83065 0 0 0 0.326700800158841 0.0594001454834256 0
2.66894694705966 1.37295 0 0.2106 0.19845 0 0 0 0.75735 4.05405 48.06135 0.0736084752416034 38.1915 83.02905 0 0 0 0.0231666716468743 0.00421212211761351 0
0.0558108877309683 0.0991113707421425 0 0 0 0 0 0 0 0.313753012048193 4.63494105263501 0.000404739850461797 3.67492571385884 15.7658176682808 0 0 0 0.000484442941740874 8.80805348619772e-05 0
0.638988758128153 0.85455 0.7776 0.1701 0.324 0 0.00869699567296696 0 0.00638031570985922 1.4985 18.306 0.0275482996766675 11.4777 14.9526 0 0 0 0.00554647321180641 0.00100844967487389 0
4.5820169485287 4.33755 0 0.0321801238511008 0.0137153523932661 0 0.162 0 0.0272915900163466 12.9924 55.7199 1.98045 79.0641 300.82995 0 0 0 0.039772271323685 0.00723132205885181 0
0.0004063989744406 0.000248099327243888 0 0 0 0 0 0 0 0 0.0074039635065849 0 0.0232131946747524 0.0656583248448382 0 0 0 3.52757540155083e-06 6.41377345736514e-07 0
0 0 0 0 0 0 0 0 0 0 0.00206647272388754 0 0.00213266104136654 0.00724815805721342 0 0 0 0 0 0
