2.71903063838661 2.78522461720706 0.0130965965760572 0 0 0 0 0 0 3.2447929246257 9.18254705359272 1.77797159526196 0 0 1.21295936313651 0 0 0 2.80186723458339 0.647901294695837 27.0064891392435
24.0319108616772 20.554780187808 0 0 0 0 0 0 0 78.0800579615299 28.8470469717272 37.2587783747149 0 0 2.48087518424069 0 0 0 1.85354396212025 0.428611862121984 42.7952698183006
7.42471908745461 0 0.0723738516928666 0.0937509652467016 0 0 0 0 0 0 0 10.8478513817943 0 0 0.0764080363287603 0 0 0 0.788523738756987 0.182337530106068 3.77006681839035
7.42471908745461 0 0.0723738516928666 0.0937509652467016 0 0 0 0 0 0 0 10.8478513817943 0 0 0.0764080363287603 0 0 0 0.788523738756987 0.182337530106068 3.77006681839035
0.149141358375209 0 0 0 0 0 0 0 0 0 0 0.398090958136554 0 0 0 0 0 0 0 0 0.228568030713476
0.475733840047487 0 0 0 0 0 0 0 0 0 0 1.48895337221228 0 0 0 0 0 0 0 0 0.135312787740231
0.160300792837246 0 0 0 0 0 0 0 0 0 0 0.536911639294541 0 0 0 0 0 0 0 0 0.0851732113222611
0.160300792837246 0 0 0 0 0 0 0 0 0 0 0.536911639294541 0 0 0 0 0 0 0 0 0.0851732113222611
0.475733840047487 0 0 0 0 0 0 0 0 0 0 1.48895337221228 0 0 0 0 0 0 0 0 0.135312787740231
2.71903063838661 2.78522461720706 0.0130965965760572 0 0 0 0 0 0 3.2447929246257 9.18254705359272 1.77797159526196 0 0 1.21295936313651 0 0 0 2.80186723458339 0.647901294695837 27.0064891392435
2.71903063838661 2.78522461720706 0.0130965965760572 0 0 0 0 0 0 3.2447929246257 9.18254705359272 1.77797159526196 0 0 1.21295936313651 0 0 0 2.80186723458339 0.647901294695837 27.0064891392435
24.0319108616772 20.554780187808 0 0 0 0 0 0 0 78.0800579615299 28.8470469717272 37.2587783747149 0 0 2.48087518424069 0 0 0 1.85354396212025 0.428611862121984 42.7952698183006
2.71903063838661 2.78522461720706 0.0130965965760572 0 0 0 0 0 0 3.2447929246257 9.18254705359272 1.77797159526196 0 0 1.21295936313651 0 0 0 2.80186723458339 0.647901294695837 27.0064891392435
24.0319108616772 20.554780187808 0 0 0 0 0 0 0 78.0800579615299 28.8470469717272 37.2587783747149 0 0 2.48087518424069 0 0 0 1.85354396212025 0.428611862121984 42.7952698183006
2.71903063838661 2.78522461720706 0.0130965965760572 0 0 0 0 0 0 3.2447929246257 9.18254705359272 1.77797159526196 0 0 1.21295936313651 0 0 0 2.80186723458339 0.647901294695837 27.0064891392435
24.0319108616772 20.554780187808 0 0 0 0 0 0 0 78.0800579615299 28.8470469717272 37.2587783747149 0 0 2.48087518424069 0 0 0 1.85354396212025 0.428611862121984 42.7952698183006
0.875191821890669 2.93149782311352 0.148089866872764 0.0336760472490855 0.104092780932459 0.0153348985031786 0.047253993173659 0 0.00282959164446806 4.14883692973 3.61374652219524 1.28578499290738 0.904582746316517 0.389081985471051 0 0 0 0 0 0 0
1.74967354899684 9.71206324912193 0.296059579695326 0.067324771133263 0.208101105247528 0.0306573548980382 0.156552656071469 0 0.00565688747421444 13.7451122610881 11.9723557401719 2.57052675255479 2.99688602086682 1.28903007267983 0 0 0 0 0 0 0
0.360337598392227 1.20696841406812 0.0609721727745103 0.0138652415225545 0.0428575104942605 0.00631374786648111 0.0194556096032238 0 0.00116501118051547 1.70817630830953 1.48786667155211 0.529388717769451 0.372438551414455 0.160194445052564 0 0 0 0 0 0 0
