151.648824054021 2.92005 76.6746 0 34.15365 0.7614 0 4.0905 0.56295 4.23225 10.2465 273.6018 8.5374 16.0461 0 0 0 0.56437241877543 0.102613167050078 20.2798110955236
54.5015483886005 2.2761 28.1313 0 8.80065 0 0 0.0887911361843037 0 2.24775 15.4062 87.75945 5.4837 11.3724 0 0 0 0.202831580679606 0.0368784692144739 7.28842516669055
303.210931245053 4.37805 91.91475 0 33.1209 1.0611 0 0.401258863815696 1.05705 3.564 5.54445 360.92385 3.1914 16.4673 0 0 0 1.12842211427213 0.205167657140388 40.5480256514024
0 0 0 0 0 0 0 0 0 0 0 0 0 0 0 0 0 0 0 0
1.80750461292743 0.72495 2.6811 0 1.8225 0.0443840539210988 0.0013929420516633 0.205355220967179 0.381181709826623 2.90385 24.41745 0 5.346 32.0517 0 0 0 0.00672676334095552 0.00122304788017373 0.241715373219103
9.10256071187893 0 4.3659 0.0464669334078018 0 0.0487604657309104 0.00153029066015498 0.0081 0.098414757243276 2.1141 11.7207 17.19225 1.72935 16.03395 0 0 0 0.0338758591638225 0.006159247120695 1.21727427082903
49.7754793556988 2.53125 18.873 0 3.2967 1.34361849250963 0.00530758772845175 0.0405 0.341337088073236 6.49215 31.45635 54.20925 2.6082 44.12475 0 0 0 0.185243161989012 0.0336805749070931 6.65641375605469
8.36817727844065 0 7.4439 0.0404122769758595 0.18225 3.76435696129645 0.00133089329285006 0.196748872883326 0 0.63585 7.06725 13.21515 0.4131 9.7281 0 0 0 0.0311427963971074 0.0056623266176559 1.11906607571303
98.6621108657601 1.93185 72.8271 0.34797668885859 16.43895 6.5367 0.0114598799158661 2.36925 1.1664 3.17925 6.45975 199.4787 1.25145 9.86175 0 0 0 0.367178410371078 0.0667597109765595 13.1939629807513
88.4159715232134 17.04645 32.5863 0.14985 9.153 0.516443184662919 0.2187 0.0162 0.1701 14.54355 60.49485 117.99675 8.51715 55.64295 0 0 0 0.329046637969049 0.059826661448918 11.8237593433578
43.3936602201004 5.5809 17.8929 0 7.2738 0.182881067779839 0 0.812287197756423 0.369114519727289 5.46345 20.4039 73.4103 6.0183 26.18325 0 0 0 0.161492745695234 0.0293623173991334 5.80298091657795
13.3760761160567 0.0729 21.07215 0 1.5228 5.12124260561792 0.00273330040941707 0.04455 0 1.4175 13.17465 35.8101 1.4661 15.92055 0 0 0 0.0497800657435629 0.00905092104428417 1.78876624019414
64.1921578276237 0 67.39605 0.309665658682424 2.1465 8.76825 0.010198186764201 0 0 0.1944 2.7945 190.917 0.61965 4.33755 0 0 0 0.238895907077293 0.0434356194685987 8.58433847198517
80.4082112065709 38.64105 58.31595 0 9.0801 0.471479623902662 0.40095 0.081 0.73305 22.23855 84.1266 168.08715 18.01035 91.2141 0 0 0 0.299245160199149 0.0544082109452998 10.7528913855431
21.9827247677171 7.5897 0.6156 2.53935 0.4293 0.142953849775317 0.00448644076436061 0.0243 0 21.303 43.90605 13.87125 6.5124 68.9067 0 0 0 0.0818103511571682 0.0148746093013033 2.93972279993008
45.8434115995403 4.5765 15.8193 0 5.67405 0.173391023181534 0.00544167614792103 0 0.349960468973873 4.6089 21.6594 60.75405 5.52825 37.0413 0 0 0 0.170609678319257 0.0310199415125922 6.13058316154057
12.652532290492 0.8991 3.9852 0.0569891343272374 0.4698 0.0598020253888961 0.00187681720301874 0.0243 0.120700278864924 3.4182 15.80715 0 0.9477 19.2375 0 0 0 0.0470873433866887 0.00856133516121612 1.69200761253372
117.235778957221 10.7082 68.688 0 5.589 0.365889473728723 0.0114830167411863 1.59272870267757 0 4.52385 4.68585 190.7955 1.98855 13.6161 0 0 0 0.43630170263331 0.0793275822969655 15.6777968158993
32.45649587561 1.07325 31.4199 0 0 0.163230777693518 0.00512280862805368 0.02835 0 2.0493 30.35475 58.96395 2.04525 33.91875 0 0 0 0.120789272165854 0.021961685848337 4.34036735389085
9.37084100675122 0 7.77195 0 0 6.73376639481058 0.00186314544260227 0.0405 0.74115 1.30815 8.97885 14.6205 0.4779 14.78655 0 0 0 0.0348742843073826 0.00634077896497866 1.25315106535481
158.122779856545 5.34195 64.25325 0 10.21815 0 0.014283939780971 1.99742508999496 0.2349 2.3409 7.02675 240.3027 0.8262 12.63195 0 0 0 0.588465728552856 0.106993768827792 21.1455652583728
27.0258523309225 0.51435 22.06035 0.60345 1.82655 1.215 0.00389045717759007 0.06885 0 2.90385 11.53035 60.9768 2.7702 18.9864 0 0 0 0.100578726835606 0.0182870412428375 3.61413405864185
35.3425414719634 0 28.512 0.121281538306295 4.0419 0 0.00399415222197965 0.554000837079087 0.256868535862991 0 1.4985 78.84945 1.1826 8.58195 0 0 0 0.13152990628597 0.0239145284156309 4.72631468894084
80.6277132660119 0 59.91975 0 8.76825 4.05 0.00852960098906394 1.18308112091681 0 0.73305 1.7901 159.19335 0.36855 7.09155 0 0 0 0.300062053498425 0.0545567369997137 10.7822451265187
45.1252875779125 35.9397 27.6048 0.1215 9.35145 1.3932 1.96425 0.0405 0 12.8466 53.25345 76.8609 10.4004 88.34265 0 0 0 0.167937126167303 0.0305340229395097 6.03454931760795
67.1134321495664 0 13.5189 0.209450875904358 1.2555 3.55995 0.00689782379966358 0 2.79855 1.782 6.3099 101.16495 0.567 8.4159 0 0 0 0.249767647529392 0.0454122995507986 8.97499690126581
80.7035905211272 0 19.9422 0.228556893537433 1.4661 0 0.00752704028098495 1.04402295772465 0.484072641427788 0 3.79485 135.27405 0.2511 5.9211 0 0 0 0.300344436367311 0.0546080793395111 10.7923920987078
0 0 0 0 0 0 0 0 0 0 0 0 0 0 0 0 0 0 0 0
26.5001313490515 29.1033 8.52525 6.642 0 0.0694905155919139 0.182967881395724 0.615461858868918 0.28398647421965 28.0908 98.8848 2.997 21.2058 81.24705 0 0 0 0.0986222169583269 0.0179313121742413 3.54383003704589
3.42802599003479 19.8774 0 0 0.279293863464223 0.0262090467145722 0 0.276677628824356 0.243 9.96705 41.13585 0 3.23595 33.48945 0 0 0 0.012757654612157 0.00231957356584673 0.458425707829333
14.35706062862 5.832 0 2.025 0.291906703886663 0.0273926406529959 0.07212456812878 0.0324 0.719445340631713 12.94785 36.0855 4.94505 5.83605 37.06155 0 0 0 0.0534308728341565 0.00971470415166481 1.91995209492475
10.7257919909547 34.85025 0 2.2356 0.3159 0.0603773905888554 0 0.895198961479798 0 26.38575 101.8818 3.7098 11.1699 87.966 0 0 0 0.0399168355374842 0.00725760646136076 1.43434699730316
14.4654567073563 36.2718 1.05705 0.8586 0.6885 0.0458092370039421 0.12061529507404 0.45837210350809 0.377558334729288 20.4525 50.44275 6.57315 9.9063 62.4834 0 0 0 0.0538342769325646 0.00978805035137538 1.93444776948062
6.26529335095686 18.6381 0 0 0.04455 0.053175562217004 0 0.1782 0.217312251895448 20.10015 104.0931 2.2113 9.65925 100.278 0 0 0 0.0233167568879898 0.00423941034327087 0.837849989329184
10.5117097354505 37.4544 0.6237 2.8593 0.4698 0.0544508043955306 0.14336846166245 0.543008521248916 0.222523776475043 52.245 58.1094 8.6589 13.79025 77.42385 0 0 0 0.0391201124431282 0.00711274771693239 1.40571804005532
82.8633823899476 94.53105 54.7884 4.19985 0 0.114268905724271 0 0 0.9558 43.46865 38.7423 69.44535 13.34475 51.86835 0 0 0 0.308382263028093 0.0560695023687442 11.0812184142335
37.0687490258386 49.93245 5.67405 4.0662 5.17995 0.0826048304278435 0 0.917912394204025 0.78165 52.21665 67.76055 23.51025 16.8318 86.35005 0 0 0 0.137954116553119 0.0250825666460217 4.95715830624304
19.9584279973172 38.88 1.08135 4.28895 0.8181 0.066185695720167 0 0.01215 1.03998068662671 65.07945 67.5459 15.4548 10.61505 46.06875 0 0 0 0.0742767796193964 0.0135048690217084 2.66901607759924
43.7269781622145 44.5986 4.54005 6.18435 0 0.0933872067100422 0 0.37665 0.381644938807916 54.54945 74.5119 32.33925 15.552 91.7163 0 0 0 0.162733213297839 0.0295878569632434 5.84755511583724
49.0681949419446 74.6091 21.4245 5.47155 2.86335 0.0886160149966479 0.23332514348987 0.0648 1.89135 47.304 20.32695 36.0774 13.1868 43.7805 0 0 0 0.182610950246899 0.0332019909539817 6.56182947957765
76.8230109023685 90.11655 52.6338 2.9727 0.8181 0.128313019372185 0.0972 1.15668953778748 4.8276 38.81925 41.08725 97.42275 8.74395 23.21865 0 0 0 0.2859025696443 0.0519822853898727 10.2734469496077
18.2376402473787 20.30265 0.1782 3.24405 0 0.0638177245250281 0 0.0486 0.556453512914106 40.7754 108.1836 6.3261 11.56275 103.9554 0 0 0 0.0678727395571674 0.0123404981013032 2.43889724402483
10.8396078736278 18.5409 0 0.5589 0.874773285919123 0.0478842471580681 0.74925 0.4212 0.406288266308739 42.7275 88.82865 1.9197 8.1324 50.63715 0 0 0 0.0403404098408127 0.00733461997105686 1.44956745558682
10.0076679693268 19.3104 4.76685 1.53495 0.8829 0.0379361048562938 0.0998854113376269 0.0162 0 22.4775 50.80725 10.0278 11.7531 32.93865 0 0 0 0.0372442833855304 0.00677168788827825 1.33831315337053
86.0583568106994 94.53915 21.1491 27.94095 5.60115 0.475825251266557 0.1458 13.8753 2.35305 89.57385 208.53045 24.52275 50.29695 158.7519 0 0 0 0.320272598828672 0.0582313816052132 11.5084784217677
11.5306328755716 20.7684 0 2.2518 0 0.04296265833271 0.113120279901607 0.1053 0 16.18785 72.4545 4.8195 7.6221 57.0726 0 0 0 0.0429121109681646 0.00780220199421174 1.54197738088048
13.0644373896899 30.2859 6.77565 1.71315 0 0.259233099444721 0.128050498622918 0.491482417681012 2.61225 18.01845 52.1073 12.46185 8.84925 27.8316 0 0 0 0.0486202789606395 0.00884005072011628 1.74709117584602
30.4213594973364 27.945 18.52875 2.36925 2.38545 0.0649864354159137 0.36855 0.22275 1.74555 39.80745 27.16335 24.03675 27.39015 30.86505 0 0 0 0.113215360218241 0.0205846109487711 4.06821106410442
65.6609246945003 16.8237 33.6879 0.55485 4.4307 4.6008 0.7776 0.2754 0.97605 11.84625 96.04575 109.81575 17.5122 41.21685 0 0 0 0.244362032610723 0.0444294604746769 8.78075486221718
53.9134996614562 55.05975 10.29915 7.78005 5.4351 0.7047 1.51875 0.0243 1.1988 61.3818 92.8827 37.86345 34.0929 138.9879 0 0 0 0.200643113445742 0.0364805660810441 7.20978613222496
135.752539107346 78.12045 36.9522 2.81475 11.72475 1.37295 0.7857 0.13365 3.6288 66.8088 76.6665 151.3647 19.197 67.0599 0 0 0 0.505213207743879 0.0918569468625234 18.1540204219055
27.0610810565118 50.7708 2.35305 1.00035 2.0655 0 0 0.0162 0 25.191 15.1956 16.7427 16.39845 28.8765 0 0 0 0.100709833167589 0.0183108787577435 3.6188451528725
39.4507528560683 50.15115 3.4587 3.75435 0.15795 0 0.7047 0.0729 2.0655 53.3709 221.74965 26.5761 44.2098 144.99405 0 0 0 0.146818921615638 0.0266943493846614 5.27570075460824
26.1099054656009 12.6846 6.9741 7.65855 0.8505 0 0.20655 3.86775 0.65205 25.9443 17.1396 32.26635 3.7422 25.62435 0 0 0 0.0971699622040577 0.0176672658552832 3.49164560864476
0.463393236597588 0 0 0.1944 0 0 0 0 0 0 2.96055 0.1053 0 3.1914 0 0 0 0.00172455252069474 0.000313555003762681 0.0619690087263367
4.53908579708163 1.43775 0.5103 0.8748 0 0 0 0.0162 0.68445 4.1148 9.8091 2.45835 0.87075 4.1877 0 0 0 0.0168925466208403 0.00307137211288006 0.607006372026982
49.7348308261727 25.6932 11.59515 3.64905 0.98415 0 0.49005 0.1215 2.3085 48.6162 51.51195 48.07755 14.3451 54.07155 0 0 0 0.185091885452109 0.0336530700822016 6.65097787809624
73.5467394225645 33.70815 20.74005 0.91125 3.74625 0 0 2.2923 6.0912 38.51145 74.5524 63.04635 14.87565 98.92935 0 0 0 0.273709680769914 0.0497653965036208 9.83531518615659
10.8558672854382 3.29265 1.9197 3.5964 0 0 0 0.0243 0 25.6608 30.03075 2.84715 4.3821 35.4132 0 0 0 0.040400920455574 0.00734562190101345 1.4517418067702
17.866383677707 11.34405 5.8482 0.53865 0 0 0 0.08505 2.2356 7.128 8.50095 16.2405 2.22345 11.6154 0 0 0 0.0664910805201196 0.0120892873672945 2.38924955867098
57.6531643778578 5.09895 17.09505 3.969 0 0 0 1.5147 1.16235 14.08995 27.19575 58.0446 8.09595 22.08465 0 0 0 0.214560554840823 0.0390110099710587 7.70988690440242
88.5839854452546 66.78045 31.86135 3.078 11.71665 0.7857 0.58725 0.3969 0.35235 34.87455 81.34425 118.1466 10.8216 51.1677 0 0 0 0.329671914321582 0.0599403480584694 11.8462276389194
41.1363118804174 13.5837 12.9114 1.6119 2.44215 0.04455 0 0 0.7857 16.7265 41.7798 49.5234 5.63355 24.44175 0 0 0 0.153091855345884 0.0278348827901608 5.50110849395199
1.98364824087388 1.89945 0 0.5103 0 0 0 0.02025 0 6.41925 12.9114 0 1.0125 13.15845 0 0 0 0.00738229500086873 0.00134223545470341 0.265270844372389
110.62090825234 148.4001 38.6208 1.3041 29.7675 3.7908 8.49285 0.64395 0.64395 76.8771 113.22585 109.35 19.0431 86.76315 0 0 0 0.411683967527954 0.074851630459628 14.7931982761274
15.6334244557397 16.48755 3.5235 3.55185 3.2319 0.63585 1.377 0.03645 1.3203 13.932 63.34605 5.1354 10.85805 37.3572 0 0 0 0.0581809560929122 0.0105783556532568 2.0906386628201
28.0366457651383 42.2496 4.8843 2.55555 1.1745 0.83025 1.0773 0.01215 0.486 37.16685 46.48995 13.15845 5.88465 53.94195 0 0 0 0.104340470053262 0.0189709945551386 3.74930622387532
56.9973681015033 20.39985 6.07095 11.5101 0 0 0 0.10935 2.10195 35.09325 43.3593 75.0465 9.5661 56.5056 0 0 0 0.212119960045454 0.0385672654628097 7.62218807333941
21.9122673165386 3.89205 3.6207 7.22925 0.86265 0 0.06075 0.07695 0 32.9103 34.4979 16.00965 6.79185 35.99235 0 0 0 0.081548138493203 0.0148269342714914 2.93030061146876
30.7573873414188 22.0887 10.8459 2.46645 1.16235 0 0.7938 0.2754 0.9315 25.57575 24.6159 33.32745 12.2877 33.8742 0 0 0 0.114465912923306 0.0208119841678738 4.11314765522761
4.14615001166263 4.7628 0 0 0 0 0 0.0891 0 7.0308 24.41745 0 3.54375 24.68475 0 0 0 0.0154302067641109 0.00280549213892925 0.55445955176196
256.115544936109 210.6324 58.2228 2.36925 22.28715 0.65205 0.35235 1.97235 10.33965 115.7247 75.1356 161.2791 31.43205 143.0541 0 0 0 0.953153118616263 0.173300567021139 34.2500174487416
64.9590600846829 56.1492 17.45955 0.61965 8.25795 1.69695 0 0.3078 3.33315 18.2979 31.52115 64.071 7.39935 46.2429 0 0 0 0.241749991073531 0.043954543831551 8.68689536946794
15.9857117116326 1.50255 5.0058 1.9116 0 0 0 0.60345 0.7938 8.6589 22.0158 13.0653 1.3446 8.59815 0 0 0 0.0594920194127386 0.0108167308023161 2.13774960512667
44.2418595362118 7.03485 5.8482 4.61295 0.49815 0.32805 0 0 0.7938 19.98675 50.62095 40.00995 9.5418 46.89495 0 0 0 0.164649382765277 0.0299362514118686 5.91640956997762
0.859038923985002 1.07325 0 0.2916 0 0 0 0.0081 0 5.2245 29.0709 0 3.33315 26.82315 0 0 0 0.00319697747988441 0.000581268632706256 0.114878220855256
30.2994139087581 28.75095 3.1104 1.944 1.76175 0 0.7776 0.1377 0.9963 24.61185 16.86015 24.6402 9.8577 52.0749 0 0 0 0.112761530607532 0.0205020964740967 4.05190343022907
15.9640324958853 6.23295 3.46275 1.5066 0.6885 0 0 0.0081 0.2349 8.3511 8.9343 32.17725 3.9852 7.86105 0 0 0 0.059411338593057 0.010802061562374 2.13485047021549
89.4376045653028 12.4821 11.04435 4.33755 8.2458 0 0.2916 0.7695 2.6325 17.4069 16.8318 100.0593 6.43545 27.459 0 0 0 0.332848721596546 0.0605179493811902 11.9603810760469
44.8705567928822 34.2873 14.14665 4.2363 6.64605 0 0.42525 0.1296 0.39285 20.81295 48.34485 50.6169 5.84415 30.55725 0 0 0 0.166989126536044 0.0303616593701899 6.00048448240165
9.0917211040053 17.4636 4.93695 2.187 0.3078 0 0 0 0 26.24805 38.20365 2.25585 8.21745 50.41035 0 0 0 0.0338355187539817 0.00615191250072394 1.21582470337345
57.7724000644677 10.5057 14.14665 4.0581 2.61225 0.78165 0.1134 2.71755 1.94805 15.88005 29.2572 51.58485 7.50465 15.51555 0 0 0 0.215004299349072 0.0390916907907403 7.72583214641387
55.4960824110058 15.58845 10.63125 3.0942 3.75435 0 0 1.0611 2.07765 25.6608 20.7765 62.35785 7.8975 24.49845 0 0 0 0.206532813282501 0.0375514205968184 7.42142298074064
62.495759195401 48.89565 13.3488 13.7457 1.0692 0 0 0.11745 0.80595 62.2242 102.2382 60.13035 32.7483 100.5372 0 0 0 0.232582632937206 0.0422877514431283 8.35748116518583
3.88328952072715 6.06285 0 3.9123 0 0 0 0 0 4.5279 28.37835 1.64835 2.99295 20.4606 0 0 0 0.0144519518254712 0.00262762760463112 0.519307540963979
1.90777098575849 17.9901 0.6237 0.40905 0 0 0 0.03645 0.21465 14.06565 138.58695 0 8.46045 121.4595 0 0 0 0.00709991213198304 0.00129089311490601 0.255123872183281
22.5030259456513 27.40635 3.9528 4.5117 1.41345 0 0 0.0486 0 51.8805 183.20175 10.72845 22.4937 117.2556 0 0 0 0.0837466908295272 0.015226671059914 3.00930203779824
34.9821245101653 18.79605 4.79925 0.40905 1.5066 0 0.243 0.0162 4.19985 19.2051 10.9431 46.8909 5.22045 16.362 0 0 0 0.130188587658763 0.0236706523015933 4.67811657104258
1.92132049560052 7.66665 0.26325 0 0 0 0 0.07695 0.42525 5.97375 98.091 0 7.81245 82.0368 0 0 0 0.00715033764428406 0.00130006138986983 0.256935831502764
6.4766657044926 4.92885 0 0.6075 0 0 0 0 0.5427 10.94715 44.27055 3.7017 2.41785 26.5599 0 0 0 0.0241033948798856 0.00438243543270647 0.866116554713127
200.21568713181 31.4523 71.2719 1.0206 19.0593 0 0 0.93555 1.50255 34.1496 80.7732 202.19625 7.1037 77.8896 0 0 0 0.745117625067192 0.135475931830399 26.7745980802803
51.1900481832072 2.69873864232723 32.1489 0.224218190082913 2.3976 6.33534716922103 0.0535476017863992 7.40745 0.186485545489747 0.70065 1.2474 119.9205 0 5.5242 0 0 0 0.190507585473238 0.034637742813316 6.84558230900877
3.92664795222166 1.4013 0 0 0.491778115886048 0.178992096299178 0.0480197065566964 0.01215 0.167234028653691 3.90825 113.39595 12.7008 11.7531 219.6315 0 0 0 0.0146133134648344 0.00265696608451535 0.525105810786327
0.395645687387414 0 0 0.0346095064026636 0.0846475290041395 0.0308090949425394 0.00826541355181019 0 0.0287852322697143 0.8019 20.18925 0 0.4779 30.46005 0 0 0 0.00147242495918966 0.000267713628943575 0.052909212128919
11.8449815039068 8.3997 7.08345 0.134989888991608 1.7496 0.6723 0.0322381730859564 0 0.112273063460602 1.7982 33.291 45.36 4.45095 60.43005 0 0 0 0.0440819828535481 0.00801490597337239 1.5840148370925
0 0 0 0.067258079255081 0.164499029494076 0.05987258313696 0.0160625185830702 0 0.055939527447966 3.98115 43.3107 0 8.59815 125.064 0 0 0 0 0 0
1.44708765112931 1.3284 3.2967 0 0 0.0721056569618952 0.0193443876013419 0.01215 0.0673690054017996 2.30445 52.22475 6.8688 1.3446 122.0184 0 0 0 0.0053854447137485 0.000979171766136091 0.193517255320841
0 0 0 0 0 0 0 0 0 0 0 0 0 0 0 0 0 0 0 0
51.8404246556249 38.0619 12.5793 0.1377 2.9727 0.4131 1.28279147682331 0.02025 0.7857 29.60145 161.0604 37.84725 31.78845 524.15505 0 0 0 0.192928010063687 0.0350778200115794 6.93255635634398
0.810260688553677 2.02095 0 0.0595929647438212 0.145751781400934 0.05304916190768 0.0142319423067016 0 0.0495643396884668 0.13365 28.98585 0 17.8281 61.4871 0 0 0 0.00301544563560075 0.0005482628428365 0.108355167305115
1.32243216058259 8.9748 4.81545 0.5265 0.36855 0.227820692188139 3.12291936232163 0.00405 0 8.424 161.3115 2.6325 27.21195 366.71535 0 0 0 0.00492153000057915 0.000894823636468937 0.176847229581592
4.34126295338793 3.726 0.97605 0.104775980170882 0.256259876037103 0.0932707067019568 0.0250225124950628 0 0.0871437139384831 2.94435 69.51825 2.6892 3.22785 144.24075 0 0 0 0.0161563341412455 0.00293751529840827 0.580551765962523
3.88057961875875 0 3.66525 0.118490865912407 0 0.10547958399771 0.0282978901080992 0 0.0985505848435242 1.9683 56.16945 10.77705 19.1403 98.2368 0 0 0 0.014441866723011 0.00262579394963836 0.518945149100083
2.04597598614724 5.96565 7.8489 0 0 0.148162261474483 0.748498728943256 0.0162 0.138429418913583 2.49075 92.74905 18.6705 13.83075 189.783 0 0 0 0.00761425235745341 0.00138440951953698 0.273605857242013
31.9443244035811 0.3402 23.38875 0.164563096751361 0 2.349 0.0393008219820168 0 0.136869532546897 1.09755 13.5108 86.39055 1.8873 27.4509 0 0 0 0.118883187800875 0.0216151250547046 4.27187529161437
19.1400376028583 0.962176063411855 13.9725 0 0 0.0711619923238033 0.0190912227971633 0 0.0664873304988901 0 1.1178 37.67715 0 6.3342 0 0 0 0.0712310786764151 0.0129511052138937 2.55957373470243
4.85614432738525 1.31625 8.23365 0 0 0.912689451014858 0.808210740972458 0.0081 0.464819089553326 2.1708 65.00655 46.51425 8.9748 111.1401 0 0 0 0.0180725036086841 0.00328590974703347 0.649406220102897
1.18151725822543 0.335151530127091 0.7938 0 0.0681036049016811 0.0247876158232862 0.00664998099181318 0.00405 0 0.2511 6.05475 10.8054 0.26325 6.72705 0 0 0 0.00439710467264859 0.000799473576845198 0.158002852658964
6.86418168597479 3.9447 0 0 0.2106 0.0855278173637666 0.0229452628197509 0 0.0799094583248671 7.65855 43.6509 8.28225 4.617 125.33535 0 0 0 0.0255455645316947 0.00464464809667176 0.917938591250356
0.864458727921816 0.1053 0 0.0465809086509988 0.113927045656194 0.0414659377236287 0.0111244138861792 0 0.0387420224736332 0.6237 26.3331 0 6.9093 64.9377 0 0 0 0.00321714768480482 0.000584935942691785 0.115603004583049
24.7197257558082 5.94945 2.28825 0.233288963891577 2.4381 1.41457189667372 0.0557138764477958 0.01215 0.19402984062966 5.20425 91.5705 49.60035 15.1146 143.17155 0 0 0 0.0919963046419734 0.0167266008439952 3.30573858246575
1.9890680448107 0 1.4175 0.0598414790947435 0 0.0532703873173426 0.0142912922974248 0 0.0497710327059987 2.3652 31.79655 6.45165 1.59165 61.71795 0 0 0 0.00740246520578914 0.00134590276468893 0.265995628100182
15.0778945522162 0 13.75785 0.166205621289488 0 0.147954862652924 0.0396930883269529 0.0162 0.138235644209647 0 30.4074 72.76635 3.4344 55.53765 0 2.70135 0 0.0561135100885705 0.0102024563797401 2.01634833072127
46.0520740511076 1.97632374884314 31.70745 0 5.1435 0.146167776140494 0.0392136516831421 0 0.136565952177397 0.27135 2.62845 81.17415 1.44585 3.7665 0 0 0 0.171386231208693 0.0311611329470351 6.15848733506062
0.0379386275576972 0.0369690224976333 0 0.00307148205593032 0.00751219515789008 0.00273420779754837 0.000733528791594509 0.00405 0.00255459651355817 0 1.48635 0 0.1215 8.02305 0 0 0 0.000141191434442845 2.5671169898699e-05 0.00507348609455388
21.9935643755908 13.83075 3.98925 0 3.95685 0.289822569893102 0 0.0324 1.33245 13.1544 132.03 39.8763 20.91015 313.3971 0 0 0 0.081850691567009 0.0148819439212744 2.94117236738566
0 0 0 0.0516521546245071 0 0.0459803187395556 0.0123355246343744 0.00405 0.0429598518626432 0.3645 28.62945 0 0.55485 36.8631 0 0 0 0 0 0
10.9588435602377 3.72195 5.1921 0 0 0.156202422456907 0.556255730168602 0 0.145941418269507 7.22115 77.0715 10.6677 4.9329 139.2228 0 0 0 0.0407841543490617 0.00741530079073849 1.46551269759828
0.162594118104417 1.43775 0 0.0503163899882997 0.123063242548596 0.0447912321626193 0.0120165184342372 0 0.0418488768934093 1.5471 31.7763 0 2.9808 127.8423 0 0 0 0.000605106147612191 0.000110019299565853 0.0217435118338024
14.6334706293975 0.663339236800139 1.782 0.0551119403537535 0 0.0490601912397017 0.0131617877864739 0 0.045837406216095 0.56295 4.5036 24.7293 0.6156 5.1678 0 0 0 0.0544595532850972 0.00990173696092676 1.95691606504221
6.83166286235391 6.6825 9.16515 0.0931346360448656 0.227787611709221 0.0829076789180755 0.022242336367123 0.0081 0.0774614378984738 2.1627 30.8205 12.39705 5.6457 55.50525 0 0 0 0.0254245433021722 0.00462264423675859 0.913589888883595
0 2.73375 0 0.0388148351846769 0.289332873322717 0.0345526436716733 0.00926972667607928 0 0.0322828656757617 1.81845 27.1917 0 2.77425 44.5014 0 0 0 0 0 0
36.0362763758756 2.7621 25.3692 0.238150525881495 3.60045 0.94365 0.0568749106413184 0.0486 0.3483 3.55185 34.14555 116.18235 1.00035 45.96345 0 0 0 0.134111692515782 0.0243839440937785 4.81908700609839
4.49030756165031 0.342068616510971 4.5117 0.0284199458500051 0 0 0.00678722784536057 0 0.0236372843018107 0 5.1921 11.74095 0 3.36555 0 0 0 0.0167110147765567 0.00303836632301031 0.600483318476842
0 0.6804 0 0.0607656418372358 0.148619901423289 0.0540930693095253 0.0145120000754266 0 0.0505396723649454 0.9153 34.48575 0 6.75945 193.8168 0 0 0 0 0 0
28.7195410611768 0.69255 19.33065 0.200151128410782 0 0 0.0477999261222996 0 0.166468618573143 0.3159 7.96635 67.7079 2.1465 17.76735 0 18.5976 0 0.106881915873233 0.0194330756133152 3.84062897357729
0 0.167832818949433 0 0.013943984908781 0 0.012412819470286 0.00333009088573436 0 0.0115974160305782 0 2.8512 0 0.08505 1.9116 0 0 0 0 0 0
33.4591596039206 1.57200135487724 10.5624 0.130605940519869 0 0.116264322718761 0.031191202155855 0.01215 0.108626869448204 0 5.751 62.9532 0.70875 6.6906 0 0 0 0.124520760076129 0.0226401381956598 4.47445234353263
9.2841241437622 0 0 0.050588202559621 0 0.0450331974544377 0.0120814324865907 0 0.0420749473813348 1.2555 13.74165 17.5365 0.61155 16.2972 0 0 0 0.0345515610286561 0.0062821020052102 1.24155452571011
23.8823660475704 0 15.53175 0 0 0 0.0243474063505864 0.0081 0.0847925808640579 0.6885 8.8209 44.307 1.3932 5.89275 0 0 0 0.0888800079817707 0.016160001451231 3.19375949652167
13.8259198428122 0.652510466069299 3.45465 0.0437812391663898 0 0.0389736952178988 0.0104557991469382 0 0.0364134964480005 0.0567 2.9727 19.40355 0 1.97235 0 0 0 0.0514541927519566 0.00935530777308303 1.84892328960099
16.1645652415474 5.0706 5.23665 0 0 0.208014104729287 0.0558056834646958 0 0.959799568891155 11.01195 94.45005 34.72875 20.2986 147.03525 0 0 0 0.060157636175112 0.0109377520318385 2.16166746814385
5.17862266162567 1.13805 4.5927 0.0962643636517933 0 0.0856937364210136 0.0229897753127933 0.00405 0.080064478088016 2.5191 46.737 16.03395 2.5677 76.75965 0 0 0 0.0192726308014483 0.00350411469117242 0.692530851906605
3.26001206799356 1.20249807818155 5.0706 0.0999066521074983 0 0.817936071331381 0.0238596236143301 0.00405 0.0830938226262177 2.40165 38.10645 16.3053 6.92955 70.47405 0 0 0 0.0121323782596244 0.00220588695629535 0.435957412267737
17.7010796576342 3.17925 3.32505 0 2.3571 0.155894780871595 0.0418231965877527 0.0081 0.145653985792002 4.2606 74.63745 31.12425 17.6985 145.44765 0 0 0 0.0658758892700472 0.0119774344127359 2.36714365497328
2.91585451800587 0.195501164484956 0 0.0162427426548123 0.0397263114354668 0.0144591545096648 0.00387907829992393 0 0.0135093264427482 0 0.98415 8.99505 0 1.04895 0 0 0 0.0108515702471786 0.0019730127722143 0.389933645552855
14.7554162179758 0.685305659775977 8.4078 0.0569369676183391 0 0.0506848153419113 0.0135976392808474 0 0.0473553080635948 0 4.0905 25.38945 0 4.42665 0 0 0 0.0549133828958063 0.00998425143560115 1.97322369891756
2.75055049793305 7.99875 1.7172 0.111641189115111 0.657800724379896 0.0993820586438853 0.0266620559887911 0.0486 0.0928536085478015 9.72405 68.15745 0.6318 3.9528 186.96825 0 0 0 0.0102363789971062 0.00186115981765568 0.367827741855156
1.37663019995073 0.0324 0 0.0782936696507244 0.191489748379947 0.0696963739847887 0.0186980291086221 0.0162 0.0651179892577414 1.24335 48.3975 0 6.82425 87.2289 0 0 0 0.00512323204978322 0.000931496736324221 0.184095066859527
9.48736679139272 0.520136853825741 4.56435 0.0432143158033483 0.105693071949632 0 0.496320406980601 0 0.0359419780017559 0 3.0051 23.03235 0.0729 5.7672 0 0 0 0.0353079437131713 0.00641962612966752 1.26873391550237
20.6521629012293 1.76801662713397 36.3528 0.146891396578746 0 4.51691150034571 0.0350804812354345 8.1324 0.12217172125334 0 0 68.49765 0 0 0 0 0 0.0768585658492085 0.0139742846998561 2.76178839475679
35.7300574534456 0 27.3051 0.131102969221713 0.5265 0.116706773538086 0.0313099021373014 0 0.109040255483267 0.04455 3.7746 61.60455 0 14.0211 0 0 0 0.132972075937779 0.0241767410795962 4.77813672547807
5.18404246556249 3.726 1.69695 0.0780606874467348 0 0.06948897516323 0.0186423884923191 0.0081 0.0649242145538052 1.6767 37.01295 11.5911 3.30075 51.8481 0 0 0 0.0192928010063687 0.00350778200115794 0.693255635634398
14.3109922951571 4.45905 3.94875 0.154552628053272 1.72935 0.137581464927965 0.036910130168198 0 0.12854367943444 5.9697 57.6963 27.46305 5.65785 121.8402 0 0 0 0.053259426092333 0.00968353201678782 1.9137914332385
10.2596888523887 6.885 0 0 2.71755 0.105251445293995 0 0 0.0983374326691944 10.40445 54.432 3.7665 12.09735 112.6548 0 0 0 0.0381821979143293 0.00694221780260532 1.37201559671293
3.1597456951625 0 1.26765 0.0441889580233717 0 0.0393366431556264 0.0105531702254684 0 0.0367526021798887 1.67265 15.45075 12.59145 0.97605 36.35685 0 0 0 0.0117592294685969 0.00213804172156307 0.422548913303559
1.26552421924604 0 0.66825 0.0779791436753384 0 0.0694163855756845 0.0186229142766131 0.01215 0.0648563934074276 2.35305 43.70355 7.30215 3.49515 68.8257 0 0 0 0.00470974284891489 0.000856316881620889 0.169237000439762
14.3462210207464 1.02784164698856 10.9026 0.0853957438356758 0 1.1857185813953 0.0203941405622585 0 0.0710248881493948 0 6.18435 45.42075 0.4293 8.70345 0 0 0 0.0533905324243156 0.00970736953169376 1.91850252746916
2.50936922274483 0 3.645 0.0548323617089659 0.134108353760513 0.0488113126538313 0.0130950190469103 0 0.0456048765713716 1.4985 20.75625 12.07305 1.6524 20.28645 0 0 0 0.00933880487814815 0.00169796452329966 0.33557486596835
0 0.8829 0 0.097728268500195 0.239022664644472 0.0869968923498072 0.0233393838518971 0 0.0812820291444147 0.7533 73.3941 0 6.82425 90.40815 0 0 0 0 0 0
24.0043116361487 0 14.57595 0.101704498114952 1.04895 0.0905364989044084 0.0242889837034682 0 0.0845891174249249 0 4.42665 55.2339 0.6156 1.77795 0 0 0 0.0893338375924798 0.0162425159259054 3.21006713039702
0 0.648 0 0.0240359973782663 0.0587869633721108 0.0213966450908021 0.00574025691525918 0 0.0199910902894122 1.0125 16.7508 0 0.9801 30.2292 0 0 0 0 0 0
4.23015697268324 6.72705 0.3969 0.141816267568505 0.36045 0.948393662682758 1.64981844314363 0.02835 0.117950662285931 11.22255 71.93205 2.23965 14.9283 255.4092 0 0 0 0.0157428449403772 0.00286233544370494 0.565693699542758
57.8807961432039 84.3129 10.5543 0 2.3085 0.421237376526722 1.6196088737422 0.27945 3.57615 22.98375 120.8844 48.60405 27.07425 281.1591 0 0 0 0.21540770344748 0.0391650369904509 7.74032782096974
27.1586375273744 12.7332 7.75575 0.0972 2.56365 0 0.0567877403424437 0.0243 1.9764 10.4004 89.41995 20.95065 19.683 171.3312 0 0 0 0.101072896856156 0.018376890337483 3.63189125997279
2.82371785108004 1.6362 2.4381 0.064943789362117 0.8262 0.0578124215094773 0.0155098217944604 0 0.0540146987222003 0 31.82085 13.10985 3.76245 47.27565 0 0 0 0.0105086767635317 0.00191066850246031 0.377612322180367
7.83432659066448 0 0 0.0391254781233298 0 0.0348291754337515 0.00934391416448328 0.02025 0.0325412319476765 0.972 10.76085 10.5381 0.18225 10.1412 0 0 0 0.0291560312124474 0.00530109658408135 1.04767487852538
18.5628284835876 0 10.7325 0.0987067937569516 0 0 0.0235730744403697 0 0.402045882900947 0 4.3821 45.0117 1.38915 9.19755 0 5.11515 0 0.0690829518523918 0.0125605367004349 2.48238426769243
0.9755647086265 0 0.44145 0.054086818656199 0.132284913216499 0.0481476364248436 0.0129169690747407 0.00405 0.044984797518776 3.0861 37.58805 0.67635 5.0382 60.7176 0 0 0 0.00363063688567315 0.000660115797395117 0.130461071002814
23.7414511452133 0.2349 24.49035 0.124373666563145 3.01725 0 0.0297028156697498 0.0648 1.60194339611791 0.6561 4.39425 61.86375 0.9396 8.58195 0 0 0 0.0883555826538401 0.0160646513916073 3.17491511959904
0 0.00434654752500619 0 0.000361122416183969 0.000883229013506672 0.000321468173415928 8.62429552696452e-05 0 0.000300350791101024 0 0 0 0 0 0 0 0 0 0 0
0 0 0 0 0 0 0 0 0 0 0 0 0 0 0 0 0 0 0 0
0 0 0 0 0 0 0 0 0 0 0 0 0 0 0 0 0 0 0 0
0 0 0 0 0 0 0 0 0 0 0 0 0 0 0 0 0 0 0 0
18.2837085808417 0 17.23275 0 0.306993310339819 0.11173611511473 0.0299763820332396 0 0.104396121745598 0 5.08275 93.6684 0.4293 5.40675 0 0 0 0.0680441862989909 0.0123716702361802 2.44505790571107
0 0 0 0 0 0 0 0 0 0 0 0 0 0 0 0 0 0 0 0
0 0 0 0 0 0 0 0 0 0 0 0 0 0 0 0 0 0 0 0
0 0 0 0 0 0 0 0 0 0 0 0 0 0 0 0 0 0 0 0
0 0 0 0 0 0 0 0 0 0 0 0 0 0 0 0 0 0 0 0
0 0 0 0 0 0 0 0 0 0 0 0 0 0 0 0 0 0 0 0
0 0 0 0 0 0 0 0 0 0 0 0 0 0 0 0 0 0 0 0
0 0 0 0 0 0 0 0 0 0 0 0 0 0 0 0 0 0 0 0
0 0 0 0 0 0 0 0 0 0 0 0 0 0 0 0 0 0 0 0
0 0 0 0 0 0 0 0 0 0 0 0 0 0 0 0 0 0 0 0
0 0 0 0 0 0 0 0 0 0 0 0 0 0 0 0 0 0 0 0
0 0 0 0 0 0 0 0 0 0 0 0 0 0 0 0 0 0 0 0
0 0 0 0 0 0 0 0 0 0 0 0 0 0 0 0 0 0 0 0
0 0 0 0 0 0 0 0 0 0 0 0 0 0 0 0 0 0 0 0
0 0 0 0 0 0 0 0 0 0 0 0 0 0 0 0 0 0 0 0
0 0 0 0 0 0 0 0 0 0 0 0 0 0 0 0 0 0 0 0
0 0 0 0 0 0 0 0 0 0 0 0 0 0 0 0 0 0 0 0
0 0 0 0 0 0 0 0 0 0 0 0 0 0 0 0 0 0 0 0
0 0 0 0 0 0 0 0 0 0 0 0 0 0 0 0 0 0 0 0
0 0 0 0 0 0 0 0 0 0 0 0 0 0 0 0 0 0 0 0
35.6785693160458 2.70705784081595 19.5129 0 0.550080727863655 0.200212452391655 0.053712668948098 0.0081 0 0.11745 4.8357 82.64835 1.25955 13.6242 0 23.6439 0 0.132780458991035 0.0241419016347337 4.77125128006403
14.1565278829579 0.868842134299625 6.4314 0.0721856528694622 0.176550831839667 0.0642590682129258 0.0172393176178785 0 0.0600378624362154 0 2.0817 41.0913 0.3483 5.39865 0 0 0 0.0526845752521014 0.00957901368220026 1.89313509699639
0 0 0 0 0 0 0 0 0 0 0 0 0 0 0 0 0 0 0 0
0 0 0 0 0 0 0 0 0 0 0 0 0 0 0 0 0 0 0 0
0 0 0 0 0 0 0 0 0 0 0 0 0 0 0 0 0 0 0 0
10.4981602256085 3.0375 1.7334 0 0.891 0.0096387870013549 0.0655089051447283 0.0972 0.0338419943534956 4.0743 64.3707 7.8246 3.7746 68.3883 0 0 0 0.0390696869308271 0.00710357944196857 1.40390608073584
0.658506178322888 1.38915 0.0619952070656142 0 0.024901554603087 0.00671920123925256 0 0.0127371870889937 0.023591264167039 0.78165 65.99475 0.155256119912818 14.3613 195.0885 0 0 0 0.00245067989782937 0.000445578163241704 0.0880612229268995
3.82096177545379 6.66225 0.104301660002086 0 0.0418947464597655 0.0113044842708628 0.0768296246930165 0.04455 0.039690294308811 3.16305 92.34405 0.261205209222886 21.04785 378.2862 0 0 0 0.0142199944688865 0.00258545353979754 0.510972528094355
1.44708765112931 3.2238 0 0 0 0.00947083261226505 0 0.0891 0.0332523027785677 1.1097 91.3356 0.218836238321628 12.8385 156.3867 0 0 0 0.0053854447137485 0.000979171766136091 0.193517255320841
12.0807429751582 10.8783 0 0 0.93555 0.0103803505024967 0.54675 0.0081 0.0364456402079863 1.60785 77.06745 5.8806 23.8059 242.63955 0 0 0 0.0449593867675858 0.00817443395774287 1.61554292925151
29.1775144938376 7.0551 12.05685 0 1.0368 0.0114150008230731 0.077580737704918 0.0321779444985777 0.0400783203680383 3.56805 41.877 46.01205 4.23225 59.2434 0 0 0 0.108586298189008 0.0197429633070923 3.90187319857583
3.84264099120105 1.1664 0 0 0 0.00758307656267807 0.2997 0.0254833816891623 0 1.2231 70.15005 0.175217113195763 13.4946 150.417 0 0 0 0.0143006752885681 0.00260012277973966 0.513871663005529
1.26281431727764 3.09015 0.90315 0 0.0302982852011229 0.00817540425549876 0.0555631929430532 0.0972 0 2.95245 77.93415 0.602003635749519 13.95225 256.72545 0 0 0 0.00469965774645468 0.000854483226628124 0.168874608575865
0.449843726755553 0.4698 0.80595 0.0891 0 0.00183980571254912 0.0125040275183141 0 0.00645959854978267 0.1782 18.70695 0.0425111685381801 0.729 13.2678 0 0 0 0.00167412700839373 0.00030438672879886 0.0601570494068532
5.14068403406798 3.09825 0 0.0395016801149552 0.287324958404555 0.00758897419771481 0 0.01215 0.0266450562619328 1.1907 66.5577 0.92745 11.90295 350.87175 0 0 0 0.0191314393670054 0.00347844352127372 0.687457365812051
0.276410000777508 2.3652 0.0623784776939393 0.2592 0.025055502544077 0.00676074110342441 0.0459485978463928 0.03645 0.0237371115489296 3.1266 62.5806 0.156215953962043 6.7716 196.51815 0 0 0 0.00102868045094072 0.00018703280926195 0.036963970117464
10.0266372831057 1.89135 0.114020646058625 0.8505 0.33615 0.012357853172208 0.083988725047753 0.19845 0.0433886958199618 4.0662 99.711 5.20629470474273 9.8901 186.34455 0 0 0 0.0373148791027518 0.0067845234732276 1.34084989641781
1.93487000544256 1.2555 0.0631757752355784 0.0356404028959876 0.0253757522731733 0.00684715427765842 0.0465358950273924 0.0729 0.0240405101149612 1.296 46.3968 0 12.47805 147.1284 0 0 0 0.00720076315658507 0.00130922966483365 0.258747790822248
0.422744707071483 0 0.0154396550645015 0 0.00620163125247084 0.00167338983694712 0.0113730011964484 0.02025 0.00587530872973961 0.29565 11.19015 0.0386659074397441 3.5883 43.659 0 0 0 0.0015732759837917 0.000286050178871218 0.0565331307678861
