83782443.7040841 26481600 58334979.8741009 0 26381004.8421933 0 0 0 0 5329000 9853000 67668879.2908716 480589.2 494991 0 0 276.6305682 416281.780851323 75687.5965184223 14460856.499034
40159670.461594 12298500 21964255.0967921 0 7748576.0816554 628352.977037188 0 0 0 3801000 7268000 27425789.999374 178491.6 216594 0 0 125.79328755 199537.497344921 36279.5449718037 6931562.34073056
208195433.507259 37845900 79968130.5910945 0 27071997.1434543 524207.478154847 0 0 335729.526519 4142000 6939000 97225891.7855306 850953.6 464713.2 0 0 578.08544535 1034440.65360068 188080.118836487 35934548.5115744
0 0 0 0 0 0 0 0 0 0 0 0 0 0 0 0 0 0 0 0
932866.30265787 1660500 0 0 0 34890.1438375669 604827.091895793 0 74856.4195703168 1636000 13808000 0 95482.8 1267925.4 0 0 4.7794698 4635.0431975724 842.735126831346 161012.798614065
5342030.3372788 81000 2043561.20913245 970.072574917136 440674.423465478 378570.008361635 754536.768107624 0 93385.2362956428 1077000 7007000 4714794.64506841 37422 448043.4 0 0 23.8009023 26542.4330426377 4825.89691684321 922034.864412883
33641755.1827134 14747400 6655154.48906888 32232.195182135 1094065.70055041 131807.210053031 0 0 386936.417259093 2878000 15582000 15383344.6277865 84823.2 1262709 0 0 95.0750136 167152.557734975 30391.3741336318 5806569.64114237
6964562.97768458 0 11153041.201621 1397.92577544021 1272926.39169512 62723.7213916622 1087327.30305782 0 342130.664499086 104000 4911000 4763020.5994497 56926.8 399281.4 0 0 40.8398193 34604.1551311352 6291.66456929732 1202084.12820349
53907052.0063887 16787700 49481924.7925495 7987.60206070353 11958083.6758866 3827728.10404389 6212874.78859802 0 100360.69904491 2776000 5443000 58356806.7451019 86637.6 478774.8 0 0 219.4055262 267842.791610654 48698.6893837553 9304361.49730439
57348311.9824528 84953700 13472622.5176017 87134.8817124703 6677806.9044799 287128.43428245 1004000 0 135897.17537086 8663000 39957000 31396321.0019677 296427.6 1970325 0 0 171.83051235 284941.049525737 51807.4635501341 9898323.24501248
30088603.137453 38124000 15606784.2922732 0 3522412.56183376 161734.137186616 2803691.16018175 0 27941.4753098964 4698000 12234000 29286925.3776838 70534.8 875788.2 0 0 103.57839765 149498.352442745 27181.5186259537 5193295.3133221
6540274.16530813 1351800 6546128.99626331 33003.300330033 0 4389125.31321122 1293747.51644664 0 0 1117000 7183000 4761550.95975637 68493.6 499980.6 0 0 29.1697686 32496.0320614001 5908.36946570911 1128851.8451778
50916289.4188691 0 30680960.2734618 6050.87868362029 3694915.69706682 4418309.28673034 4706462.75773765 0 0 0 1230000 49432800.7250222 0 117142.2 0 0 143.3948103 252982.876800417 45996.8866909849 8788155.63496938
55552724.6296911 218175300 22560330.0701889 180376.916196293 7396297.81230405 847770.324059978 4706000 0 19813.0461288356 20746000 75238000 42440500.0040823 698770.8 2964049.2 0 0 221.07191085 276019.487109609 50185.3612926562 9588404.72399778
10800011.6557629 37809000 245375.397687223 1273572.68437124 254432.871176757 122604.148502578 2621365.57425513 0 0 14183000 37143000 0 260820 2519974.8 0 0 45.3513816 53660.9805886682 9756.5419252124 1864082.87747604
25875536.1610259 24471000 3405481.75605614 0 1174384.27506445 119344.546336489 2068859.76825928 0 0 5271000 17079000 11232129.5895623 280098 1240596 0 0 83.13169725 128565.291215892 23375.5074937986 4466119.61548601
13231551.0158718 2070000 4911617.50177582 1375.48684259211 779061.868598899 61716.905867535 1069873.96986526 0 132412.942225466 2280000 7233000 7388286.97164412 41958 569154.6 0 0 35.30485035 65742.3366614423 11953.1521202622 2283766.76593455
62735743.5519972 46283400 38689163.0401946 6885.59382490532 10535972.4447851 1618923.21062524 5355716.51594177 0 0 3814000 3681000 48921556.6205907 74617.2 255943.8 0 0 235.54963215 311709.063310411 56674.3751473474 10828194.3657536
21141324.410056 6082200 8826655.99817112 0 350340.521145405 134508.782500468 2331734.60484866 0 0 1164000 17969000 20703603.6109592 159894 911962.8 0 0 66.4946415 105042.868002962 19098.7032732657 3648994.28779066
5458246.33335758 3600000 2331665.0201259 0 0 42619.8888292526 738823.649954792 0 0 0 5266000 2773917.70562028 65091.6 539443.8 0 0 26.3513817 27119.8642999779 4930.8844181778 942093.754651551
68228567.352263 14316300 51112462.816755 8550.48367824805 3829839.58057549 729628.124364966 6650692.41947528 0 82935.3789880106 2530000 5644000 70627726.6579033 109771.2 320355 0 0 259.67202345 339000.729349101 61636.496245291 11776256.1939651
7428269.26544734 2727900 10639048.3266519 139462.077048826 3103271.09315126 90428.774639301 2109550.09051172 0 23623.2473074578 2349000 10250000 14741030.4351494 163976.4 628236 0 0 56.5391988 36908.1280248314 6710.56873178753 1282119.87064043
17908533.50233 0 17164275.78061 25528.8559859153 1021476.34640842 0 1863412.02798089 0 230625.172826989 0 2883000 22675805.6483152 0 185409 0 0 70.30428615 88980.4103245812 16178.2564226511 3091014.31798789
50046510.604241 4927500 42709743.4390113 0 4783843.09900369 2087634.62710831 5025126.84118888 0 0 609000 1780000 57869321.8157126 85503.6 330220.8 0 0 202.1308506 248661.290345158 45211.1436991196 8638031.74184613
34903518.8914608 159202800 12093909.9764041 136794.053237099 6380025.08186442 1371850.23369234 16277000 0 0 14192000 34763000 23724148.629561 485352 2959059.6 0 0 158.82092415 173421.761884069 31531.2294334671 6024350.15841075
30356895.8264323 1272600 7394083.88376783 3691.17155185198 1084747.09120045 425523.267628531 2871047.71877825 0 29795.7732168258 1038000 3755000 22895244.6269701 70761.6 206161.2 0 0 111.95854425 150831.392557356 27423.889555883 5239602.65294534
49661960.0747292 1846800 21976202.7231879 4694.34319780312 2009771.47634641 0 3651329.43291478 0 451906.754313856 863000 1831000 40835354.0879117 70988.4 188924.4 0 0 158.494077 246750.611064688 44863.7474663069 8571658.28962817
0 0 0 0 0 0 0 0 0 0 0 0 0 0 0 0 0 0 0 0
16779388.8155122 82265400 1715504.97092019 990068.165695074 97562.3563018184 10429.818693931 0 0 21262.6857222962 13840000 35193000 1289418.32205249 734378.4 2352483 0 0 75.0462489 83370.137571885 15158.2068312518 2896123.85453483
3945722.76173161 71278200 0 52126.7079979026 54533.2660806935 5570.81218729636 0 0 0 8102000 23932000 0 304138.8 1423283.4 0 0 34.4421882 19604.7337053164 3564.49703733026 681032.064950282
5719188.34663674 21086100 0 149979.951266155 40280.8555549159 4114.8659738811 76341.9216503532 0 45728.7177559248 4314000 14171000 1205539.99733288 185522.4 872953.2 0 0 29.08939635 28416.3818182594 5166.61487604716 987132.367059738
10826764.2098291 118692900 0 661145.553807717 0 11595.9217309041 0 0 0 11991000 53036000 363926.332949594 745718.4 3015759.6 0 0 78.08431995 53793.903434513 9780.70971536599 1868700.37045224
10303415.6273912 115246800 237755.043721781 534653.465346535 102722.427367101 8832.09659057504 931859.340791622 0 18005.4993845327 10589000 31167000 2370991.48969755 597618 1918614.6 0 0 72.61900695 51193.5915998198 9307.92574542178 1778370.36317367
1663372.82721792 58825800 0 0 0 8680.81045001918 161052.572658125 0 40761.4986259714 11371000 41931000 0 498506.4 3780075.6 0 0 29.6627184 8264.64080207083 1502.66196401288 287098.28330799
12224396.8597435 133686900 210920.511543475 911615.927947935 184869.887828329 11177.7633269305 411377.819240579 0 42905.3406705725 27920000 44547000 1896406.7309498 627555.6 2853484.2 0 0 86.03581455 60738.186541571 11043.306643922 2109931.87785684
84428689.4470416 268205400 19030119.4490484 2423598.90194627 83170.7656935832 21886.8907658529 406061.1720096 0 88650.6807559439 18414000 16111000 30522756.2820293 526402.8 1426458.6 0 0 329.8262814 419492.720003398 76271.4036369814 14572398.5660693
30074208.6453798 209161800 2513737.0488002 1624641.43610623 658551.348150212 16236.1924733888 84000 0 0 46313000 28845000 7835302.3783669 1072990.8 2937627 0 0 173.9791305 149426.831912551 27168.5148931912 5190810.82283647
16475681.7705507 150017400 442279.901044261 1085160.85253385 0 12567.8693437789 953168.055252526 0 194921.348564365 34936000 42769000 2722643.60965281 376488 1826647.2 0 0 109.46164635 81861.137548202 14883.8431905822 2843703.99423037
43246521.8629623 172048500 3046808.02423273 1489451.28157676 0 17371.2774622015 360284.300729026 0 71432.9497490509 36020000 42209000 9562863.83788241 739821.6 3621655.8 0 0 194.2543701 214874.839415337 39068.1526209704 7464353.14003799
36867153.5702856 221123700 6581019.33120508 1438542.91971253 385786.072598063 14894.515578904 276333.651827832 0 106863.442389758 33580000 18134000 12544980.5000585 381024 1509127.2 0 0 200.0304558 183178.284908507 33305.1427106377 6363273.66137403
59272905.7859746 274216500 12936666.6938822 1962771.04345949 278622.065073504 21684.6882066187 4e+05 0 326762.853078643 25220000 21562000 30502562.3440209 565185.6 1099186.2 0 0 275.6018034 294503.593902876 53546.1079823412 10230508.2897691
16115177.8537657 108549900 147481.064781173 1099349.18725517 75506.8626767923 12509.3447246084 790000 0 25502.0986727205 22622000 46878000 1758206.16867654 571989.6 3380680.8 0 0 98.63818335 80069.9363627464 14558.1702477721 2781480.98929654
11582307.6658535 57679200 0 90512.3222602634 116737.391156251 8041.86792022474 682000 0 16394.5045667432 13140000 32475000 178942.240438497 345643.2 1669815 0 0 60.26311305 57547.8996356179 10463.2544792033 1999107.2315238
9303388.97654333 74794500 1218276.87467511 523379.908084266 48334.8428899882 5564.3744791876 103234.23489847 0 32259.7033123349 6829000 13573000 1923731.14302588 345189.6 886107.6 0 0 61.3508175 46224.8552308488 8404.51913288159 1605765.68307866
51794492.9168423 285180300 2927495.05357381 8917707.65861633 640371.350937086 32439.1722253982 774000 0 413864.052021947 46658000 100671000 6316565.83305437 1516158 5894305.2 0 0 267.28059645 257346.322170635 46790.240394661 8939733.62911329
7222826.94592688 63859500 0 461460.16470806 92576.4648505539 7416.23974129161 225591.357012271 0 0 9664000 31440000 616622.713553616 430239.6 1908862.2 0 0 47.15172 35887.3665042644 6524.97572804807 1246660.50982365
13558649.1104521 106875900 813227.845862012 955306.745627834 196692.329129799 7962.85968434451 147732.639165795 0 477723.023775655 10420000 21539000 2791390.08864105 504403.2 1043393.4 0 0 81.35279145 67367.5575466903 12248.646826671 2340223.92327817
25483077.0297647 129603600 6534698.46531514 1946346.50380926 941832.717898697 12891.9494224358 212000 0 173795.976427555 22051000 10908000 9079951.12087242 610318.8 1001435.4 0 0 134.0716293 126615.31722552 23020.9667682764 4398381.13797216
39728309.9365421 87922800 9490443.25966084 1065960.33435119 3184939.55967394 0 8392000 0 743598.862019915 9211000 65631000 29260308.5699045 1120165.2 1279265.4 0 0 173.64156705 197394.237735642 35889.8614064805 6857109.47953024
34417174.7542458 201006000 2331420.08017701 2034684.30955245 2036442.72974291 0 3859000 0 73816.297500508 46579000 46569000 5474952.16867109 857304 3737550.6 0 0 170.45882595 171005.310482132 31091.8746331149 5940407.1213438
88055794.5901429 320717700 17365943.0051955 1370516.02356497 7120048.94447154 44706.3604958342 3539000 0 638132.493395651 52455000 52376000 41730691.2477513 384652.8 2141672.4 0 0 398.34094545 437514.368949782 79548.0670817786 15198437.2045047
25712733.3398268 221774400 895446.022039152 423028.284136825 1592937.88754964 0 611000 0 47881.528144686 21343000 16840000 5256193.57876316 225439.2 700812 0 0 156.7580364 127756.388475173 23228.4342682133 4438019.83549733
27262791.3864225 174339900 231658.760549428 1143163.38175874 50294.3635476904 0 941000 0 26900.020321073 32764000 118831000 2377632.08386744 986126.4 4515928.2 0 0 162.30372165 135458.013010485 24628.72963827 4705559.97858701
16561309.4709741 32669100 2133644.67922392 3119876.00629222 264535.2887898 0 0 0 29338.5490753912 14724000 19376000 6599172.10297276 154904.4 717595.2 0 0 60.0005637 82286.5876788803 14961.1977597964 2858483.34218706
0 0 0 0 0 0 0 0 0 861000 1807000 33175.7552995479 4989.6 87431.4 0 0 0.321489 0 0 0
2709944.45873252 1857600 261759.158712922 331035.439992597 53886.8180868111 0 0 0 218984.962406015 3666000 8043000 783780.620895555 37422 121564.8 0 0 9.8697123 13464.6407459032 2448.11649925512 467736.630796951
34193864.8529951 123840900 5181514.10990183 1426498.25730237 559138.333449453 0 1270000 0 141612.477138793 32299000 25129000 12114185.5610622 654091.2 1780493.4 0 0 141.39622035 169895.772024377 30890.1403680685 5901863.81448817
56693781.0376625 197893800 11729412.1169071 90836.1864223806 2027820.83884902 0 0 0 180400.325137167 29865000 59718000 21253384.9340159 714646.8 2766393 0 0 207.30146535 281688.944487097 51216.1717249268 9785351.15147675
7340214.58670929 16443900 65017.9486551436 795163.628512384 166145.579321396 0 96000 0 14478.7644787645 12610000 21278000 318068.131407561 124286.4 862974 0 0 29.9949237 36470.6192001088 6631.02167274705 1266921.62603208
11087524.8971422 56466000 1480308.1888868 445498.288146572 38101.7905664321 0 182000 0 226325.950010161 7338000 8097000 4408401.9845579 357210 565072.2 0 0 54.4602366 55089.5200158831 10016.2763665242 1913707.68598416
36505770.9199729 29574900 8159004.12859892 1081459.54782394 433729.011356511 55095.5090428775 207000 0 138843.730948994 11812000 17655000 18600249.8387479 260366.4 797315.4 0 0 121.20671115 181382.717644174 32978.6759353043 6300898.98696288
49732928.2682061 260005500 10264317.4204013 701890.749822646 6679439.83836132 210678.723836619 4401000 0 396641.942694574 28318000 52501000 23350288.6209064 510073.2 1543147.2 0 0 244.8031572 247103.223911225 44927.8588929501 8583907.40551083
25236808.4715833 58797000 5493159.37153852 938882.205977607 2164464.74604612 0 0 0 162187.563503353 10464000 21761000 16094976.8259593 216594 884746.8 0 0 113.70530115 125391.706294219 22798.4920534944 4355875.16509003
1610146.6821103 5222700 19050.8849136042 133910.119983961 0 0 0 0 0 3294000 6161000 289845.60618555 69854.4 382951.8 0 0 8.0586576 8000.181167168 1454.57839403055 277911.446395993
75134283.0798928 596965500 17937660.0614527 850467.289719626 14096552.1145405 858565.332249543 31551000 0 117532.0056899 47424000 97360000 32723677.8005481 1493931.6 2516119.2 0 0 432.67597065 373312.495801081 67874.9992365602 12968183.2820922
12795880.5120886 72745200 3324352.20187406 870793.621418217 1338940.46540793 152916.073968706 5416000 0 245376.955903272 12539000 37839000 1120518.61951845 1131278.4 1139896.8 0 0 70.298928 63577.6624748097 11559.5749954199 2208570.00205975
21854033.0936419 184713300 2842827.47790778 1082785.84867833 916489.584059082 0 5093000 0 208849.82727088 28435000 31787000 6352136.55674306 382838.4 2250309.6 0 0 145.6988148 108584.035184468 19742.5518517215 3772007.86370584
33971866.0779603 71488800 1732215.3185444 2719888.34397458 365124.015885181 0 0 0 275883.96667344 22718000 27941000 13689339.9412688 404838 1984386.6 0 0 129.4421877 168792.748033519 30689.5905515489 5863546.80812251
17602357.6346002 29788200 1298018.43581349 1393217.35911909 157697.868041524 0 0 0 39372.0788457631 18831000 25339000 3490013.25397279 597164.4 1459911.6 0 0 64.083474 87459.1436983359 15901.6624906065 3038168.33867572
16016759.6986611 93636000 1304441.30558436 757502.853089047 702967.149724796 0 2323000 0 167420.239788661 17325000 16568000 8343607.20341174 377848.8 1013342.4 0 0 96.96644055 79580.9355283978 14469.2610051632 2764494.00783662
2693736.70699902 7971300 0 0 0 0 0 0 0 2652000 11048000 179350.473686646 62370 584690.4 0 0 12.5487873 13384.1108465957 2433.47469938104 464939.171548591
209702126.751669 1365686100 24885653.8671936 336834.15070479 14108113.286421 274563.096931518 4006000 0 1905608.61613493 143364000 64939000 53365474.8977376 1628877.6 5510559.6 0 0 929.8747836 1041926.8156085 189441.239201545 36194603.8863309
45799661.2055261 297739800 8081494.24255042 574596.712007649 6257010.72946422 34037.7971956919 1910000 0 416658.199552936 19971000 22966000 25825270.7266824 375127.2 1182762 0 0 250.439931 227560.377641435 41374.6141166246 7905025.19521527
15661556.0793449 15940800 1680315.26492977 615526.973258073 0 0 0 0 37136.7608209713 3513000 12366000 3405372.89385663 116575.2 529351.2 0 0 60.7507047 77816.0694218895 14148.3762585254 2703185.83467076
30363437.5093608 45628200 1421985.2655013 1116976.65093612 193034.557235421 0 254000 0 252489.3314367 23939000 26765000 12137182.7007079 371271.6 1315099.8 0 0 111.57275745 150863.895589005 27429.7991980008 5240731.74794317
760648.479375971 6399000 0 77804.5094229049 0 0 0 0 0 2396000 15846000 178806.162689114 174636 828500.4 0 0 4.75267905 3779.36104030163 687.156552782115 131287.988511228
21227245.0216553 133118100 1022814.79546153 706332.315474538 485634.536333867 0 279000 0 46992.4812030075 24792000 11756000 8249033.16759063 344962.8 1489055.4 0 0 118.14184935 105469.773493266 19176.3224533211 3663824.1922398
11558093.6753119 17596800 1104515.87619102 422688.99787175 99173.5177314847 0 1149000 0 34825.2387726072 6373000 8545000 6493466.90725213 67359.6 350973 0 0 45.23886045 57427.5899065322 10441.3799830059 1994927.89481541
50263181.1855046 61769700 7660388.03931014 827195.336356066 2454081.89925451 1059464.5397277 667000 0 319142.450721398 12502000 16303000 26172976.5919056 371952 964580.4 0 0 191.03412195 249737.840651389 45406.8801184344 8675429.10153978
24033557.2572611 119403000 4664881.32659476 1505428.5802412 2425864.8017836 0 312000 0 65941.8817313554 12780000 50577000 13093945.356619 422074.8 1487127.6 0 0 134.0501967 119413.227556135 21711.4959192973 4148193.90904959
5020009.36974747 58954500 2531536.01841948 506122.57487431 347880.234097401 0 0 0 0 11483000 14945000 467182.129181329 225212.4 1354563 0 0 38.5572474 24942.4383909077 4534.98879834685 866454.019604896
35505270.031983 40061700 6872389.00818372 1622328.12066253 2456651.04856128 36069.9044909571 516000 16692219.0672315 689900.426742532 12711000 22243000 13376606.0576371 172141.2 665091 0 0 135.7326558 176411.624978665 32074.8409052118 6128212.45349916
23213977.838923 66849300 2433886.62546232 1067595.07726474 644529.889221766 0 5e+05 0 383357.041251778 21805000 15994000 11028557.2764855 275335.2 983971.8 0 0 107.2165815 115341.062019643 20971.1021853896 4006734.43574979
36721981.2122457 163112400 1692126.8135762 4808041.08448228 457635.163380478 0 558000 0 190433.854907539 35684000 64577000 10510209.9135362 755017.2 3288713.4 0 0 160.44980175 182456.980956707 33173.9965375831 6338216.90073984
3854627.38602463 27332100 0 110052.126707998 0 0 0 0 0 0 8867000 244939.948889197 202078.8 388848.6 0 0 23.36689215 19152.1168616187 3482.20306574886 665308.995801368
1752124.91351765 61136100 0 161361.463249129 0 0 0 0 0 6704000 68286000 0 496465.2 3626418.6 0 0 26.9193456 8705.61476876022 1582.83904886549 302416.900517382
14011587.4254625 88068600 723579.824568565 897951.944727183 153604.647112102 0 401000 0 43537.8988010567 20405000 88181000 1475082.8033105 751615.2 3652954.2 0 0 83.66751225 69618.0286484197 12657.8233906218 2418401.11275492
27133729.1430575 93685500 2192294.18920795 217158.631751026 745379.885738173 0 588000 0 259423.897581792 12873000 8059000 16204437.7675629 344736 655565.4 0 0 108.36858375 134816.753838117 24512.1370614759 4683283.82503703
475673.80152123 18268200 0 9715.92486351439 0 0 0 0 0 2526000 51194000 0 451558.8 2605932 0 0 8.61054705 2363.43472984572 429.715405426494 82101.3362709209
6425550.62141134 17000100 0 94229.0490731316 0 0 110000 0 0 6536000 23526000 262630.056308973 113173.2 830314.8 0 0 28.07134785 31926.0162078687 5804.7302196125 1109050.55230538
126321724.558744 248148000 35352182.8231779 914746.614848401 4791811.81634502 0 0 0 194752.082909978 23680000 64045000 56738325.2094917 742316.4 2375843.4 0 0 439.69514715 627642.619798173 114116.839963304 21803139.7843491
29927627.5240654 0 24331000.9607089 86857.8360087475 4580052.95060266 86621.5234470043 276704.464376862 0 56527.7880027189 0 586000 39669548.7933986 46040.4 98771.4 0 18780.505663924 101.88522225 148698.528373979 27036.0960679961 5165510.90954816
3869342.68557613 5276700 0 76868.7504445492 299628.202188156 182889.624931999 200664.660268879 0 40993.662320778 1568000 51220000 2891135.0789387 915138 6781206.6 0 13619.5265125769 15.36181605 19225.2313571173 3495.49661038496 667848.857683485
0 0 0 11006.0558643127 52354.0963895459 10976.1118848688 35062.1766875443 0 7162.83091120634 0 12682000 0 71668.8 1060403.4 0 2379.74262306479 0 0 0 0
1411706.33450914 20410200 4528694.71501237 38129.280470987 1614405.52497736 55882.9506197927 121469.088047934 0 24814.8466759302 920000 21956000 6096119.8790541 191192.4 1695443.4 0 8244.35883683078 22.10236875 7014.20967194719 1275.31084944494 243660.626493745
0 0 0 26162.3570085006 124450.264244256 26091.1775514704 83345.8593435867 0 17026.6752959287 1187000 28173000 0 553165.2 4644183.6 0 5656.85626717967 0 0 0 0
341729.705224471 3737700 2710042.81005996 97930.3537830418 247117.327388003 38618.5547579851 423363.409971131 0 25201.8365581663 8e+05 32470000 2220843.30102848 438858 3985783.2 0 8372.93039308674 3.79892835 1697.91956371053 308.712647947369 58982.5745136076
0 0 0 0 0 0 0 0 0 0 0 0 0 0 0 0 0 0 0 0
22971056.8370377 116121600 4311051.96264938 74242.0036396163 2283908.41635895 339661.750183817 3598572.00635843 0 73663.8894533631 22817000 101960000 9502445.31715641 847324.8 14821833.6 0 26169.5714435703 106.5950361 114134.083769782 20751.6515945059 3964806.25135268
951682.358672067 5824800 0 13579.1809092109 64594.0521269839 13542.236274455 43259.4242824712 0 8837.44167433709 238302.040489156 11134697.9595108 0 175543.2 1741597.2 0 2936.1068119542 5.22419625 4728.53272783548 859.733223242815 164260.451390345
753507.025944341 21976200 2125262.28986194 47962.7401992536 363643.489166028 79681.9360089899 6254536.59259835 0 0 2872000 82890000 339513.984710304 531846 10776175.2 0 17275.9262476469 17.73011835 3743.87798656205 680.705088465827 130055.373076494
2989995.43920178 14122800 0 35393.9836795615 168363.676871587 35297.6879008735 112755.207201226 0 23034.6932176441 5059000 32858000 440891.908000555 451558.8 4233448.8 0 7652.92967805338 12.752397 14856.1031540738 2701.10966437705 516073.452473857
586882.411307136 0 614608.762862749 33089.7934476542 0 32999.7666381401 105414.709748836 0 21535.1074239793 0 40974000 587066.626387653 482403.6 3455638.2 0 7154.71489756156 3.9757473 2915.98626786466 530.179321429938 101295.951234063
581819.23240932 13832100 3188383.31469068 30689.9848863391 0 59448.0991072787 189901.46752344 0 38794.8561717093 987000 39902000 3801304.71346108 529351.2 6409821.6 0 12889.0063065772 14.2955442 2890.82933718601 525.60533403382 100422.046150454
10262505.6998229 2111400 11795464.2564576 51111.1287804894 3294411.44708423 0 162825.579853012 0 33263.5394231119 279000 5065000 17699605.6466823 39236.4 507238.2 0 11051.3096763642 61.29187785 50990.3263720499 9270.9684312818 1771309.30639618
14165672.6521407 0 12813951.7794887 0 0 28832.510013875 92102.7929612765 0 18815.623978811 507364.207024733 1756635.79297527 14924218.3013687 31978.8 132791.4 0 6251.20750678106 40.21291575 70383.6171145549 12797.0212935554 2444996.23523051
2409877.88124297 8456400 3366454.65753313 27883.1621479905 630856.789521354 55220.1935347304 176395.813266462 0 54578.7732851527 1375000 28007000 7194185.66992437 654544.8 4106440.8 0 11972.3495520887 15.6243654 11973.7287632866 2177.04159332484 415945.115469961
445336.572588037 0 473496.136752695 0 162077.296148395 9257.72501684232 29572.9483873701 0 0 162907.714582008 4478092.28541799 1853896.04204258 35380.8 321829.2 0 2007.17731800491 3.3327693 2212.70105429183 402.309282598514 76865.1281253251
5465806.23132622 9756000 0 0 481954.991987738 37218.2379298443 118890.227066127 0 24288.0127226133 3820000 23636000 3314119.15512047 706482 3351537 0 8069.32619547324 19.55188935 27157.4264388975 4937.71389798137 943398.593646913
358132.731075245 2131200 0 13442.6863558839 63944.7687606597 13406.1130794192 42824.5912955554 0 8748.60990591471 0 14771000 0 131997.6 2163785.4 0 2906.59379563181 2.43795825 1779.41970276863 323.530855048842 61813.7380902608
11661156.5647774 29979000 813391.139161271 78407.3365834593 1635742.52769456 78194.0151444399 249783.566681968 0 51028.1340626681 2354000 51364000 12414835.7405487 1111773.6 4563896.4 0 16953.3285246774 49.1128029 57939.6685863794 10534.4851975235 2012716.55779831
465714.821540402 6807600 1403533.12268498 28566.5787011465 210539.608444228 32521.6122399816 67373.2813093542 0 13763.6469707107 312000 17481000 1043716.33776675 156945.6 1722205.8 0 4572.76428147604 7.7907501 2313.95250256044 420.718636829171 80382.4155279529
1914913.7865656 1263600 8791765.66322934 52651.7603724978 0 52508.5116692643 167733.595744932 0 146514.721749298 0 14474000 19968375.5310434 154450.8 1588053.6 0 1305213.59690105 18.5927805 9514.44820664045 1729.89967393463 330514.273054048
12935264.3873665 0 16821985.8098123 0 4056098.89918484 52185.0506117535 166700.32924137 0 64536.7190657545 0 791000 23372251.5696568 0 178491.6 0 11314.2969505241 85.6018044 64270.2057482856 11685.4919542337 2232627.67010524
37813.4379944302 0 13335.619439523 1906.86945291567 9070.68148399426 1901.68146728265 6074.74598552616 0 4898.79932201174 33463.7917127985 813536.208287201 0 23587.2 182120.4 0 412.305604266259 0.23040045 187.87999743752 34.1599995340946 6526.60242883226
18190997.5129627 47863800 1730691.24775132 14959.4398692206 1460604.92579948 110789.455460691 4550000 0 0 5686000 68009000 11208751.4322183 2123755.2 10672074 0 24020.380997519 83.8979127 90383.8621239568 16433.4294770831 3139767.62886443
1331671.84273044 0 1787735.04029262 18424.061836711 0 18373.9358210236 58693.8426794317 0 11990.5296921017 0 14431000 1407887.61066523 120884.4 1621960.2 0 3983.67278735784 9.00705015 6616.54997984225 1203.00908724405 229846.666797456
3495044.04722108 6567300 1187713.81216372 17164.8005922088 305184.456211245 53567.8466326124 1401117.5435441 0 34957.4996803545 3900000 40777000 1583945.00281681 279190.8 3893929.2 0 11614.1024430664 15.2385786 17365.4896635593 3157.36175701077 603244.882700927
65570.2589493974 2727000 0 16468.5408598372 78338.288138876 16423.7351951144 52464.1067183712 0 10717.8606930207 933000 20359000 0 226119.6 3819879 0 3560.84769212518 2.14861815 325.792647714416 59.2350268571666 11317.4319505498
7466361.66646644 540000 2544898.85340888 18478.1190855534 0 18427.8459972754 58866.0537633587 0 12025.7105904868 432273.86540687 2403726.13459313 7206160.51187006 22680 142430.4 0 3995.36111065384 27.13902975 37097.3940790557 6744.98074164648 1288694.62210968
7086860.36770124 18075600 4953747.17298476 26351.557379449 125350.260989656 26279.8631683518 83948.5981373314 0 17149.8084402766 687000 11976000 4609225.52709716 238820.4 1872914.4 0 5697.76539871565 31.8595599 35211.8024264256 6402.14589571375 1223192.6675233
0 0 0 10212.7657375505 48580.5386070479 10184.9800483735 32534.9790309151 0 6646.551227405 448000 11640000 0 129049.2 1410015.6 0 2208.21647869605 0 0 0 0
21834198.8225877 10296000 15515612.2001867 74562.5147595436 2905337.73427158 0 237535.053337657 0 0 1637000 20489000 22951036.5042171 158306.4 1518312.6 0 16121.9965302497 84.8195145 108485.486546934 19724.6339176243 3768584.46693203
3198841.10762325 0 2121016.66408119 12783.1879200066 0 12748.4089291471 40723.6160716456 0 8319.40294561649 0 2982000 4040039.51697842 0 314798.4 0 2763.99625142066 11.2628313 15893.7745674386 2889.77719407974 552120.231583745
0 2174400 0 15687.4136140645 74622.5872900109 15644.7331482757 49975.6565556255 0 10209.496711356 1414000 17773000 58050.7678867398 146512.8 6511654.8 0 3391.95142049804 0.77693175 0 0 0
9697563.73040633 3195000 14177804.6304537 67610.752558411 321613.836968638 97033.1233489128 215388.707944641 0 44001.629132704 38000 2452000 22224272.4603129 45360 527650.2 0 3824350.68175014 35.8460235 48183.3534704594 8760.6097219017 1673800.2771911
0 0 0 4036.72505730623 0 4025.74241160402 12859.8626922513 0 2627.13358690733 70840.7837321964 2556159.2162678 0 14515.2 94462.2 0 872.825542128502 0 0 0 0
10510754.8954795 0 11901060.5899787 39246.9140908036 1779897.93074619 39140.1357132214 125029.552208126 0 25542.2117500421 0 1290000 15968941.6144809 66679.2 146853 0 8486.0149209755 62.0152281 52223.7783065364 9495.23241937026 1814157.13746529
1801068.97619653 0 1050601.87188552 13630.5352956112 200306.556120672 13593.4509418942 43423.0248122019 0 8870.86352780293 85000 6613000 1573521.44721408 261727.2 508939.2 0 2947.21071908539 10.03581495 8948.79843198717 1627.0542603613 310864.649658943
9302426.55410821 0 8438752.76578026 0 529941.47564969 0 123126.619730732 0 25153.4628228868 627000 4504000 12320207.2736279 88452 282592.8 0 8356.85894855475 46.10688075 46220.0733349346 8403.64969726085 1605599.56888922
3986088.7114018 0 3710513.63907282 9988.42815485449 627003.065561207 9961.25281692846 31820.3030326179 0 6500.55049910683 175287.657370159 35712.3426298413 3515187.63760862 0 53638.2 0 2159.70993701766 15.217146 19805.2961223523 3600.96293133678 687999.23109895
11673486.7304679 5778000 4081788.17048909 11196.4467474785 324627.255626002 75747.8408970139 241969.488748779 0 49431.8007984442 3688000 47124000 6297705.45698991 870458.4 5905645.2 0 16422.9708551216 38.1607443 58000.9322963516 10545.6240538821 2014844.74538484
1889625.78837899 3337200 1448765.36657985 40633.4825236112 629310.945446945 40522.9317340804 129446.766510854 0 26444.60179362 1897000 35567000 3911663.76821061 247665.6 2082137.4 0 8785.8204135178 10.94670045 9388.80215892587 1707.05493798652 326149.562540041
233492.051651332 89100 2977081.78544893 37384.6418681829 0 121107.356071036 119096.880366839 0 24330.2298006754 0 19061000 4108894.85816616 388054.8 2525077.8 0 8083.35218342844 2.1003948 1160.12953046997 210.932641903631 40300.7468309303
8877007.94148182 16380000 1627272.15822032 0 606645.823172856 53982.9549897514 172443.568890336 0 35228.3925979198 6213000 43489000 8457177.6930467 911282.4 4414095 0 11704.1025324456 33.2419626 44106.3367352134 8019.33395185698 1532172.28224983
1214326.04640173 0 0 4261.06264000219 20269.212416041 4249.46964304903 13574.5386905485 0 2773.1343152055 74777.7004042904 446222.29959571 1618563.18225982 12247.2 34246.8 0 921.332083806885 4.1579244 6033.50519251586 1097.00094409379 209592.772945089
7674035.69018428 1552500 6320566.51888623 179686.395088966 0 18475.0174014958 59016.7384617949 0 12056.4938765737 325103.938199179 2655896.06180082 6758083.69870209 0 83349 0 4005.58839353783 24.84574155 38129.2440539163 6932.58982798478 1324539.1752498
1825520.08530912 38414700 821093.139776343 42757.9324031175 203392.835912186 42641.6016607765 136214.662109186 0 27827.2111001544 9362000 34926000 0 459723.6 5701185 0 9245.17151905044 19.63761975 9070.28630934164 1649.14296533484 315084.913051692
0 1440000 0 30311.2508571548 144185.907161238 30228.783578797 96563.0600349867 0 19726.8092469851 0 28152000 0 168966 3656356.2 0 6553.93508014736 0.428652 0 0 0
5018307.69529697 0 4301036.6402948 112378.741772962 67628.3268686177 0 45291.5150728102 0 9252.57627528127 466000 1114000 5038714.11969943 14515.2 276355.8 0 3074.02902684695 14.35448385 24933.9834445088 4533.45153536523 866160.310458339
11709277.6865335 0 23738191.8532973 57850.7162799156 2096491.15167561 57693.3228702823 184295.996741615 0 37649.7179292743 1015226.45772485 -780226.457724852 24501315.8718365 35834.4 16669.8 0 0 44.14579785 58178.7633820856 10577.956978561 2021022.26727063
18669949.1300239 0 18908003.2767522 45259.4315932995 2619596.07747509 45136.2950668291 144183.73001791 0 29455.2071729249 61000 541000 15467304.5991558 0 116688.6 0 9786.04867957266 78.43795785 92763.5830210463 16866.1060038266 3222434.71636027
1682077.29802225 9330300 5971064.42737122 30577.4828077037 318422.106876611 678228.491562616 97411.1996233273 0 19900.0751715317 1114000 20021000 3808788.98967714 235872 1863615.6 0 6611.50007238014 18.9249858 8357.57590961923 1519.55925629441 290326.676468103
5882576.99018774 22728600 6755607.08366332 54678.9072040878 2741543.57973943 54530.1432787072 174191.511392196 0 35585.4787165285 1178000 36255000 7786178.31083968 450878.4 3830652 0 11822.7390139 34.79046795 29228.195278231 5314.21732331473 1015333.2600333
5257392.955593 35987400 391903.918222716 0 2486980.07385216 37978.3714149949 520000 0 97939.9260193901 4835000 29369000 1448248.27113219 384879.6 3581172 0 8234.13155394679 37.56598965 26121.9034135521 4749.43698428221 907426.445549676
1454973.49963593 2297700 1618590.39780969 14258.9508134041 0 14220.1567408216 45424.9786628536 0 9279.84147152972 0 9828000 2463987.02362582 126327.6 921828.6 0 3083.08747740135 7.4156796 7229.18707956475 1314.39765082995 251128.542662774
113830.862217833 7852500 290471.563832711 26596.1664304609 0 26523.8067158912 84727.8532921012 0 17309.0020054691 544000 19745000 149195.644423398 229975.2 2825020.8 0 5750.65506163004 9.95008455 565.580471813944 102.832813057081 19647.2159430838
5642264.29258315 0 4771974.5153591 25717.7361367719 165470.633317077 25647.7663517993 81929.4231782869 0 16737.3124067113 451322.435361131 4426677.56463887 9467609.41331439 98431.2 389642.4 0 0 21.9255498 28034.1766593262 5097.1230289684 973855.269164123
1382289.68355737 12931200 0 25742.061898751 122450.985759832 25672.0259311126 82006.918166054 0 16753.1438109846 1643749.32994003 14119250.67006 2643391.92841222 175089.6 1133206.2 0 5565.9795535533 12.538071 6868.04998378942 1248.73636068899 238583.310181532
281278.417777824 838800 0 23389.2201428855 111258.883375966 23325.5855097525 74511.4307381298 0 15221.8952087731 356000 22386000 0 254242.8 2885689.8 0 5057.24528209507 1.393119 1397.5610580321 254.102010551291 48548.6774547515
5592539.13343518 0 10622038.6079791 30150.4305418487 2259436.18058942 30068.4008044478 96050.7320603037 0 19622.1460742895 0 2115000 9531076.07562657 16556.4 71782.2 0 6519.16231834177 46.7873658 27787.1120370965 5052.202188563 965272.702709388
0 124200 0 10303.3116293615 49011.2513352036 10275.2795935953 32823.4325964929 0 6705.47923220004 0 10703000 0 50122.8 1256018.4 0 2227.79442021684 0.1714608 0 0 0
3492923.92823357 29207700 0 0 572463.073921828 56714.8531713119 1986170.36556834 0 37011.1846235847 5818000 60207000 990482.722208161 936457.2 9701143.2 0 12296.4083154702 20.34489555 17354.9556319803 3155.44647854188 602878.949993741
31672708.62121 318561300 4568674.35778106 12491.9033959471 2849121.26384728 135388.668884393 16182486.6108973 0 812436.496647023 19079000 100781000 15011308.0609737 655678.8 9445539.6 0 29353.762917482 195.4010142 157369.145208875 28612.571856159 5466712.04679496
14620591.6046262 67670100 707304.925742372 70972.5178125289 1817977.94886087 0 227000.040278421 0 104602.723023776 6682000 53979000 6503400.58295708 672235.2 5939892 0 15406.9633526171 67.7055834 72643.9292194699 13207.9871308127 2523515.28289423
1981306.98643778 8061300 1023114.16651018 25292.035302138 672289.76520588 25223.2237138163 80573.2608923615 0 16460.2628319286 416000 16951000 3771830.27294475 234057.6 1220637.6 0 5468.67426211413 13.5882684 9844.32972187564 1789.87813125012 341973.744673834
661086.575870164 0 0 8968.09758295419 42659.8457319532 8943.69824017551 28569.8188234951 0 5836.51104208807 155000 4936000 854214.463976137 48081.6 407559.6 0 1939.09283480574 5.3795826 3284.67737312752 597.214067841367 114103.59598559
10847811.9700407 0 10219928.8585526 45895.9556984188 0 579074.375127007 146211.515531151 0 124870.478305057 0 2380000 15237251.5560491 0 359024.4 0 3230045.99432102 31.2487308 53898.4814190697 9799.7238943763 1872333.21555188
337893.963635216 931500 236230.972928693 21389.1019357167 101744.632067454 21330.9089884355 68139.6206328296 0 13920.2019685244 1509000 20936000 0 499640.4 1936872 0 4624.77732014322 1.52707275 1678.86128289337 305.247505980613 58320.5252078427
7500325.41472038 0 14954427.5617317 48598.8181405388 7360068.45258831 0 154822.069727503 0 31628.5071706644 438000 2775000 16789572.0899093 61916.4 217614.6 0 10508.0948511828 65.88917055 37266.1464928367 6775.66299869758 1294556.76778072
0 0 0 0 0 0 0 0 0 0 47000 0 0 38669.4 0 0 0 0 0 0
0 0 0 0 0 0 0 0 0 0 0 0 0 0 0 0 0 0 0 0
0 0 0 0 0 0 0 0 0 0 0 0 0 0 0 0 0 0 0 0
0 0 0 0 0 0 0 0 0 0 0 0 0 0 0 0 0 0 0 0
14849759.7293951 0 10989693.4712617 0 237791.997231005 49853.4354888626 159252.199861526 0 32533.5357816211 0 3350000 24364884.3203053 7257.6 226459.8 0 0 44.56373355 73782.574869746 13415.0136126811 2563069.71959866
0 0 0 0 0 0 0 0 0 0 0 0 0 0 0 0 0 0 0 0
0 0 0 0 0 0 0 0 0 0 0 0 0 0 0 0 0 0 0 0
0 0 0 0 0 0 0 0 0 0 0 0 0 0 0 0 0 0 0 0
0 0 0 0 0 0 0 0 0 0 0 0 0 0 0 0 0 0 0 0
0 0 0 0 0 0 0 0 0 0 0 0 0 0 0 0 0 0 0 0
0 0 0 0 0 0 0 0 0 0 0 0 0 0 0 0 0 0 0 0
0 0 0 0 0 0 0 0 0 0 0 0 0 0 0 0 0 0 0 0
0 0 0 0 0 0 0 0 0 0 0 0 0 0 0 0 0 0 0 0
0 0 0 0 0 0 0 0 0 0 0 0 0 0 0 0 0 0 0 0
0 0 0 0 0 0 0 0 0 0 0 0 0 0 0 0 0 0 0 0
0 0 0 0 0 0 0 0 0 0 0 0 0 0 0 0 0 0 0 0
0 0 0 0 0 0 0 0 0 0 0 0 0 0 0 0 0 0 0 0
0 0 0 0 0 0 0 0 0 0 0 0 0 0 0 0 0 0 0 0
0 0 0 0 0 0 0 0 0 0 0 0 0 0 0 0 0 0 0 0
0 0 0 0 0 0 0 0 0 0 0 0 0 0 0 0 0 0 0 0
0 0 0 0 0 0 0 0 0 0 0 0 0 0 0 0 0 0 0 0
0 0 0 0 0 0 0 0 0 0 0 0 0 0 0 0 0 0 0 0
0 0 0 0 0 0 0 0 0 0 0 0 0 0 0 0 0 0 0 0
0 0 0 0 0 0 0 0 0 0 0 0 0 0 0 0 0 0 0 0
11450539.4811492 0 12588253.2243623 0 327418.815976467 68643.8274214315 219276.373164294 0 11887.8276773014 1207921.927368 448078.072631995 19578322.2702123 39916.8 450311.4 0 7098725.8575174 41.8578678 56893.195712419 10344.217402258 1976364.03228176
9289580.30682201 0 13646992.5456609 28666.5590611248 136362.364024441 28588.5664663356 91323.5378065066 0 18656.4304136185 503071.544870221 667928.455129779 14713325.0053751 1814.4 174749.4 0 6198.31784386668 28.97151705 46156.245419907 8392.04462180127 1603382.30557791
0 0 0 0 0 0 0 0 0 0 0 0 0 0 0 0 0 0 0 0
0 0 0 0 0 0 0 0 0 0 0 0 0 0 0 0 0 0 0 0
0 0 0 0 0 0 0 0 0 0 0 0 0 0 0 0 0 0 0 0
6633991.79344703 10561500 855684.103669473 38709.478424478 652172.019786804 0 2923998.08817309 0 10764.9299001346 3386000 26865000 1528588.57436785 333169.2 2306896.2 0 0 23.58121815 32961.6778388928 5993.03233434415 1145027.51530665
288475.663814388 5388300 25075.96133573 0 10067.4847393225 0 828000 0 6898.67960326932 1545000 26749000 40099.3028232097 417312 5600145.6 0 0 2.6469261 1433.32132312903 260.60387693255 49790.9226975687
1578010.14166797 22911300 41997.9130124095 0 16861.3016536028 0 23610.7523466454 0 11554.0992426783 3600000 51355000 67159.420501571 597164.4 12228829.2 0 0 12.4737732 7840.50742533987 1425.54680460725 272364.676939693
1485296.78041789 5576400 0 40251.6887202739 32658.6776283704 0 0 0 11257.7158405586 1492000 40652000 65436.6607160984 534114 5105608.2 0 0 7.1049069 7379.85145227931 1341.79117314169 256362.343356349
8622774.98894605 46068300 311890.201585578 0 310540.479342298 220102.621418411 1606000 0 9448.02984923147 1446000 36367000 2044296.02897912 264902.4 6766351.2 0 0 36.328257 42843.1538826521 7789.66434230038 1488291.65426373
19146669.0428876 33032700 4869868.84826514 0 610586.636940013 417725.055882951 2191355.12184842 0 13386.4346206303 5380000 19132000 9940425.16132017 307540.8 1989829.8 0 0 70.7811615 95132.2154638422 17296.7664479713 3304716.61153277
776563.319933568 2241900 42118.8229787865 13879.8926621634 21772.4517522469 0 0 0 5402.8493980297 1428000 14554000 31404.6319845202 294613.2 2733847.2 0 0 3.44529045 3858.43557998301 701.533741815092 134034.891267147
2564688.41178527 11117700 249434.453529417 0 112136.890395885 0 19280.5605989577 0 0 4047000 32785000 54842.4403322919 687204 8721594 0 0 12.88635075 12742.9209770672 2316.89472310312 442665.425450636
212151.380263845 930600 234217.022237826 21590.9441411431 0 0 5188.42794993212 0 2538.99624064792 0 6570000 14758.1834460732 7938 496918.8 0 0 1.3824027 1054.09618628723 191.653852052224 36617.345238856
4278999.88730849 14877000 0 5623.4099310645 11499.6258778415 0 0 0 7880.04516945833 1118000 30927000 0 493290 9809440.2 0 0 16.32628305 21260.6557483899 3865.57377243452 738555.723539185
180837.780744296 9496800 68931.9529986036 42703.8030905894 8826.57906440387 0 12359.7914703812 0 6048.35691683849 2682000 25118000 35156.7125216575 187563.6 6348132 0 0 3.6971235 898.511311979878 163.36569308725 31212.6154517928
4725870.75653222 11588400 52809.943994041 220520.650195861 0 0 29689.1540471329 0 14528.6108318559 3920000 47856000 84449.0828463844 501001.2 6547716 0 0 18.5070501 23480.9801150086 4269.26911181974 815685.671386816
1318002.65452147 5800500 23337.6624353872 10750.6480018629 9369.59334376322 0 13120.1702319999 0 6420.4539828185 1022000 23195000 0 315932.4 4797840.6 0 0 5.79216015 6548.63319729383 1190.66058132615 227487.363816911
306859.327140341 0 7858.8046360559 10718.3615557817 3155.1490562428 0 4418.13120446622 0 2162.04573467687 132000 7992000 12567.1188717549 106369.2 1278471.6 0 0 0.96982515 1524.66246537272 277.211357340494 52963.9444611987
