0.614893405187595 0.412355579654544 0.00242118174751723 0 0 0 0 0 0 0.30327281802095 4.77845867839123 0.17906848053679 0 0 0 0 0 0 0.917491861479041 0.0390110477060751 4.52038782717392
4.98386317859077 2.79072189716604 0 0 0 0 0 0 0 6.6923508392538 13.7663278075072 3.44124041055621 0 0 0 0 0 0 0.556608240699931 0.0236665539425448 6.56894172546265
1.0221856832747 0 0.0687372052106584 0.00589930777973736 0.0322245271723265 0.00740317397219976 0 0 0.00301687443954162 0 0 0.705114886174851 0 0 0 0 0 0 0.0320395176027318 0.00305831758935167 0.254666819837985
1.51586455763788 0 0.0120793972966226 0.0152307506158007 0 0 0 0 0 0 0 0.986353737956651 0 0 0.000827007038661102 0 0 0 0.233111703756686 0.00991173020481801 0.569706602937225
0.0668623529066284 0 0.0044961804374786 0.000385880574466643 0.0021078437541238 0.000484250208995898 0 0 0.000197337261470342 0 0 0.0461223837611413 0 0 0 0 0 0 0.000123561539937956 1.17945106304413e-05 0.000982131654429168
0.17693641292357 0 0.0118981460250964 0.00102114750221789 0.00557794179601843 0.00128146095990483 0 0 0.000522209369889846 0 0 0.122052676632199 0 0 0 0 0 0 0 0 0
0.0333575405555556 0 0.00224313854909853 0.000192515314714509 0.00105160049648789 0.000241591796929055 0 0 9.84513020624888e-05 0 0 0.0230103970313412 0 0 0 0 0 0 7.85679488924992e-05 7.49966784882947e-06 0.000624499093080605
0.0351304752266216 0 0 0 0 0 0 0 0 0 0 0.0524034366629135 0 0 0 0 0 0 0 0 0.0138157100423352
0.176051120229506 0 0.0118386142329973 0.00101603824060046 0.00555003283687126 0.00127504923262503 0 0 0.000519596520831269 0 0 0.121441992030154 0 0 0 0 0 0 0.00020182502430625 1.92651159565057e-05 0.0016042107044525
1.14394572647568 2.10943549662695 0.0769249984980311 0.00660201765121157 0.0360630272460744 0.00828502038956661 0.0576559970417016 0 0.00337623650858737 1.17531779429052 8.39232940434682 0.789106298309741 0.147129699284795 0.52274004275362 0 0 0 0 0.0199550827727698 0.00190480335558257 0.15861342022552
0.737740586456563 0.507897959865412 0.0496096031408304 0.00425769882353325 0.0232573611266368 0.00534308198329842 0.0138820851921338 0 0.00217736440131214 0.282986377572673 2.02065765452513 0.508901541234063 0.0354250576620378 0.125862393839045 0 0 0 0 0 0 0
0.410829499721585 0.260876518509478 0.0276263619135095 0.00237100724800687 0.0129514496178028 0.00297543030499807 0.00713038905597399 0 0.00121252042265852 0.145353017339015 1.03788984336879 0.283394691075525 0.0181957133935305 0.0646479129876787 0 0 0 0 0 0 0
0.239744411677023 1.58740900413786 0.0161216901128555 0.00138362931128506 0.00755797154559004 0.00173634753210559 0.0433877447273889 0 0.000707580627909248 0.884459397959099 6.31546178276294 0.165378322467927 0.110719199422898 0.393376451670309 0 0 0 0 0.0542544938789607 0.00517883805208261 0.431243053949609
0.909769220942027 1.40761203252362 0.0611777240255356 0.00525052221987206 0.0286805846144044 0.00658899838589941 0.038473456672564 0 0.00268508897497844 0.784281610851759 5.60014462132166 0.627568778516661 0.0981786527182373 0.348820893190855 0 0 0 0 0.0349060293151389 0.00333193916189962 0.277451352079656
0.353121384949774 1.47374268038478 0.023745761165236 0.00203795823744287 0.0111321943269534 0.00255747961340285 0.04028096794444 0 0.00104220094033955 0.821127737364497 5.86324353165152 0.24358700109856 0.10279115798274 0.365208755130954 0 0 0 0 0.0206088060948059 0.00196720421814056 0.163809554622457
2.02752278123467 0.616915540626186 0.136341421879962 0.0117013778539863 0.0639179006568512 0.0146843221614999 0.0168618005348819 0 0.0059840220366806 0.343727890059557 2.45438101324947 1.39860743356059 0.0430288568299842 0.15287808354319 0 0 0 0 0 0 0
0.207689646598381 0.548506097180567 0.0139661571199346 0.00119863266331766 0.00654744120342163 0.00150419107912638 0.0149920042432996 0 0.000612974331799272 0.305612083101859 2.18221597920046 0.143266594237319 0.0382574092751817 0.135925512370145 0 0 0 0 0 0 0
0.415210782327312 1.81720275087524 0.0279209826722262 0.00239629280520464 0.0130895700813232 0.00300716171924333 0.0496685661145693 0 0.00122545132134151 1.01249397402886 7.22968969860246 0.286416947830227 0.126746939976738 0.450321730720602 0 0 0 0 0 0 0
0.0855108407029198 0.225833200011585 0.00575020400041444 0.000493506000000445 0.00269573958513291 0.000619311775336862 0.00617257002293094 0 0.000252376328333907 0.125827871456421 0.898470992815637 0.0589863150066755 0.0157514988532989 0.0559638144034323 0 0 0 0 0 0 0
