2.71561756234269 2.78172845085876 0.0130801570113831 0 0 0 0 0 0 3.24071988299015 9.17102061805783 1.77573978802416 0 0 0 0 0 0 2.79835017751107 0.647088013537277 26.9725891162684
22.0107522082873 18.8260590684498 0 0 0 0 0 0 0 71.5132815734821 26.420920354196 34.1251989119649 0 0 0 0 0 0 1.69765513413479 0.392564267777132 39.19605415812
6.05343148870275 0 0.718492734469973 0.0865355754877981 0.401306242084271 0.0235443243212852 0 0 0.0227417343811387 0 0 6.3715148856934 0 0 0 0 0 0 0.0805943946736263 0.0418386201857623 0
6.69466997064047 0 0.065257560034359 0.08453272970504 0 0 0 0 0 0 0 9.78121650614069 0 0 0.0035260572830187 0 0 0 0.710990696457891 0.164408858159283 3.39936808640105
0.35376366743805 0 0.041988849671141 0.00505715520288908 0.0234524117817244 0.00137593471319416 0 0 0.00132903120710757 0 0 0.372352520600189 0 0 0 0 0 0 0.000447908552460479 0.000232520833244511 0
0.929420132987569 0 0.110314556969536 0.0132863329217691 0.0616149867364956 0.00361490323011499 0 0 0.00349167671796274 0 0 0.978257410436552 0 0 0 0 0 0 0 0 0
0.176785442206869 0 0.0209829839526138 0.00252719965655623 0.0117198157110799 0.000687592449731733 0 0 0.000664153476689026 0 0 0.186074803802948 0 0 0 0 0 0 0.000367322302383907 0.000190686441128258 0
0.155150363776878 0 0 0 0 0 0 0 0 0 0 0.519660786937996 0 0 0 0 0 0 0 0 0.0824366148588586
0.929044799704809 0 0.110270007983202 0.0132809674225999 0.0615901043884398 0.00361344340215553 0 0 0.00349026665330158 0 0 0.977862354904386 0 0 0 0 0 0 0.000558252388570406 0.000289803152536549 0
6.42719962128196 13.4931696630872 0.762855950298179 0.0918787003768969 0.426084830059727 0.024998064757735 0.174738900193354 0 0.0241459190336146 14.0427145921454 14.6865011331315 6.76492302535281 1.5226649097854 2.36421080165715 0 0 0 0 0.0618210131566564 0.0320928756824172 0
3.87523937354245 3.24880915057998 0.459959171821553 0.0553976814585763 0.256905154221312 0.015072425087089 0.042072645055629 0 0.0145586292107056 3.38112547348691 3.53613275921739 4.07886756465831 0.366618653414755 0.569241318245339 0 0 0 0 0 0 0
2.15802503259399 1.66871711933954 0.256139895134981 0.0308495996793077 0.143064131108168 0.00839346102382889 0.0216101777008633 0 0.00810734079846967 1.73668002604443 1.81629791042358 2.27142053966125 0.188309868283028 0.292384898208572 0 0 0 0 0 0 0
2.37063603086041 10.1539862450377 0.281375079147209 0.0338889361489376 0.157158966557998 0.00922039402981052 0.131495892613743 0 0.00890608492535164 10.567534120742 11.052001436068 2.49520338792587 1.14584778342031 1.7791345221182 0 0 0 0 0.206441852640311 0.107169267764096 0
5.49182594104777 9.00390080901495 0.651834756035563 0.0785072597541252 0.364075158807999 0.0213600056948502 0.116602085655339 0 0.0206318758297404 9.3706084214504 9.80020282380016 5.7803992327865 1.01606399055229 1.57762186952686 0 0 0 0 0.135845093230039 0.0705206768134081 0
2.28598720905778 9.42691068675109 0.271327957351887 0.0326788564573237 0.151547256796704 0.00889115939361198 0.122080137340167 0 0.00858807339342888 9.81084649234321 10.2606235554606 2.4061066121255 1.06379942361984 1.65173970448504 0 0 0 0 0.0650853820235596 0.0337874934002085 0
10.6502695620061 3.94614865957022 1.26409976138806 0.152248721633072 0.70604906706049 0.0414233482521367 0.0511033133051861 0 0.0400112897814549 4.10686597353902 4.29514474414631 11.2098982498787 0.445311386631562 0.691425922807692 0 0 0 0 0 0 0
1.09096220372112 3.50856228708094 0.12948827758567 0.0155956241200766 0.072324258240696 0.00424320783915878 0.0454364934713294 0 0.00409856338560864 3.65145774169194 3.81885837734936 1.14828786510767 0.395931038572019 0.61475406183441 0 0 0 0 0 0 0
2.18103924541083 11.6238799759444 0.258871493688512 0.0311785945897515 0.144589835541643 0.0084829729133365 0.150531272761848 0 0.00819380136481923 12.0972931513703 12.65189208323 2.29564405649111 1.31172101121259 2.03668250548081 0 0 0 0 0 0 0
0.449175472842421 1.44455978302574 0.0533134494611345 0.00642109489633499 0.0297776428756521 0.00174703108963986 0.0187073011050922 0 0.00168747747669542 1.50339329088972 1.57231617329487 0.472777831358122 0.163014365536204 0.253109086148374 0 0 0 0 0 0 0
