19771349.157255 69358012.1092358 60678.817581896 0 0 0 0 0 0 11365267.2571393 73825256.7201076 2651186.14439094 0 0 0 0 0 0 7507464.63878565 608022.128632731 55482756.6176955
1230923600.28621 3605536019.40716 0 0 0 0 0 0 0 1926430666.13099 1633667820.99194 391349338.279293 0 0 0 0 0 0 34983980.5846092 2833317.95306875 619307386.186107
44725424.9285358 0 277787.429947749 374269.24965775 0 0 0 0 0 0 0 13400202.8812264 0 0 22853.0320323084 0 0 0 1750301.07411398 141755.151177519 6416396.49349171
794772596.588212 0 4936293.78260591 6650779.59234382 0 0 0 0 0 0 0 238122143.182281 0 0 406099.296703227 0 0 0 31102920.3569882 2518994.72752085 114019623.290784
320631588.338146 0 0 0 0 0 0 0 0 0 0 175502668.472899 0 0 0 0 0 0 0 0 138832580.320703
18267989.778082 0 0 0 0 0 0 0 0 0 0 11724680.3464783 0 0 0 0 0 0 0 0 1468024.33024714
45104311.0327047 0 0 0 0 0 0 0 0 0 0 24688543.5926635 0 0 0 0 0 0 0 0 19530040.4327409
1782664729.99059 0 0 0 0 0 0 0 0 0 0 1224418884.03212 0 0 0 0 0 0 0 0 267611468.045655
419002257.298682 0 0 0 0 0 0 0 0 0 0 268922174.303718 0 0 0 0 0 0 0 0 33671220.2938139
154146094.907444 540745430.782037 473078.630064972 0 0 0 0 0 0 88608599.8144752 575574025.749697 20669808.0024866 0 0 0 0 0 0 58531481.4644244 4740406.73707163 432567863.694807
16187907.4967715 56787277.1480685 49681.1359820011 0 0 0 0 0 0 9305378.88797273 60444859.7415005 2170674.12652387 0 0 0 0 0 0 6146780.48226925 497821.665886927 45426830.7463263
14924736.5066805 43716502.829652 0 0 0 0 0 0 0 23357639.8110402 19807940.7707175 4745043.27849766 0 0 0 0 0 0 424174.735181547 34353.4918652678 7508995.32133393
5966261.64319292 20929681.8342616 18310.6220528366 0 0 0 0 0 0 3429617.14759991 22277730.9714559 800029.885489121 0 0 0 0 0 0 2265475.05462357 183478.581831773 16742643.1061381
18845458.2885515 55200809.0882398 0 0 0 0 0 0 0 29493681.6191654 25011478.1865373 5991564.08170242 0 0 0 0 0 0 535605.253422272 43378.1392202947 9481605.12272935
83627604.2652513 293366140.224544 256655.431233439 0 0 0 0 0 0 48072089.8199354 312261409.409397 11213819.7526741 0 0 0 0 0 0 31754599.8937232 2571773.60803198 234677460.656108
0 0 0 0 0 0 0 0 0 0 0 0 0 0 0 0 0 0 0 0 0
76527949.077991 0 0 0 0 0 0 0 0 0 0 20757203.181674 0 0 0 0 0 0 0 0 0
0 0 0 66991682.7395721 0 0 0 0 0 0 0 7208610.24051507 0 0 10960968.4323455 0 0 0 6210619.07316153 502991.890162471 48083991.3723332
3666634.20894112 0 0 0 0 0 0 0 0 0 0 994526.472809343 0 0 0 0 0 0 0 0 0
