50788435.4690861 58388168.7142839 5475747.097525 1295139.78377994 3907311.02031805 616589.660820235 452159.451122552 0 104410.420109505 11622990.8968658 23237979.0691481 15301116.9630996 2815662.74242252 1513852.18032792 0 0 0 0 7829254.71466862 1423500.85721248 0
3379938123.9402 805981461.100386 364407491.607906 86190730.047079 260029066.807998 41033650.3218766 6241540.76229745 0 6948447.14560136 160442010.628099 320773552.8549 1018279615.91626 38866983.1761388 20896986.8221301 0 0 0 0 5777612.66594522 1050475.03017186 0
243292488.55167 0 26230540.983042 6204124.58284697 18717241.6889504 2953657.29640352 0 0 500158.563746835 0 0 73297135.2472273 0 0 0 0 0 0 518806.035309367 94328.3700562484 0
850839895.066303 0 91733168.0497152 21696998.2939966 65457737.9242637 10329498.7818749 0 0 1749149.19251398 0 0 256333959.31649 0 0 0 0 0 0 2428955.5289484 441628.277990618 0
698785007.510684 0 75339394.5162901 17819494.8353336 53759686.3431922 8483498.3946205 0 0 1436556.0885376 0 0 210524128.834202 0 0 0 0 0 0 565970.220337491 102903.676424998 0
33521137.6130178 0 3614076.12372592 854811.898007905 2578884.52753513 406958.526684678 0 0 68912.46064971 0 0 10098969.2361195 0 0 0 0 0 0 0 0 0
121407064.913576 0 13089483.4065955 3095963.05436963 9340220.03828073 1473924.92572068 0 0 249587.579038622 0 0 36576509.6568092 0 0 0 0 0 0 117910.462570311 21438.2659218746 0
8079603712.30752 0 871101190.028768 206035411.572284 621588838.744945 98089261.1973829 0 0 16609978.435619 0 0 2434155733.99107 0 0 0 0 0 0 1627164.38347029 295848.06972187 0
3768695382.10646 0 406321293.606028 96104305.5812338 289937361.974645 45753301.6310815 0 0 7747650.90667143 0 0 1135401165.78318 0 0 0 0 0 0 377313.480224994 68602.4509499989 0
282054470.149959 973922216.592985 30409657.8680333 7192581.58102812 21699320.5120035 3424241.53207971 7542078.20844043 0 579845.105487576 193872993.570122 387612500.65768 84975022.3228775 46965619.2283964 25251250.4420849 0 0 0 0 1792239.03106872 325861.642012495 0
151676788.60375 188551062.051047 16353008.8550264 3867861.6772172 11668963.2622887 1841410.13157246 1460144.17994101 0 311815.811467901 37533756.0000843 75041669.055395 45695919.9781997 9092530.42442917 4888634.84973957 0 0 0 0 0 0 0
111160236.328732 87347390.5711839 11984723.211404 2834661.92872492 8551899.90431553 1349524.78416763 676420.395558523 0 228522.238721437 17387733.6424405 34763495.3884298 33489430.4579831 4212168.29872838 2264688.90143137 0 0 0 0 0 0 0
8253201.04353659 66244457.5903401 889817.55870278 210462.262054214 634944.216975133 100196.794508721 512998.750321001 0 16966.858306324 13186896.3266863 26364713.1401605 2486455.69253645 3194517.91752255 1717545.15967965 0 0 0 0 471641.850281242 85753.0636874986 0
19719533.39351 46797876.8161698 2126058.35849747 502861.566410277 1517084.53769738 239402.145278496 362403.938346565 0 40539.2437660937 9315779.34715944 18625144.5435158 5940936.83187983 2256742.0947993 1213346.28937497 0 0 0 0 353731.387710932 64314.7977656239 0
115463948.606889 850196304.820473 12448727.2666194 2944409.53047526 8882997.76660268 1401773.38110408 6583941.62720166 0 237369.772669719 169243600.699876 338370672.880034 34786017.0595471 40999163.2199056 22043361.8334111 0 0 0 0 1745074.8460406 317286.335643745 0
0 0 0 0 0 0 0 0 0 0 0 0 0 0 0 0 0 0 0 0 0
18808131.0783748 67197293.2665715 2027795.66275413 479620.185051339 1446967.54596529 228337.397188312 520377.53382906 0 38665.5908816695 13376571.7461234 26743933.3826886 5666357.13090021 3240466.67687385 1742249.69139763 0 0 0 0 0 0 0
75801531.02351 503924079.2933 8172530.01901549 1932990.79983934 5831645.62541841 920257.532482752 3902400.77944001 0 155832.122529661 100313216.107164 200557364.015986 22836854.1275253 24300817.8937561 13065430.5993207 0 0 0 0 0 0 0
772632.680690264 2760445.714427 83301.2696624185 19702.660926021 59441.0156571273 9380.03539832238 21376.9612333049 0 1588.37148725139 549505.766606241 1098633.18452872 232772.340938732 133117.45036269 71571.1222921068 0 0 0 0 0 0 0
