31.7136212495211 1.7730660714057 29.2196707539642 0 14.9133284831563 0 0 0 2.14891859740538 3.73666126263949 62.2124427661633 2.20618144762694 4.54458802212911 0 0 51.9790508602052 0.157572423855566 0.0286495316101028 5.47377356972085
5.37604360312707 0.261636971816324 3.99991530029387 0 1.55049856857768 0.103959151283 0 0 0.449072616322848 1.12731912376398 8.68928460017463 0.304148148920896 0.738148620633942 0 0 8.81140761803868 0.0267114314897336 0.00485662390722429 0.927905556824679
100.181872343678 4.02597108304777 64.3079494105884 0 23.5742280420601 0.503636196678711 0 0.609664869663702 2.51194400262973 4.00881938594726 133.212553644114 5.85028795646601 6.3897867925367 0 0 164.199433323978 0.497764046791743 0.0905025539621351 17.2913991967491
0 0 0 0 0 0 0 0 0 0 0 0 0 0 0 0 0 0 0
1.52697162603662 1.10962329274223 0 0 0 0.0708082051832317 0.128067118031216 0.187011105556514 2.91579843348324 26.0316004589309 0 1.70493213957839 45.2799198399668 0 0 2.50272698873978 0.00758691725489716 0.00137943950089039 0.263555425050652
10.9391111561335 0.06075 4.96935 0.00618963690104569 0.83025 0.886191095162548 0.15977794426384 0.23331711105613 1.6929 11.32785 17.9091 0.66825 16.00155 0 0 17.92935 0.0543521109158558 0.00988220198470105 1.88809146238972
41.3002719366648 4.1715 13.56345 0.12555 2.86335 0.267516155897874 0.48384255785011 1.27353523753682 4.83975 24.48225 49.50315 1.5147 45.09675 0 0 67.6917 0.205204694341001 0.0373099444256366 7.12843024675441
18.83395193857 0 26.2197 0.00891959342869452 4.2444 0.127304180276297 0.230248449867115 1.80225 0.1539 8.343 18.93375 1.01655 14.26005 0 0 30.8691 0.0935784480236397 0.0170142632770254 3.25074161426123
97.354876991304 6.27345 118.16685 0.0509656264326639 27.5805 8.97885 1.31561562490913 0.3483 3.01725 8.5779 212.60475 1.5471 17.0991 0 0 159.56595 0.48371782651317 0.0879486957296672 16.8034595723272
67.7276028187175 18.873 31.27005 0.32805 14.94855 0.582756398206991 0.87075 0.58725 9.86175 63.88875 94.5594 5.29335 70.36875 0 0 111.00645 0.336511634988184 0.0611839336342153 11.6897896753196
41.1812226110012 9.26400241843509 31.5603477161261 0 7.15547893614232 0.321841053717929 0 0.981050566158113 5.74979661461381 15.9032703325472 85.2899734014433 1.23493559885697 30.6669055626122 0 0 67.4965765574623 0.20461318539109 0.0372023973438346 7.10788232360229
13.2371399284859 0.35235 17.54865 0.14985 0 18.5465718398062 0.273959238716393 0 1.7415 14.82705 22.53015 1.2231 17.85645 0 0 21.69585 0.0657701057547412 0.0119582010463166 2.28473141269974
66.1288666727906 0 69.12135 0.0386081855649678 9.13275 9.99945 0.996623327013777 0 0.2349 2.40975 168.33825 0 4.18365 0 0 108.3861 0.328568148256185 0.0597396633193064 11.4138476883835
69.2077310280068 53.66655 50.96925 0.648 17.53245 2.88402359435726 1.1421 0.07695 23.0526 107.08605 121.58505 12.47805 105.8589 0 0 113.4324 0.343865805857531 0.0625210556104601 11.9452599228849
5.55643697153289 3.42255475749236 0.223531906739337 1.85339037905728 0.333077344479144 0.0909543690138618 0.226678874400329 0 7.65189686050087 21.7477300788582 0 1.70239531622674 32.8961988845135 0 0 9.10707476993642 0.0276077346928124 0.00501958812596589 0.959041466671228
34.7496544361204 5.8806 7.33455 0 2.92815 0.24222191070176 0.438094172099353 0.639730765567753 6.399 23.8221 37.2762 5.00175 44.307 0 0 56.95515 0.172657270343275 0.0313922309715046 5.99779314108575
15.9231154935903 0.58725 14.17905 0.00877641976275661 1.81035 0.125260745637141 0.226552595912837 0.33082536782026 2.7378 12.17835 25.08975 0.74925 20.32695 0 0 26.0982 0.0791156545610514 0.0143846644656457 2.74833101053521
101.990470514888 10.8783 74.55645 0 20.05965 3.43369679532722 1.13410692645665 0 3.65715 5.37435 163.3527 1.33245 9.14085 0 0 167.16375 0.506750254811825 0.0921364099657863 17.6035633860709
29.4024132927111 2.06955 21.27465 0 0.8019 0.272999272304992 0.493759585322733 0 1.5228 30.132 57.72465 2.85525 32.5701 0 0 48.19095 0.146088946868707 0.0265616267034014 5.07485889111707
11.4975568578019 1.07325 6.20055 0 0 0.0865014047396133 0.15645059187685 0 0 10.55835 9.7119 1.16235 19.26585 0 0 18.84465 0.057126806435843 0.0103866920792442 1.98447923526076
116.080104987956 6.0183 115.17795 0 7.7922 1.5309 1.40832628392642 0.31185 2.8431 8.76825 233.8794 1.9602 11.44125 0 0 190.25685 0.576756068329378 0.104864739696251 20.0354354254985
25.4586993995128 1.00845 24.4134 0.65205 8.9262 0.3159 0.446710605805075 0.1215 2.8026 16.54425 65.97855 2.92815 22.437 0 0 41.72715 0.126494194435523 0.0229989444428224 4.39417355703666
32.4219736796086 0 33.35175 0.136785993125517 1.89135 0 0.3945893105965 0.57620241908971 0 3.49515 68.1615 0 6.62175 0 0 53.14005 0.161091946538727 0.0292894448252231 5.59603525593303
91.847020933698 2.2437 97.3053 0 8.87355 6.11145 1.06410246695318 0 0.56295 2.72565 186.05295 1.52685 11.7936 0 0 150.5385 0.45635147114126 0.0829729947529564 15.8528031752939
49.6670734669715 38.64105 28.4067 0.56295 15.9732 3.59235 3.33315 0 19.5696 55.00305 66.38355 8.667 105.6807 0 0 81.405 0.246776017485589 0.0448683668155616 8.57254086153905
51.2163896392994 0.6804 18.75555 0.0235518581147237 3.078 1.19475 0.607962556338069 0.1944 1.4175 5.86845 82.98855 1.2636 7.3629 0 0 83.94435 0.254473955941482 0.0462679919893604 8.83995295707064
30.2959078098484 0.222579215386354 19.296943491526 0.0124707173543579 1.55299588917297 0 0.321916392549306 0.470081168319384 0.438413606064031 1.51252694092091 53.3836013630044 0.527782533454006 2.80921949116413 0 0 49.655399505283 0.150528367257166 0.0273687940467575 5.22907611639438
0 0 0 0 0 0 0 0 0 0 0 0 0 0 0 0 0 0 0
1.75134832537399 1.74801063276407 0.332718869733814 0.3719592517936 0.0352833687428326 0.00270903821375 0.0108885332242371 0.0104525775864133 1.9570728363431 6.89047918925448 0.290180976576567 1.06773409335787 6.84068677168282 0 0 2.87048341033979 0.00870175620984098 0.00158213749269836 0.302282861341537
4.64180389625766 15.5035940210339 0 0.406286206951954 0.16050596960266 0.0157769939394614 0 0 13.8568764742728 53.9174155703673 0 4.82150268604045 45.1265325969378 0 0 7.60797888416226 0.0230632851808613 0.00419332457833842 0.801175724564919
8.44053276983032 6.20469590490864 0.358034207481343 0.609027260148677 0.121710352293153 0.0119635643163453 0.0480855777071163 0.0461603249418707 11.025238945843 36.7409536213329 0 3.01929878061586 28.4138899916637 0 0 13.8341464911348 0.0419376644726304 0.00762502990411461 1.45683663263645
15.9175648503016 32.7466279384061 0 3.22177402229664 0 0.0368764890484789 0 0 23.053044695882 124.155381871762 1.51802886263601 13.2746779264553 107.368243545059 0 0 26.089102421154 0.079088075612874 0.0143796501114316 2.74737296905866
12.8062234759664 29.5472321414195 0.488476452615593 2.00238057293567 0.328136853665437 0.0259410919973538 0.477148737939915 0.100091344375421 19.4868545142679 65.6049977657919 7.60680888042603 9.82546147055029 63.0880389450627 0 0 20.9895721509403 0.0636290525660028 0.0115689186483641 2.21035519845412
0.443448068284239 3.72906391507103 0 0 0 0.00550363858392722 0 0.0381380177045792 3.73308837429299 21.7111526106466 0 1.76915227397499 26.8302647409837 0 0 0.72681733548654 0.00220331782434562 0.000400603240790113 0.0765391721311136
0.942452842060362 2.24088913383767 0.0245189342366247 0.233872911180112 0.0598827816932949 0.00207575104770385 0.0125868013867583 0.0134315532577105 2.49621611247483 5.55990409713769 0.435211082700088 0.652345106084044 5.93240329034796 0 0 1.54469285690736 0.00468267491512848 0.000851395439114269 0.162667436083359
2.75606067808499 1.63092163039233 1.10326170183806 0.218335151205686 0.00968824778909036 0.00172190695634053 0 0.0101876420050229 0.749790475801044 0.877835152766136 2.40628109004912 0.231818795035863 1.25637596844297 0 0 4.51722044079577 0.0136937739756044 0.00248977708647353 0.475696293953703
21.1086981081184 28.5137324431114 2.78917560026345 3.4539129210231 1.32364361238983 0.0248576605902348 0.0233241165178825 0 33.1610626592994 34.8792725761168 17.3570300420576 9.19553293717518 50.3509365329788 0 0 34.5974395015257 0.104880760830233 0.0190692292418605 3.64336298546102
2.88279358613668e-05 5.76015339921562e-05 1.34983546644721e-06 6.09735564311517e-06 0 5.08087897171261e-08 4.4652351931904e-07 1.04802849922353e-06 6.96525365595252e-05 0.000117979725730882 1.29183873347819e-05 8.51987404677708e-06 8.2673572979208e-05 0 0 4.72493737798975e-05 1.43234596033304e-07 2.60426538242371e-08 4.97570404041893e-06
2.34413363179908 1.801328634067 0.305565857991144 0.258400063303769 0 0.00212994501051057 0.00171228957610932 0.0195815754025667 2.24621259847795 3.79785827981046 1.31752899747175 0.507771690660781 4.97139929020029 0 0 3.84206648341183 0.0116470716257138 0.00211764938649342 0.404597652746116
3.77711118288459 4.37247781889455 1.19293124211865 0.421317509372549 0.112332472277301 0.00331965766442967 0.0133428176054409 0.0449895795770552 3.05306643796494 2.5638401292308 3.30319718228014 0.475361595531149 3.76554292460032 0 0 6.1907359218012 0.0187669695483948 0.00341217628152632 0.651929692925968
0.149490977064148 0.131599182410874 0.0568849968369266 0.0149735897195926 0.00122278214336037 0.000125065609896462 0.000219661462879109 0.0024162760916702 0.0894095374405601 0.0913938126552347 0.197087586543899 0.0182465455164913 0.0709726186562402 0 0 0.245017717744121 0.000742761459348962 0.000135047538063448 0.0258021546239484
23.5776742749367 33.755599555294 0.369687330560134 5.18348831572614 0.30282898354394 0.0387519339142124 0.806233008136463 0.149520812887007 36.4024035283468 113.474346262251 6.09590811030009 9.91863242204956 117.245943602752 0 0 38.6441245753604 0.117148125568754 0.0212996591943189 4.0695084697584
1.0925980415197 1.19704310040688 0 0.0318786444848703 0.0280115080602995 0.001682781166658 0.0297534015192123 0.00649285809855728 1.55434957400813 5.94616416254043 0.0528654187707432 0.404858784957853 3.91177533366429 0 0 1.79078285393759 0.00542868694645532 0.000987033990264603 0.188582509545157
5.10142329300364 8.11098011250323 1.09623392084559 0.904896504215064 0.0517905789375871 0.00630545922422156 0.0253437555470912 0.0561064605157194 5.13302182359197 13.2353701729389 2.83409556964018 2.18959058730577 11.2414328838418 0 0 8.3613012440349 0.0253469519317024 0.00460853671485497 0.880506069284767
65.4211680238299 68.818430112787 6.47951988138856 31.1271053125529 2.60451289349932 0.0901762185922772 0.448202083298664 2.2551270175421 70.1030408082257 252.22836923902 20.9490359563848 23.5923695027683 183.438172328331 0 0 107.226172416247 0.325051873952514 0.059100340718639 11.2916988448462
9.426461544447 20.151069149587 0 2.09561409746759 0.315555790738363 0.0236329218413554 0.188037142036659 0 17.2867935105773 73.6822771374078 1.75578478436474 7.67447865423942 68.0993669935752 0 0 15.4500969849976 0.0468363540780517 0.00851570074146394 1.62700801816391
3.87918483938865 5.36864775735597 0.505120937032198 0.811746337646544 0.151381809875093 0.00484438656838024 0.0194712144823676 0.325934304935149 2.68162063207307 9.49689150114358 1.97800415862303 1.71772012837861 7.10644914622821 0 0 6.3580360147539 0.0192741331214411 0.00350438784026202 0.669547614220438
1.00744988767982 1.12377269441056 0.439505693076983 0.198847768783 0.089609033561999 0.00112618861393098 0.00388157942409649 0.0227349651982794 1.40224829252217 0.806592204327251 0.897642967389628 0.29843800657839 0.979377939834174 0 0 1.65122388701065 0.00500561949282675 0.000910112635059408 0.173885931367215
64.8612443499769 24.9399 23.7087 4.6737 7.5654 0 1.9926 2.5515 11.0079 111.32235 94.3812 20.00295 45.68805 0 0 106.30845 0.32226983497409 0.0585945154498346 11.1950559738576
46.6202677167894 52.1722477544752 6.11128281722703 8.15646079706623 5.4160839782303 0 1.24893279796505 0.363766834358752 65.2921049136808 88.2296247468576 16.9919530182688 15.2782070430676 133.21545659589 0 0 76.4112444839133 0.231637646395894 0.0421159357083445 8.04666194483628
13.4355873025715 8.97723010038797 4.53656588445059 0.579579648840654 1.75166482358244 0.0112580219558976 0.150523923188112 0.306885339242246 6.84654520429031 9.11524511029175 13.3161551549461 0.707170564340827 7.87477787626229 0 0 22.0211079095118 0.0667561121617803 0.0121374749385055 2.31898344537376
36.4030994636099 58.8066769567307 1.9235071997278 1.76557713490804 3.9604000870185 0 0.263216774699593 0.182226997868949 27.0789318833259 29.1887155697641 15.400206064347 4.02519190848301 25.025841040669 0 0 59.6651685911355 0.180872583840386 0.0328859243346157 6.28317788536485
38.8169182633162 59.0571 0.75735 4.91265 0.2754 0 0.63585 0.1296 50.7789 240.91425 7.8813 17.6094 161.28315 0 0 63.62145 0.192865893466722 0.0350665260848586 6.69980320367746
9.50975665600245 3.6019209210815 2.62861403089392 5.46285627802466 0.388980042381304 0 0.00685427387456043 0.0582613279337636 11.0799337182269 12.2023210651862 8.72720421078406 1.17036726408119 10.8434612695546 0 0 15.5866187907504 0.0472502144984636 0.00859094809062974 1.64138476109502
0 0.242210643855162 0 0.0524789728352851 0 0 0 0 1.32408485307489 3.5766438409279 0.0726631931565487 0.0888105694135595 3.11240677353883 0 0 0 0 0 0
0.0123869081375895 0.00172175055974501 0.00320436909730322 0.00468698763486143 0.000657613061013721 0 0 0.00162609775087029 0.0169544603730447 0.0399350477051969 0.00912288664642671 0.00197283918304116 0.0128174763892129 0 0 0.02030230868366 6.15456407188341e-05 1.11901164943335e-05 0.0021379813374394
45.2118628470238 32.7726 12.34035 6.0426 1.79415 0 1.1583 0.53865 49.3128 52.28145 38.86785 11.6802 63.58905 0 0 74.10285 0.224639840394717 0.040843607344494 7.80357115142189
13.1475359318865 7.91797538816261 4.1379723243447 0.0723554888298815 0.904062792011256 0 0.0258956486338523 0.130239879893787 6.82807323536724 18.4864465776725 11.4169345006308 2.39991731897849 18.580127894789 0 0 21.5489878469878 0.0653248989831704 0.0118772543605764 2.26926575570433
10.1001369422403 3.989022527989 0.20917597432877 3.42021066797217 0.631197676921902 0 0.110092618067774 0.0366975393559245 21.2552147949515 43.8865873157501 1.26973486171499 2.01102515670466 27.9268274498586 0 0 16.5542600034575 0.0501835803215309 0.00912428733118744 1.74328444582251
16.6322921147356 13.90365 3.4182 2.03715 0.12555 0 0.15795 0.90315 11.5587 13.5918 12.3768 6.37875 20.18115 0 0 27.26055 0.0826392723231591 0.0150253222405744 2.87073495219002
50.0945562386026 9.5094 20.7036 4.9005 1.14615 0.2349 0.2997 0.65205 18.7515 34.46955 58.77765 4.6494 28.47555 0 0 82.10565 0.248900010073898 0.0452545472861632 8.64632442218812
72.1259804690264 66.82095 22.91895 2.99295 18.22905 0.50625 2.1222 0.97605 37.63665 82.04085 67.12875 9.10845 55.1124 0 0 118.21545 0.358365431561535 0.0651573511930063 12.4489500103216
41.1198890330285 18.549 13.5351 3.7017 5.8158 0 0.2673 0.69255 12.6036 39.8925 47.952 3.86775 31.5981 0 0 67.39605 0.204308443133218 0.0371469896605851 7.09729614312793
0.862953988026775 0.56997933643189 0.0237491390179954 0.224297424058846 0 0 0 0 2.56622641055562 4.11783682639799 0.329849153027714 0.406374156530144 4.45560235909836 0 0 1.41439316818284 0.00428767659484043 0.000779577562698261 0.14894592750481
104.715982058872 155.41065 39.0096 3.6126 34.08885 1.50255 9.882 0.5508 64.9215 135.7479 85.45905 26.67735 89.8614 0 0 171.6309 0.520292242239019 0.0945985894980034 18.0739868970299
19.365216654759 21.39615 7.9056 3.5964 4.1715 0.3888 1.8711 1.6362 17.74305 76.68675 3.75435 20.2014 40.7106 0 0 31.73985 0.0962180919917691 0.017494198543958 3.34243794685978
35.2265571813505 52.3908 6.0102 4.82355 2.54745 0 2.1546 0.61965 37.96875 57.88665 17.7066 6.8364 80.3682 0 0 57.7368 0.175026811207689 0.0318230565832162 6.08010659313934
3.58714011098577 1.49517954862776 0.364179093816438 0.878242458432432 0.085168455301581 0 0.0128210577873348 0.100431619334122 3.03431700966923 3.61034882025734 3.42322242921839 0.544894955961728 5.34180214810884 0 0 5.87937078533495 0.0178230785298947 0.00324055973270813 0.619140670688812
0.050987626549901 0.0166401480642944 0.00832007403214719 0.0139757134799814 0.00130708111683279 0 0.000125680876618538 0.000276497928560783 0.0715543124214875 0.122957790958469 0.0287474058452135 0.0220611832091073 0.107867707039137 0 0 0.0835694042262197 0.000253337322751549 4.60613314093725e-05 0.00880046842950362
27.2328764517161 28.6578 4.0662 3.1185 2.1951 0 1.29195 0.57105 24.16635 29.4921 28.33785 6.7473 36.1908 0 0 44.63505 0.135309377547695 0.0246017050086719 4.7003966584588
3.70825523932765 1.96415108516347 0 0.456699465606191 0 0 0 0 4.80736279585465 21.0047415873163 0.549412890954817 0.944303406328591 17.704830411019 0 0 6.07788010618766 0.018424851635156 0.00334997302457383 0.640045151548787
248.74520753014 292.796528460985 50.3177811080196 1.27146647272791 35.9401189624424 0.532804998095507 1.78812586482053 6.86995535423146 144.696920997937 79.6624200182797 139.889566810576 28.9894355781965 196.14489452616 0 0 407.696733580581 1.23591642104169 0.224712076553035 42.9334427582523
57.6548737003629 66.5000087546113 15.806927389149 1.84626565277487 13.2235332854529 0.0620014584887083 0.840464215069157 1.26758537354693 21.1976097521951 29.6676978868469 61.5226694481566 5.69724513001798 35.9264006687349 0 0 94.4971117877347 0.286464233288713 0.0520844060524932 9.95123582209667
21.7105131583616 3.60504388645739 4.51753821629895 2.57503134746956 0 0 0 0.15899522413906 4.9150262766466 21.146364810495 11.222988973468 1.77659880885819 16.1345588321986 0 0 35.5838224459049 0.107870941466921 0.0196128984485311 3.7472363113724
43.7218506430146 12.67245 4.4064 5.9778 0.4293 0 0.13365 0.8424 32.63895 47.7819 38.1834 6.62985 46.96785 0 0 71.6607 0.21723655987015 0.0394975563400272 7.54639492557572
0.0242444679701432 0.049045677862849 0 0.0087081101511589 0 0 0 0 0.116808787889683 0.744193091653637 0.017115940641933 0.0770717794987626 0.731281066257091 0 0 0.0397370083909205 0.000120461159357567 2.19020289741032e-05 0.00418459711499891
32.3280757297706 36.3123 2.87955 3.4506 1.47015 0 0.243 0.1539 30.3183 19.3995 24.67665 6.16005 53.18055 0 0 52.98615 0.160625404814127 0.029204619057114 5.57982846226445
17.7887194969516 5.0382 3.4506 1.944 0.34425 0 0.5751 0.17415 8.83305 12.68055 19.9908 1.20285 12.53475 0 0 29.15595 0.0883851019840176 0.0160700185425486 3.0703344110557
76.1907732975423 19.51695 16.83585 3.0861 6.43545 1.3446 0.22275 1.42965 18.48825 25.27605 79.30305 6.642 34.4493 0 0 124.8777 0.378561777271176 0.0688294140493048 13.150533578343
41.0754110567894 33.99975 13.16655 6.13575 6.0912 0 0.19845 0.243 20.4282 75.61755 41.3667 7.53705 53.1117 0 0 67.32315 0.204087449684723 0.0371068090335861 7.08961924086386
4.78285292447382 10.4581464913943 4.00476069145297 1.34509105128801 0.82637919029982 0 0 0 9.48937580984286 20.3340134917774 1.18998603403174 2.52490626451607 30.3726136250195 0 0 7.83916013444414 0.0237641019398061 0.00432074580723748 0.825520798141027
28.4507196762229 5.87630354225173 8.25998928249494 3.54858259764902 2.80860363306917 0.060110336058307 0.151312225250221 1.5089767120844 8.59163251592008 18.994866194425 21.9755097548335 1.57323258856052 12.1567972752404 0 0 46.6311113897838 0.141360358205242 0.025701883310044 4.91059649662675
36.9191912771155 20.52945 6.8526 4.37805 1.9764 0 0.14985 1.7415 29.87685 26.84745 35.28765 4.9167 35.14185 0 0 60.51105 0.183436839664288 0.0333521526662341 6.37225537374403
6.41795714038902 6.07004290670783 0.591658832195305 2.71066167222063 0.227688932614485 0 0.042103062965209 0.0941779040011254 7.2251071998981 14.8330198801772 4.60363754264325 1.84422495541027 16.0661964349214 0 0 10.5191178892551 0.0318882872080559 0.0057978704014647 1.10773991687225
5.66599997312267 8.3754 0 0.5427 0 0 0 0 0 18.1197 0.95175 3.60855 13.88745 0 0 9.28665 0.0281521098554455 0.00511856542826282 0.977952049527813
2.41169471163006 16.3944 0 0.81 0 0 0 0 13.69305 143.69805 0 8.86545 129.51495 0 0 3.9528 0.0119827558739271 0.00217868288616856 0.416258700540404
20.4376300818568 29.7432 1.75365 4.2444 0.68445 0 0.4698 0.2835 36.06525 181.39545 5.27715 13.4217 130.46265 0 0 33.49755 0.101546489583249 0.0184629981060453 3.52753659033778
35.6812209384611 23.42925 5.2731 1.14615 2.0574 0 0.405 1.2474 17.12745 12.79395 46.8909 6.156 23.41305 0 0 58.482 0.177285855347856 0.0322337918814283 6.15858159406089
0.0533334693076927 0.430942684054376 0 0.00516099022819612 0 0 0.0148378469060639 0 0.393525504899954 8.50531189606721 0 0.642220721521155 7.41247221524668 0 0 0.0874142719900719 0.000264992886347423 4.81805247904406e-05 0.00920536107753307
10.0396676366321 4.7628 0 0.50625 0 0 0.05265 0 11.5992 45.7893 1.12185 2.02095 29.6541 0 0 16.45515 0.0498831322907436 0.00906966041649884 1.73284743882752
169.643943373207 54.29835 75.37455 3.6045 11.5101 0 0 0.8667 28.836 96.552 179.40285 13.25565 84.85155 0 0 278.0487 0.842893567385851 0.153253375888337 29.2805582242837
28.5665957564605 0 33.5983700632841 0.198398412940896 5.8258514891704 0.138631059320316 0.0636880000640234 0.139035801539531 0 0.810103609440854 93.3958355808255 0.499851163272016 2.14468159216712 0 0.0270366863702558 46.8210338404798 0.141936100555391 0.0258065637373438 4.93059671736399
6.12066373023325 1.5795 0 0.0729 0.594294600917958 0.740458157224339 0.0759666006991778 0.165840930910469 2.3409 118.25595 11.26305 16.34175 242.18595 0 0.0322491702621126 10.03185 0.0304111539956121 0.00552930072647493 1.05642705044936
0 0 0 0.0413304700126172 0.103793188403188 0.0288797009770567 0.01326752032837 0.0289640171059315 1.01203171005832 22.6492696711052 0 1.27920808151372 37.8540340830214 0 0.00563229785310474 0 0 0 0
4.76902745230124 8.88975 10.773 0.143251161686695 3.83535 0.1782 0.0459851460474716 0.100389109929584 0.66825 35.5347 27.66555 3.41415 60.55155 0 0.019521510647627 7.8165 0.0236954086441386 0.00430825611711611 0.823134520535839
0 0 0 0.098291601300515 0.246839648547936 0.0686813397778537 0.0315526491221735 0.0688818593296525 1.93995 58.1823 0 9.87795 165.8637 0 0.013394659552967 0 0 0 0
0.618407229239826 1.01644096241887 6.1501836261288 0.337859249480074 0.435208524753993 0.0718687146354361 0.187630504473715 0.072078539931414 1.15101201941517 46.5444064368481 6.7142367799218 5.54031904867748 100.636244921404 0 0.0140162811058239 1.01357774844022 0.00307262060281417 0.000558658291420758 0.106737137336165
0 0 0 0 0 0 0 0 0 0 0 0 0 0 0 0 0 0 0
30.5959056551264 30.4236 11.0079 0.28755 5.86845 0.3888 1.23136787799388 0.3483 31.35915 168.75135 23.98815 15.1308 529.3512 0 0.0619659548656758 50.1471 0.152018937736645 0.0276398068612081 5.28085576853614
1.18843578728903 2.00050712997623 0 0.0510118704836668 0.128106084501191 0.0356445877677876 0.0163753528189642 0.0357486544150947 0 24.2369133054812 0 3.13439781093442 62.1939038505565 0 0.00695162790358551 1.94786220550317 0.00590486674878408 0.00107361213614256 0.205124112146963
0.249960373198123 1.43725837401862 1.0487799940897 0.0279079295925945 0.180843383760013 0.0289073011457331 0.252172077335941 0.0753514099000052 0.834447094818576 23.9450035904461 0.254520317884462 1.30888189789268 53.0406946665014 0 0.00563768060865698 0.409688406419288 0.00124195409798132 0.000225809835996603 0.0431431804499498
3.19590834702442 3.18535338249413 0 0.116206140175269 0.291828420947958 0.0811991390113686 0.0373034065808138 0.0814362050763822 3.95337747582882 59.2511121959268 0.930831043995506 7.04670953838423 132.128458305856 0 0.0158359581593664 5.23813667343479 0.0158792028415386 0.00288712778937065 0.551614036869307
1.83348102052203 0 2.35305 0.124317880977484 0 0.0868672247771449 0.0399073616279982 0.0871208391800476 2.23965 64.2735 4.9005 8.61435 123.41565 0 0.016941383292236 3.0051 0.00910984104349785 0.00165633473518143 0.316458971107561
0.196303162251942 1.14312287289368 1.35615441692958 0.0208639141066089 0.252014120392986 0.0212148622818903 0.00974624414609279 0.021276800425351 0.185579025474574 14.2791530044889 2.38178051038077 1.28148356644277 31.0345231832095 0 0.00413745361765103 0.321743517538758 0.000975352667649644 0.000177336848663572 0.0338819415396635
27.6603592233472 0.99225 28.37835 0.19202378021517 7.938 0 0.0616416751795341 0.134568516960972 0.4617 12.38895 74.6091 0.70065 18.11565 0 0.0261679851383445 45.3357 0.137433370136004 0.0249878854792735 4.77418021910787
18.544845093016 0 29.12355 0 0 0.0758975102984465 0.034867804260068 0.0761190979203087 0.353488833504807 2.89461116649519 39.62115 0.57105 4.74255 0 0.0148020017468166 30.39525 0.092141990608425 0.0167530892015318 3.2008417495448
0.00203808325159768 0.00142741516680259 0.00453895132078351 5.06871365073086e-05 0.000632771671881562 5.8684585672256e-05 2.69600760058831e-05 9.97326420526415e-05 0.00141106447760669 0.0248759385426514 0.0124902914767526 0.00471880890193847 0.0592091157162148 0 1.14450307555045e-05 0.0033404458027236 1.01264284972984e-05 1.84116881769063e-06 0.000351773332591421
1.53696117892817 0 1.3527 0 0.346784149278153 0.024369653542749 0.0111955755369704 0 0.113500434597509 9.11644956540249 8.31465 0.6318 11.4939 0 0.00475272051600445 2.5191 0.00763655138686747 0.00138846388852136 0.265279622680462
7.22025814281048 2.94435 0 0 0.9396 0.0979717546343009 0.0450088540476688 0.0982577894203395 5.49585 58.1337 9.12465 12.61575 119.69775 0 0.0191070573663507 11.8341 0.0358746031389498 0.00652265511617268 1.24621713419986
0.542389344283528 0.703486875453256 0 0.0436446009786819 0.109604664325845 0.0304967019523976 0.0140103809739277 0.030585739018748 0 26.6240032914075 0 2.03696199758107 66.7822540822068 0 0.0059476553815333 0.888983414751875 0.00269491783923846 0.000489985061679721 0.0936164442993793
17.6528145695544 8.1891 1.83465 0.294575242742563 3.5316 0.20583470071964 0.0945617850493445 0.206435648255993 5.1759 99.95805 36.9846 19.8531 162.9963 0 0.0401431560485582 28.9332 0.0877098442247286 0.0159472444044961 3.04687720969328
1.25526732941401 3.8313 4.8357 0.152354789439111 0.57105 0.116269101512662 0.0255058322285703 0.0556811930703927 0.5184 34.8786 6.03045 2.8026 61.50735 0 0.0108276784619237 2.0574 0.00623692621306861 0.00113398658419429 0.216659241674718
1.25860231897733 0.134906502221434 2.82606954418797 0.0309350408879967 0 0.0216158860590174 0.00993047704792998 0.110349935444205 0.53455909800418 3.9686579479789 12.0256796135135 0.431320788792472 8.86962749816414 0 0.463622345662393 2.06286609265357 0.00625349645539101 0.00113699935552564 0.217234861140669
39.4766749108625 0 35.2431 0 9.03555 0.137369775101942 0.0631085579839122 0.283570834921439 0 1.9926 77.9787 0 6.3747 0 0.0267907029232337 64.7028 0.196143962952725 0.0356625387186772 6.81367725392775
0.1062529432378 0 0.02835 0.00716408127666856 0.0179911536805175 0.00500590786851344 0.00229974626330837 0.0293205229357993 0.023314763898251 1.88423523610175 0 0.4212 6.5043 0 0.000976283104976311 0.17415 0.000527928793625886 9.59870533865248e-05 0.0183392665197104
26.6769017487276 19.6911 5.53635 0.06885 4.5279 0.291637593561595 1.377 0 8.97075 146.1645 39.11895 37.9242 381.1455 0 0.0568769667458311 43.7238 0.132546959441513 0.0240994471711842 4.60443538015799
4.15374878099399 0 4.05405 0.0692189369559337 0 0.0483667909081812 0.0222200147467633 0.0485080008389458 0.3645 31.2822 6.81615 2.15865 57.92715 0 0.00943279062377183 6.80805 0.0206383326066306 0.00375242411029647 0.716937372549609
5.52021105100569 2.4705 2.70135 0.09315 0.69255 0.141009790320294 0.469780804380903 0.141421477396372 5.23665 98.64585 3.99735 4.98555 139.0689 0 0.0275006011980074 9.0477 0.0274277424409356 0.00498686226198829 0.952788869884489
0.0150954422549295 0.0322778768215661 0 0.00217229470609914 0.00545528259486442 0.00151789276838698 0.000697329698006883 0.00152232435313154 0.0541756434758444 1.28770243390353 0 0.141766710092958 4.78978097239847 0 0.000296028833103953 0.0247416324535352 7.50032740369217e-05 1.3636958915804e-05 0.00260547454319896
12.4167683667429 0.162 5.17995 0.0694220292671079 0 0.0485087018328733 0.022285209538069 0.0486503260816333 0.582326836839678 5.08767316316032 25.43805 0.405 5.0868 0 0.00946046696976691 20.35125 0.0616940043713972 0.0112170917038904 2.14313521538476
10.8822781864947 6.2451 11.45745 0.0990024243896246 0.248624738211488 0.0691780280142761 0.0317808308917434 0.0693799976790585 0.7371 24.0813 15.4224 4.26465 66.8898 0 0.0134915267639497 17.8362 0.054069730398335 0.00983086007242454 1.87828208727453
0 0 0 0.0383692148885785 0.0963565899104681 0.0268105214474529 0.0123169259474283 0.0268887964747241 0.567 21.6432 0 2.30445 50.3577 0 0.00522875366711976 0 0 0 0
36.6844464025203 3.9852 37.87965 0.280130302110301 7.56135 0 0.089924805517727 0 2.49885 43.16085 92.7207 2.8269 54.22545 0 0.0381746759396584 60.1263 0.182270485352789 0.0331400882459616 6.33173838957257
5.19403922525244 0 4.92075 0.0480262542849099 0 0 0.0154169382740141 0.0336563617645117 0 5.20425 15.34545 0 11.2428 0 0.00654476391918563 8.5131 0.0258071238186422 0.00469220433066221 0.896491586614681
0 0.587203774477084 0 0.0589327494322232 0.147997783791699 0.0411793086514344 0.0189180391817481 0.0412995342693515 1.73731323621151 35.0175933648507 0.157937566928319 2.61609405732549 232.540794055332 0 0.0080310433925223 0 0 0 0
8.88664522856022 0.565424332232953 17.5530329698398 0.141851775013908 0 0.16284220768309 0.0455359280462539 0.0994084324895246 0.461641976866992 3.29729898381768 47.4006526197529 0.452339465786362 10.5236776715197 0 4.93728526905814 14.5653307983209 0.0441542205978725 0.0080280401087041 1.53383567877205
0 0 0 0.0151659183369305 0 0.0105971983013817 0.00486842104075273 0.0106281374976844 0.0493559176215986 4.3934940823784 0 0.2592 3.37365 0 0.00206673113718231 0 0 0 0
28.5993387217278 0 27.2889 0.147450095220221 3.70575 0.103030879099574 0.0473330483577168 0.103331684322147 0 2.03715 58.9275 1.1907 5.24475 0 0.0200937191010752 46.8747 0.142098787382 0.0258361431603637 4.93624815579368
4.62818052754416 0 2.7864 0.0512097262625649 0.51435 0.0357828396611102 0.0164388666277309 0.0358873099436373 0.081 13.0005 8.0838 4.6737 18.1764 0 0.00697859064265845 7.58565 0.0229955960572392 0.00418101746495258 0.798824330032967
20.8552288587681 0.66825 20.35935 0 1.3932 0 0.0466126459137889 0.10175899039045 0.78975 12.1986 43.27425 1.5795 10.0926 0 0.0197878954778296 34.182 0.103621372516337 0.0188402495484249 3.59961417270595
7.01763625105468 0 7.13205 0.0375263817972058 1.5228 0.0262215911099807 0.0120463675635097 0.0262981467175712 0.122125740589634 0.700024259410367 13.49055 0 1.91565 0 0.0051138968312402 11.502 0.034867855206919 0.00633961003762164 1.21124457944134
16.513684178098 1.77795 7.2009 0 0.9801 0.199395492511737 0.0916035713938486 0.199977640369051 4.4145 107.2116 22.91085 15.5439 210.9159 0 0.0388873418490316 27.06615 0.0820499564605069 0.0149181739019104 2.85026321281918
4.07467682323562 1.5957 4.52385 0.152659413001838 1.60785 0.106670894317926 0.0490052947547079 0.106982326797079 2.1708 75.99825 15.88005 4.4226 74.36205 0 0.0208036173758489 6.67845 0.0202454553648625 0.00368099188452045 0.703289546302383
0.000190396577324356 4.85071314356695e-06 0.00150291262231516 2.80370351560791e-05 0 6.80980335314746e-05 9.00018639437071e-06 1.96480989839306e-05 9.1243640297576e-05 0.00785018222791212 0.00452409845856678 0.00138326169810718 0.0180018049279676 0 3.82073886091301e-06 0.000312062545569474 9.46005186438792e-07 1.72000942988871e-07 3.28624645077109e-05
12.6243322558586 4.43475 3.564 0 1.51875 0.142102504440423 0.0652828042739571 0.142517381765065 5.49585 73.6857 24.5025 16.2729 157.64625 0 0.0277137090621695 20.69145 0.0627253071310385 0.0114046012965524 2.17896075928373
1.91749497564029 0 0 0.0160087514283033 0.040202769351291 0.0111861286388539 0.00513897942467137 0.0112187872548372 0.0520988310213928 1.50310116897861 6.6015 0.2187 1.2231 0 0.00218158797306188 3.1428 0.00952727311287646 0.00173223147506845 0.330959786495239
11.1985660175281 0.42525 12.89115 0.0695997350393853 0 0.0486328738919789 0.0223422549804615 0.0487748606689848 0.226505161954092 5.03849483804591 23.66415 0 2.97675 0 0.0094846837725126 18.3546 0.0556412393654074 0.0101165889755286 1.93287339226343
0.160617386770451 0.595896528639751 0.114631550946042 0.00929814950788299 0.0233504381483708 0.00649708985515174 0.00298480485642678 0.00651605852335135 0.491579473075357 4.23128730997148 0 0.475170048604553 11.7854830752807 0 0.00126710263626591 0.263254052581605 0.000798044182581295 0.000145098942287508 0.0277225738311106
0 0.324 0 0.113878936183132 0.285984114741549 0.0795730032479716 0.0365563493548855 0.0798053217059133 0 61.803 0 3.01725 130.58415 0 0.0155188191080891 0 0 0 0
6.61980546358292 0 9.74025 0.421963277838805 0.134136737575509 0 0.0171462301133976 0.037431538826796 0.4131 5.6538 17.7309 0.2592 9.86985 0 0.00727887899670503 10.84995 0.0328911915842732 0.00598021665168604 1.14257895363498
10.4147877490721 0 34.4942402462021 0.111186405546683 2.01176690966798 0.0776915951819982 0.0356920183917259 0.0779184207491 0.361844693535018 -0.144300383014794 51.2679425125996 0.327352391068528 0.304562034728314 0 0 17.0699768988203 0.0517469555636861 0.00940853737521566 1.79759320030298
36.1729496757709 0 41.3991 0.170039037530567 4.8843 0.118814921698451 0.0545843390206927 0.119161809440057 0.1296 1.34865 67.3272 0 4.16745 0 0.0231720206843775 59.28795 0.179729060695101 0.0326780110354729 6.24345401353583
2.71877534367724 3.06730275301074 7.47655046046368 0.0604199556875798 0.415363914470204 0.681239902161023 0.0193954482027295 0.0423417548733526 0.683752905358644 23.8589292614398 8.34987971652924 2.21527421050776 35.0055926687351 0 0.00823371199504756 4.4561092772906 0.0135085179157344 0.00245609416649717 0.469260842246262
11.5667448208405 7.3386 14.0454 0.205427872752665 7.01865 0.143542900326048 0.06594453140571 0.143961982978343 1.94805 78.67935 27.5562 8.0514 136.809 0 0.0279946239740195 18.95805 0.0574705740223901 0.0104491952767982 1.99642108322708
9.43427296004464 12.93165 2.916 0 6.642 0.0999726986724594 0.2106 0.391864575342232 5.94945 58.1823 4.41045 6.87285 127.899 0 0.0194972938448813 15.4629 0.0468751659084566 0.0085227574379012 1.62835626912219
2.97261141197844 0.73305 3.7989 0.0535706743799646 0 0.0374325541606558 0.0171967560766596 0.0375418408898788 0 18.40725 8.7399 2.25585 32.92245 0 0.00730032816485121 4.87215 0.0147697288077196 0.00268540523776719 0.513072967981665
1.08792533691278 5.39965601477226 0.769721738495473 0.0954298490990302 0 0.066681687999781 0.0306339962373559 0.066876369440681 1.07915761326752 41.4528033741507 1.17585632413379 3.92209971273573 96.3583314040162 0 0.0130046750989886 1.78312422837393 0.00540547012788137 0.000982812750523886 0.187776000355455
4.91598639829455 0 5.01124163194244 0.0469758679379332 0.177214831777925 0.0328244275656935 0.015079753088196 0.0329202605754282 0.152878118992759 3.70843616007959 18.4086829143536 0.854569299906883 6.76566846654389 0 0 8.05736768483633 0.0244255894439038 0.00444101626252796 0.848499646394001
3.10851633937563 4.3821 1.6767 0.0967125585811359 0.242874199366759 0.0675779823383728 0.0310457596197717 0.0677752805677577 1.80514105083904 39.006708949161 10.7811 3.1266 40.47165 0 0.0131794759628553 5.0949 0.0154449865670085 0.00280817937581973 0.536530169344086
0.459605754470483 0.2997 0 0.0878729657372805 0.220675334336439 0.0614013093411496 0.0282081563281913 0.0615805743797869 0.6966 55.23795 0 4.54005 103.06035 0 0.0119748630034196 0.7533 0.00228359896777709 0.000415199812323107 0.0793279900620031
21.5767604733132 0 26.49105 0.113274736557389 5.23665 0.0791508182470126 0.0363623948507511 0.0793819041089182 0 2.65275 42.3468 0.29565 2.56365 0 0.0154364819787537 35.3646 0.107206377347471 0.019492068608631 3.72415058721189
0 0.0134317422218806 0 0.00401184111590009 0.0100749345618174 0.00280327738250465 0.00128784365489059 0.00281146172960861 0.0591836141651616 2.60617773298928 0 0.0927629697198631 4.64906177654843 0 0.000546712488321169 0 0 0 0
4.31683469387061 8.3025 0 0.213658188662998 1.74555 0.149293840549195 0.627486550323373 0.149729713438251 6.46785 107.32095 2.8512 16.72245 346.4694 0 0.02911620789547 7.07535 0.0214486419177773 0.00389975307595951 0.745086014184513
42.8693560984323 77.43195 9.6471 0.081 6.83235 0.356391548498595 4.18537856901534 2.77425 20.331 150.3765 39.88035 11.70855 337.3407 0 0.0695056834233844 70.26345 0.213000852107337 0.0387274276558795 7.39925429884781
19.3034416877603 19.5372 1.62 0.32805 4.89645 0 0.0859365141596011 1.00035 8.04735 97.3944 17.7876 12.0042 212.139 0 0.0364815754734096 31.6386 0.0959111566466378 0.0174383921175705 3.33177558260413
4.64794851698375 2.65275 2.86335 0.095021815090611 1.7253 0.0663965738903111 0.0305030129821518 0.0665904229223847 0.75735 35.64 13.0734 4.1796 43.5942 0 0.0129490703824463 7.61805 0.0230938153676812 0.00419887552139658 0.802236286594774
2.48088267466863 0 0.5913 0.0336930144237935 0 0.0235430224064176 0.0108158158776147 0.0236117577618459 0.36855 14.5314 3.6126 0.8586 14.5557 0 0.00459150580058313 4.0662 0.0123265234604742 0.00224118608372258 0.428200548506727
6.50942974503915 0 11.7026519639705 0.0778873406487534 0 0.50491354417006 0.025002664500659 0.235693032245924 0 2.8008066526245 28.6282320750625 0 5.79187058276235 0 3.40999582004707 10.6690427159413 0.0323427783529711 0.00588050515508566 1.12352809576699
0.511496726749408 0.3159 0.5265 0.0803585502238365 0.201804386464599 0.0561506051275423 0.0257959490498807 0.0563145404003518 2.08575 45.9027 0 8.92215 69.174 0 0.0109508382016018 0.83835 0.00254142465768741 0.000462077210488619 0.0882843760367454
29.6149191791867 1.2636 34.8786 0.182585065053351 15.9651 0 0.058611747253602 0.127953951307073 0.567 5.6862 68.44905 1.10565 7.77195 0 0.0248817269582233 48.53925 0.147144804455959 0.0267536008101744 5.11153742415649
0 0 0 0 0 0 0 0 0 0.1782 0 0 1.38105 0 0 0 0 0 0
0 0 0 0 0 0 0 0 0 0 0 0 0 0 0 0 0 0 0
0 0 0 0 0 0 0 0 0 0 0 0 0 0 0 0 0 0 0
0 0 0 0 0 0 0 0 0 0 0 0 0 0 0 0 0 0 0
6.58863337128234 0 9.54329808095581 0 0.151207195218036 0.0420723040756129 0.0193282870216701 0.0421951368506238 0.195949638296005 1.63999913537359 32.8588087802379 0.0415490528694675 2.5929205806352 0 0 10.798858522355 0.0327363098032932 0.00595205632787149 1.13719864800525
0 0 0 0 0 0 0 0 0 0 0 0 0 0 0 0 0 0 0
0 0 0 0 0 0 0 0 0 0 0 0 0 0 0 0 0 0 0
0 0 0 0 0 0 0 0 0 0 0 0 0 0 0 0 0 0 0
0 0 0 0 0 0 0 0 0 0 0 0 0 0 0 0 0 0 0
0 0 0 0 0 0 0 0 0 0 0 0 0 0 0 0 0 0 0
0 0 0 0 0 0 0 0 0 0 0 0 0 0 0 0 0 0 0
0 0 0 0 0 0 0 0 0 0 0 0 0 0 0 0 0 0 0
0 0 0 0 0 0 0 0 0 0 0 0 0 0 0 0 0 0 0
0 0 0 0 0 0 0 0 0 0 0 0 0 0 0 0 0 0 0
0 0 0 0 0 0 0 0 0 0 0 0 0 0 0 0 0 0 0
0 0 0 0 0 0 0 0 0 0 0 0 0 0 0 0 0 0 0
0 0 0 0 0 0 0 0 0 0 0 0 0 0 0 0 0 0 0
0 0 0 0 0 0 0 0 0 0 0 0 0 0 0 0 0 0 0
0 0 0 0 0 0 0 0 0 0 0 0 0 0 0 0 0 0 0
0 0 0 0 0 0 0 0 0 0 0 0 0 0 0 0 0 0 0
0 0 0 0 0 0 0 0 0 0 0 0 0 0 0 0 0 0 0
0 0 0 0 0 0 0 0 0 0 0 0 0 0 0 0 0 0 0
0 0 0 0 0 0 0 0 0 0 0 0 0 0 0 0 0 0 0
0 0 0 0 0 0 0 0 0 0 0 0 0 0 0 0 0 0 0
8.72471519622977 0 13.1137563829853 0 0.293521042342874 0.0816700986235029 0.0375197684549481 0.0292881214583702 0.380374373034415 1.64416702277543 33.3353737423987 0.322169336042072 7.26894564444925 0 7.25430158372007 14.2999253020492 0.0433496543993749 0.0078817553453409 1.50588654221207
4.24823212912074 0 9.13278231946053 0.0342447866758854 0.085998915429515 0.0239285737355698 0.0109929406373628 0.0239984347326931 0.111446127599702 0.613561831488888 17.2971703489839 0.0103020669142251 1.98443563935261 0 0.00466669840472994 6.96290947565187 0.0211077829434806 0.00383777871699647 0.733245206009743
0 0 0 0 0 0 0 0 0 0 0 0 0 0 0 0 0 0 0
0 0 0 0 0 0 0 0 0 0 0 0 0 0 0 0 0 0 0
0 0 0 0 0 0 0 0 0 0 0 0 0 0 0 0 0 0 0
8.40139551182603 4.05405 1.8873 0.2025 1.81845 0 0.883441743183008 0.0444317930008389 5.0382 72.58815 4.5603 5.94945 82.38915 0 0 13.77 0.0417432069378608 0.00758967398870196 1.4500815387678
0.365532789361048 1.40062938565522 0.0806022984982373 0 0.0315733251679676 0 0.234787584878621 0.0284603816846258 2.16166500560662 64.7568447466087 0.119195105483391 7.44843372718385 199.909484338721 0 0 0.59911314762131 0.00181618766160853 0.000330215938474278 0.0630909887435533
0.000145180233122221 0.000525068409931707 1.09300912659578e-05 0 4.28150725333465e-06 0 7.50627720057874e-07 3.85937591201269e-06 0.000483443136485186 0.00823787104570757 1.61634767948636e-05 0.000862986968383386 0.0353447735269759 0 0 0.000237952350568302 7.2134307996536e-07 1.31153287266429e-07 2.50581198740376e-05
2.26590578951308 1.65645 0 0.2106 0.10935 0 0 0.0464657461340002 2.7378 104.3037 0.194603486811229 9.53775 182.34315 0 0 3.71385 0.0112583884594172 0.00204697971989403 0.39109552089708
10.4424404214638 10.3437 0.7047 0 1.0692 0.49815 0.4455 0.0389963437218063 1.7577 64.22085 5.4837 4.7304 241.6554 0 0 17.1153 0.0518843507409999 0.00943351831654544 1.80236605377433
27.1562754926377 8.991 10.36395 0 1.77795 1.1097 0.68304620375616 0.0552519428924168 7.6383 45.64755 30.78405 5.4918 71.06535 0 0 44.5095 0.134928777719732 0.0245325050399513 4.6871753267818
1.14160139013636 0.73305 0.0486 0.09315 0.081 0 0 0 2.4381 44.50545 0.0933949076760816 5.26095 97.6374 0 0 1.8711 0.00567216517802697 0.00103130275964127 0.19704049144433
0.613945087730829 0.521554886304962 0.131500440274211 0 0.046798444211026 0 0.00118805873765611 0 1.1453878928232 12.1259922896335 0.0255828013326751 1.92486151705729 48.8584486062298 0 0 1.00626423862005 0.00305044998888058 0.000554627270705561 0.105966971354043
0.420069775591301 0.3564 0.78165 0.1053 0 0 0.00203822539095486 0.0104795996296238 0 22.20615 0.0438896778377178 0.14175 17.7471 0 0 0.6885 0.00208716034689304 0.000379483699435098 0.07250407693839
4.98935055812499 4.15762775528117 0 0.0264629733278093 0.0360670879101626 0 0 0.0325110859472473 1.7731654886204 59.4941552985512 0 8.80510259760132 350.192087356463 0 0 8.17761252742743 0.024790106898333 0.00450729216333328 0.861162306261351
7.63607224147341e-05 0.000689540088191009 6.3117813578329e-05 7.20238790747458e-05 8.07404742767398e-06 0 1.41553043208178e-06 7.27799401263268e-06 0.00123030954091615 0.0150305570593691 3.04810129975123e-05 0.000976454885160898 0.0660966680426929 0 0 0.000125156248883985 3.79406187126403e-07 6.89829431138915e-08 1.31798668095929e-05
0.0168768040091031 0.00727183936043772 0.000424105391059581 0.00287232597825356 0 0 2.91255813889501e-05 0.000149750088135851 0.0175980535287366 0.297326194044712 0.000627169296227044 0.0223414369224018 0.583972190085777 0 0 0.0276613082764912 8.3854155087693e-05 1.52462100159442e-05 0.00291293772475707
0.000163183905682919 0.000185004053668097 7.7563791259438e-06 4.74062088911707e-06 3.03830889233035e-06 0 5.32671963805555e-07 2.73874957076879e-06 0.000282947376198266 0.00596073015449631 0 0.000583055761899681 0.0177089061236279 0 0 0.000267460611524692 8.10796198591287e-07 1.47417490652961e-07 2.81655552011258e-05
0.00133762062416478 0 7.55850812106845e-05 0.000205913970393846 2.96079937095636e-05 0 5.19083105520562e-06 2.6688820306614e-05 0.000872106227550407 0.0548700168167131 0.000111775618012621 0.0056808030655714 0.136557300130601 0 0 0.00219237815536977 6.64610711878329e-06 1.20838311250605e-06 0.000230873426949855
