82692086.0364355 49366800 47498101.7153961 333703.463804324 31156291.3676583 1654338.54907539 0 29533026.099736 77466.609201465 11711000 4751268.73846617 70579065.254724 1229029.2 392931 0 0 251.6401566 654530.281745001 119005.505771818 341944.083477832
41775702.2633576 12348000 23353717.7801909 70787.4525770334 1897730.43962935 0 0 2373919.99425866 30717.7029302155 2504000 4023755.45332652 20344222.274839 521413.2 142770.6 0 0 136.20953115 330666.010293691 60121.092780671 172748.746667153
217794702.152001 39876300 65141017.3716855 43089.3556645384 25723607.4339859 6162898.8010567 0 9095267.43940338 293588.701483438 4151000 20858975.8082073 89758924.6591933 758192.4 545680.8 0 0 503.23208985 1723904.11942572 313437.112622859 900613.509506568
0 0 0 0 0 0 0 0 0 0 0 0 0 0 0 0 0 0 0 0
1065271.21534013 3224700 66242.6483995896 65142.9628944203 0 15316.5620931608 51507.1555090804 390221.076280352 4742.02971045896 3629000 14771000 0 1791266.4 905952.6 0 0 4.3293852 8431.91050234477 1533.07463678996 4405.0550281716
10279795.4295966 2934000 3339075.81435729 9510.29322249519 428917.299519264 18497.1304895396 62202.8997631191 23813.6277453711 5726.73827234374 1187000 5313000 4786616.48119269 916045.2 258325.2 0 0 27.36407205 81367.3680435411 14794.0669170075 42508.4841246378
24326550.1829614 28176300 3753704.71672695 128743.715493045 2495144.74325925 42663.4332189502 319000 44814.9794522412 13208.6604450734 6542000 15858000 7680228.17517017 2259381.6 921375 0 0 103.2194016 192551.240491405 35009.3164529828 100593.905719406
8111917.81233233 0 4188445.9104554 7180.90995050778 395518.358531317 13966.5755072614 46967.3659275699 355827.377791779 169553.952448689 752000 2848000 4044339.57385892 487846.8 336911.4 0 0 18.9999999 64208.0289141421 11674.1870752986 33543.9875148788
43663783.5522595 7808400 35018329.6728419 37870.623799745 14399341.601059 5810734.60678724 247696.107898163 12020.2121000445 114610.851452957 3133000 3567000 38260735.8540376 231562.8 215233.2 0 0 114.99125715 345610.685621363 62838.3064766114 180556.243814833
37505153.0627406 103317300 14635107.5150298 474954.504796274 5790949.62725563 97540.0022253052 1008000 51029.2023115095 123806.136964032 13044000 45156000 18532891.3528033 3496122 1554260.4 0 0 232.94557125 296863.455472978 53975.1737223596 155089.390102989
35409683.0800635 32190300 11661482.1044152 38832.8552481416 2466034.97526649 47957.6948983943 161274.079259054 1221821.39865006 83367.2017882544 9873000 13527000 11593552.0919232 1748174.4 899035.2 0 0 116.7326559 280277.242403621 50959.4986188403 146424.309839248
10683650.7520741 1040400 4974267.6975917 73409.2100798865 163140.980979586 24700.8974174268 83065.1785142662 43862.4343424264 93299.126193863 2618000 7682000 6672354.71659087 953694 283613.4 0 0 30.0699378 84563.9924204971 15375.2713491813 44178.485992064
54400652.175187 0 32125779.3853096 39002.1971821697 9095485.26440465 12949527.5350539 255097.261998762 9531075.65022544 208163.991058728 369000 1531000 51551912.3006121 164656.8 169079.4 0 0 99.554427 430595.911918922 78290.1658034404 224954.793623713
25430897.1530246 207121500 18484093.8718746 690324.172604176 6406609.24545391 132540.911582691 1858000 216545.254964574 348252.387726072 28087000 86213000 16162199.2341544 6620745.6 2046529.8 0 0 257.14297665 201292.44618721 36598.6265794928 105160.544809312
9475261.32149542 49939200 56608.3437432812 2022485.4261127 1326726.11997492 43209.5992205598 145306.990759513 12247.0085547623 31116.6429587482 18290000 38710000 0 2944317.6 2505686.4 0 0 46.3908627 74999.2624400995 13636.2295345635 39181.6158424653
44217327.7347007 50058000 7057672.47174346 94861.3552944079 1392566.01407371 55262.2794594691 185838.232143238 19595.2136876196 34114.0012192644 12845000 20455000 7539768.72225715 2578262.4 886334.4 0 0 152.9323173 349992.137910907 63634.9341656194 182845.231397586
11398610.8723161 13822200 3583798.03884748 12333.0789787926 2223032.64125967 23987.3330791657 80665.5754497535 40823.3618492076 7426.51291094039 1734000 10066000 3428696.62010086 1351274.4 420033.6 0 0 48.8877606 90223.0956233392 16404.1992042435 47134.9525024342
56113044.8675473 55926900 29229255.6274953 38949.0493261427 4145300.6340138 75754.3044125148 254749.643825092 1929997.47730077 67592.9689087584 6315000 6185000 24941554.6066401 596030.4 380910.6 0 0 239.187816 444149.964369538 80754.5389762797 232035.79227557
20211150.8748446 20286000 9993849.28572789 107260.726072607 945446.94488957 47214.0451447904 158773.30374101 1202875.38416835 67821.5809794757 2517000 24683000 10756701.1487684 1851368.4 785408.4 0 0 77.97715695 159976.739136487 29086.6798429976 83576.1170529158
7536834.09916967 3938400 2528025.21248541 59143.7648437741 0 21747.8981883852 73134.7130753964 30617.5213869057 54282.6661247714 846000 8454000 3952214.93752671 1051444.8 421054.2 0 0 25.99238565 59656.0853988041 10846.5609816008 31165.9307666939
98518941.5827722 21841200 59326632.8649537 57227.1522899207 7523753.7448617 558321.479374111 374299.165581852 2835711.30652786 159063.198536883 2465000 4535000 61697787.6479505 401662.8 165450.6 0 0 280.874223 779804.134617896 141782.569930527 407390.486798019
17698662.5231379 5521500 9726864.74143867 199515.74596712 1642622.62244827 494106.888843731 109650.186303592 59556.7490088995 52885.5923592766 1642000 9758000 12738891.2929291 887468.4 457795.8 0 0 42.8973489 140089.712607745 25470.8568377717 73186.6037650961
34235800.4128427 1660500 11870062.0786693 15957.8420849892 1417299.51926427 378937.207884576 104373.653727139 790740.608565282 9609.20792599375 718000 3082000 18882475.090968 257644.8 97864.2 0 0 65.10688065 270985.642811213 49270.116874766 141570.130292049
59250701.7806196 11461500 36058072.5403266 12168.0392338299 4562678.53410437 561217.232269864 241280.736678119 1827956.28727067 65306.848201585 1243000 1757000 37963188.2472369 334303.2 223284.6 0 0 184.2024807 468985.369566929 85270.0671939871 245010.470613418
24558916.0295329 134079300 8795603.05576194 365550.10641251 6738508.49996516 86872.5868725869 727000 49260.1899647105 295595.407437513 16072000 31928000 10491431.1841214 3394062 1991304 0 0 163.1235186 194390.479169667 35343.723485394 101554.773079826
59356441.2950706 3812400 18883482.0663134 28426.1704585967 1290605.62251794 2650960.17069701 185923.839603918 1408569.35467201 232269.863848811 3058000 4542000 25960423.1473695 324097.2 253108.8 0 0 119.21347935 469822.326493553 85422.2411806461 245447.719243721
103763991.370275 6759000 19252035.042742 33207.0977462752 0 188808.169071327 217193.910241362 1645473.1498613 19996.0561812373 723000 2677000 33556419.1956716 258552 469135.8 0 0 198.8409465 821320.125805588 149330.931964652 429079.548331584
0 0 0 0 0 0 0 0 0 0 0 0 0 0 0 0 0 0 0 0
6812170.31155205 148414500 122116.172296203 1898831.00459579 521341.357207552 1327.47290974675 1e+05 1174228.48775175 28947.5172901385 22122000 56178000 40115.7205180752 4247056.8 2284783.2 0 0 75.0141 53920.1750376751 9803.66818866821 28169.3381474522
3000935.28574505 73928700 0 157027.852317942 0 697.74373787982 496000 617195.701812987 12446.6571834993 7657000 33343000 0 1938459.6 1556074.8 0 0 38.59475445 23753.2164469979 4318.76662672689 12409.3140594886
10662568.1204891 33930900 130226.406159423 574581.289904691 0 539.637520097411 86385.9321757849 27306.2931480255 11767.5971605383 8454000 17646000 97975.9795556789 1944129.6 1016857.8 0 0 37.59813855 84397.1176752504 15344.9304864092 44091.3061725652
10062507.2545301 181870200 0 1126800.53052034 64011.0081516059 1508.33359412615 731000 1334210.48539047 19279.6179638285 26461000 82339000 0 5011599.6 3132221.4 0 0 104.23209195 79647.4732233352 14481.3587678791 41609.9651800205
14079172.8349558 149087700 342371.617447345 729912.710897258 256849.613321257 958.24505534871 153397.214382336 847624.560905253 20895.9558452974 24658000 40542000 141847.445956722 2382534 2179548 0 0 89.96869665 111440.470353352 20261.9037006094 58219.4751871867
1585004.86167903 103129200 0 49905.9251719564 50620.9503239741 1338.08981761217 214203.297443973 79378.759151237 29179.0347258208 25728000 78272000 0 5740988.4 4518649.8 0 0 48.1912011 12545.7432314002 2281.04422389094 6554.23101185207
12357881.4879843 171364500 30372.5536622605 1670136.63983221 528635.128544555 1272.66035807172 203729.257660491 1125743.53623928 27752.2482374299 44485000 42415000 201721.655685192 3709994.4 2470872.6 0 0 99.00253755 97815.9826387466 17784.7241161358 51101.6792740548
86842231.4360294 233483400 21926507.1291133 3962169.58144413 488073.050930119 2241.60526587856 358839.319453014 14341247.0176266 37593.984962406 39870000 29530000 3056142.95784039 3393608.4 1164504.6 0 0 274.5194571 687379.807834862 124978.146879066 359105.552404116
36737149.1284591 263473200 895990.333036684 3130532.67943617 283368.459555494 1689.19427850556 422000 1494192.48302919 133103.02783987 64543000 37057000 624814.594066466 3514266 2682136.8 0 0 194.89198995 290784.496099948 52869.9083818088 151913.579526635
24861056.901381 196911900 267474.424187004 1292865.73517165 148030.899463527 1524.17601133159 243992.236705635 498952.200379204 33236.9204051426 40801000 45899000 1252813.40746849 3575048.4 1149762.6 0 0 152.9108847 196782.006091485 35778.5465620882 102804.170554934
49160258.4074567 240228900 1315762.97433302 3216294.99398538 513720.999094266 1986.59211562656 318016.456176892 3757472.94318295 43320.5899670855 67606000 68894000 275911.244648743 5316418.8 3305723.4 0 0 206.36914725 389116.77439014 70748.5044345708 203284.985424898
64870038.9893363 172055700 7238438.15402368 4730868.88128065 1106171.18372466 1586.77153062151 254012.615353343 445836.47068429 491642.958748222 47167000 20533000 2346279.77040962 1922583.6 1065733.2 0 0 221.62915845 513463.947176168 93357.0813047579 268247.266341861
103900299.612669 172895400 21546414.759537 4033666.45075723 1018449.97561485 2297.53756955502 234000 2032308.18952539 148851.859378175 41282000 13518000 13050291.6146169 2571912 850046.4 0 0 296.1020853 822399.042502152 149527.098636755 429643.203201718
11711108.124592 181234800 0 940177.662626076 577557.827631854 1660.32956024643 418000 19595.2136876196 36205.9506447711 45724000 65576000 138418.286672273 6143331.6 3221127 0 0 107.055837 92696.5961042259 16853.9265644047 48427.1751520325
9769569.63671756 81333900 0 122297.276456618 0 986.294151779637 323000 553927.661002803 21507.6080288903 28727000 37273000 0 2712754.8 1320996.6 0 0 60.4506483 77328.7925525381 14059.7804640978 40398.624530143
5850854.52832039 48501000 778827.390818018 668147.188550631 389291.437330175 549.466454332201 87959.3617735147 17327.2491404414 38483.0319040845 12374000 16726000 104235.556027292 1542466.8 1139896.8 0 0 34.17963885 46311.0999664852 8420.1999939064 24194.1543035583
45433767.2929227 252267300 3626118.21890555 11738934.6411277 1052219.04828259 3128.91887037114 779000 63239288.4034437 67313.5541556594 66270000 109530000 385100.030753571 7693282.8 4642029 0 0 209.63761875 359620.586834278 65385.561242596 187875.390023154
8684956.35793154 93041100 0 765152.216156195 158394.586497596 891.073759361588 142644.33897394 64591.6303036351 27560.4551920341 12043000 36457000 0 2556489.6 1386655.2 0 0 63.4190634 68743.7843736976 12498.8698861268 35913.5871907904
28261800.6886802 84700800 2395567.1312361 2382776.59541655 569697.972549293 936.320034678701 149887.426278258 828230.580300268 143009.550904288 19035000 17865000 1320416.83336191 1960459.2 704781 0 0 102.4371117 223699.815230593 40672.6936782896 116866.75227501
36413055.3409564 98437500 7476873.58649238 1686777.08892385 348620.497456978 1253.83193552913 1396000 1345855.52158649 217562.487299329 29656000 13044000 1567860.61283975 1896048 454734 0 0 121.4585442 288219.205898508 52403.4919815469 150573.40347787
32379571.5208866 79317000 12333406.815318 799497.23944357 2081185.11809378 270448.079658606 985000 583728.715152725 65281.4468603942 9498000 93902000 14649205.1698659 3191076 1324852.2 0 0 170.6463612 256293.087841685 46598.7432439426 133894.347546583
26105106.2217097 209938500 1924629.25617181 3216634.28025046 1868294.08486031 0 2299000 77292.231767833 159698.232066653 64179000 63821000 1626972.78717168 5295326.4 2387296.8 0 0 183.0129714 206628.993767919 37568.9079578035 107948.499656192
147900252.143896 222048900 17027463.2113805 4211452.45365658 6344579.53041176 231152.204836415 1781000 126552.421732543 477418.207681366 74540000 64260000 29623636.1607568 3819992.4 1192401 0 0 415.33699725 1170670.59673942 212849.199407166 611589.555779271
20939622.1552665 155070000 1119457.21307326 807501.310878751 882807.601198356 0 1463000 76566.483112736 70107.701686649 33511000 11889000 2657054.13445026 1370552.4 699337.8 0 0 128.0919339 165742.786835509 30135.0521519106 86588.4542216026
30572056.7797238 232246800 0 2071543.13562197 319314.777398453 0 1831000 999990.928141811 47322.6986384881 61920000 171380000 988305.478218035 7589862 3282816.6 0 0 183.2594463 241986.118583825 43997.4761061501 126420.005065161
14539052.694411 38505600 2800398.43565019 5812467.22803121 1300207.27374068 0 351000 32158331.1409676 44579.3537898801 22281000 21719000 178397.929440965 1687165.2 608391 0 0 61.6937391 115080.544130732 20923.7352964966 60121.1468535906
148274.648350619 0 0 39943.2466611147 0 0 0 0 0 487000 1113000 0 0 0 0 0 0.40186125 1173.63404422776 213.388008041411 613.137739818419
5418236.31734405 4563000 845886.505713905 1070155.14635576 93403.8180171393 0 0 111583.855721167 55959.1546433652 3822000 7678000 397782.476996057 0 177244.2 0 0 19.85194575 42886.8095284185 7797.60173243972 22405.2136111813
39607280.7185499 108648900 5052893.42118513 3302334.90638783 528090.817250749 0 1865000 986836.733768178 46763.8691322902 44831000 23469000 7674023.02979831 2898504 1217235.6 0 0 155.1934566 313502.365830307 57000.4301509649 163782.000836045
96989961.2580708 213599700 8671445.71722499 463758.058048796 3679326.62161221 0 406000 5576199.07285609 186217.232269864 52607000 53093000 18284222.873581 5039949.6 1837760.4 0 0 285.7822884 767701.840786919 139582.152870349 401067.925585144
6664983.51828837 15785100 186154.36115579 1429443.87896734 178098.65533338 0 42000 0 0 17487000 19413000 73536.4157665124 1072764 411075 0 0 33.34376745 52755.1516614168 9591.84575662123 27560.6988503324
13212565.7155936 50779800 1400539.41219855 563816.662040036 85565.7353863304 0 410000 0 26341.190814875 13947000 6753000 2131059.20198565 1037836.8 336798 0 0 58.63423545 104581.040035577 19014.7345519231 54635.9257646325
41216066.0924296 29731500 4813206.07342211 2796829.21563184 523627.464641538 0 0 3715470.23976921 92257.6712050396 21600000 20300000 8732354.11784877 1442674.8 495671.4 0 0 131.70868515 326236.338263518 59315.6978660942 170434.567805288
58682341.0118942 191448000 10003020.9260363 2519694.02547731 5093142.54859611 602519.813046129 5250000 78017.98042293 120986.588091851 45801000 39999000 12319472.4537812 3415154.4 780078.6 0 0 254.48533425 464486.639979642 84452.1163599349 242660.21424111
37641918.2042714 67081500 7061618.72647556 2264612.44255267 2368494.39141643 162060.556797399 378000 0 123628.327575696 20399000 33201000 9658662.57344797 1555621.2 411868.8 0 0 128.7670608 297945.988650089 54171.9979363799 155654.934319056
692767.876468388 5219100 32114.3488543614 339039.511427778 45722.1486797185 0 0 46720.0696718709 0 4566000 6234000 0 834170.4 202532.4 0 0 4.94557245 5483.44557626649 996.990104775726 2864.6982793189
54931068.5584796 436106700 11515470.6793273 1837497.30113198 8317446.70103811 239407.64072343 10337000 0 136405.202194676 62901000 80399000 14005203.6131364 4974404.4 1585672.2 0 0 395.967285 434794.301407437 79053.5093468068 227148.144314693
7388559.45081905 52577100 1511987.08894314 1878350.45186762 1320412.10896677 0 1631000 63412.2887391024 41658.1995529364 15724000 36576000 427474.641911403 2050498.8 853448.4 0 0 56.03017455 58482.4513545764 10633.1729735593 30552.7930268755
25567553.5090467 133098300 1417059.25097364 1816631.19582986 574291.959869017 0 2200000 140704.520506935 51945.7427352164 36291000 24909000 2483691.08173646 2805969.6 1379851.2 0 0 127.7704449 202374.118297525 36795.2942359137 105725.639181109
23652232.3287676 54107100 2038145.31470701 5392631.31920669 1308067.12882324 0 88000 122651.522711397 33910.7904897379 39145000 32655000 1396946.95961485 3008502 1224153 0 0 105.6198528 187213.8318439 34038.8785170726 97805.5010282557
10818261.9405326 29024100 530512.713744125 2401128.89793652 541502.647530133 0 166000 160571.889940216 10922.5767120504 23002000 31698000 403797.11351878 2321071.2 768852 0 0 47.5375068 85629.4764750294 15568.9957227326 44735.1232915881
26819652.9570188 64503900 1847173.80122307 2169257.5799636 1215534.20887619 0 159000 14288.1766472227 46128.8356025198 28958000 20942000 5546855.65144501 1923717.6 686977.2 0 0 100.6367733 212284.824916933 38597.2408939878 110903.256758337
1817109.62302964 14242500 1476361.9341547 47422.966595725 0 0 0 205568.306556232 0 5571000 18929000 0 1056434.4 293819.4 0 0 12.3023124 14382.9153493491 2615.07551806347 7514.01874602417
268349917.137447 1235650500 21439566.5107216 842617.439314025 14187365.0107991 0 3717000 10332392.8840344 1162390.77423288 179285000 42015000 35996864.7686542 8356446 2917215 0 0 972.88465365 2124062.35335301 386193.155155093 1109666.84800387
71908048.0169381 240441300 8938266.96821496 863067.147836279 5050838.6748415 228612.070717334 498000 77292.231767833 189748.018695387 30798000 12502000 17302884.5761314 2311772.4 663730.2 0 0 244.43344485 569171.696884289 103485.763069871 297350.481193542
14050061.8328292 15557400 1930698.32379428 1613136.54729959 0 0 66000 3590732.18967441 88955.4968502337 9526000 15874000 1164580.59476863 833036.4 448043.4 0 0 49.5307386 111210.048878491 20220.0088869984 58099.0968605724
43148466.5975736 66479400 1763377.12315308 2702260.88029364 180058.175991082 57102.2149969518 439000 2050149.2320672 135033.529770372 36970000 33030000 5390311.80855494 1946170.8 1134000 0 0 154.68443235 341531.812204263 62096.6931280478 178425.331508509
726469.627061948 15372900 0 260571.851577681 0 0 0 47627.2554907422 0 5130000 14770000 0 1121072.4 763295.4 0 0 8.51410035 5750.20406995817 1045.4916490833 3004.06003412135
30649881.9326438 124688700 2125561.66091058 1883609.38897628 321339.615411412 0 72000 324364.289537426 71047.5513107092 34610000 11190000 2708437.09261724 1806915.6 896994 0 0 116.4754647 242602.125770356 44109.4774127919 126741.823655818
17543599.6590447 14627700 1955491.68973185 1586641.37441782 359463.178429597 0 495000 0 32132.6966063808 8997000 7203000 5387481.39136777 528670.8 151615.8 0 0 52.81528455 138862.347995388 25247.6996355251 72545.3957428385
74869124.2922975 36468000 7388123.67834486 2595586.19413343 3797877.62140319 0 671000 2930164.83566329 84586.4661654135 17161000 19639000 18910588.7539905 1287090 562010.4 0 0 198.8195139 592609.418456888 107747.166992162 309594.972312554
28332467.7551281 71138700 4704289.44281605 2431433.33024891 2077701.52581342 0 81000 88495.9766308933 59413.737045316 26822000 31478000 7400425.10688907 1959098.4 913323.6 0 0 111.4388037 224259.164221884 40774.3934948881 117158.971112711
3725142.17422616 56739600 1226822.55733636 1249884.33422782 325215.111823312 0 0 6515635.34758825 0 19566000 20034000 0 1569682.8 1239008.4 0 0 32.16497445 29485.5103275798 5361.00187774177 15404.0173327969
45904873.8168752 33938100 7111123.81170105 4365365.04117701 1382877.27304396 118878.276773014 0 15900336.5659388 334967.486283276 14345000 24855000 7462122.75845927 1109505.6 406765.8 0 0 126.09334395 363349.522705102 66063.5495827457 189823.485618208
35566530.0264992 64562400 3395303.1404023 3303476.14200672 1051696.50944053 140825.035561878 555000 253286.280628861 132493.39565129 25354000 29846000 6839322.11508367 1625022 665544.6 0 0 131.6711781 281518.728511448 51185.2233657178 147072.895307532
29552083.850204 137243700 188630.976194559 7155423.95361031 3984641.71253396 0 538000 2337364.26232185 29998.9839463524 45833000 77567000 990101.704509889 5142916.8 3060892.8 0 0 162.11082825 233912.756295726 42529.5920537684 122202.265190959
2655650.08114867 15692400 0 341969.710989791 0 0 0 0 0 6537000 11163000 0 777243.6 252995.4 0 0 16.6745628 21020.1904335138 3821.85280609341 10981.5083469547
2727230.94586966 81338400 0 408839.949415502 0 0 1592000 0 14935.9886201991 29980000 64220000 0 5342500.8 2674198.8 0 0 45.89255475 21586.7723858996 3924.86770652719 11277.5058765222
15736933.4448498 105241500 79959.2855373846 2001079.54720706 411717.062634989 0 3444000 124012.301439704 36831.9447266816 46680000 113720000 382079.104717271 4847169.6 3136303.8 0 0 82.3333329 124562.095058545 22647.6536470082 65074.5620467208
32189827.8366216 60426000 3155860.73258817 1864563.0918232 485982.895561903 0 327000 0 106711.034342613 23493000 12507000 11910613.2479854 1008126 228614.4 0 0 108.6525657 254791.215134464 46325.6754789934 133109.729171095
3135307.14608451 29502000 0 0 0 0 0 0 0 6910000 71590000 0 3376371.6 1956830.4 0 0 21.90947535 24816.8061545769 4512.14657355943 12964.961701619
7277032.54730543 36134100 0 524922.118380062 0 0 278000 0 0 11930000 27170000 120129.437155213 1519786.8 576752.4 0 0 41.6113929 57599.6856743546 10472.6701226099 30091.6126814156
131963283.905659 143978400 34147350.4301418 2603250.97930354 9005891.62544416 232930.298719772 1770000 2218885.79437726 106939.646413331 35418000 55182000 35223752.6433103 3994628.4 1825626.6 0 0 468.92921355 1044525.17205466 189913.667646302 545687.820089133
32001172.0074436 0 45411322.2130597 49348.5837834135 2253318.12164704 121228.116194825 130376.142442238 14519645.1089077 25578.3810309487 426000 -426000 22738591.9218805 221810.4 209449.8 0 0 73.5995484 253297.953095212 46054.1732900386 132329.609238304
3312431.71134092 8199000 714761.986408554 51639.2411397918 199849.968348114 126855.270104253 136427.928469012 388655.912955461 26765.6756234327 4603000 56797000 130226.406159423 8091316.8 3928969.8 0 0 13.8561759 26218.7951133528 4767.05365697324 13697.3981418041
0 3870000 0 9547.91825630132 36951.5724707626 23455.1035724479 25225.0552128059 71861.142898698 4948.88145694084 2055000 6045000 0 1820523.6 1094083.2 0 0 1.3395375 0 0 0
2813845.96789223 24058800 1477178.400651 25512.7067320373 2508774.29805616 550066.043487096 67403.1153879053 192018.010103253 13223.758087709 2647000 13753000 2850583.9096226 2485501.2 878623.2 0 0 26.42103765 22272.3537696223 4049.51886720406 11635.6718841843
369152.745203955 4836600 0 23698.22685371 91714.9396870373 58216.2886627455 62609.3630866512 178361.567481613 12283.2760283952 683000 22017000 33148.5397496714 4672760.4 3743447.4 0 0 3.5256627 2921.94406873256 531.262557951375 1526.50154534103
840150.483647712 9240300 780922.988158514 41978.9642515653 346029.57569846 63940.5182577873 68765.5502524722 195899.314848351 13491.0529887771 981000 20619000 436673.497769686 4489279.2 1639990.8 0 0 7.3192329 6650.01887275935 1209.0943405017 3474.14729612447
0 0 0 0 0 0 0 0 0 0 0 0 0 0 0 0 0 0 0 0
27015662.6865845 153354600 4513100.20493309 281730.976836001 2223381.0004877 247860.112222166 266563.948291441 28122.7603850097 50320.0568990043 36887000 80813000 2510607.2605644 14947707.6 10908966.6 0 0 126.8274105 213836.295071657 38879.326376665 111713.78616377
447761.153786609 2192400 0 14164.7980918999 54819.4432730007 34796.7795083561 37422.588291496 106609.47784523 7341.90477301694 0 13900000 0 2534263.2 1768019.4 0 0 2.72729835 3544.15093620063 644.391079309206 1851.55901474146
624559.362516929 34153200 950176.49284095 52558.5268807255 428699.575001742 173831.812300985 186949.379672972 10341.9183351326 33631.3757366389 5257000 70343000 0 12370352.4 6039910.8 0 0 24.3152847 4943.55669458578 898.828489924687 2582.64592211703
1878834.52066291 23122800 227658.074717571 28985.5751162186 112177.602568687 71205.0153979054 76578.2354911767 218156.094293419 15023.8168531397 8405000 24595000 0 4663688.4 3594893.4 0 0 16.5138183 14871.4846499322 2703.90629998768 7769.26038474242
651581.682876646 3412800 601191.496773597 26312.263382596 79687.1734132237 64637.8452661149 69515.4984346285 198035.767396419 13638.184664844 1184000 28916000 0 4185140.4 1290832.2 0 0 4.79554425 5157.44568694541 937.717397626438 2694.38723875011
1896196.68785055 18975600 1938618.04880837 169026.248419234 1001794.05002439 105241.368702285 113183.014860136 19323.0579419583 22205.2764109561 1721000 34979000 1006294.95668645 5684742 3529008 0 0 19.42329375 15008.9109107237 2728.89289285885 7841.05553021198
18399001.8710114 6039900 13422083.2414809 26274.7224195961 5328785.79391068 857930.298719772 69416.3173525336 197753.220307695 13618.7264153409 1631000 5169000 14060995.4903834 903344.4 402683.4 0 0 42.0829101 145633.088433078 26478.7433514687 76082.6112055972
9439122.77550711 0 12343503.7843222 260386.786342186 1294764.16080262 0 0 0 0 0 9e+05 4833236.71813127 203893.2 113626.8 0 0 27.755217 74713.2160501564 13584.2211000284 39032.177576018
1709129.12709947 11335500 2029517.98539614 36164.8314364147 202004.807357347 92924.0821259554 99936.2503340205 21318.8667434751 19606.4052975057 1852000 26648000 333635.425936963 4950363.6 3211147.8 0 0 13.47574725 13528.2204467075 2459.67644485591 7067.50332376169
587332.961441667 0 1281172.01043989 52928.6573517165 29021.9082673727 18421.7292733595 19811.8561532047 56440.0202141529 56746.5962202804 0 3e+06 1214684.42209141 676998 289737 0 0 2.21291595 4648.89963667328 845.254479395142 2428.70921297113
5123710.43110453 16653600 1849133.32081418 50430.2766725271 415679.648853898 82232.8132836614 88438.2048869472 13244.9129555207 17350.6138463458 3942000 25158000 1589524.19054151 4434620.4 1885615.2 0 0 26.94613635 40555.557282386 7373.73768770655 21187.3052349638
105913.571264976 2277000 0 13302.6731696747 51482.9178978039 32678.9116338762 35144.9034412812 100120.808737525 6895.04778004353 1145000 10155000 0 2676013.2 1224039.6 0 0 1.25916525 838.334633499741 152.424478818135 437.968381135152
10925502.6950037 49242600 1863230.97565025 50810.7055002507 1356554.3788755 124819.916562545 134238.984586987 6123.50427738114 26336.2286431725 4247000 44253000 3411986.27247664 6126094.8 2282515.2 0 0 60.97038885 86478.3161234518 15723.330204264 45178.5797728155
1684064.94589625 13320000 524307.568372265 19373.1127480929 157697.868041524 47591.3548722878 51182.6584179269 145809.168680775 10041.4808619656 2429000 18571000 0 3019161.6 1067774.4 0 0 10.36802025 13329.8306566928 2423.60557394414 6963.85920398607
3283037.86689166 7223400 6085342.52130297 30191.4962259163 362358.914512645 74167.4417372275 79764.2102511027 227232.299897856 15648.8704468252 1486000 6814000 6832980.89196243 2323792.8 838819.8 0 2830339.01534051 14.788494 25986.1348648199 4724.75179360363 13575.8502200881
27909770.7825447 0 20330423.9910515 34005.7370223004 7475462.44687522 68069.4707525716 73206.0786999497 208549.493276817 14362.2363700362 554000 1846000 10180928.9755795 361972.8 284520.6 0 0 69.0451209 220913.403075698 40166.0732864906 115411.056217745
14359.6871476755 0 0 2786.5932360082 10784.4452730769 6845.45376388406 7362.02032181705 20972.92512964 1444.34830960314 0 2900000 0 202305.6 419806.8 0 0 0.05893965 113.660817195939 20.6656031265343 59.3794436214463
17046210.5561917 87943500 1798621.26024325 173884.210850992 1877199.01762698 204357.261642323 1600000 626104.520745585 36831.9447266816 9887000 68413000 7617741.27265354 10748278.8 7467730.2 0 0 91.1421315 134925.378386424 24531.8869793498 70488.6177721871
840977.25351379 3834000 504168.061463598 18684.2031463759 236993.137323208 45899.0020864162 49362.598560536 140624.181754374 9684.40491494479 1352000 20148000 0 2856092.4 1313058.6 0 0 3.95967285 6656.56298041609 1210.28417825747 3477.5661125754
4481223.21675475 11865600 891581.413956678 112087.844298449 71500.7315543789 104312.677976577 112184.24396325 29664.9762770908 22009.3284247325 6647000 25753000 584127.347000983 5513734.8 2209825.8 0 0 23.28116175 35470.0967796647 6449.10850539358 18530.524977174
114790.468774448 4522500 0 20428.2113924052 79059.5932486475 50183.2756781829 53970.1688304891 153750.228963849 10588.3600848406 2786000 12614000 0 4323942 3023470.8 0 0 2.5183305 908.597684129958 165.19957893272 474.675673555683
10047081.4693973 0 2069660.92146409 11493.4621984351 1611814.60321884 28234.4631608463 30365.0712919001 86504.021847636 5957.29670311613 0 1e+06 4945038.19702425 107503.2 162048.6 0 0 31.5380709 79525.3739515293 14459.1589002781 41546.1772625545
4515273.08097613 14265000 2765644.1784578 18017.6863997817 69730.5765387771 44261.6588557259 47601.6993486053 135607.731687913 9338.93564306618 799000 17101000 2861361.26737373 2123074.8 784501.2 0 0 15.49041165 35739.6106871066 6498.11103401938 18671.32623364
655280.390172259 5067000 56445.0504440217 12551.8539096772 48577.1585947295 30834.4736072093 33161.281799383 94469.8669630535 6505.88278998265 546000 12054000 0 2241464.4 793233 0 0 3.61675125 5186.72195804133 943.040356007515 2709.68194392533
22744591.3155259 14064300 15956558.539287 41372.1170660192 8019860.8304884 882086.974192237 109302.772525545 311381.762672795 157488.315383052 5743000 20957000 12561908.5720817 2505232.8 1311130.8 0 0 55.4997177 180029.607130319 32732.6558418762 94052.2703471104
2905095.25258519 0 3803182.58640257 9842.97705321261 91705.566780464 24179.9353583662 26004.5837176922 74081.863876736 5101.81647057879 521000 3079000 3606060.35864652 534340.8 177244.2 0 0 10.50733215 22994.6165988947 4180.83938161722 12013.0012577424
0 4159800 0 25365.8359469676 98168.7840338656 62312.8825956584 67015.0911544462 190912.606580703 13147.6319536883 1671000 14429000 0 6245164.8 3920238 0 0 1.9932318 0 0 0
16747267.9782992 2950200 12560357.2857388 41183.7536376338 159385.995596969 86186.7506604349 108805.127096087 10886.2298264554 21346.3824504358 102000 3098000 8027852.39374369 599432.4 281572.2 0 16265625.3685442 60.7828536 132559.166828435 24101.6666960792 69252.4457186134
3077781.36908686 0 1215174.30198918 3985.92821184628 563906.500383195 9791.70082227047 10530.5948919019 29999.5610693882 2065.98817530565 0 1400000 963920.345528621 166698 80740.8 0 0 7.62464745 24361.4740323556 4429.35891497374 12727.0840517173
24393975.4412503 0 13955045.3547139 23081.106111063 5638738.41705567 56700.2900390728 60978.9652985296 173716.889900315 11963.409716389 244000 1056000 9431195.00757953 174862.8 219542.4 0 0 64.9193454 193084.929692148 35106.3508531178 100872.719197865
13978306.9112943 162000 5262453.15523478 14593.5554061616 1291541.83794329 35850.0506972685 38555.3406501589 109836.463016441 7564.1384647096 203000 6497000 6094786.31711014 664524 268871.4 0 0 27.0800901 110642.08921923 20116.7434944055 57802.3795801731
22906203.0672424 7786800 18216701.0943373 49597.4831127973 4977922.73392322 406040.438935176 67900.7608173639 193435.70251334 13321.3907080225 842000 1658000 9233855.05542447 594896.4 200944.8 0 0 62.76001095 181308.807963852 32965.2378116094 94720.5589944136
9230733.2550519 0 4880183.54166837 9022.34477430308 1670839.71991918 22163.9969537811 23836.5200634771 67905.4836565678 4676.46596389822 0 0 5022330.35867373 118843.2 46947.6 0 0 22.1077269 73063.7564939402 13284.3193625346 38170.4558926753
13425915.8552453 17852400 6563900.75033271 107368.680793313 670373.789451683 200755.753706042 215905.035587734 615070.313385959 42358.2195585385 6469000 68031000 7562738.64635298 10848070.8 4173120 0 0 57.7715733 106269.764237734 19321.7753159516 55518.1603466808
5975544.47838604 21368700 1481396.81088187 28440.9018460274 694432.348637915 69866.9888645251 75139.2397913084 214056.683023693 14741.5015489464 3807000 28693000 1731289.9898486 3668716.8 1325759.4 0 0 20.1359277 47298.0547291366 8599.64631438847 24709.7658056712
478634.481154112 0 699711.787326807 22026.6660801367 28304.187277921 54109.9871612712 58193.1949049514 165780.786583711 11416.8718663123 810000 13290000 854296.110625767 2922998.4 1783328.4 0 0 1.714608 3788.5216931719 688.822126031255 1979.22481852757
12322961.3396934 41757300 1263345.82527073 9654.23645168255 606471.643558838 92584.3172263062 99570.846347355 283657.449212602 19534.7170098629 3944000 39556000 2589450.70855684 5038815.6 2778073.2 0 0 45.50676795 97539.5801969292 17734.4691267144 50957.2792634299
1807014.32782279 0 455724.38268329 3914.13935277635 15148.1820510272 9615.34666007161 10340.9328226327 29459.2517242852 2028.77854029105 0 1900000 1726962.71741822 157852.8 107956.8 0 0 4.608009 14303.0083505932 2600.54697283512 7472.27319778121
8833122.22077346 0 6724744.65010328 10060.3194705803 1133364.97596321 24713.8516292435 26578.7899824523 75717.6628114515 5214.46949401747 0 1500000 4128190.68302866 112039.2 74163.6 0 0 20.69853345 69916.5573511284 12712.1013365688 36526.275086339
2785583.4927334 33100200 685777.425789999 30657.1358897919 118646.740385532 75311.3168993797 80994.4036728764 230736.875191322 15890.2210152226 8497000 26103000 0 5350212 3487957.2 0 0 20.5217145 22048.6486157776 4008.84520286866 11518.8023428748
249336.38592782 495000 0 23748.2814710432 91908.6569739089 58339.2511978567 62741.6045294444 178738.296933245 12309.2203610659 1255000 20245000 0 4412167.2 2029179.6 0 0 1.88071065 1973.56509858403 358.830017924368 1031.04306651784
5130759.73206794 0 5557360.85369737 7827.62009216673 30293.8151903851 465911.400121926 20680.1256262812 58913.5464821015 4057.21570778381 40000 1060000 2623061.91265441 191646 84142.8 0 0 17.83728135 40611.3544108277 7383.88262015048 21216.4551436507
6053913.55884956 0 35992238.1251752 33391.6986683091 3633408.52086672 82028.9543438719 88218.9624949479 20137665.4480137 17307.6008737601 0 0 13743580.5321729 174636 90493.2 0 242354.691511462 14.1883812 47918.3672496514 8712.43040902753 25033.8336176779
25945082.7384201 274500 18313425.1585986 20719.3185090007 3318687.73078799 50898.3998955398 54739.2572214707 155941.208143074 10739.2468616887 273000 1127000 11541679.2538585 105008.4 16443 0 0 54.75493485 205362.364509622 37338.6117290222 107286.778735229
585266.036776472 10962000 247579.857227225 24310.0786892694 331746.847348986 59719.3438616697 64225.8407228998 182966.589331161 12600.411358015 1936000 19964000 456867.435778106 3829291.2 944168.4 0 0 8.2194021 4632.53936753144 842.279885005716 2420.1621718438
10611112.5748766 32609700 1027250.93009142 37980.9167416972 1597205.28809308 93302.6772998502 100343.414776305 285858.342324765 19686.2865323077 3303000 33297000 3098109.33575007 5021578.8 2618406 0 0 35.89424685 83989.8330802983 15270.8787418724 43878.5298329217
5664591.98033364 23216400 491240.675272224 41639.6779864902 572288.89430781 64793.1663630974 960000 15422.1589208118 13670.9564534807 3618000 27282000 486995.049491477 3790508.4 1806008.4 0 0 28.1517201 44836.7813967664 8152.14207213934 23423.930944705
1704951.7635656 22101300 532553.879984868 13493.6710516039 186698.773775517 33148.1107810108 35649.5089466764 101558.329013487 6994.04589155024 2753000 12447000 678048.209625051 1521147.6 768852 0 0 16.7602932 13495.1554817051 2453.66463303728 7050.22930379909
1090922.8382903 13876200 626529.17370869 23887.9075088673 538432.731833066 58682.251953693 63110.4885540781 5669.9113679455 12381.5913943053 1511000 21489000 0 3302208 1606878 0 0 13.23998865 8634.95005306297 1569.99091873872 4511.12830700445
8779034.06585055 0 7099883.78960203 14720.6677896524 257437.469518568 36162.310819327 38891.1643140943 21046.7109978137 7630.02341478131 0 1400000 5096955.39643531 359251.2 233604 0 1335955.85633805 23.8437675 69488.4349396904 12634.2608981255 36302.6125153649
4650776.31060601 17640000 965526.062971339 18165.8744116233 70304.0816643839 44625.6926767786 47993.2036200326 136723.049143401 9415.74452268346 0 1.5e+07 2011882.30907611 1683309.6 615195 0 0 24.1438239 36812.1554893737 6693.11917988613 19231.6522561769
980679.603779282 3325500 110331.839199645 24896.2446027762 96351.4100136095 61159.2998649448 65774.4576187678 187378.289488424 12904.2331485011 5726000 24974000 0 3986690.4 1933470 0 0 4.43119005 7762.34496104506 1411.33544746274 4055.2561239289
19240153.1813391 2516400 12422673.8189132 17114.7274476268 3298199.85368912 42043.4794394449 45216.1333213751 128811.730659141 8870.91353659823 286000 1714000 6515810.8737008 182120.4 151162.2 0 0 46.6051887 152291.029120369 27689.2780218853 79560.8970690044
126191.190085633 2438100 82490.3316759063 9044.07901603985 35001.6550436995 22217.3885808688 23893.9406899531 457675.24562056 4687.73126624209 949000 7451000 0 1511395.2 602494.2 0 0 1.82712915 998.837484449158 181.606815354392 521.819353036953
1946216.26474829 22870800 95417.7178672807 28392.0915456032 90573.3992893472 107995.082317537 116144.52717111 330872.554828254 22786.292913661 6177000 41423000 287613.931095671 7798064.4 5910067.8 0 0 17.3175408 15404.8294239562 2800.87807708295 8047.89392549336
29705536.6887685 324500400 4014756.27114308 74334.536257364 1522373.37142061 246680.642641955 265295.474452016 107410.800954359 303038.000406421 24143000 78357000 4474562.98630786 12680614.8 5982303.6 0 0 187.6531293 235127.377119488 42750.4322035433 122836.815518022
11854291.6111357 43919100 1465502.92975394 52589.3710866414 1876872.43085069 30227.5960170697 133917.081074925 36967.8221190046 73028.8559235928 8987000 36413000 4293606.79517849 6994512 3284744.4 0 0 49.17174255 93829.9322223569 17059.9876767922 49019.2601800214
4190156.70969171 11907000 1285934.73166829 16979.7117035045 664974.221417125 41711.8041802635 44859.4294296302 127795.55253303 8800.93211294693 1232000 15768000 2528487.87683331 1764050.4 591834.6 0 0 16.2459108 33166.2264577749 6030.22299232271 17326.921648738
2540794.34106901 535500 353067.32854884 7919.82596620151 30650.662824096 19455.5853251491 20923.7282840582 59607.5217877384 4105.00789954567 469000 7431000 1276028.27151321 849819.6 187790.4 0 0 7.2120699 20111.0761093056 3656.55929260102 10506.5627668371
10337952.1625446 1944000 11801397.2463307 22155.7543037854 271067.024315474 1066373.7045316 58534.2386258392 166752.352011602 11483.7809347789 120000 3580000 5420221.6978693 213872.4 219315.6 0 6718801.87968902 30.1878171 81827.6943531846 14877.7626096699 42748.9708713047
629650.524323832 3074400 95526.580066787 16329.0016781733 63195.1670185291 40113.2912238189 43140.2906733184 122898.069661821 8463.6557882275 2466000 12534000 0 2741785.2 1343903.4 0 0 3.35956005 4983.85462068252 906.15538557864 2603.69863394645
25943385.6844845 2462400 18567836.1188449 27721.6960285562 7217937.88754964 962126.600284495 73239.139060648 103192.386896608 14368.7224532039 971000 2029000 10283858.1852127 406879.2 673482.6 0 0 59.2718553 205348.93186759 37336.1694304709 107279.761164619
0 0 0 623.706876506681 2413.81935088723 1532.17790460842 1647.79797796283 4694.24724598655 323.280039989168 0 0 84313.773517637 70081.2 8505 0 0 0 0 0 0
0 0 0 0 0 0 0 0 0 0 0 0 0 0 0 0 0 0 0 0
0 0 0 0 0 0 0 0 0 0 0 0 0 0 0 0 0 0 0 0
0 0 0 0 0 0 0 0 0 0 0 0 0 0 0 0 0 0 0 0
33228859.9872646 9827100 16644567.6401669 50276.0556429475 132189.10808486 83907.3688605038 90239.1245355127 257073.238040241 17703.9346925853 766000 2034000 22618244.7603263 432054 136533.6 0 52961.5081057053 83.2870836 263015.436325387 47820.9884227976 137406.281761376
0 0 0 0 0 0 0 0 0 0 0 0 0 0 0 0 0 0 0 0
0 0 0 0 0 0 0 0 0 0 0 0 0 0 0 0 0 0 0 0
0 0 0 0 0 0 0 0 0 0 0 0 0 0 0 0 0 0 0 0
0 0 0 0 0 0 0 0 0 0 0 0 0 0 0 0 0 0 0 0
0 0 0 0 0 0 0 0 0 0 0 0 0 0 0 0 0 0 0 0
0 0 0 0 0 0 0 0 0 0 0 0 0 0 0 0 0 0 0 0
0 0 0 0 0 0 0 0 0 0 0 0 0 0 0 0 0 0 0 0
0 0 0 0 0 0 0 0 0 0 0 0 0 0 0 0 0 0 0 0
0 0 0 0 0 0 0 0 0 0 0 0 0 0 0 0 0 0 0 0
0 0 0 0 0 0 0 0 0 0 0 0 0 0 0 0 0 0 0 0
0 0 0 0 0 0 0 0 0 0 0 0 0 0 0 0 0 0 0 0
0 0 0 0 0 0 0 0 0 0 0 0 0 0 0 0 0 0 0 0
0 0 0 0 0 0 0 0 0 0 0 0 0 0 0 0 0 0 0 0
0 0 0 0 0 0 0 0 0 0 0 0 0 0 0 0 0 0 0 0
0 0 0 0 0 0 0 0 0 0 0 0 0 0 0 0 0 0 0 0
0 0 0 0 0 0 0 0 0 0 0 0 0 0 0 0 0 0 0 0
0 0 0 0 0 0 0 0 0 0 0 0 0 0 0 0 0 0 0 0
0 0 0 0 0 0 0 0 0 0 0 0 0 0 0 0 0 0 0 0
0 0 0 0 0 0 0 0 0 0 0 0 0 0 0 0 0 0 0 0
15616181.5301989 0 10945087.185014 18105.5488726443 147854.719204768 93851.1549235696 100933.281211922 287538.7539577 89184.108920951 0 0 9074154.20874871 376714.8 544433.4 0 11306807.9759777 57.26254905 123606.310913943 22473.8747116259 64575.2349071768
16232690.7650724 0 15349570.1303897 18342.3827990613 70987.1899917733 45059.2974058547 48459.5287077771 138051.516157049 9507.2324326276 0 0 11924465.9628725 217047.6 113286.6 0 0 37.14805395 128486.148665555 23361.1179391918 67124.5923533243
0 0 0 0 0 0 0 0 0 0 0 0 0 0 0 0 0 0 0 0
0 0 0 0 0 0 0 0 0 0 0 0 0 0 0 0 0 0 0 0
0 0 0 0 0 0 0 0 0 0 0 0 0 0 0 0 0 0 0 0
4409163.69579551 18092700 1124056.6410024 145137.410937355 590490.663972689 588.402488498139 44575.6763606251 17962.2792136513 4736.7613758284 10188000 23012000 584290.640300242 2777846.4 1514457 0 0 28.7625492 34899.7261333724 6345.40475152225 18232.5481328191
639680.548225466 7937100 96409.6636123159 37475.7101878412 4082.3990710133 403.839883227082 193000 67226.8444527618 3250.99434193699 2065000 26735000 17171.4529720183 4185820.8 5695174.8 0 0 6.6333897 5063.24497936029 920.589996247326 2645.17427562749
887037.037895046 36003600 181970.316471193 68705.4686777089 7705.40444888652 762.235533255548 57744.7667287955 66315.2833594905 6136.15323487923 13267000 52333000 32410.5967650032 8017153.2 7902392.4 0 0 14.7134799 7021.13866224003 1276.57066586182 3668.03017643389
1425503.54883114 6021900 308188.886802363 146247.802350329 48770.2919250331 599.320908162741 504000 14197.4580653355 4824.65690578168 1729000 41371000 25483.3938327904 5285347.2 3567564 0 0 7.8764805 11283.2470937283 2051.49947158697 5894.66934338415
6125973.07980881 39528900 44361.3462988213 61688.4118318374 158285.724238835 516.18747065161 2776000 85929.2413633335 4155.41558960765 4631000 30569000 1207336.22362473 4797273.6 5606836.2 0 0 30.1342356 48488.7378959438 8816.13416289886 25331.8104620328
19357206.3886944 53530200 6192027.47681916 106720.952469079 1213574.68821849 661.90410931055 50143.9472727319 110186.55275869 5328.46458125445 8563000 22637000 6429047.70069427 3033223.2 1124247.6 0 0 83.11026465 153217.536993876 27857.7339988865 80044.9295033732
1098733.63781457 3730500 81440.8466974408 58897.0111964468 28151.7801156553 341.138645109926 362000 56789.0284841806 2746.23644451878 2344000 23156000 14505.3682034403 2742012 2141218.8 0 0 5.81359275 8696.77464908319 1581.23175437876 4543.42712558036
6628888.48650353 30337200 135694.35423925 161531.106381666 5745.88153232907 568.395222193813 43059.9835396806 37784.2893559888 140571.02214997 11488000 32312000 24168.4197940716 5207554.8 6004870.2 0 0 25.0547094 52469.4496981924 9539.8999451259 27411.440521593
314324.848821921 1672200 112808.454238414 118827.303291077 29436.3547690378 145.433349932507 11017.6113550776 35380.2469359799 1170.76845897775 717000 6283000 6183.89127139502 824191.2 418446 0 0 2.6469261 2487.96640307534 452.35752783188 1299.78003333187
2128997.67645681 20999700 32522.5821025101 5598.04795825532 5531.57735755515 547.195782499081 360000 30209.2877684136 4405.03889467497 5648000 27952000 379384.76527949 6001808.4 8119893.6 0 0 15.01889445 16851.593856173 3063.92615566782 8803.72226771119
378573.5702569 11651400 107464.38288134 68983.0665309522 4550.50334586745 450.145786301932 34101.7471501695 129727.572098593 3623.76641113346 7118000 26982000 19140.4007406802 4825850.4 5145184.8 0 0 4.92413985 2996.51245334747 544.820446063177 1565.45805911086
4342761.02128838 25036200 224991.575477103 693130.995342525 115393.994286909 942.442574357698 71396.7326859393 373488.401629306 7586.85707898386 10867000 64033000 40073.0809822248 7136942.4 3461648.4 0 0 21.4968978 34374.1309605208 6249.84199282197 17957.9631904969
2064270.29878357 5322600 107844.802738928 4621.4869798177 4566.61195588665 451.739285388117 34222.4660474128 75200.6127510493 3636.59440739691 2383000 29117000 113352.765235945 4375425.6 4144996.8 0 0 6.3761985 16339.2591119943 2970.77438399897 8536.06492714482
923806.539833791 459900 35229.6967375318 25600.6909102125 1491.77661081484 147.569819077689 11179.464098789 55474.4128239787 1187.96747619023 1008000 11092000 6274.73489773399 1269399.6 1766545.2 0 0 2.2825719 7312.17923960539 1329.48713447371 3820.07753964638
