2.71903063838661 2.78522461720706 0.0130965965760572 0 0 0 0 0 0 3.2447929246257 9.18254705359272 1.77797159526196 0 0 1.21295936313651 0 0 0 2.80186723458339 0.647901294695837 27.0064891392435
24.0319108616772 20.554780187808 0 0 0 0 0 0 0 78.0800579615299 28.8470469717272 37.2587783747149 0 0 2.48087518424069 0 0 0 1.85354396212025 0.428611862121984 42.7952698183006
7.42471908745461 0 0.0723738516928666 0.0937509652467016 0 0 0 0 0 0 0 10.8478513817943 0 0 0.0764080363287603 0 0 0 0.788523738756987 0.182337530106068 3.77006681839035
7.42471908745461 0 0.0723738516928666 0.0937509652467016 0 0 0 0 0 0 0 10.8478513817943 0 0 0.0764080363287603 0 0 0 0.788523738756987 0.182337530106068 3.77006681839035
0.149141358375209 0 0 0 0 0 0 0 0 0 0 0.398090958136554 0 0 0 0 0 0 0 0 0.228568030713476
0.475733840047487 0 0 0 0 0 0 0 0 0 0 1.48895337221228 0 0 0 0 0 0 0 0 0.135312787740231
0.160300792837246 0 0 0 0 0 0 0 0 0 0 0.536911639294541 0 0 0 0 0 0 0 0 0.0851732113222611
0.160300792837246 0 0 0 0 0 0 0 0 0 0 0.536911639294541 0 0 0 0 0 0 0 0 0.0851732113222611
0.475733840047487 0 0 0 0 0 0 0 0 0 0 1.48895337221228 0 0 0 0 0 0 0 0 0.135312787740231
2.71903063838661 2.78522461720706 0.0130965965760572 0 0 0 0 0 0 3.2447929246257 9.18254705359272 1.77797159526196 0 0 1.21295936313651 0 0 0 2.80186723458339 0.647901294695837 27.0064891392435
2.71903063838661 2.78522461720706 0.0130965965760572 0 0 0 0 0 0 3.2447929246257 9.18254705359272 1.77797159526196 0 0 1.21295936313651 0 0 0 2.80186723458339 0.647901294695837 27.0064891392435
24.0319108616772 20.554780187808 0 0 0 0 0 0 0 78.0800579615299 28.8470469717272 37.2587783747149 0 0 2.48087518424069 0 0 0 1.85354396212025 0.428611862121984 42.7952698183006
2.71903063838661 2.78522461720706 0.0130965965760572 0 0 0 0 0 0 3.2447929246257 9.18254705359272 1.77797159526196 0 0 1.21295936313651 0 0 0 2.80186723458339 0.647901294695837 27.0064891392435
24.0319108616772 20.554780187808 0 0 0 0 0 0 0 78.0800579615299 28.8470469717272 37.2587783747149 0 0 2.48087518424069 0 0 0 1.85354396212025 0.428611862121984 42.7952698183006
2.71903063838661 2.78522461720706 0.0130965965760572 0 0 0 0 0 0 3.2447929246257 9.18254705359272 1.77797159526196 0 0 1.21295936313651 0 0 0 2.80186723458339 0.647901294695837 27.0064891392435
24.0319108616772 20.554780187808 0 0 0 0 0 0 0 78.0800579615299 28.8470469717272 37.2587783747149 0 0 2.48087518424069 0 0 0 1.85354396212025 0.428611862121984 42.7952698183006
0.93692056804936 3.52982930598273 0.0880252424238563 0.00789179949516118 0.0245486082483568 0.00776458467778681 0.0704295535638835 0 0.00494905865289652 3.05379542390063 4.4759307050015 1.39490013845258 0.193067883397426 0.711947128153832 0 0 0 0 0 0 0
1.87308095713884 11.6943376890854 0.175979064772724 0.0157771959075677 0.0490772987618266 0.0155228694897093 0.233333374299889 0 0.00989410184238297 10.1172356578119 14.828775161597 2.78866851208695 0.639634619594696 2.3586834976111 0 0 0 0 0 0 0
0.385752813189978 1.45331592804944 0.0362421170531325 0.00324924434386981 0.0101072545684614 0.00319686693285429 0.0289975472259575 0 0.00203764690743394 1.25732128832322 1.84284871095579 0.57431405700427 0.0794907078539746 0.293125817591612 0 0 0 0 0 0 0
