5348.13677617644 4819.33375860667 5880.67939699342 5859.30213945543 5884.03553826515 6014.30557383369
2573.45949673992 2635.35528897952 2199.03832223692 1990.40949990171 1710.15265067431 1314.71727422503
2073.47537456001 1692.52963509357 1723.49020308776 1856.32023655227 1576.92041980113 1700.26180433347
375.487543033183 282.132930713137 188.270410301812 174.479279573887 129.822441319947 146.712192601729
621.364475470521 512.954946836502 406.694867999196 517.69296649156 325.57253637414 229.054393211363
92.0292128415601 25.3565038555044 33.0288536625065 74.5423720941045 76.4845251256675 72.1456558695104
29.5685768176703 34.1582605220299 28.4087157190567 60.3571670315224 29.8318297286409 18.7743570510939
61.7246797205601 56.3512589692982 52.2672640477315 48.0480336270111 42.483655242169 41.5889886270639
37.0156265192131 70.5483323199248 47.8409853535467 47.1804606123081 72.9515871121504 99.8114972902278
2521.7576089446 2525.15361446952 1744.62018371343 1461.66014167142 1468.43655029947 1218.90693080576
6817.71188675377 6699.7002729417 6444.46439014725 6252.12701816295 5580.00958109744 5054.28532478432
4750.51553488236 4380.61195359007 4069.74397763686 4846.54107492711 5428.28524282742 5743.16593040796
6416.46512251183 4954.60159853231 2404.86817064349 800.75130456834 967.100831763294 833.313001859668
6899.67556793062 7752.17041781791 9334.97460448818 9833.10887002087 8590.08074837234 7682.20467443047
0 0 0 0 0 0
40.5875506462381 32.8602025956048 8.95790873258434 10.9059225871553 17.0986886215547 17.6757898692284
0 0 0 0 0 0
0 0 0 0 0 0
41.7158763760303 41.8322000987462 22.0713326167107 18.0104132787528 14.8198677519175 15.1479732989709
7.58470479564188 7.6058545634084 4.01296956667466 3.27462059613688 2.69452140943956 2.75417696344924
0 0 0 0 0 0
