0 48856521.1824379 0 0 0 0 576027.950294038 0 0 6065030.73011324 17853821.2024447 0 324842.169727026 1442672.97513534 0 0 0 0 4609728.73532927 838132.497332595 54960797.407979
2872733151.33887 768956602.746464 150567281.741643 13808144.0757924 66858857.4296244 18166037.021296 9066148.89936808 0 7114244.50717056 95457992.3602343 281002686.347829 912451896.330056 5112716.28058271 22706342.6331913 0 0 0 0 3548094.23870799 645108.043401452 42303159.2170505
194395925.660149 0 10188786.9726632 934387.848732603 4524294.04121796 1229283.54159366 0 0 481416.154403167 0 0 61745007.8594215 0 0 0 0 0 0 293346.374066408 53335.7043757106 3497505.28959867
1404917098.52067 0 73635293.4479922 6752906.27041928 32697485.9974924 8884144.35976539 0 0 3479238.48984109 0 0 446236807.666682 0 0 0 0 0 0 1606420.61988747 292076.476343177 19153005.157326
761483778.548967 0 39911309.7480137 3660165.1360073 17722472.8865781 4815324.56496693 0 0 1885793.59914325 0 0 241866292.884793 0 0 0 0 0 0 335252.998933038 60955.0907150978 3997148.90239847
27188668.5697517 0 1425027.56262413 130685.668686327 632778.340292112 171930.469618337 0 0 67331.9886810539 0 0 8635801.13022231 0 0 0 0 0 0 0 0 0
192205740.486643 0 10073993.7737432 923860.455189511 4473320.53600685 1215433.67011261 0 0 475992.221159302 0 0 61049350.2714733 0 0 0 0 0 0 69844.3747777163 12698.977232312 832739.354666349
9439494029.6391 0 494747991.610993 45372085.2920471 219691058.057827 59691655.6363083 0 0 23376646.911855 0 0 2998219386.90205 0 0 0 0 0 0 949883.496976941 172706.090359444 11325255.2234623
2867042057.03309 0 150268996.953389 13780789.1333096 66726405.147159 18130048.7744231 0 0 7100150.66890861 0 0 910644262.44346 0 0 0 0 0 0 209533.124333149 38096.9316969361 2498218.06399905
272355090.701096 1095342098.02333 14274825.9288373 1309108.13293727 6338684.87608405 1722266.7055966 12914297.791263 0 674479.878897616 135975368.76789 400274958.190204 86506788.4462354 7282821.10767953 32344104.8421256 0 0 0 0 1019727.87175466 185405.067591756 12157994.5781287
155157969.375323 212166949.477254 8132225.46567105 745785.801456471 3611085.33477951 981158.105307338 2501489.87422078 0 384244.436646569 26338327.7677266 77532961.6058838 49282051.5964915 1410677.03030256 6265029.04463379 0 0 0 0 0 0 0
96254747.281018 83198676.7390738 5044957.15032812 462660.24319587 2240194.99422937 608677.245837305 980928.688111591 0 238372.229879383 10328253.4023038 30403603.5073526 30572915.0813754 553179.760167885 2456754.58656334 0 0 0 0 0 0 0
6158203.58615994 71980933.405681 322767.178687515 29600.1605043361 143323.599478001 38942.0626411893 848669.297903889 0 15250.6215262137 8935686.83405603 26304261.6196763 1955999.47651224 478594.095948098 2125508.42417984 0 0 0 0 153657.624510976 27937.7499110865 1832026.58026597
14731648.2135687 44585535.5341577 772123.30914112 70809.4731708864 342858.565598175 93157.1617460093 525672.193290233 0 36482.5209526004 5534832.12862126 16293058.948459 4679139.91324717 296444.80922566 1316556.02241666 0 0 0 0 153657.624510976 27937.7499110865 1832026.58026597
125264208.654228 1136976812.59993 6565417.11428885 602097.775712851 2915349.74751989 792121.694559592 13405179.2277263 0 310213.361776424 141143887.058491 415489687.603493 39787045.5442632 7559646.20065994 33573526.7512877 0 0 0 0 1005758.99679911 182865.272145293 11991446.7071954
11178.2545785501 5061.06188206478 585.880872967247 53.7296510344404 260.158284743924 70.6868949567324 59.6709104880968 0 27.6826395093958 628.278377150633 1849.48276606672 3550.4932238849 33.6504991166592 149.446932078477 0 0 0 0 0 0 0
18845937.6129122 74065792.323042 987763.724913428 90585.3095618031 438612.913072711 119174.313220718 873250.192731321 0 46671.445303805 9194500.46007184 27066139.4088028 5985941.12544189 492456.116368286 2187071.74355363 0 0 0 0 0 0 0
69474975.6722382 508053355.21174 3641360.92179685 333939.987881343 1616933.16040577 439332.480125176 5990048.52903496 0 172052.863257303 63069558.3173035 185659837.125552 22066989.8525289 3377996.43220201 15002190.6544235 0 0 0 0 0 0 0
1164584.01292525 4576892.87822743 61038.8225945057 5597.71583077308 27104.0686284071 7364.37224715758 53962.4631380513 0 2884.06022440013 568173.813506478 1672551.0767637 369901.008916911 30431.3073708164 135150.016941477 0 0 0 0 0 0 0
