2.71903063838661 2.78522461720706 0.0130965965760572 0 0 0 0 0 0 3.2447929246257 9.18254705359272 1.77797159526196 0 0 1.21295936313651 0 0 0 2.80186723458339 0.647901294695837 27.0064891392435
24.0319108616772 20.554780187808 0 0 0 0 0 0 0 78.0800579615299 28.8470469717272 37.2587783747149 0 0 2.48087518424069 0 0 0 1.85354396212025 0.428611862121984 42.7952698183006
7.42471908745461 0 0.0723738516928666 0.0937509652467016 0 0 0 0 0 0 0 10.8478513817943 0 0 0.0764080363287603 0 0 0 0.788523738756987 0.182337530106068 3.77006681839035
7.42471908745461 0 0.0723738516928666 0.0937509652467016 0 0 0 0 0 0 0 10.8478513817943 0 0 0.0764080363287603 0 0 0 0.788523738756987 0.182337530106068 3.77006681839035
0.149141358375209 0 0 0 0 0 0 0 0 0 0 0.398090958136554 0 0 0 0 0 0 0 0 0.228568030713476
0.475733840047487 0 0 0 0 0 0 0 0 0 0 1.48895337221228 0 0 0 0 0 0 0 0 0.135312787740231
0.160300792837246 0 0 0 0 0 0 0 0 0 0 0.536911639294541 0 0 0 0 0 0 0 0 0.0851732113222611
0.160300792837246 0 0 0 0 0 0 0 0 0 0 0.536911639294541 0 0 0 0 0 0 0 0 0.0851732113222611
0.475733840047487 0 0 0 0 0 0 0 0 0 0 1.48895337221228 0 0 0 0 0 0 0 0 0.135312787740231
2.71903063838661 2.78522461720706 0.0130965965760572 0 0 0 0 0 0 3.2447929246257 9.18254705359272 1.77797159526196 0 0 1.21295936313651 0 0 0 2.80186723458339 0.647901294695837 27.0064891392435
2.71903063838661 2.78522461720706 0.0130965965760572 0 0 0 0 0 0 3.2447929246257 9.18254705359272 1.77797159526196 0 0 1.21295936313651 0 0 0 2.80186723458339 0.647901294695837 27.0064891392435
24.0319108616772 20.554780187808 0 0 0 0 0 0 0 78.0800579615299 28.8470469717272 37.2587783747149 0 0 2.48087518424069 0 0 0 1.85354396212025 0.428611862121984 42.7952698183006
2.71903063838661 2.78522461720706 0.0130965965760572 0 0 0 0 0 0 3.2447929246257 9.18254705359272 1.77797159526196 0 0 1.21295936313651 0 0 0 2.80186723458339 0.647901294695837 27.0064891392435
24.0319108616772 20.554780187808 0 0 0 0 0 0 0 78.0800579615299 28.8470469717272 37.2587783747149 0 0 2.48087518424069 0 0 0 1.85354396212025 0.428611862121984 42.7952698183006
2.71903063838661 2.78522461720706 0.0130965965760572 0 0 0 0 0 0 3.2447929246257 9.18254705359272 1.77797159526196 0 0 1.21295936313651 0 0 0 2.80186723458339 0.647901294695837 27.0064891392435
24.0319108616772 20.554780187808 0 0 0 0 0 0 0 78.0800579615299 28.8470469717272 37.2587783747149 0 0 2.48087518424069 0 0 0 1.85354396212025 0.428611862121984 42.7952698183006
0.917241341443956 3.70019248260188 0.075450563825585 0.00665257369776308 0.033002853989562 0.00837133614775166 0.0908087114165576 0 0.00357238804123877 3.26571685736048 4.18820148614124 1.42070894285414 0.173532675409062 0.616547787070782 0 0 0 0 0 0 0
1.83373847084617 12.2587515302287 0.150839910155165 0.0132997497698079 0.0659789308156437 0.0167358801363571 0.300849600465391 0 0.00714187759319458 10.8193321592586 13.8755271836663 2.84026518068366 0.57491440248526 2.04262512389582 0 0 0 0 0 0 0
0.377650400580718 1.52345856007815 0.0310648183474995 0.00273902517073418 0.0135880716081162 0.00344668115876396 0.0373881384246103 0 0.00147083838663417 1.34457445782359 1.72438364636298 0.584940164747534 0.071447591185662 0.253847606125005 0 0 0 0 0 0 0
