297.6471 284.4064 13.24072 968.5290802 0 0 0
297.6471 284.4064 13.24072 968.5290802 0 0 0
297.6471 284.4064 13.24072 968.5290802 0 0 0
297.6471 284.4064 13.24072 968.5290802 0 0 0
297.6471 284.4064 13.24072 968.5290802 0 0 0
297.6471 284.4064 13.24072 968.5290802 0 0 0
198.9331 111.2201 87.71301 301.2666642 0 0 0
198.9331 111.2201 87.71301 301.2666642 0 0 0
198.9331 111.2201 87.71301 301.2666642 0 0 0
198.9331 111.2201 87.71301 301.2666642 0 0 0
198.9331 111.2201 87.71301 301.2666642 0 0 0
198.9331 111.2201 87.71301 301.2666642 0 0 0
198.9331 111.2201 87.71301 301.2666642 0 0 0
311.6235 302.244 9.379488 4410.8954239 0 0 0
311.6235 302.244 9.379488 4410.8954239 0 0 0
311.6235 302.244 9.379488 4410.8954239 0 0 0
311.6235 302.244 9.379488 4410.8954239 0 0 0
311.6235 302.244 9.379488 4410.8954239 0 0 0
311.6235 302.244 9.379488 4410.8954239 0 0 0
311.6235 302.244 9.379488 4410.8954239 0 0 0
311.6235 302.244 9.379488 4410.8954239 0 0 0
311.6235 302.244 9.379488 4410.8954239 0 0 0
311.6235 302.244 9.379488 4410.8954239 0 0 0
311.6235 302.244 9.379488 4410.8954239 0 0 0
311.6235 302.244 9.379488 4410.8954239 0 0 0
311.6235 302.244 9.379488 4410.8954239 0 0 0
0 0 0 4790.1505648 0 0 0
0 0 0 4790.1505648 0 0 0
0 0 0 4790.1505648 0 0 0
0 0 0 4790.1505648 0 0 0
0 0 0 4790.1505648 0 0 0
0 0 0 4790.1505648 0 0 0
0 0 0 4790.1505648 0 0 0
0 0 0 4790.1505648 0 0 0
0 0 0 4790.1505648 0 0 0
0 0 0 4790.1505648 0 0 0
0 0 0 4790.1505648 0 0 0
0 0 0 4790.1505648 0 0 0
32.39419 22.38212 10.01207 100.0097963 0 0 0
32.39419 22.38212 10.01207 100.0097963 0 0 0
32.39419 22.38212 10.01207 100.0097963 0 0 0
32.39419 22.38212 10.01207 100.0097963 0 0 0
32.39419 22.38212 10.01207 100.0097963 0 0 0
32.39419 22.38212 10.01207 100.0097963 0 0 0
32.39419 22.38212 10.01207 100.0097963 0 0 0
32.39419 22.38212 10.01207 100.0097963 0 0 0
32.39419 22.38212 10.01207 100.0097963 0 0 0
32.39419 22.38212 10.01207 100.0097963 0 0 0
32.39419 22.38212 10.01207 100.0097963 0 0 0
32.39419 22.38212 10.01207 100.0097963 0 0 0
32.39419 22.38212 10.01207 100.0097963 0 0 0
32.39419 22.38212 10.01207 100.0097963 0 0 0
32.39419 22.38212 10.01207 100.0097963 0 0 0
32.39419 22.38212 10.01207 100.0097963 0 0 0
32.39419 22.38212 10.01207 100.0097963 0 0 0
32.39419 22.38212 10.01207 100.0097963 0 0 0
184.8416 58.90095 125.9407 566.1052028 0.0007324667 0 0.0007324667
184.8416 58.90095 125.9407 566.1052028 0.0007324667 0 0.0007324667
184.8416 58.90095 125.9407 566.1052028 0.0007324667 0 0.0007324667
184.8416 58.90095 125.9407 566.1052028 0.0007324667 0 0.0007324667
184.8416 58.90095 125.9407 566.1052028 0.0007324667 0 0.0007324667
184.8416 58.90095 125.9407 566.1052028 0.0007324667 0 0.0007324667
184.8416 58.90095 125.9407 566.1052028 0.0007324667 0 0.0007324667
184.8416 58.90095 125.9407 566.1052028 0.0007324667 0 0.0007324667
184.8416 58.90095 125.9407 566.1052028 0.0007324667 0 0.0007324667
184.8416 58.90095 125.9407 566.1052028 0.0007324667 0 0.0007324667
184.8416 58.90095 125.9407 566.1052028 0.0007324667 0 0.0007324667
184.8416 58.90095 125.9407 566.1052028 0.0007324667 0 0.0007324667
184.8416 58.90095 125.9407 566.1052028 0.0007324667 0 0.0007324667
184.8416 58.90095 125.9407 566.1052028 0.0007324667 0 0.0007324667
184.8416 58.90095 125.9407 566.1052028 0.0007324667 0 0.0007324667
184.8416 58.90095 125.9407 566.1052028 0.0007324667 0 0.0007324667
184.8416 58.90095 125.9407 566.1052028 0.0007324667 0 0.0007324667
184.8416 58.90095 125.9407 566.1052028 0.0007324667 0 0.0007324667
184.8416 58.90095 125.9407 566.1052028 0.0007324667 0 0.0007324667
184.8416 58.90095 125.9407 566.1052028 0.0007324667 0 0.0007324667
184.8416 58.90095 125.9407 566.1052028 0.0007324667 0 0.0007324667
184.8416 58.90095 125.9407 566.1052028 0.0007324667 0 0.0007324667
184.8416 58.90095 125.9407 566.1052028 0.0007324667 0 0.0007324667
184.8416 58.90095 125.9407 566.1052028 0.0007324667 0 0.0007324667
184.8416 58.90095 125.9407 566.1052028 0.0007324667 0 0.0007324667
184.8416 58.90095 125.9407 566.1052028 0.0007324667 0 0.0007324667
184.8416 58.90095 125.9407 566.1052028 0.0007324667 0 0.0007324667
184.8416 58.90095 125.9407 566.1052028 0.0007324667 0 0.0007324667
184.8416 58.90095 125.9407 566.1052028 0.0007324667 0 0.0007324667
184.8416 58.90095 125.9407 566.1052028 0.0007324667 0 0.0007324667
184.8416 58.90095 125.9407 566.1052028 0.0007324667 0 0.0007324667
309.5951 174.0186 135.5765 499.009489 0 0 0
309.5951 174.0186 135.5765 499.009489 0 0 0
309.5951 174.0186 135.5765 499.009489 0 0 0
309.5951 174.0186 135.5765 499.009489 0 0 0
309.5951 174.0186 135.5765 499.009489 0 0 0
309.5951 174.0186 135.5765 499.009489 0 0 0
309.5951 174.0186 135.5765 499.009489 0 0 0
309.5951 174.0186 135.5765 499.009489 0 0 0
309.5951 174.0186 135.5765 499.009489 0 0 0
309.5951 174.0186 135.5765 499.009489 0 0 0
309.5951 174.0186 135.5765 499.009489 0 0 0
309.5951 174.0186 135.5765 499.009489 0 0 0
309.5951 174.0186 135.5765 499.009489 0 0 0
309.5951 174.0186 135.5765 499.009489 0 0 0
309.5951 174.0186 135.5765 499.009489 0 0 0
309.5951 174.0186 135.5765 499.009489 0 0 0
309.5951 174.0186 135.5765 499.009489 0 0 0
309.5951 174.0186 135.5765 499.009489 0 0 0
309.5951 174.0186 135.5765 499.009489 0 0 0
309.5951 174.0186 135.5765 499.009489 0 0 0
309.5951 174.0186 135.5765 499.009489 0 0 0
309.5951 174.0186 135.5765 499.009489 0 0 0
309.5951 174.0186 135.5765 499.009489 0 0 0
309.5951 174.0186 135.5765 499.009489 0 0 0
309.5951 174.0186 135.5765 499.009489 0 0 0
309.5951 174.0186 135.5765 499.009489 0 0 0
309.5951 174.0186 135.5765 499.009489 0 0 0
309.5951 174.0186 135.5765 499.009489 0 0 0
309.5951 174.0186 135.5765 499.009489 0 0 0
309.5951 174.0186 135.5765 499.009489 0 0 0
129.5922 100.2872 29.30497 156.341371 0.1358756 0 0.1358756
129.5922 100.2872 29.30497 156.341371 0.1358756 0 0.1358756
129.5922 100.2872 29.30497 156.341371 0.1358756 0 0.1358756
129.5922 100.2872 29.30497 156.341371 0.1358756 0 0.1358756
129.5922 100.2872 29.30497 156.341371 0.1358756 0 0.1358756
129.5922 100.2872 29.30497 156.341371 0.1358756 0 0.1358756
129.5922 100.2872 29.30497 156.341371 0.1358756 0 0.1358756
129.5922 100.2872 29.30497 156.341371 0.1358756 0 0.1358756
129.5922 100.2872 29.30497 156.341371 0.1358756 0 0.1358756
129.5922 100.2872 29.30497 156.341371 0.1358756 0 0.1358756
129.5922 100.2872 29.30497 156.341371 0.1358756 0 0.1358756
129.5922 100.2872 29.30497 156.341371 0.1358756 0 0.1358756
129.5922 100.2872 29.30497 156.341371 0.1358756 0 0.1358756
129.5922 100.2872 29.30497 156.341371 0.1358756 0 0.1358756
129.5922 100.2872 29.30497 156.341371 0.1358756 0 0.1358756
129.5922 100.2872 29.30497 156.341371 0.1358756 0 0.1358756
129.5922 100.2872 29.30497 156.341371 0.1358756 0 0.1358756
129.5922 100.2872 29.30497 156.341371 0.1358756 0 0.1358756
129.5922 100.2872 29.30497 156.341371 0.1358756 0 0.1358756
698.9657 694.0962 4.869534 2747.5059471 0 0 0
698.9657 694.0962 4.869534 2747.5059471 0 0 0
698.9657 694.0962 4.869534 2747.5059471 0 0 0
698.9657 694.0962 4.869534 2747.5059471 0 0 0
698.9657 694.0962 4.869534 2747.5059471 0 0 0
698.9657 694.0962 4.869534 2747.5059471 0 0 0
698.9657 694.0962 4.869534 2747.5059471 0 0 0
698.9657 694.0962 4.869534 2747.5059471 0 0 0
698.9657 694.0962 4.869534 2747.5059471 0 0 0
698.9657 694.0962 4.869534 2747.5059471 0 0 0
698.9657 694.0962 4.869534 2747.5059471 0 0 0
698.9657 694.0962 4.869534 2747.5059471 0 0 0
698.9657 694.0962 4.869534 2747.5059471 0 0 0
698.9657 694.0962 4.869534 2747.5059471 0 0 0
444.4491 418.3069 26.14214 173.6646758 0 0 0
444.4491 418.3069 26.14214 173.6646758 0 0 0
444.4491 418.3069 26.14214 173.6646758 0 0 0
444.4491 418.3069 26.14214 173.6646758 0 0 0
444.4491 418.3069 26.14214 173.6646758 0 0 0
444.4491 418.3069 26.14214 173.6646758 0 0 0
444.4491 418.3069 26.14214 173.6646758 0 0 0
444.4491 418.3069 26.14214 173.6646758 0 0 0
444.4491 418.3069 26.14214 173.6646758 0 0 0
444.4491 418.3069 26.14214 173.6646758 0 0 0
444.4491 418.3069 26.14214 173.6646758 0 0 0
444.4491 418.3069 26.14214 173.6646758 0 0 0
444.4491 418.3069 26.14214 173.6646758 0 0 0
350.7913 332.8105 17.98077 33.529521 0.107915 0 0.107915
350.7913 332.8105 17.98077 33.529521 0.107915 0 0.107915
350.7913 332.8105 17.98077 33.529521 0.107915 0 0.107915
350.7913 332.8105 17.98077 33.529521 0.107915 0 0.107915
350.7913 332.8105 17.98077 33.529521 0.107915 0 0.107915
350.7913 332.8105 17.98077 33.529521 0.107915 0 0.107915
350.7913 332.8105 17.98077 33.529521 0.107915 0 0.107915
350.7913 332.8105 17.98077 33.529521 0.107915 0 0.107915
350.7913 332.8105 17.98077 33.529521 0.107915 0 0.107915
350.7913 332.8105 17.98077 33.529521 0.107915 0 0.107915
350.7913 332.8105 17.98077 33.529521 0.107915 0 0.107915
350.7913 332.8105 17.98077 33.529521 0.107915 0 0.107915
350.7913 332.8105 17.98077 33.529521 0.107915 0 0.107915
350.7913 332.8105 17.98077 33.529521 0.107915 0 0.107915
350.7913 332.8105 17.98077 33.529521 0.107915 0 0.107915
350.7913 332.8105 17.98077 33.529521 0.107915 0 0.107915
350.7913 332.8105 17.98077 33.529521 0.107915 0 0.107915
350.7913 332.8105 17.98077 33.529521 0.107915 0 0.107915
350.7913 332.8105 17.98077 33.529521 0.107915 0 0.107915
350.7913 332.8105 17.98077 33.529521 0.107915 0 0.107915
350.7913 332.8105 17.98077 33.529521 0.107915 0 0.107915
350.7913 332.8105 17.98077 33.529521 0.107915 0 0.107915
350.7913 332.8105 17.98077 33.529521 0.107915 0 0.107915
350.7913 332.8105 17.98077 33.529521 0.107915 0 0.107915
350.7913 332.8105 17.98077 33.529521 0.107915 0 0.107915
350.7913 332.8105 17.98077 33.529521 0.107915 0 0.107915
350.7913 332.8105 17.98077 33.529521 0.107915 0 0.107915
350.7913 332.8105 17.98077 33.529521 0.107915 0 0.107915
350.7913 332.8105 17.98077 33.529521 0.107915 0 0.107915
350.7913 332.8105 17.98077 33.529521 0.107915 0 0.107915
112.4781 91.62195 20.85618 119.6261309 0.07347122 0 0.07347122
112.4781 91.62195 20.85618 119.6261309 0.07347122 0 0.07347122
112.4781 91.62195 20.85618 119.6261309 0.07347122 0 0.07347122
112.4781 91.62195 20.85618 119.6261309 0.07347122 0 0.07347122
112.4781 91.62195 20.85618 119.6261309 0.07347122 0 0.07347122
112.4781 91.62195 20.85618 119.6261309 0.07347122 0 0.07347122
112.4781 91.62195 20.85618 119.6261309 0.07347122 0 0.07347122
112.4781 91.62195 20.85618 119.6261309 0.07347122 0 0.07347122
112.4781 91.62195 20.85618 119.6261309 0.07347122 0 0.07347122
112.4781 91.62195 20.85618 119.6261309 0.07347122 0 0.07347122
112.4781 91.62195 20.85618 119.6261309 0.07347122 0 0.07347122
112.4781 91.62195 20.85618 119.6261309 0.07347122 0 0.07347122
112.4781 91.62195 20.85618 119.6261309 0.07347122 0 0.07347122
112.4781 91.62195 20.85618 119.6261309 0.07347122 0 0.07347122
112.4781 91.62195 20.85618 119.6261309 0.07347122 0 0.07347122
112.4781 91.62195 20.85618 119.6261309 0.07347122 0 0.07347122
112.4781 91.62195 20.85618 119.6261309 0.07347122 0 0.07347122
112.4781 91.62195 20.85618 119.6261309 0.07347122 0 0.07347122
112.4781 91.62195 20.85618 119.6261309 0.07347122 0 0.07347122
112.4781 91.62195 20.85618 119.6261309 0.07347122 0 0.07347122
112.4781 91.62195 20.85618 119.6261309 0.07347122 0 0.07347122
112.4781 91.62195 20.85618 119.6261309 0.07347122 0 0.07347122
112.4781 91.62195 20.85618 119.6261309 0.07347122 0 0.07347122
112.4781 91.62195 20.85618 119.6261309 0.07347122 0 0.07347122
112.4781 91.62195 20.85618 119.6261309 0.07347122 0 0.07347122
112.4781 91.62195 20.85618 119.6261309 0.07347122 0 0.07347122
112.4781 91.62195 20.85618 119.6261309 0.07347122 0 0.07347122
323.0291 320.7933 2.235817 1281.7946196 0 0 0
323.0291 320.7933 2.235817 1281.7946196 0 0 0
323.0291 320.7933 2.235817 1281.7946196 0 0 0
323.0291 320.7933 2.235817 1281.7946196 0 0 0
323.0291 320.7933 2.235817 1281.7946196 0 0 0
323.0291 320.7933 2.235817 1281.7946196 0 0 0
323.0291 320.7933 2.235817 1281.7946196 0 0 0
323.0291 320.7933 2.235817 1281.7946196 0 0 0
323.0291 320.7933 2.235817 1281.7946196 0 0 0
323.0291 320.7933 2.235817 1281.7946196 0 0 0
323.0291 320.7933 2.235817 1281.7946196 0 0 0
323.0291 320.7933 2.235817 1281.7946196 0 0 0
323.0291 320.7933 2.235817 1281.7946196 0 0 0
323.0291 320.7933 2.235817 1281.7946196 0 0 0
323.0291 320.7933 2.235817 1281.7946196 0 0 0
323.0291 320.7933 2.235817 1281.7946196 0 0 0
323.0291 320.7933 2.235817 1281.7946196 0 0 0
323.0291 320.7933 2.235817 1281.7946196 0 0 0
323.0291 320.7933 2.235817 1281.7946196 0 0 0
323.0291 320.7933 2.235817 1281.7946196 0 0 0
323.0291 320.7933 2.235817 1281.7946196 0 0 0
323.0291 320.7933 2.235817 1281.7946196 0 0 0
323.0291 320.7933 2.235817 1281.7946196 0 0 0
323.0291 320.7933 2.235817 1281.7946196 0 0 0
323.0291 320.7933 2.235817 1281.7946196 0 0 0
323.0291 320.7933 2.235817 1281.7946196 0 0 0
323.0291 320.7933 2.235817 1281.7946196 0 0 0
323.0291 320.7933 2.235817 1281.7946196 0 0 0
323.0291 320.7933 2.235817 1281.7946196 0 0 0
323.0291 320.7933 2.235817 1281.7946196 0 0 0
323.0291 320.7933 2.235817 1281.7946196 0 0 0
323.0291 320.7933 2.235817 1281.7946196 0 0 0
323.0291 320.7933 2.235817 1281.7946196 0 0 0
323.0291 320.7933 2.235817 1281.7946196 0 0 0
363.6228 340.1329 23.48981 217.6971249 0 0 0
363.6228 340.1329 23.48981 217.6971249 0 0 0
363.6228 340.1329 23.48981 217.6971249 0 0 0
363.6228 340.1329 23.48981 217.6971249 0 0 0
363.6228 340.1329 23.48981 217.6971249 0 0 0
363.6228 340.1329 23.48981 217.6971249 0 0 0
363.6228 340.1329 23.48981 217.6971249 0 0 0
363.6228 340.1329 23.48981 217.6971249 0 0 0
363.6228 340.1329 23.48981 217.6971249 0 0 0
363.6228 340.1329 23.48981 217.6971249 0 0 0
363.6228 340.1329 23.48981 217.6971249 0 0 0
363.6228 340.1329 23.48981 217.6971249 0 0 0
363.6228 340.1329 23.48981 217.6971249 0 0 0
363.6228 340.1329 23.48981 217.6971249 0 0 0
363.6228 340.1329 23.48981 217.6971249 0 0 0
363.6228 340.1329 23.48981 217.6971249 0 0 0
363.6228 340.1329 23.48981 217.6971249 0 0 0
363.6228 340.1329 23.48981 217.6971249 0 0 0
70.50827 68.80881 1.699454 -6.8996626 0 0 0
70.50827 68.80881 1.699454 -6.8996626 0 0 0
70.50827 68.80881 1.699454 -6.8996626 0 0 0
70.50827 68.80881 1.699454 -6.8996626 0 0 0
70.50827 68.80881 1.699454 -6.8996626 0 0 0
70.50827 68.80881 1.699454 -6.8996626 0 0 0
70.50827 68.80881 1.699454 -6.8996626 0 0 0
70.50827 68.80881 1.699454 -6.8996626 0 0 0
70.50827 68.80881 1.699454 -6.8996626 0 0 0
70.50827 68.80881 1.699454 -6.8996626 0 0 0
244.0996 201.0294 43.07025 135.1058973 0 0 0
244.0996 201.0294 43.07025 135.1058973 0 0 0
244.0996 201.0294 43.07025 135.1058973 0 0 0
244.0996 201.0294 43.07025 135.1058973 0 0 0
244.0996 201.0294 43.07025 135.1058973 0 0 0
244.0996 201.0294 43.07025 135.1058973 0 0 0
244.0996 201.0294 43.07025 135.1058973 0 0 0
244.0996 201.0294 43.07025 135.1058973 0 0 0
244.0996 201.0294 43.07025 135.1058973 0 0 0
244.0996 201.0294 43.07025 135.1058973 0 0 0
244.0996 201.0294 43.07025 135.1058973 0 0 0
244.0996 201.0294 43.07025 135.1058973 0 0 0
244.0996 201.0294 43.07025 135.1058973 0 0 0
244.0996 201.0294 43.07025 135.1058973 0 0 0
244.0996 201.0294 43.07025 135.1058973 0 0 0
244.0996 201.0294 43.07025 135.1058973 0 0 0
244.0996 201.0294 43.07025 135.1058973 0 0 0
244.0996 201.0294 43.07025 135.1058973 0 0 0
244.0996 201.0294 43.07025 135.1058973 0 0 0
244.0996 201.0294 43.07025 135.1058973 0 0 0
244.0996 201.0294 43.07025 135.1058973 0 0 0
244.0996 201.0294 43.07025 135.1058973 0 0 0
244.0996 201.0294 43.07025 135.1058973 0 0 0
244.0996 201.0294 43.07025 135.1058973 0 0 0
262.5729 155.8575 106.7154 502.3337806 0 0 0
262.5729 155.8575 106.7154 502.3337806 0 0 0
262.5729 155.8575 106.7154 502.3337806 0 0 0
262.5729 155.8575 106.7154 502.3337806 0 0 0
262.5729 155.8575 106.7154 502.3337806 0 0 0
262.5729 155.8575 106.7154 502.3337806 0 0 0
262.5729 155.8575 106.7154 502.3337806 0 0 0
262.5729 155.8575 106.7154 502.3337806 0 0 0
262.5729 155.8575 106.7154 502.3337806 0 0 0
262.5729 155.8575 106.7154 502.3337806 0 0 0
262.5729 155.8575 106.7154 502.3337806 0 0 0
729.2499 726.0976 3.152293 88.3292379 0 0 0
729.2499 726.0976 3.152293 88.3292379 0 0 0
729.2499 726.0976 3.152293 88.3292379 0 0 0
729.2499 726.0976 3.152293 88.3292379 0 0 0
729.2499 726.0976 3.152293 88.3292379 0 0 0
729.2499 726.0976 3.152293 88.3292379 0 0 0
729.2499 726.0976 3.152293 88.3292379 0 0 0
729.2499 726.0976 3.152293 88.3292379 0 0 0
729.2499 726.0976 3.152293 88.3292379 0 0 0
729.2499 726.0976 3.152293 88.3292379 0 0 0
729.2499 726.0976 3.152293 88.3292379 0 0 0
729.2499 726.0976 3.152293 88.3292379 0 0 0
729.2499 726.0976 3.152293 88.3292379 0 0 0
729.2499 726.0976 3.152293 88.3292379 0 0 0
729.2499 726.0976 3.152293 88.3292379 0 0 0
729.2499 726.0976 3.152293 88.3292379 0 0 0
729.2499 726.0976 3.152293 88.3292379 0 0 0
729.2499 726.0976 3.152293 88.3292379 0 0 0
729.2499 726.0976 3.152293 88.3292379 0 0 0
729.2499 726.0976 3.152293 88.3292379 0 0 0
729.2499 726.0976 3.152293 88.3292379 0 0 0
729.2499 726.0976 3.152293 88.3292379 0 0 0
729.2499 726.0976 3.152293 88.3292379 0 0 0
729.2499 726.0976 3.152293 88.3292379 0 0 0
729.2499 726.0976 3.152293 88.3292379 0 0 0
353.6259 147.9441 205.6817 828.4760466 0.00141112 0 0.00141112
353.6259 147.9441 205.6817 828.4760466 0.00141112 0 0.00141112
353.6259 147.9441 205.6817 828.4760466 0.00141112 0 0.00141112
353.6259 147.9441 205.6817 828.4760466 0.00141112 0 0.00141112
353.6259 147.9441 205.6817 828.4760466 0.00141112 0 0.00141112
353.6259 147.9441 205.6817 828.4760466 0.00141112 0 0.00141112
353.6259 147.9441 205.6817 828.4760466 0.00141112 0 0.00141112
353.6259 147.9441 205.6817 828.4760466 0.00141112 0 0.00141112
353.6259 147.9441 205.6817 828.4760466 0.00141112 0 0.00141112
353.6259 147.9441 205.6817 828.4760466 0.00141112 0 0.00141112
353.6259 147.9441 205.6817 828.4760466 0.00141112 0 0.00141112
353.6259 147.9441 205.6817 828.4760466 0.00141112 0 0.00141112
353.6259 147.9441 205.6817 828.4760466 0.00141112 0 0.00141112
353.6259 147.9441 205.6817 828.4760466 0.00141112 0 0.00141112
353.6259 147.9441 205.6817 828.4760466 0.00141112 0 0.00141112
353.6259 147.9441 205.6817 828.4760466 0.00141112 0 0.00141112
353.6259 147.9441 205.6817 828.4760466 0.00141112 0 0.00141112
307.5164 111.2587 196.2577 833.7558694 0.0007984712 0 0.0007984712
307.5164 111.2587 196.2577 833.7558694 0.0007984712 0 0.0007984712
307.5164 111.2587 196.2577 833.7558694 0.0007984712 0 0.0007984712
307.5164 111.2587 196.2577 833.7558694 0.0007984712 0 0.0007984712
307.5164 111.2587 196.2577 833.7558694 0.0007984712 0 0.0007984712
307.5164 111.2587 196.2577 833.7558694 0.0007984712 0 0.0007984712
307.5164 111.2587 196.2577 833.7558694 0.0007984712 0 0.0007984712
307.5164 111.2587 196.2577 833.7558694 0.0007984712 0 0.0007984712
307.5164 111.2587 196.2577 833.7558694 0.0007984712 0 0.0007984712
307.5164 111.2587 196.2577 833.7558694 0.0007984712 0 0.0007984712
307.5164 111.2587 196.2577 833.7558694 0.0007984712 0 0.0007984712
307.5164 111.2587 196.2577 833.7558694 0.0007984712 0 0.0007984712
307.5164 111.2587 196.2577 833.7558694 0.0007984712 0 0.0007984712
307.5164 111.2587 196.2577 833.7558694 0.0007984712 0 0.0007984712
307.5164 111.2587 196.2577 833.7558694 0.0007984712 0 0.0007984712
307.5164 111.2587 196.2577 833.7558694 0.0007984712 0 0.0007984712
307.5164 111.2587 196.2577 833.7558694 0.0007984712 0 0.0007984712
307.5164 111.2587 196.2577 833.7558694 0.0007984712 0 0.0007984712
307.5164 111.2587 196.2577 833.7558694 0.0007984712 0 0.0007984712
307.5164 111.2587 196.2577 833.7558694 0.0007984712 0 0.0007984712
307.5164 111.2587 196.2577 833.7558694 0.0007984712 0 0.0007984712
307.5164 111.2587 196.2577 833.7558694 0.0007984712 0 0.0007984712
307.5164 111.2587 196.2577 833.7558694 0.0007984712 0 0.0007984712
307.5164 111.2587 196.2577 833.7558694 0.0007984712 0 0.0007984712
307.5164 111.2587 196.2577 833.7558694 0.0007984712 0 0.0007984712
307.5164 111.2587 196.2577 833.7558694 0.0007984712 0 0.0007984712
307.5164 111.2587 196.2577 833.7558694 0.0007984712 0 0.0007984712
745.1454 738.6068 6.5386 804.4035527 0.004231047 0 0.004231047
745.1454 738.6068 6.5386 804.4035527 0.004231047 0 0.004231047
745.1454 738.6068 6.5386 804.4035527 0.004231047 0 0.004231047
745.1454 738.6068 6.5386 804.4035527 0.004231047 0 0.004231047
745.1454 738.6068 6.5386 804.4035527 0.004231047 0 0.004231047
745.1454 738.6068 6.5386 804.4035527 0.004231047 0 0.004231047
745.1454 738.6068 6.5386 804.4035527 0.004231047 0 0.004231047
745.1454 738.6068 6.5386 804.4035527 0.004231047 0 0.004231047
745.1454 738.6068 6.5386 804.4035527 0.004231047 0 0.004231047
745.1454 738.6068 6.5386 804.4035527 0.004231047 0 0.004231047
745.1454 738.6068 6.5386 804.4035527 0.004231047 0 0.004231047
745.1454 738.6068 6.5386 804.4035527 0.004231047 0 0.004231047
745.1454 738.6068 6.5386 804.4035527 0.004231047 0 0.004231047
745.1454 738.6068 6.5386 804.4035527 0.004231047 0 0.004231047
745.1454 738.6068 6.5386 804.4035527 0.004231047 0 0.004231047
745.1454 738.6068 6.5386 804.4035527 0.004231047 0 0.004231047
745.1454 738.6068 6.5386 804.4035527 0.004231047 0 0.004231047
745.1454 738.6068 6.5386 804.4035527 0.004231047 0 0.004231047
745.1454 738.6068 6.5386 804.4035527 0.004231047 0 0.004231047
745.1454 738.6068 6.5386 804.4035527 0.004231047 0 0.004231047
745.1454 738.6068 6.5386 804.4035527 0.004231047 0 0.004231047
745.1454 738.6068 6.5386 804.4035527 0.004231047 0 0.004231047
745.1454 738.6068 6.5386 804.4035527 0.004231047 0 0.004231047
745.1454 738.6068 6.5386 804.4035527 0.004231047 0 0.004231047
745.1454 738.6068 6.5386 804.4035527 0.004231047 0 0.004231047
189.1492 170.7909 18.35833 106.2294402 0.5874591 0 0.5874591
189.1492 170.7909 18.35833 106.2294402 0.5874591 0 0.5874591
189.1492 170.7909 18.35833 106.2294402 0.5874591 0 0.5874591
189.1492 170.7909 18.35833 106.2294402 0.5874591 0 0.5874591
189.1492 170.7909 18.35833 106.2294402 0.5874591 0 0.5874591
189.1492 170.7909 18.35833 106.2294402 0.5874591 0 0.5874591
189.1492 170.7909 18.35833 106.2294402 0.5874591 0 0.5874591
189.1492 170.7909 18.35833 106.2294402 0.5874591 0 0.5874591
189.1492 170.7909 18.35833 106.2294402 0.5874591 0 0.5874591
189.1492 170.7909 18.35833 106.2294402 0.5874591 0 0.5874591
189.1492 170.7909 18.35833 106.2294402 0.5874591 0 0.5874591
189.1492 170.7909 18.35833 106.2294402 0.5874591 0 0.5874591
189.1492 170.7909 18.35833 106.2294402 0.5874591 0 0.5874591
189.1492 170.7909 18.35833 106.2294402 0.5874591 0 0.5874591
189.1492 170.7909 18.35833 106.2294402 0.5874591 0 0.5874591
189.1492 170.7909 18.35833 106.2294402 0.5874591 0 0.5874591
189.1492 170.7909 18.35833 106.2294402 0.5874591 0 0.5874591
189.1492 170.7909 18.35833 106.2294402 0.5874591 0 0.5874591
189.1492 170.7909 18.35833 106.2294402 0.5874591 0 0.5874591
189.1492 170.7909 18.35833 106.2294402 0.5874591 0 0.5874591
189.1492 170.7909 18.35833 106.2294402 0.5874591 0 0.5874591
189.1492 170.7909 18.35833 106.2294402 0.5874591 0 0.5874591
189.1492 170.7909 18.35833 106.2294402 0.5874591 0 0.5874591
189.1492 170.7909 18.35833 106.2294402 0.5874591 0 0.5874591
189.1492 170.7909 18.35833 106.2294402 0.5874591 0 0.5874591
189.1492 170.7909 18.35833 106.2294402 0.5874591 0 0.5874591
189.1492 170.7909 18.35833 106.2294402 0.5874591 0 0.5874591
189.1492 170.7909 18.35833 106.2294402 0.5874591 0 0.5874591
189.1492 170.7909 18.35833 106.2294402 0.5874591 0 0.5874591
189.1492 170.7909 18.35833 106.2294402 0.5874591 0 0.5874591
179.1481 175.4164 3.731792 3821.4082332 0 0 0
179.1481 175.4164 3.731792 3821.4082332 0 0 0
179.1481 175.4164 3.731792 3821.4082332 0 0 0
179.1481 175.4164 3.731792 3821.4082332 0 0 0
179.1481 175.4164 3.731792 3821.4082332 0 0 0
179.1481 175.4164 3.731792 3821.4082332 0 0 0
179.1481 175.4164 3.731792 3821.4082332 0 0 0
179.1481 175.4164 3.731792 3821.4082332 0 0 0
179.1481 175.4164 3.731792 3821.4082332 0 0 0
179.1481 175.4164 3.731792 3821.4082332 0 0 0
179.1481 175.4164 3.731792 3821.4082332 0 0 0
179.1481 175.4164 3.731792 3821.4082332 0 0 0
179.1481 175.4164 3.731792 3821.4082332 0 0 0
179.1481 175.4164 3.731792 3821.4082332 0 0 0
179.1481 175.4164 3.731792 3821.4082332 0 0 0
179.1481 175.4164 3.731792 3821.4082332 0 0 0
179.1481 175.4164 3.731792 3821.4082332 0 0 0
179.1481 175.4164 3.731792 3821.4082332 0 0 0
179.1481 175.4164 3.731792 3821.4082332 0 0 0
179.1481 175.4164 3.731792 3821.4082332 0 0 0
591.5536 583.8904 7.6632 185.499689 0 0 0
591.5536 583.8904 7.6632 185.499689 0 0 0
591.5536 583.8904 7.6632 185.499689 0 0 0
591.5536 583.8904 7.6632 185.499689 0 0 0
591.5536 583.8904 7.6632 185.499689 0 0 0
591.5536 583.8904 7.6632 185.499689 0 0 0
591.5536 583.8904 7.6632 185.499689 0 0 0
591.5536 583.8904 7.6632 185.499689 0 0 0
591.5536 583.8904 7.6632 185.499689 0 0 0
591.5536 583.8904 7.6632 185.499689 0 0 0
591.5536 583.8904 7.6632 185.499689 0 0 0
591.5536 583.8904 7.6632 185.499689 0 0 0
591.5536 583.8904 7.6632 185.499689 0 0 0
591.5536 583.8904 7.6632 185.499689 0 0 0
591.5536 583.8904 7.6632 185.499689 0 0 0
591.5536 583.8904 7.6632 185.499689 0 0 0
255.4005 234.3969 21.0036 246.5218678 0.002565053 0 0.002565053
255.4005 234.3969 21.0036 246.5218678 0.002565053 0 0.002565053
255.4005 234.3969 21.0036 246.5218678 0.002565053 0 0.002565053
255.4005 234.3969 21.0036 246.5218678 0.002565053 0 0.002565053
255.4005 234.3969 21.0036 246.5218678 0.002565053 0 0.002565053
255.4005 234.3969 21.0036 246.5218678 0.002565053 0 0.002565053
255.4005 234.3969 21.0036 246.5218678 0.002565053 0 0.002565053
255.4005 234.3969 21.0036 246.5218678 0.002565053 0 0.002565053
255.4005 234.3969 21.0036 246.5218678 0.002565053 0 0.002565053
255.4005 234.3969 21.0036 246.5218678 0.002565053 0 0.002565053
255.4005 234.3969 21.0036 246.5218678 0.002565053 0 0.002565053
255.4005 234.3969 21.0036 246.5218678 0.002565053 0 0.002565053
255.4005 234.3969 21.0036 246.5218678 0.002565053 0 0.002565053
255.4005 234.3969 21.0036 246.5218678 0.002565053 0 0.002565053
255.4005 234.3969 21.0036 246.5218678 0.002565053 0 0.002565053
255.4005 234.3969 21.0036 246.5218678 0.002565053 0 0.002565053
255.4005 234.3969 21.0036 246.5218678 0.002565053 0 0.002565053
255.4005 234.3969 21.0036 246.5218678 0.002565053 0 0.002565053
255.4005 234.3969 21.0036 246.5218678 0.002565053 0 0.002565053
255.4005 234.3969 21.0036 246.5218678 0.002565053 0 0.002565053
255.4005 234.3969 21.0036 246.5218678 0.002565053 0 0.002565053
255.4005 234.3969 21.0036 246.5218678 0.002565053 0 0.002565053
255.4005 234.3969 21.0036 246.5218678 0.002565053 0 0.002565053
255.4005 234.3969 21.0036 246.5218678 0.002565053 0 0.002565053
255.4005 234.3969 21.0036 246.5218678 0.002565053 0 0.002565053
255.4005 234.3969 21.0036 246.5218678 0.002565053 0 0.002565053
255.4005 234.3969 21.0036 246.5218678 0.002565053 0 0.002565053
234.6216 218.5655 16.05613 2969.6334798 0 0 0
234.6216 218.5655 16.05613 2969.6334798 0 0 0
234.6216 218.5655 16.05613 2969.6334798 0 0 0
234.6216 218.5655 16.05613 2969.6334798 0 0 0
234.6216 218.5655 16.05613 2969.6334798 0 0 0
234.6216 218.5655 16.05613 2969.6334798 0 0 0
234.6216 218.5655 16.05613 2969.6334798 0 0 0
234.6216 218.5655 16.05613 2969.6334798 0 0 0
234.6216 218.5655 16.05613 2969.6334798 0 0 0
234.6216 218.5655 16.05613 2969.6334798 0 0 0
234.6216 218.5655 16.05613 2969.6334798 0 0 0
234.6216 218.5655 16.05613 2969.6334798 0 0 0
234.6216 218.5655 16.05613 2969.6334798 0 0 0
234.6216 218.5655 16.05613 2969.6334798 0 0 0
234.6216 218.5655 16.05613 2969.6334798 0 0 0
234.6216 218.5655 16.05613 2969.6334798 0 0 0
234.6216 218.5655 16.05613 2969.6334798 0 0 0
234.6216 218.5655 16.05613 2969.6334798 0 0 0
234.6216 218.5655 16.05613 2969.6334798 0 0 0
234.6216 218.5655 16.05613 2969.6334798 0 0 0
234.6216 218.5655 16.05613 2969.6334798 0 0 0
240.2477 235.0285 5.219214 2528.2974205 0 0 0
240.2477 235.0285 5.219214 2528.2974205 0 0 0
240.2477 235.0285 5.219214 2528.2974205 0 0 0
240.2477 235.0285 5.219214 2528.2974205 0 0 0
240.2477 235.0285 5.219214 2528.2974205 0 0 0
240.2477 235.0285 5.219214 2528.2974205 0 0 0
240.2477 235.0285 5.219214 2528.2974205 0 0 0
240.2477 235.0285 5.219214 2528.2974205 0 0 0
240.2477 235.0285 5.219214 2528.2974205 0 0 0
240.2477 235.0285 5.219214 2528.2974205 0 0 0
205.6817 0 205.6817 3837.3187553 0 0 0
205.6817 0 205.6817 3837.3187553 0 0 0
205.6817 0 205.6817 3837.3187553 0 0 0
205.6817 0 205.6817 3837.3187553 0 0 0
205.6817 0 205.6817 3837.3187553 0 0 0
205.6817 0 205.6817 3837.3187553 0 0 0
205.6817 0 205.6817 3837.3187553 0 0 0
205.6817 0 205.6817 3837.3187553 0 0 0
205.6817 0 205.6817 3837.3187553 0 0 0
32.98688 31.18359 1.80329 -6.0312508 0 0 0
32.98688 31.18359 1.80329 -6.0312508 0 0 0
37.87985 19.80684 18.073 93.5481871 0 0 0
37.87985 19.80684 18.073 93.5481871 0 0 0
37.87985 19.80684 18.073 93.5481871 0 0 0
37.87985 19.80684 18.073 93.5481871 0 0 0
37.87985 19.80684 18.073 93.5481871 0 0 0
37.87985 19.80684 18.073 93.5481871 0 0 0
37.87985 19.80684 18.073 93.5481871 0 0 0
37.87985 19.80684 18.073 93.5481871 0 0 0
37.87985 19.80684 18.073 93.5481871 0 0 0
37.87985 19.80684 18.073 93.5481871 0 0 0
37.87985 19.80684 18.073 93.5481871 0 0 0
37.87985 19.80684 18.073 93.5481871 0 0 0
37.87985 19.80684 18.073 93.5481871 0 0 0
59.03893 46.1137 12.92523 47.9995308 0 0 0
59.03893 46.1137 12.92523 47.9995308 0 0 0
59.03893 46.1137 12.92523 47.9995308 0 0 0
59.03893 46.1137 12.92523 47.9995308 0 0 0
59.03893 46.1137 12.92523 47.9995308 0 0 0
59.03893 46.1137 12.92523 47.9995308 0 0 0
63.44332 61.16448 2.278839 -95.0637407 0 0 0
63.44332 61.16448 2.278839 -95.0637407 0 0 0
63.44332 61.16448 2.278839 -95.0637407 0 0 0
63.44332 61.16448 2.278839 -95.0637407 0 0 0
63.44332 61.16448 2.278839 -95.0637407 0 0 0
63.44332 61.16448 2.278839 -95.0637407 0 0 0
63.44332 61.16448 2.278839 -95.0637407 0 0 0
63.44332 61.16448 2.278839 -95.0637407 0 0 0
63.44332 61.16448 2.278839 -95.0637407 0 0 0
63.44332 61.16448 2.278839 -95.0637407 0 0 0
63.44332 61.16448 2.278839 -95.0637407 0 0 0
63.44332 61.16448 2.278839 -95.0637407 0 0 0
63.44332 61.16448 2.278839 -95.0637407 0 0 0
63.44332 61.16448 2.278839 -95.0637407 0 0 0
63.44332 61.16448 2.278839 -95.0637407 0 0 0
63.44332 61.16448 2.278839 -95.0637407 0 0 0
63.44332 61.16448 2.278839 -95.0637407 0 0 0
63.44332 61.16448 2.278839 -95.0637407 0 0 0
63.44332 61.16448 2.278839 -95.0637407 0 0 0
63.44332 61.16448 2.278839 -95.0637407 0 0 0
63.44332 61.16448 2.278839 -95.0637407 0 0 0
77.52524 72.8686 4.656647 -81.2512212 0 0 0
77.52524 72.8686 4.656647 -81.2512212 0 0 0
77.52524 72.8686 4.656647 -81.2512212 0 0 0
77.52524 72.8686 4.656647 -81.2512212 0 0 0
77.52524 72.8686 4.656647 -81.2512212 0 0 0
77.52524 72.8686 4.656647 -81.2512212 0 0 0
77.52524 72.8686 4.656647 -81.2512212 0 0 0
77.52524 72.8686 4.656647 -81.2512212 0 0 0
21.58701 20.45891 1.128104 -11.7443643 0 0 0
21.58701 20.45891 1.128104 -11.7443643 0 0 0
21.58701 20.45891 1.128104 -11.7443643 0 0 0
21.58701 20.45891 1.128104 -11.7443643 0 0 0
21.58701 20.45891 1.128104 -11.7443643 0 0 0
21.58701 20.45891 1.128104 -11.7443643 0 0 0
21.58701 20.45891 1.128104 -11.7443643 0 0 0
21.58701 20.45891 1.128104 -11.7443643 0 0 0
21.58701 20.45891 1.128104 -11.7443643 0 0 0
21.58701 20.45891 1.128104 -11.7443643 0 0 0
37.57606 35.93756 1.638495 -36.3501532 0 0 0
37.57606 35.93756 1.638495 -36.3501532 0 0 0
37.57606 35.93756 1.638495 -36.3501532 0 0 0
37.57606 35.93756 1.638495 -36.3501532 0 0 0
331.179 326.2777 4.901249 -271.0946927 0 0 0
138.0709 132.7652 5.305655 -207.0619399 0 0 0
138.0709 132.7652 5.305655 -207.0619399 0 0 0
138.0709 132.7652 5.305655 -207.0619399 0 0 0
138.0709 132.7652 5.305655 -207.0619399 0 0 0
138.0709 132.7652 5.305655 -207.0619399 0 0 0
138.0709 132.7652 5.305655 -207.0619399 0 0 0
92.08087 81.45013 10.63074 -25.0930398 0 0 0
92.08087 81.45013 10.63074 -25.0930398 0 0 0
186.7903 141.3394 45.45088 235.2270915 0 0 0
186.7903 141.3394 45.45088 235.2270915 0 0 0
291.7706 283.1531 8.617459 -13.729416 0 0 0
45.56238 42.99749 2.564883 -85.8524654 0 0 0
45.56238 42.99749 2.564883 -85.8524654 0 0 0
45.56238 42.99749 2.564883 -85.8524654 0 0 0
45.56238 42.99749 2.564883 -85.8524654 0 0 0
45.56238 42.99749 2.564883 -85.8524654 0 0 0
45.56238 42.99749 2.564883 -85.8524654 0 0 0
45.56238 42.99749 2.564883 -85.8524654 0 0 0
45.56238 42.99749 2.564883 -85.8524654 0 0 0
45.56238 42.99749 2.564883 -85.8524654 0 0 0
45.56238 42.99749 2.564883 -85.8524654 0 0 0
45.56238 42.99749 2.564883 -85.8524654 0 0 0
45.56238 42.99749 2.564883 -85.8524654 0 0 0
45.56238 42.99749 2.564883 -85.8524654 0 0 0
45.56238 42.99749 2.564883 -85.8524654 0 0 0
45.56238 42.99749 2.564883 -85.8524654 0 0 0
45.56238 42.99749 2.564883 -85.8524654 0 0 0
45.56238 42.99749 2.564883 -85.8524654 0 0 0
45.56238 42.99749 2.564883 -85.8524654 0 0 0
45.56238 42.99749 2.564883 -85.8524654 0 0 0
44.37818 42.32674 2.051441 -91.4546108 0 0 0
75.70241 73.52893 2.173481 20.4661244 0 0 0
75.70241 73.52893 2.173481 20.4661244 0 0 0
75.70241 73.52893 2.173481 20.4661244 0 0 0
75.70241 73.52893 2.173481 20.4661244 0 0 0
103.3095 100.3234 2.986127 -1.2975014 0 0 0
103.3095 100.3234 2.986127 -1.2975014 0 0 0
103.3095 100.3234 2.986127 -1.2975014 0 0 0
103.3095 100.3234 2.986127 -1.2975014 0 0 0
103.3095 100.3234 2.986127 -1.2975014 0 0 0
103.3095 100.3234 2.986127 -1.2975014 0 0 0
103.3095 100.3234 2.986127 -1.2975014 0 0 0
103.3095 100.3234 2.986127 -1.2975014 0 0 0
103.3095 100.3234 2.986127 -1.2975014 0 0 0
103.3095 100.3234 2.986127 -1.2975014 0 0 0
103.3095 100.3234 2.986127 -1.2975014 0 0 0
103.3095 100.3234 2.986127 -1.2975014 0 0 0
103.3095 100.3234 2.986127 -1.2975014 0 0 0
103.3095 100.3234 2.986127 -1.2975014 0 0 0
103.3095 100.3234 2.986127 -1.2975014 0 0 0
103.3095 100.3234 2.986127 -1.2975014 0 0 0
54.35917 49.71105 4.648125 -35.5866488 0 0 0
54.35917 49.71105 4.648125 -35.5866488 0 0 0
54.35917 49.71105 4.648125 -35.5866488 0 0 0
54.35917 49.71105 4.648125 -35.5866488 0 0 0
54.35917 49.71105 4.648125 -35.5866488 0 0 0
54.35917 49.71105 4.648125 -35.5866488 0 0 0
54.35917 49.71105 4.648125 -35.5866488 0 0 0
54.35917 49.71105 4.648125 -35.5866488 0 0 0
54.35917 49.71105 4.648125 -35.5866488 0 0 0
54.35917 49.71105 4.648125 -35.5866488 0 0 0
54.35917 49.71105 4.648125 -35.5866488 0 0 0
146.1324 134.2089 11.92357 -13.9383026 0 0 0
146.1324 134.2089 11.92357 -13.9383026 0 0 0
146.1324 134.2089 11.92357 -13.9383026 0 0 0
146.1324 134.2089 11.92357 -13.9383026 0 0 0
146.1324 134.2089 11.92357 -13.9383026 0 0 0
249.5354 246.7234 2.81201 -54.9797332 0 0 0
251.444 237.9519 13.49212 843.0819077 0 0 0
251.444 237.9519 13.49212 843.0819077 0 0 0
251.444 237.9519 13.49212 843.0819077 0 0 0
251.444 237.9519 13.49212 843.0819077 0 0 0
251.444 237.9519 13.49212 843.0819077 0 0 0
251.444 237.9519 13.49212 843.0819077 0 0 0
90.53889 88.24572 2.293171 -41.883344 0 0 0
90.53889 88.24572 2.293171 -41.883344 0 0 0
90.53889 88.24572 2.293171 -41.883344 0 0 0
90.53889 88.24572 2.293171 -41.883344 0 0 0
90.53889 88.24572 2.293171 -41.883344 0 0 0
90.53889 88.24572 2.293171 -41.883344 0 0 0
90.53889 88.24572 2.293171 -41.883344 0 0 0
90.53889 88.24572 2.293171 -41.883344 0 0 0
90.53889 88.24572 2.293171 -41.883344 0 0 0
90.53889 88.24572 2.293171 -41.883344 0 0 0
90.53889 88.24572 2.293171 -41.883344 0 0 0
90.53889 88.24572 2.293171 -41.883344 0 0 0
90.53889 88.24572 2.293171 -41.883344 0 0 0
90.53889 88.24572 2.293171 -41.883344 0 0 0
90.53889 88.24572 2.293171 -41.883344 0 0 0
90.53889 88.24572 2.293171 -41.883344 0 0 0
90.53889 88.24572 2.293171 -41.883344 0 0 0
300.728 257.9161 42.81187 779.5404813 0 0 0
300.728 257.9161 42.81187 779.5404813 0 0 0
300.728 257.9161 42.81187 779.5404813 0 0 0
300.728 257.9161 42.81187 779.5404813 0 0 0
118.766 100.6261 18.13986 37.4842899 0 0 0
118.766 100.6261 18.13986 37.4842899 0 0 0
118.766 100.6261 18.13986 37.4842899 0 0 0
118.766 100.6261 18.13986 37.4842899 0 0 0
118.766 100.6261 18.13986 37.4842899 0 0 0
118.766 100.6261 18.13986 37.4842899 0 0 0
118.766 100.6261 18.13986 37.4842899 0 0 0
118.766 100.6261 18.13986 37.4842899 0 0 0
118.766 100.6261 18.13986 37.4842899 0 0 0
60.54115 57.96817 2.572983 21.0917053 0 0 0
60.54115 57.96817 2.572983 21.0917053 0 0 0
60.54115 57.96817 2.572983 21.0917053 0 0 0
60.54115 57.96817 2.572983 21.0917053 0 0 0
60.54115 57.96817 2.572983 21.0917053 0 0 0
60.54115 57.96817 2.572983 21.0917053 0 0 0
60.54115 57.96817 2.572983 21.0917053 0 0 0
60.54115 57.96817 2.572983 21.0917053 0 0 0
60.54115 57.96817 2.572983 21.0917053 0 0 0
60.54115 57.96817 2.572983 21.0917053 0 0 0
60.54115 57.96817 2.572983 21.0917053 0 0 0
60.54115 57.96817 2.572983 21.0917053 0 0 0
60.54115 57.96817 2.572983 21.0917053 0 0 0
60.54115 57.96817 2.572983 21.0917053 0 0 0
60.54115 57.96817 2.572983 21.0917053 0 0 0
60.54115 57.96817 2.572983 21.0917053 0 0 0
60.54115 57.96817 2.572983 21.0917053 0 0 0
60.54115 57.96817 2.572983 21.0917053 0 0 0
60.54115 57.96817 2.572983 21.0917053 0 0 0
60.54115 57.96817 2.572983 21.0917053 0 0 0
60.54115 57.96817 2.572983 21.0917053 0 0 0
60.54115 57.96817 2.572983 21.0917053 0 0 0
68.77552 53.67738 15.09813 46.134592 0 0 0
68.77552 53.67738 15.09813 46.134592 0 0 0
68.77552 53.67738 15.09813 46.134592 0 0 0
68.77552 53.67738 15.09813 46.134592 0 0 0
68.77552 53.67738 15.09813 46.134592 0 0 0
68.77552 53.67738 15.09813 46.134592 0 0 0
3.812193 3.399008 0.4131849 3.1809942 0 0 0
3.812193 3.399008 0.4131849 3.1809942 0 0 0
3.812193 3.399008 0.4131849 3.1809942 0 0 0
3.812193 3.399008 0.4131849 3.1809942 0 0 0
3.812193 3.399008 0.4131849 3.1809942 0 0 0
3.812193 3.399008 0.4131849 3.1809942 0 0 0
3.812193 3.399008 0.4131849 3.1809942 0 0 0
3.812193 3.399008 0.4131849 3.1809942 0 0 0
3.812193 3.399008 0.4131849 3.1809942 0 0 0
3.812193 3.399008 0.4131849 3.1809942 0 0 0
3.812193 3.399008 0.4131849 3.1809942 0 0 0
3.812193 3.399008 0.4131849 3.1809942 0 0 0
3.812193 3.399008 0.4131849 3.1809942 0 0 0
41.73394 30.71724 11.0167 37.8378731 0 0 0
80.21898 71.76238 8.456603 22.4907993 0.007424977 0 0.007424977
80.21898 71.76238 8.456603 22.4907993 0.007424977 0 0.007424977
80.21898 71.76238 8.456603 22.4907993 0.007424977 0 0.007424977
80.21898 71.76238 8.456603 22.4907993 0.007424977 0 0.007424977
80.21898 71.76238 8.456603 22.4907993 0.007424977 0 0.007424977
80.21898 71.76238 8.456603 22.4907993 0.007424977 0 0.007424977
80.21898 71.76238 8.456603 22.4907993 0.007424977 0 0.007424977
80.21898 71.76238 8.456603 22.4907993 0.007424977 0 0.007424977
80.21898 71.76238 8.456603 22.4907993 0.007424977 0 0.007424977
80.21898 71.76238 8.456603 22.4907993 0.007424977 0 0.007424977
80.21898 71.76238 8.456603 22.4907993 0.007424977 0 0.007424977
80.21898 71.76238 8.456603 22.4907993 0.007424977 0 0.007424977
80.21898 71.76238 8.456603 22.4907993 0.007424977 0 0.007424977
80.21898 71.76238 8.456603 22.4907993 0.007424977 0 0.007424977
80.21898 71.76238 8.456603 22.4907993 0.007424977 0 0.007424977
80.21898 71.76238 8.456603 22.4907993 0.007424977 0 0.007424977
80.21898 71.76238 8.456603 22.4907993 0.007424977 0 0.007424977
80.21898 71.76238 8.456603 22.4907993 0.007424977 0 0.007424977
80.21898 71.76238 8.456603 22.4907993 0.007424977 0 0.007424977
80.21898 71.76238 8.456603 22.4907993 0.007424977 0 0.007424977
80.21898 71.76238 8.456603 22.4907993 0.007424977 0 0.007424977
300.031 235.5975 64.43353 174.0915003 0.8541741 0 0.8541741
300.031 235.5975 64.43353 174.0915003 0.8541741 0 0.8541741
300.031 235.5975 64.43353 174.0915003 0.8541741 0 0.8541741
300.031 235.5975 64.43353 174.0915003 0.8541741 0 0.8541741
300.031 235.5975 64.43353 174.0915003 0.8541741 0 0.8541741
300.031 235.5975 64.43353 174.0915003 0.8541741 0 0.8541741
14.77097 11.05145 3.719526 3.2083258 0 0 0
14.77097 11.05145 3.719526 3.2083258 0 0 0
14.77097 11.05145 3.719526 3.2083258 0 0 0
14.77097 11.05145 3.719526 3.2083258 0 0 0
14.77097 11.05145 3.719526 3.2083258 0 0 0
14.77097 11.05145 3.719526 3.2083258 0 0 0
14.77097 11.05145 3.719526 3.2083258 0 0 0
14.77097 11.05145 3.719526 3.2083258 0 0 0
14.77097 11.05145 3.719526 3.2083258 0 0 0
14.77097 11.05145 3.719526 3.2083258 0 0 0
14.77097 11.05145 3.719526 3.2083258 0 0 0
14.77097 11.05145 3.719526 3.2083258 0 0 0
14.77097 11.05145 3.719526 3.2083258 0 0 0
38.29333 36.3507 1.942629 30.3023028 0.3189377 0 0.3189377
38.29333 36.3507 1.942629 30.3023028 0.3189377 0 0.3189377
38.29333 36.3507 1.942629 30.3023028 0.3189377 0 0.3189377
38.29333 36.3507 1.942629 30.3023028 0.3189377 0 0.3189377
38.29333 36.3507 1.942629 30.3023028 0.3189377 0 0.3189377
38.29333 36.3507 1.942629 30.3023028 0.3189377 0 0.3189377
38.29333 36.3507 1.942629 30.3023028 0.3189377 0 0.3189377
38.29333 36.3507 1.942629 30.3023028 0.3189377 0 0.3189377
38.29333 36.3507 1.942629 30.3023028 0.3189377 0 0.3189377
38.29333 36.3507 1.942629 30.3023028 0.3189377 0 0.3189377
38.29333 36.3507 1.942629 30.3023028 0.3189377 0 0.3189377
38.29333 36.3507 1.942629 30.3023028 0.3189377 0 0.3189377
38.29333 36.3507 1.942629 30.3023028 0.3189377 0 0.3189377
38.29333 36.3507 1.942629 30.3023028 0.3189377 0 0.3189377
38.29333 36.3507 1.942629 30.3023028 0.3189377 0 0.3189377
38.29333 36.3507 1.942629 30.3023028 0.3189377 0 0.3189377
38.29333 36.3507 1.942629 30.3023028 0.3189377 0 0.3189377
38.29333 36.3507 1.942629 30.3023028 0.3189377 0 0.3189377
176.1615 167.6827 8.478791 290.2740824 0.01387771 0 0.01387771
176.1615 167.6827 8.478791 290.2740824 0.01387771 0 0.01387771
176.1615 167.6827 8.478791 290.2740824 0.01387771 0 0.01387771
176.1615 167.6827 8.478791 290.2740824 0.01387771 0 0.01387771
176.1615 167.6827 8.478791 290.2740824 0.01387771 0 0.01387771
176.1615 167.6827 8.478791 290.2740824 0.01387771 0 0.01387771
176.1615 167.6827 8.478791 290.2740824 0.01387771 0 0.01387771
176.1615 167.6827 8.478791 290.2740824 0.01387771 0 0.01387771
176.1615 167.6827 8.478791 290.2740824 0.01387771 0 0.01387771
176.1615 167.6827 8.478791 290.2740824 0.01387771 0 0.01387771
176.1615 167.6827 8.478791 290.2740824 0.01387771 0 0.01387771
176.1615 167.6827 8.478791 290.2740824 0.01387771 0 0.01387771
176.1615 167.6827 8.478791 290.2740824 0.01387771 0 0.01387771
176.1615 167.6827 8.478791 290.2740824 0.01387771 0 0.01387771
176.1615 167.6827 8.478791 290.2740824 0.01387771 0 0.01387771
176.1615 167.6827 8.478791 290.2740824 0.01387771 0 0.01387771
176.1615 167.6827 8.478791 290.2740824 0.01387771 0 0.01387771
176.1615 167.6827 8.478791 290.2740824 0.01387771 0 0.01387771
176.1615 167.6827 8.478791 290.2740824 0.01387771 0 0.01387771
257.5976 220.8384 36.75923 347.1093885 0.01593239 0 0.01593239
257.5976 220.8384 36.75923 347.1093885 0.01593239 0 0.01593239
257.5976 220.8384 36.75923 347.1093885 0.01593239 0 0.01593239
257.5976 220.8384 36.75923 347.1093885 0.01593239 0 0.01593239
257.5976 220.8384 36.75923 347.1093885 0.01593239 0 0.01593239
257.5976 220.8384 36.75923 347.1093885 0.01593239 0 0.01593239
257.5976 220.8384 36.75923 347.1093885 0.01593239 0 0.01593239
257.5976 220.8384 36.75923 347.1093885 0.01593239 0 0.01593239
257.5976 220.8384 36.75923 347.1093885 0.01593239 0 0.01593239
257.5976 220.8384 36.75923 347.1093885 0.01593239 0 0.01593239
138.034 94.46499 43.56903 663.2776783 0.008979593 0 0.008979593
138.034 94.46499 43.56903 663.2776783 0.008979593 0 0.008979593
138.034 94.46499 43.56903 663.2776783 0.008979593 0 0.008979593
138.034 94.46499 43.56903 663.2776783 0.008979593 0 0.008979593
138.034 94.46499 43.56903 663.2776783 0.008979593 0 0.008979593
138.034 94.46499 43.56903 663.2776783 0.008979593 0 0.008979593
138.034 94.46499 43.56903 663.2776783 0.008979593 0 0.008979593
138.034 94.46499 43.56903 663.2776783 0.008979593 0 0.008979593
138.034 94.46499 43.56903 663.2776783 0.008979593 0 0.008979593
138.034 94.46499 43.56903 663.2776783 0.008979593 0 0.008979593
138.034 94.46499 43.56903 663.2776783 0.008979593 0 0.008979593
138.034 94.46499 43.56903 663.2776783 0.008979593 0 0.008979593
138.034 94.46499 43.56903 663.2776783 0.008979593 0 0.008979593
138.034 94.46499 43.56903 663.2776783 0.008979593 0 0.008979593
138.034 94.46499 43.56903 663.2776783 0.008979593 0 0.008979593
8.113124 6.399976 1.713148 10.0749899 0 0 0
8.113124 6.399976 1.713148 10.0749899 0 0 0
8.113124 6.399976 1.713148 10.0749899 0 0 0
8.113124 6.399976 1.713148 10.0749899 0 0 0
256.327 243.2874 13.03953 825.3182264 0 0 0
256.327 243.2874 13.03953 825.3182264 0 0 0
256.327 243.2874 13.03953 825.3182264 0 0 0
256.327 243.2874 13.03953 825.3182264 0 0 0
256.327 243.2874 13.03953 825.3182264 0 0 0
256.327 243.2874 13.03953 825.3182264 0 0 0
256.327 243.2874 13.03953 825.3182264 0 0 0
256.327 243.2874 13.03953 825.3182264 0 0 0
256.327 243.2874 13.03953 825.3182264 0 0 0
256.327 243.2874 13.03953 825.3182264 0 0 0
256.327 243.2874 13.03953 825.3182264 0 0 0
256.327 243.2874 13.03953 825.3182264 0 0 0
256.327 243.2874 13.03953 825.3182264 0 0 0
256.327 243.2874 13.03953 825.3182264 0 0 0
256.327 243.2874 13.03953 825.3182264 0 0 0
75.67538 74.27116 1.404221 92.7585128 0.01305313 0 0.01305313
75.67538 74.27116 1.404221 92.7585128 0.01305313 0 0.01305313
75.67538 74.27116 1.404221 92.7585128 0.01305313 0 0.01305313
75.67538 74.27116 1.404221 92.7585128 0.01305313 0 0.01305313
75.67538 74.27116 1.404221 92.7585128 0.01305313 0 0.01305313
75.67538 74.27116 1.404221 92.7585128 0.01305313 0 0.01305313
75.67538 74.27116 1.404221 92.7585128 0.01305313 0 0.01305313
75.67538 74.27116 1.404221 92.7585128 0.01305313 0 0.01305313
70.41008 67.99298 2.417093 72.1165036 0 0 0
70.41008 67.99298 2.417093 72.1165036 0 0 0
70.41008 67.99298 2.417093 72.1165036 0 0 0
70.41008 67.99298 2.417093 72.1165036 0 0 0
70.41008 67.99298 2.417093 72.1165036 0 0 0
70.41008 67.99298 2.417093 72.1165036 0 0 0
70.41008 67.99298 2.417093 72.1165036 0 0 0
70.41008 67.99298 2.417093 72.1165036 0 0 0
70.41008 67.99298 2.417093 72.1165036 0 0 0
70.41008 67.99298 2.417093 72.1165036 0 0 0
70.41008 67.99298 2.417093 72.1165036 0 0 0
70.41008 67.99298 2.417093 72.1165036 0 0 0
70.41008 67.99298 2.417093 72.1165036 0 0 0
70.41008 67.99298 2.417093 72.1165036 0 0 0
70.41008 67.99298 2.417093 72.1165036 0 0 0
70.41008 67.99298 2.417093 72.1165036 0 0 0
70.41008 67.99298 2.417093 72.1165036 0 0 0
123.4867 117.2955 6.191167 -62.768799 0 0 0
52.44288 48.87971 3.563164 -25.4866656 0 0 0
80.41741 77.32943 3.087982 933.342499 0 0 0
80.41741 77.32943 3.087982 933.342499 0 0 0
80.41741 77.32943 3.087982 933.342499 0 0 0
80.41741 77.32943 3.087982 933.342499 0 0 0
80.41741 77.32943 3.087982 933.342499 0 0 0
80.41741 77.32943 3.087982 933.342499 0 0 0
80.41741 77.32943 3.087982 933.342499 0 0 0
80.41741 77.32943 3.087982 933.342499 0 0 0
80.41741 77.32943 3.087982 933.342499 0 0 0
57.9308 15.91913 42.01167 198.1126425 0 0 0
57.9308 15.91913 42.01167 198.1126425 0 0 0
57.9308 15.91913 42.01167 198.1126425 0 0 0
57.9308 15.91913 42.01167 198.1126425 0 0 0
57.9308 15.91913 42.01167 198.1126425 0 0 0
57.9308 15.91913 42.01167 198.1126425 0 0 0
458.8015 410.253 48.54849 3706.7254754 5.544951 0 5.544951
458.8015 410.253 48.54849 3706.7254754 5.544951 0 5.544951
458.8015 410.253 48.54849 3706.7254754 5.544951 0 5.544951
458.8015 410.253 48.54849 3706.7254754 5.544951 0 5.544951
458.8015 410.253 48.54849 3706.7254754 5.544951 0 5.544951
458.8015 410.253 48.54849 3706.7254754 5.544951 0 5.544951
458.8015 410.253 48.54849 3706.7254754 5.544951 0 5.544951
458.8015 410.253 48.54849 3706.7254754 5.544951 0 5.544951
458.8015 410.253 48.54849 3706.7254754 5.544951 0 5.544951
458.8015 410.253 48.54849 3706.7254754 5.544951 0 5.544951
458.8015 410.253 48.54849 3706.7254754 5.544951 0 5.544951
458.8015 410.253 48.54849 3706.7254754 5.544951 0 5.544951
458.8015 410.253 48.54849 3706.7254754 5.544951 0 5.544951
458.8015 410.253 48.54849 3706.7254754 5.544951 0 5.544951
458.8015 410.253 48.54849 3706.7254754 5.544951 0 5.544951
244.494 214.0097 30.48424 2444.9769815 0.1308132 0 0.1308132
244.494 214.0097 30.48424 2444.9769815 0.1308132 0 0.1308132
244.494 214.0097 30.48424 2444.9769815 0.1308132 0 0.1308132
244.494 214.0097 30.48424 2444.9769815 0.1308132 0 0.1308132
244.494 214.0097 30.48424 2444.9769815 0.1308132 0 0.1308132
244.494 214.0097 30.48424 2444.9769815 0.1308132 0 0.1308132
244.494 214.0097 30.48424 2444.9769815 0.1308132 0 0.1308132
244.494 214.0097 30.48424 2444.9769815 0.1308132 0 0.1308132
244.494 214.0097 30.48424 2444.9769815 0.1308132 0 0.1308132
244.494 214.0097 30.48424 2444.9769815 0.1308132 0 0.1308132
244.494 214.0097 30.48424 2444.9769815 0.1308132 0 0.1308132
244.494 214.0097 30.48424 2444.9769815 0.1308132 0 0.1308132
244.494 214.0097 30.48424 2444.9769815 0.1308132 0 0.1308132
65.34679 36.06465 29.28214 121.1225213 0.004066475 0 0.004066475
65.34679 36.06465 29.28214 121.1225213 0.004066475 0 0.004066475
65.34679 36.06465 29.28214 121.1225213 0.004066475 0 0.004066475
65.34679 36.06465 29.28214 121.1225213 0.004066475 0 0.004066475
65.34679 36.06465 29.28214 121.1225213 0.004066475 0 0.004066475
65.34679 36.06465 29.28214 121.1225213 0.004066475 0 0.004066475
65.34679 36.06465 29.28214 121.1225213 0.004066475 0 0.004066475
65.34679 36.06465 29.28214 121.1225213 0.004066475 0 0.004066475
65.34679 36.06465 29.28214 121.1225213 0.004066475 0 0.004066475
65.34679 36.06465 29.28214 121.1225213 0.004066475 0 0.004066475
65.34679 36.06465 29.28214 121.1225213 0.004066475 0 0.004066475
65.34679 36.06465 29.28214 121.1225213 0.004066475 0 0.004066475
65.34679 36.06465 29.28214 121.1225213 0.004066475 0 0.004066475
65.34679 36.06465 29.28214 121.1225213 0.004066475 0 0.004066475
65.34679 36.06465 29.28214 121.1225213 0.004066475 0 0.004066475
65.34679 36.06465 29.28214 121.1225213 0.004066475 0 0.004066475
65.34679 36.06465 29.28214 121.1225213 0.004066475 0 0.004066475
65.34679 36.06465 29.28214 121.1225213 0.004066475 0 0.004066475
65.34679 36.06465 29.28214 121.1225213 0.004066475 0 0.004066475
65.34679 36.06465 29.28214 121.1225213 0.004066475 0 0.004066475
65.34679 36.06465 29.28214 121.1225213 0.004066475 0 0.004066475
68.60942 63.31569 5.293731 187.8350869 0.02431003 0 0.02431003
68.60942 63.31569 5.293731 187.8350869 0.02431003 0 0.02431003
68.60942 63.31569 5.293731 187.8350869 0.02431003 0 0.02431003
68.60942 63.31569 5.293731 187.8350869 0.02431003 0 0.02431003
68.60942 63.31569 5.293731 187.8350869 0.02431003 0 0.02431003
68.60942 63.31569 5.293731 187.8350869 0.02431003 0 0.02431003
68.60942 63.31569 5.293731 187.8350869 0.02431003 0 0.02431003
68.60942 63.31569 5.293731 187.8350869 0.02431003 0 0.02431003
68.60942 63.31569 5.293731 187.8350869 0.02431003 0 0.02431003
68.60942 63.31569 5.293731 187.8350869 0.02431003 0 0.02431003
68.60942 63.31569 5.293731 187.8350869 0.02431003 0 0.02431003
68.60942 63.31569 5.293731 187.8350869 0.02431003 0 0.02431003
68.60942 63.31569 5.293731 187.8350869 0.02431003 0 0.02431003
68.60942 63.31569 5.293731 187.8350869 0.02431003 0 0.02431003
68.60942 63.31569 5.293731 187.8350869 0.02431003 0 0.02431003
68.60942 63.31569 5.293731 187.8350869 0.02431003 0 0.02431003
68.60942 63.31569 5.293731 187.8350869 0.02431003 0 0.02431003
68.60942 63.31569 5.293731 187.8350869 0.02431003 0 0.02431003
68.60942 63.31569 5.293731 187.8350869 0.02431003 0 0.02431003
68.60942 63.31569 5.293731 187.8350869 0.02431003 0 0.02431003
68.60942 63.31569 5.293731 187.8350869 0.02431003 0 0.02431003
68.60942 63.31569 5.293731 187.8350869 0.02431003 0 0.02431003
68.60942 63.31569 5.293731 187.8350869 0.02431003 0 0.02431003
68.60942 63.31569 5.293731 187.8350869 0.02431003 0 0.02431003
68.60942 63.31569 5.293731 187.8350869 0.02431003 0 0.02431003
68.60942 63.31569 5.293731 187.8350869 0.02431003 0 0.02431003
7.053281 5.030176 2.023106 14.9961983 0 0 0
7.053281 5.030176 2.023106 14.9961983 0 0 0
143.4426 136.6965 6.74609 267.9673064 0 0 0
143.4426 136.6965 6.74609 267.9673064 0 0 0
143.4426 136.6965 6.74609 267.9673064 0 0 0
143.4426 136.6965 6.74609 267.9673064 0 0 0
143.4426 136.6965 6.74609 267.9673064 0 0 0
143.4426 136.6965 6.74609 267.9673064 0 0 0
143.4426 136.6965 6.74609 267.9673064 0 0 0
143.4426 136.6965 6.74609 267.9673064 0 0 0
241.3283 232.703 8.625348 522.9478594 0.67429 0 0.67429
241.3283 232.703 8.625348 522.9478594 0.67429 0 0.67429
241.3283 232.703 8.625348 522.9478594 0.67429 0 0.67429
241.3283 232.703 8.625348 522.9478594 0.67429 0 0.67429
241.3283 232.703 8.625348 522.9478594 0.67429 0 0.67429
241.3283 232.703 8.625348 522.9478594 0.67429 0 0.67429
241.3283 232.703 8.625348 522.9478594 0.67429 0 0.67429
241.3283 232.703 8.625348 522.9478594 0.67429 0 0.67429
276.9398 262.881 14.05886 252.3809787 0.2770216 0 0.2770216
276.9398 262.881 14.05886 252.3809787 0.2770216 0 0.2770216
276.9398 262.881 14.05886 252.3809787 0.2770216 0 0.2770216
276.9398 262.881 14.05886 252.3809787 0.2770216 0 0.2770216
276.9398 262.881 14.05886 252.3809787 0.2770216 0 0.2770216
276.9398 262.881 14.05886 252.3809787 0.2770216 0 0.2770216
276.9398 262.881 14.05886 252.3809787 0.2770216 0 0.2770216
276.9398 262.881 14.05886 252.3809787 0.2770216 0 0.2770216
276.9398 262.881 14.05886 252.3809787 0.2770216 0 0.2770216
276.9398 262.881 14.05886 252.3809787 0.2770216 0 0.2770216
276.9398 262.881 14.05886 252.3809787 0.2770216 0 0.2770216
276.9398 262.881 14.05886 252.3809787 0.2770216 0 0.2770216
276.9398 262.881 14.05886 252.3809787 0.2770216 0 0.2770216
276.9398 262.881 14.05886 252.3809787 0.2770216 0 0.2770216
276.9398 262.881 14.05886 252.3809787 0.2770216 0 0.2770216
276.9398 262.881 14.05886 252.3809787 0.2770216 0 0.2770216
101.8053 97.3642 4.441135 641.2864966 0.01447018 0 0.01447018
101.8053 97.3642 4.441135 641.2864966 0.01447018 0 0.01447018
101.8053 97.3642 4.441135 641.2864966 0.01447018 0 0.01447018
101.8053 97.3642 4.441135 641.2864966 0.01447018 0 0.01447018
101.8053 97.3642 4.441135 641.2864966 0.01447018 0 0.01447018
101.8053 97.3642 4.441135 641.2864966 0.01447018 0 0.01447018
101.8053 97.3642 4.441135 641.2864966 0.01447018 0 0.01447018
101.8053 97.3642 4.441135 641.2864966 0.01447018 0 0.01447018
101.8053 97.3642 4.441135 641.2864966 0.01447018 0 0.01447018
101.8053 97.3642 4.441135 641.2864966 0.01447018 0 0.01447018
101.8053 97.3642 4.441135 641.2864966 0.01447018 0 0.01447018
101.8053 97.3642 4.441135 641.2864966 0.01447018 0 0.01447018
101.8053 97.3642 4.441135 641.2864966 0.01447018 0 0.01447018
25.25015 24.70528 0.5448716 -11.2360035 0 0 0
25.25015 24.70528 0.5448716 -11.2360035 0 0 0
25.25015 24.70528 0.5448716 -11.2360035 0 0 0
25.25015 24.70528 0.5448716 -11.2360035 0 0 0
25.25015 24.70528 0.5448716 -11.2360035 0 0 0
25.25015 24.70528 0.5448716 -11.2360035 0 0 0
25.25015 24.70528 0.5448716 -11.2360035 0 0 0
25.25015 24.70528 0.5448716 -11.2360035 0 0 0
25.25015 24.70528 0.5448716 -11.2360035 0 0 0
25.25015 24.70528 0.5448716 -11.2360035 0 0 0
25.25015 24.70528 0.5448716 -11.2360035 0 0 0
25.25015 24.70528 0.5448716 -11.2360035 0 0 0
110.3762 97.15601 13.2202 645.9549948 0 0 0
110.3762 97.15601 13.2202 645.9549948 0 0 0
110.3762 97.15601 13.2202 645.9549948 0 0 0
110.3762 97.15601 13.2202 645.9549948 0 0 0
110.3762 97.15601 13.2202 645.9549948 0 0 0
110.3762 97.15601 13.2202 645.9549948 0 0 0
110.3762 97.15601 13.2202 645.9549948 0 0 0
150.3682 143.2998 7.068457 1341.3964553 0.02586965 0 0.02586965
150.3682 143.2998 7.068457 1341.3964553 0.02586965 0 0.02586965
150.3682 143.2998 7.068457 1341.3964553 0.02586965 0 0.02586965
150.3682 143.2998 7.068457 1341.3964553 0.02586965 0 0.02586965
150.3682 143.2998 7.068457 1341.3964553 0.02586965 0 0.02586965
150.3682 143.2998 7.068457 1341.3964553 0.02586965 0 0.02586965
150.3682 143.2998 7.068457 1341.3964553 0.02586965 0 0.02586965
150.3682 143.2998 7.068457 1341.3964553 0.02586965 0 0.02586965
150.3682 143.2998 7.068457 1341.3964553 0.02586965 0 0.02586965
150.3682 143.2998 7.068457 1341.3964553 0.02586965 0 0.02586965
96.33094 92.52312 3.807811 -52.7043539 0 0 0
96.33094 92.52312 3.807811 -52.7043539 0 0 0
96.33094 92.52312 3.807811 -52.7043539 0 0 0
20.01138 19.54466 0.4667197 -36.5592189 0 0 0
20.01138 19.54466 0.4667197 -36.5592189 0 0 0
20.01138 19.54466 0.4667197 -36.5592189 0 0 0
20.01138 19.54466 0.4667197 -36.5592189 0 0 0
20.01138 19.54466 0.4667197 -36.5592189 0 0 0
20.01138 19.54466 0.4667197 -36.5592189 0 0 0
20.01138 19.54466 0.4667197 -36.5592189 0 0 0
20.01138 19.54466 0.4667197 -36.5592189 0 0 0
20.01138 19.54466 0.4667197 -36.5592189 0 0 0
20.01138 19.54466 0.4667197 -36.5592189 0 0 0
20.01138 19.54466 0.4667197 -36.5592189 0 0 0
20.01138 19.54466 0.4667197 -36.5592189 0 0 0
20.01138 19.54466 0.4667197 -36.5592189 0 0 0
20.01138 19.54466 0.4667197 -36.5592189 0 0 0
20.01138 19.54466 0.4667197 -36.5592189 0 0 0
20.01138 19.54466 0.4667197 -36.5592189 0 0 0
20.01138 19.54466 0.4667197 -36.5592189 0 0 0
20.01138 19.54466 0.4667197 -36.5592189 0 0 0
30.92195 28.45207 2.469878 -66.6150518 0 0 0
30.92195 28.45207 2.469878 -66.6150518 0 0 0
30.92195 28.45207 2.469878 -66.6150518 0 0 0
30.92195 28.45207 2.469878 -66.6150518 0 0 0
30.92195 28.45207 2.469878 -66.6150518 0 0 0
30.92195 28.45207 2.469878 -66.6150518 0 0 0
30.92195 28.45207 2.469878 -66.6150518 0 0 0
30.92195 28.45207 2.469878 -66.6150518 0 0 0
30.92195 28.45207 2.469878 -66.6150518 0 0 0
30.92195 28.45207 2.469878 -66.6150518 0 0 0
30.92195 28.45207 2.469878 -66.6150518 0 0 0
30.92195 28.45207 2.469878 -66.6150518 0 0 0
30.92195 28.45207 2.469878 -66.6150518 0 0 0
30.92195 28.45207 2.469878 -66.6150518 0 0 0
30.92195 28.45207 2.469878 -66.6150518 0 0 0
30.92195 28.45207 2.469878 -66.6150518 0 0 0
30.92195 28.45207 2.469878 -66.6150518 0 0 0
32.59242 31.04676 1.545659 -57.2368922 0 0 0
32.59242 31.04676 1.545659 -57.2368922 0 0 0
32.59242 31.04676 1.545659 -57.2368922 0 0 0
32.59242 31.04676 1.545659 -57.2368922 0 0 0
32.59242 31.04676 1.545659 -57.2368922 0 0 0
32.59242 31.04676 1.545659 -57.2368922 0 0 0
32.59242 31.04676 1.545659 -57.2368922 0 0 0
32.59242 31.04676 1.545659 -57.2368922 0 0 0
32.59242 31.04676 1.545659 -57.2368922 0 0 0
32.59242 31.04676 1.545659 -57.2368922 0 0 0
32.59242 31.04676 1.545659 -57.2368922 0 0 0
32.59242 31.04676 1.545659 -57.2368922 0 0 0
32.59242 31.04676 1.545659 -57.2368922 0 0 0
32.59242 31.04676 1.545659 -57.2368922 0 0 0
32.59242 31.04676 1.545659 -57.2368922 0 0 0
32.59242 31.04676 1.545659 -57.2368922 0 0 0
32.59242 31.04676 1.545659 -57.2368922 0 0 0
32.59242 31.04676 1.545659 -57.2368922 0 0 0
32.59242 31.04676 1.545659 -57.2368922 0 0 0
32.59242 31.04676 1.545659 -57.2368922 0 0 0
32.59242 31.04676 1.545659 -57.2368922 0 0 0
123.0858 113.9872 9.098534 901.6019228 0.59749 0 0.59749
123.0858 113.9872 9.098534 901.6019228 0.59749 0 0.59749
123.0858 113.9872 9.098534 901.6019228 0.59749 0 0.59749
123.0858 113.9872 9.098534 901.6019228 0.59749 0 0.59749
123.0858 113.9872 9.098534 901.6019228 0.59749 0 0.59749
123.0858 113.9872 9.098534 901.6019228 0.59749 0 0.59749
123.0858 113.9872 9.098534 901.6019228 0.59749 0 0.59749
123.0858 113.9872 9.098534 901.6019228 0.59749 0 0.59749
123.0858 113.9872 9.098534 901.6019228 0.59749 0 0.59749
123.0858 113.9872 9.098534 901.6019228 0.59749 0 0.59749
123.0858 113.9872 9.098534 901.6019228 0.59749 0 0.59749
123.0858 113.9872 9.098534 901.6019228 0.59749 0 0.59749
123.0858 113.9872 9.098534 901.6019228 0.59749 0 0.59749
123.0858 113.9872 9.098534 901.6019228 0.59749 0 0.59749
123.0858 113.9872 9.098534 901.6019228 0.59749 0 0.59749
18.59431 15.01465 3.579658 -24.1119045 0 0 0
18.59431 15.01465 3.579658 -24.1119045 0 0 0
18.59431 15.01465 3.579658 -24.1119045 0 0 0
18.59431 15.01465 3.579658 -24.1119045 0 0 0
42.08337 38.49114 3.592221 -68.2134073 0 0 0
42.08337 38.49114 3.592221 -68.2134073 0 0 0
42.08337 38.49114 3.592221 -68.2134073 0 0 0
42.08337 38.49114 3.592221 -68.2134073 0 0 0
42.08337 38.49114 3.592221 -68.2134073 0 0 0
42.08337 38.49114 3.592221 -68.2134073 0 0 0
42.08337 38.49114 3.592221 -68.2134073 0 0 0
42.08337 38.49114 3.592221 -68.2134073 0 0 0
42.08337 38.49114 3.592221 -68.2134073 0 0 0
42.08337 38.49114 3.592221 -68.2134073 0 0 0
42.08337 38.49114 3.592221 -68.2134073 0 0 0
42.08337 38.49114 3.592221 -68.2134073 0 0 0
42.08337 38.49114 3.592221 -68.2134073 0 0 0
42.08337 38.49114 3.592221 -68.2134073 0 0 0
344.1384 301.754 42.38444 287.3386621 0.09880205 0 0.09880205
344.1384 301.754 42.38444 287.3386621 0.09880205 0 0.09880205
344.1384 301.754 42.38444 287.3386621 0.09880205 0 0.09880205
344.1384 301.754 42.38444 287.3386621 0.09880205 0 0.09880205
344.1384 301.754 42.38444 287.3386621 0.09880205 0 0.09880205
344.1384 301.754 42.38444 287.3386621 0.09880205 0 0.09880205
344.1384 301.754 42.38444 287.3386621 0.09880205 0 0.09880205
344.1384 301.754 42.38444 287.3386621 0.09880205 0 0.09880205
344.1384 301.754 42.38444 287.3386621 0.09880205 0 0.09880205
344.1384 301.754 42.38444 287.3386621 0.09880205 0 0.09880205
344.1384 301.754 42.38444 287.3386621 0.09880205 0 0.09880205
344.1384 301.754 42.38444 287.3386621 0.09880205 0 0.09880205
344.1384 301.754 42.38444 287.3386621 0.09880205 0 0.09880205
344.1384 301.754 42.38444 287.3386621 0.09880205 0 0.09880205
344.1384 301.754 42.38444 287.3386621 0.09880205 0 0.09880205
344.1384 301.754 42.38444 287.3386621 0.09880205 0 0.09880205
344.1384 301.754 42.38444 287.3386621 0.09880205 0 0.09880205
344.1384 301.754 42.38444 287.3386621 0.09880205 0 0.09880205
344.1384 301.754 42.38444 287.3386621 0.09880205 0 0.09880205
344.1384 301.754 42.38444 287.3386621 0.09880205 0 0.09880205
344.1384 301.754 42.38444 287.3386621 0.09880205 0 0.09880205
296.2763 291.5988 4.677434 1418.0349906 0.5823088 0.5823088 0
296.2763 291.5988 4.677434 1418.0349906 0.5823088 0.5823088 0
296.2763 291.5988 4.677434 1418.0349906 0.5823088 0.5823088 0
296.2763 291.5988 4.677434 1418.0349906 0.5823088 0.5823088 0
296.2763 291.5988 4.677434 1418.0349906 0.5823088 0.5823088 0
296.2763 291.5988 4.677434 1418.0349906 0.5823088 0.5823088 0
296.2763 291.5988 4.677434 1418.0349906 0.5823088 0.5823088 0
296.2763 291.5988 4.677434 1418.0349906 0.5823088 0.5823088 0
296.2763 291.5988 4.677434 1418.0349906 0.5823088 0.5823088 0
81.69537 71.93107 9.764302 204.1155818 0 0 0
81.69537 71.93107 9.764302 204.1155818 0 0 0
81.69537 71.93107 9.764302 204.1155818 0 0 0
81.69537 71.93107 9.764302 204.1155818 0 0 0
81.69537 71.93107 9.764302 204.1155818 0 0 0
81.69537 71.93107 9.764302 204.1155818 0 0 0
81.69537 71.93107 9.764302 204.1155818 0 0 0
81.69537 71.93107 9.764302 204.1155818 0 0 0
81.69537 71.93107 9.764302 204.1155818 0 0 0
81.69537 71.93107 9.764302 204.1155818 0 0 0
81.69537 71.93107 9.764302 204.1155818 0 0 0
81.69537 71.93107 9.764302 204.1155818 0 0 0
81.69537 71.93107 9.764302 204.1155818 0 0 0
81.69537 71.93107 9.764302 204.1155818 0 0 0
18.75471 16.85669 1.898014 24.9525598 0 0 0
18.75471 16.85669 1.898014 24.9525598 0 0 0
18.75471 16.85669 1.898014 24.9525598 0 0 0
18.75471 16.85669 1.898014 24.9525598 0 0 0
18.75471 16.85669 1.898014 24.9525598 0 0 0
18.75471 16.85669 1.898014 24.9525598 0 0 0
18.75471 16.85669 1.898014 24.9525598 0 0 0
18.75471 16.85669 1.898014 24.9525598 0 0 0
18.75471 16.85669 1.898014 24.9525598 0 0 0
18.75471 16.85669 1.898014 24.9525598 0 0 0
18.75471 16.85669 1.898014 24.9525598 0 0 0
131.1383 129.4659 1.672435 921.636368 0.4367448 0 0.4367448
131.1383 129.4659 1.672435 921.636368 0.4367448 0 0.4367448
131.1383 129.4659 1.672435 921.636368 0.4367448 0 0.4367448
131.1383 129.4659 1.672435 921.636368 0.4367448 0 0.4367448
131.1383 129.4659 1.672435 921.636368 0.4367448 0 0.4367448
131.1383 129.4659 1.672435 921.636368 0.4367448 0 0.4367448
131.1383 129.4659 1.672435 921.636368 0.4367448 0 0.4367448
55.93599 51.80164 4.134349 170.9793927 0 0 0
55.93599 51.80164 4.134349 170.9793927 0 0 0
55.93599 51.80164 4.134349 170.9793927 0 0 0
55.93599 51.80164 4.134349 170.9793927 0 0 0
55.93599 51.80164 4.134349 170.9793927 0 0 0
55.93599 51.80164 4.134349 170.9793927 0 0 0
55.93599 51.80164 4.134349 170.9793927 0 0 0
55.93599 51.80164 4.134349 170.9793927 0 0 0
55.93599 51.80164 4.134349 170.9793927 0 0 0
55.93599 51.80164 4.134349 170.9793927 0 0 0
55.93599 51.80164 4.134349 170.9793927 0 0 0
120.3168 118.0867 2.230181 455.5061026 0.1527185 0 0.1527185
120.3168 118.0867 2.230181 455.5061026 0.1527185 0 0.1527185
120.3168 118.0867 2.230181 455.5061026 0.1527185 0 0.1527185
120.3168 118.0867 2.230181 455.5061026 0.1527185 0 0.1527185
120.3168 118.0867 2.230181 455.5061026 0.1527185 0 0.1527185
120.3168 118.0867 2.230181 455.5061026 0.1527185 0 0.1527185
296.3882 0 296.3882 3692.7820046 0 0 0
296.3882 0 296.3882 3692.7820046 0 0 0
296.3882 0 296.3882 3692.7820046 0 0 0
296.3882 0 296.3882 3692.7820046 0 0 0
184.1186 179.3521 4.766521 1217.5996715 0 0 0
184.1186 179.3521 4.766521 1217.5996715 0 0 0
184.1186 179.3521 4.766521 1217.5996715 0 0 0
184.1186 179.3521 4.766521 1217.5996715 0 0 0
184.1186 179.3521 4.766521 1217.5996715 0 0 0
184.1186 179.3521 4.766521 1217.5996715 0 0 0
184.1186 179.3521 4.766521 1217.5996715 0 0 0
184.1186 179.3521 4.766521 1217.5996715 0 0 0
184.1186 179.3521 4.766521 1217.5996715 0 0 0
184.1186 179.3521 4.766521 1217.5996715 0 0 0
184.1186 179.3521 4.766521 1217.5996715 0 0 0
184.1186 179.3521 4.766521 1217.5996715 0 0 0
184.1186 179.3521 4.766521 1217.5996715 0 0 0
184.1186 179.3521 4.766521 1217.5996715 0 0 0
184.1186 179.3521 4.766521 1217.5996715 0 0 0
184.1186 179.3521 4.766521 1217.5996715 0 0 0
184.1186 179.3521 4.766521 1217.5996715 0 0 0
184.1186 179.3521 4.766521 1217.5996715 0 0 0
20.15956 19.85874 0.3008229 -1.0327355 0 0 0
20.15956 19.85874 0.3008229 -1.0327355 0 0 0
20.15956 19.85874 0.3008229 -1.0327355 0 0 0
20.15956 19.85874 0.3008229 -1.0327355 0 0 0
20.15956 19.85874 0.3008229 -1.0327355 0 0 0
20.15956 19.85874 0.3008229 -1.0327355 0 0 0
20.15956 19.85874 0.3008229 -1.0327355 0 0 0
20.15956 19.85874 0.3008229 -1.0327355 0 0 0
20.15956 19.85874 0.3008229 -1.0327355 0 0 0
20.15956 19.85874 0.3008229 -1.0327355 0 0 0
20.15956 19.85874 0.3008229 -1.0327355 0 0 0
20.15956 19.85874 0.3008229 -1.0327355 0 0 0
133.6787 127.9634 5.715255 325.1517964 0 0 0
133.6787 127.9634 5.715255 325.1517964 0 0 0
77.92833 74.42094 3.507394 227.6676431 0 0 0
77.92833 74.42094 3.507394 227.6676431 0 0 0
77.92833 74.42094 3.507394 227.6676431 0 0 0
77.92833 74.42094 3.507394 227.6676431 0 0 0
77.92833 74.42094 3.507394 227.6676431 0 0 0
77.92833 74.42094 3.507394 227.6676431 0 0 0
77.92833 74.42094 3.507394 227.6676431 0 0 0
77.92833 74.42094 3.507394 227.6676431 0 0 0
77.92833 74.42094 3.507394 227.6676431 0 0 0
77.92833 74.42094 3.507394 227.6676431 0 0 0
77.92833 74.42094 3.507394 227.6676431 0 0 0
77.92833 74.42094 3.507394 227.6676431 0 0 0
77.92833 74.42094 3.507394 227.6676431 0 0 0
77.92833 74.42094 3.507394 227.6676431 0 0 0
77.92833 74.42094 3.507394 227.6676431 0 0 0
77.92833 74.42094 3.507394 227.6676431 0 0 0
77.92833 74.42094 3.507394 227.6676431 0 0 0
51.41323 50.06431 1.34892 356.1247106 0 0 0
51.41323 50.06431 1.34892 356.1247106 0 0 0
51.41323 50.06431 1.34892 356.1247106 0 0 0
51.41323 50.06431 1.34892 356.1247106 0 0 0
51.41323 50.06431 1.34892 356.1247106 0 0 0
51.41323 50.06431 1.34892 356.1247106 0 0 0
51.41323 50.06431 1.34892 356.1247106 0 0 0
51.41323 50.06431 1.34892 356.1247106 0 0 0
51.41323 50.06431 1.34892 356.1247106 0 0 0
51.41323 50.06431 1.34892 356.1247106 0 0 0
171.2324 163.7284 7.504033 296.7857228 0.3629523 0 0.3629523
171.2324 163.7284 7.504033 296.7857228 0.3629523 0 0.3629523
333.839 330.909 2.929957 -49.5985657 0 0 0
333.839 330.909 2.929957 -49.5985657 0 0 0
333.839 330.909 2.929957 -49.5985657 0 0 0
333.839 330.909 2.929957 -49.5985657 0 0 0
333.839 330.909 2.929957 -49.5985657 0 0 0
333.839 330.909 2.929957 -49.5985657 0 0 0
333.839 330.909 2.929957 -49.5985657 0 0 0
333.839 330.909 2.929957 -49.5985657 0 0 0
333.839 330.909 2.929957 -49.5985657 0 0 0
333.839 330.909 2.929957 -49.5985657 0 0 0
275.0834 273.1493 1.934081 -196.3900363 0.4183618 0.4183618 0
275.0834 273.1493 1.934081 -196.3900363 0.4183618 0.4183618 0
275.0834 273.1493 1.934081 -196.3900363 0.4183618 0.4183618 0
275.0834 273.1493 1.934081 -196.3900363 0.4183618 0.4183618 0
275.0834 273.1493 1.934081 -196.3900363 0.4183618 0.4183618 0
275.0834 273.1493 1.934081 -196.3900363 0.4183618 0.4183618 0
275.0834 273.1493 1.934081 -196.3900363 0.4183618 0.4183618 0
111.1072 25.92273 85.18449 357.34603 0.01056226 0 0.01056226
111.1072 25.92273 85.18449 357.34603 0.01056226 0 0.01056226
111.1072 25.92273 85.18449 357.34603 0.01056226 0 0.01056226
111.1072 25.92273 85.18449 357.34603 0.01056226 0 0.01056226
111.1072 25.92273 85.18449 357.34603 0.01056226 0 0.01056226
111.1072 25.92273 85.18449 357.34603 0.01056226 0 0.01056226
111.1072 25.92273 85.18449 357.34603 0.01056226 0 0.01056226
111.1072 25.92273 85.18449 357.34603 0.01056226 0 0.01056226
111.1072 25.92273 85.18449 357.34603 0.01056226 0 0.01056226
111.1072 25.92273 85.18449 357.34603 0.01056226 0 0.01056226
111.1072 25.92273 85.18449 357.34603 0.01056226 0 0.01056226
111.1072 25.92273 85.18449 357.34603 0.01056226 0 0.01056226
111.1072 25.92273 85.18449 357.34603 0.01056226 0 0.01056226
181.0923 176.0618 5.030537 268.6448853 0 0 0
181.0923 176.0618 5.030537 268.6448853 0 0 0
181.0923 176.0618 5.030537 268.6448853 0 0 0
40.50031 39.87545 0.6248637 81.1171876 0 0 0
40.50031 39.87545 0.6248637 81.1171876 0 0 0
40.50031 39.87545 0.6248637 81.1171876 0 0 0
40.50031 39.87545 0.6248637 81.1171876 0 0 0
40.50031 39.87545 0.6248637 81.1171876 0 0 0
40.50031 39.87545 0.6248637 81.1171876 0 0 0
40.50031 39.87545 0.6248637 81.1171876 0 0 0
40.50031 39.87545 0.6248637 81.1171876 0 0 0
210.9683 202.4146 8.553711 256.7242439 0 0 0
210.9683 202.4146 8.553711 256.7242439 0 0 0
210.9683 202.4146 8.553711 256.7242439 0 0 0
210.9683 202.4146 8.553711 256.7242439 0 0 0
210.9683 202.4146 8.553711 256.7242439 0 0 0
210.9683 202.4146 8.553711 256.7242439 0 0 0
210.9683 202.4146 8.553711 256.7242439 0 0 0
210.9683 202.4146 8.553711 256.7242439 0 0 0
210.9683 202.4146 8.553711 256.7242439 0 0 0
67.00614 65.40908 1.597059 1254.1125873 0.04083214 0 0.04083214
67.00614 65.40908 1.597059 1254.1125873 0.04083214 0 0.04083214
67.00614 65.40908 1.597059 1254.1125873 0.04083214 0 0.04083214
67.00614 65.40908 1.597059 1254.1125873 0.04083214 0 0.04083214
67.00614 65.40908 1.597059 1254.1125873 0.04083214 0 0.04083214
67.00614 65.40908 1.597059 1254.1125873 0.04083214 0 0.04083214
67.00614 65.40908 1.597059 1254.1125873 0.04083214 0 0.04083214
67.00614 65.40908 1.597059 1254.1125873 0.04083214 0 0.04083214
135.6624 132.6331 3.029293 41.514222 1.956102 0.9302135 1.025889
135.6624 132.6331 3.029293 41.514222 1.956102 0.9302135 1.025889
395.156 392.9887 2.167286 -135.0079969 0 0 0
395.156 392.9887 2.167286 -135.0079969 0 0 0
395.156 392.9887 2.167286 -135.0079969 0 0 0
395.156 392.9887 2.167286 -135.0079969 0 0 0
395.156 392.9887 2.167286 -135.0079969 0 0 0
395.156 392.9887 2.167286 -135.0079969 0 0 0
395.156 392.9887 2.167286 -135.0079969 0 0 0
395.156 392.9887 2.167286 -135.0079969 0 0 0
395.156 392.9887 2.167286 -135.0079969 0 0 0
303.847 7.458846 296.3882 1254.5037721 0 0 0
303.847 7.458846 296.3882 1254.5037721 0 0 0
303.847 7.458846 296.3882 1254.5037721 0 0 0
303.847 7.458846 296.3882 1254.5037721 0 0 0
303.847 7.458846 296.3882 1254.5037721 0 0 0
303.847 7.458846 296.3882 1254.5037721 0 0 0
303.847 7.458846 296.3882 1254.5037721 0 0 0
303.847 7.458846 296.3882 1254.5037721 0 0 0
303.847 7.458846 296.3882 1254.5037721 0 0 0
303.847 7.458846 296.3882 1254.5037721 0 0 0
303.847 7.458846 296.3882 1254.5037721 0 0 0
303.847 7.458846 296.3882 1254.5037721 0 0 0
303.847 7.458846 296.3882 1254.5037721 0 0 0
303.847 7.458846 296.3882 1254.5037721 0 0 0
303.847 7.458846 296.3882 1254.5037721 0 0 0
303.847 7.458846 296.3882 1254.5037721 0 0 0
303.847 7.458846 296.3882 1254.5037721 0 0 0
303.847 7.458846 296.3882 1254.5037721 0 0 0
303.847 7.458846 296.3882 1254.5037721 0 0 0
169.1874 162.4965 6.690829 221.1270037 0 0 0
169.1874 162.4965 6.690829 221.1270037 0 0 0
169.1874 162.4965 6.690829 221.1270037 0 0 0
169.1874 162.4965 6.690829 221.1270037 0 0 0
169.1874 162.4965 6.690829 221.1270037 0 0 0
169.1874 162.4965 6.690829 221.1270037 0 0 0
169.1874 162.4965 6.690829 221.1270037 0 0 0
169.1874 162.4965 6.690829 221.1270037 0 0 0
169.1874 162.4965 6.690829 221.1270037 0 0 0
169.1874 162.4965 6.690829 221.1270037 0 0 0
169.1874 162.4965 6.690829 221.1270037 0 0 0
82.21027 76.49035 5.719922 48.4366348 0 0 0
82.21027 76.49035 5.719922 48.4366348 0 0 0
82.21027 76.49035 5.719922 48.4366348 0 0 0
82.21027 76.49035 5.719922 48.4366348 0 0 0
82.21027 76.49035 5.719922 48.4366348 0 0 0
82.21027 76.49035 5.719922 48.4366348 0 0 0
82.21027 76.49035 5.719922 48.4366348 0 0 0
82.21027 76.49035 5.719922 48.4366348 0 0 0
82.21027 76.49035 5.719922 48.4366348 0 0 0
89.57131 74.89635 14.67496 219.4948444 0 0 0
89.57131 74.89635 14.67496 219.4948444 0 0 0
89.57131 74.89635 14.67496 219.4948444 0 0 0
89.57131 74.89635 14.67496 219.4948444 0 0 0
89.57131 74.89635 14.67496 219.4948444 0 0 0
89.57131 74.89635 14.67496 219.4948444 0 0 0
89.57131 74.89635 14.67496 219.4948444 0 0 0
89.57131 74.89635 14.67496 219.4948444 0 0 0
39.25117 36.6597 2.591466 149.4000247 0 0 0
39.25117 36.6597 2.591466 149.4000247 0 0 0
198.2452 185.0424 13.20271 -12.1813374 0 0 0
198.2452 185.0424 13.20271 -12.1813374 0 0 0
198.2452 185.0424 13.20271 -12.1813374 0 0 0
198.2452 185.0424 13.20271 -12.1813374 0 0 0
198.2452 185.0424 13.20271 -12.1813374 0 0 0
198.2452 185.0424 13.20271 -12.1813374 0 0 0
198.2452 185.0424 13.20271 -12.1813374 0 0 0
155.1711 150.7035 4.467552 164.1842745 0 0 0
155.1711 150.7035 4.467552 164.1842745 0 0 0
155.1711 150.7035 4.467552 164.1842745 0 0 0
155.1711 150.7035 4.467552 164.1842745 0 0 0
155.1711 150.7035 4.467552 164.1842745 0 0 0
90.54234 82.45894 8.0834 -57.0062759 0 0 0
90.54234 82.45894 8.0834 -57.0062759 0 0 0
90.54234 82.45894 8.0834 -57.0062759 0 0 0
90.54234 82.45894 8.0834 -57.0062759 0 0 0
90.54234 82.45894 8.0834 -57.0062759 0 0 0
90.54234 82.45894 8.0834 -57.0062759 0 0 0
90.54234 82.45894 8.0834 -57.0062759 0 0 0
358.8799 341.108 17.77184 -4.4701357 0 0 0
358.8799 341.108 17.77184 -4.4701357 0 0 0
358.8799 341.108 17.77184 -4.4701357 0 0 0
358.8799 341.108 17.77184 -4.4701357 0 0 0
358.8799 341.108 17.77184 -4.4701357 0 0 0
358.8799 341.108 17.77184 -4.4701357 0 0 0
358.8799 341.108 17.77184 -4.4701357 0 0 0
358.8799 341.108 17.77184 -4.4701357 0 0 0
358.8799 341.108 17.77184 -4.4701357 0 0 0
358.8799 341.108 17.77184 -4.4701357 0 0 0
358.8799 341.108 17.77184 -4.4701357 0 0 0
358.8799 341.108 17.77184 -4.4701357 0 0 0
358.8799 341.108 17.77184 -4.4701357 0 0 0
358.8799 341.108 17.77184 -4.4701357 0 0 0
273.3545 94.43465 178.9198 527.4327856 0 0 0
273.3545 94.43465 178.9198 527.4327856 0 0 0
273.3545 94.43465 178.9198 527.4327856 0 0 0
273.3545 94.43465 178.9198 527.4327856 0 0 0
273.3545 94.43465 178.9198 527.4327856 0 0 0
15.0299 14.86172 0.1681814 134.930256 0 0 0
15.0299 14.86172 0.1681814 134.930256 0 0 0
15.0299 14.86172 0.1681814 134.930256 0 0 0
15.0299 14.86172 0.1681814 134.930256 0 0 0
15.0299 14.86172 0.1681814 134.930256 0 0 0
15.0299 14.86172 0.1681814 134.930256 0 0 0
15.0299 14.86172 0.1681814 134.930256 0 0 0
15.0299 14.86172 0.1681814 134.930256 0 0 0
15.0299 14.86172 0.1681814 134.930256 0 0 0
396.4411 388.9728 7.468305 128.4889359 21.28561 21.28561 0
396.4411 388.9728 7.468305 128.4889359 21.28561 21.28561 0
396.4411 388.9728 7.468305 128.4889359 21.28561 21.28561 0
104.0153 58.40615 45.60919 222.2219475 0 0 0
104.0153 58.40615 45.60919 222.2219475 0 0 0
104.0153 58.40615 45.60919 222.2219475 0 0 0
104.0153 58.40615 45.60919 222.2219475 0 0 0
104.0153 58.40615 45.60919 222.2219475 0 0 0
104.0153 58.40615 45.60919 222.2219475 0 0 0
104.0153 58.40615 45.60919 222.2219475 0 0 0
237.6181 236.6745 0.9436661 -23.4489292 0 0 0
237.6181 236.6745 0.9436661 -23.4489292 0 0 0
237.6181 236.6745 0.9436661 -23.4489292 0 0 0
237.6181 236.6745 0.9436661 -23.4489292 0 0 0
237.6181 236.6745 0.9436661 -23.4489292 0 0 0
237.6181 236.6745 0.9436661 -23.4489292 0 0 0
237.6181 236.6745 0.9436661 -23.4489292 0 0 0
237.6181 236.6745 0.9436661 -23.4489292 0 0 0
167.477 158.4528 9.024225 58.9894861 0 0 0
167.477 158.4528 9.024225 58.9894861 0 0 0
167.477 158.4528 9.024225 58.9894861 0 0 0
167.477 158.4528 9.024225 58.9894861 0 0 0
167.477 158.4528 9.024225 58.9894861 0 0 0
167.477 158.4528 9.024225 58.9894861 0 0 0
167.477 158.4528 9.024225 58.9894861 0 0 0
167.477 158.4528 9.024225 58.9894861 0 0 0
167.477 158.4528 9.024225 58.9894861 0 0 0
167.477 158.4528 9.024225 58.9894861 0 0 0
167.477 158.4528 9.024225 58.9894861 0 0 0
272.6619 269.462 3.199883 -150.7528859 0.4825812 0.4825812 0
272.6619 269.462 3.199883 -150.7528859 0.4825812 0.4825812 0
272.6619 269.462 3.199883 -150.7528859 0.4825812 0.4825812 0
272.6619 269.462 3.199883 -150.7528859 0.4825812 0.4825812 0
272.6619 269.462 3.199883 -150.7528859 0.4825812 0.4825812 0
272.6619 269.462 3.199883 -150.7528859 0.4825812 0.4825812 0
272.6619 269.462 3.199883 -150.7528859 0.4825812 0.4825812 0
272.6619 269.462 3.199883 -150.7528859 0.4825812 0.4825812 0
272.6619 269.462 3.199883 -150.7528859 0.4825812 0.4825812 0
272.6619 269.462 3.199883 -150.7528859 0.4825812 0.4825812 0
272.6619 269.462 3.199883 -150.7528859 0.4825812 0.4825812 0
316.4043 310.6791 5.725219 -80.086248 0 0 0
316.4043 310.6791 5.725219 -80.086248 0 0 0
316.4043 310.6791 5.725219 -80.086248 0 0 0
316.4043 310.6791 5.725219 -80.086248 0 0 0
316.4043 310.6791 5.725219 -80.086248 0 0 0
228.7373 168.1049 60.63244 336.6815782 0 0 0
228.7373 168.1049 60.63244 336.6815782 0 0 0
228.7373 168.1049 60.63244 336.6815782 0 0 0
228.7373 168.1049 60.63244 336.6815782 0 0 0
228.7373 168.1049 60.63244 336.6815782 0 0 0
228.7373 168.1049 60.63244 336.6815782 0 0 0
228.7373 168.1049 60.63244 336.6815782 0 0 0
228.7373 168.1049 60.63244 336.6815782 0 0 0
228.7373 168.1049 60.63244 336.6815782 0 0 0
228.7373 168.1049 60.63244 336.6815782 0 0 0
84.34444 80.65201 3.69243 121.6799267 0 0 0
84.34444 80.65201 3.69243 121.6799267 0 0 0
84.34444 80.65201 3.69243 121.6799267 0 0 0
84.34444 80.65201 3.69243 121.6799267 0 0 0
84.34444 80.65201 3.69243 121.6799267 0 0 0
84.34444 80.65201 3.69243 121.6799267 0 0 0
84.34444 80.65201 3.69243 121.6799267 0 0 0
84.34444 80.65201 3.69243 121.6799267 0 0 0
84.34444 80.65201 3.69243 121.6799267 0 0 0
237.83 235.619 2.210914 258.719995 0 0 0
237.83 235.619 2.210914 258.719995 0 0 0
237.83 235.619 2.210914 258.719995 0 0 0
237.83 235.619 2.210914 258.719995 0 0 0
237.83 235.619 2.210914 258.719995 0 0 0
237.83 235.619 2.210914 258.719995 0 0 0
237.83 235.619 2.210914 258.719995 0 0 0
237.83 235.619 2.210914 258.719995 0 0 0
111.4403 104.3139 7.126413 9.4731106 0 0 0
111.4403 104.3139 7.126413 9.4731106 0 0 0
111.4403 104.3139 7.126413 9.4731106 0 0 0
111.4403 104.3139 7.126413 9.4731106 0 0 0
338.0583 332.9399 5.118389 -109.594095 0 0 0
338.0583 332.9399 5.118389 -109.594095 0 0 0
338.0583 332.9399 5.118389 -109.594095 0 0 0
338.0583 332.9399 5.118389 -109.594095 0 0 0
116.9402 95.99682 20.9434 322.091491 0 0 0
58.00134 56.44392 1.557416 153.1536572 0 0 0
58.00134 56.44392 1.557416 153.1536572 0 0 0
58.00134 56.44392 1.557416 153.1536572 0 0 0
58.00134 56.44392 1.557416 153.1536572 0 0 0
58.00134 56.44392 1.557416 153.1536572 0 0 0
58.00134 56.44392 1.557416 153.1536572 0 0 0
58.00134 56.44392 1.557416 153.1536572 0 0 0
58.00134 56.44392 1.557416 153.1536572 0 0 0
58.00134 56.44392 1.557416 153.1536572 0 0 0
58.00134 56.44392 1.557416 153.1536572 0 0 0
58.00134 56.44392 1.557416 153.1536572 0 0 0
58.00134 56.44392 1.557416 153.1536572 0 0 0
58.00134 56.44392 1.557416 153.1536572 0 0 0
58.00134 56.44392 1.557416 153.1536572 0 0 0
58.00134 56.44392 1.557416 153.1536572 0 0 0
58.00134 56.44392 1.557416 153.1536572 0 0 0
172.1234 166.8305 5.292921 -73.7356989 0 0 0
172.1234 166.8305 5.292921 -73.7356989 0 0 0
172.1234 166.8305 5.292921 -73.7356989 0 0 0
172.1234 166.8305 5.292921 -73.7356989 0 0 0
172.1234 166.8305 5.292921 -73.7356989 0 0 0
172.1234 166.8305 5.292921 -73.7356989 0 0 0
172.1234 166.8305 5.292921 -73.7356989 0 0 0
172.1234 166.8305 5.292921 -73.7356989 0 0 0
172.1234 166.8305 5.292921 -73.7356989 0 0 0
1082.924 1079.429 3.494797 -328.4006392 2.732497 2.732497 0
1082.924 1079.429 3.494797 -328.4006392 2.732497 2.732497 0
1082.924 1079.429 3.494797 -328.4006392 2.732497 2.732497 0
1082.924 1079.429 3.494797 -328.4006392 2.732497 2.732497 0
664.8096 660.7597 4.049864 -363.5601798 0.6838547 0.6838547 0
664.8096 660.7597 4.049864 -363.5601798 0.6838547 0.6838547 0
664.8096 660.7597 4.049864 -363.5601798 0.6838547 0.6838547 0
664.8096 660.7597 4.049864 -363.5601798 0.6838547 0.6838547 0
664.8096 660.7597 4.049864 -363.5601798 0.6838547 0.6838547 0
664.8096 660.7597 4.049864 -363.5601798 0.6838547 0.6838547 0
664.8096 660.7597 4.049864 -363.5601798 0.6838547 0.6838547 0
120.1435 117.2611 2.882362 716.9253184 0.6228463 0 0.6228463
120.1435 117.2611 2.882362 716.9253184 0.6228463 0 0.6228463
120.1435 117.2611 2.882362 716.9253184 0.6228463 0 0.6228463
120.1435 117.2611 2.882362 716.9253184 0.6228463 0 0.6228463
120.1435 117.2611 2.882362 716.9253184 0.6228463 0 0.6228463
221.7221 215.3676 6.354508 381.9134974 0 0 0
221.7221 215.3676 6.354508 381.9134974 0 0 0
221.7221 215.3676 6.354508 381.9134974 0 0 0
221.7221 215.3676 6.354508 381.9134974 0 0 0
221.7221 215.3676 6.354508 381.9134974 0 0 0
221.7221 215.3676 6.354508 381.9134974 0 0 0
221.7221 215.3676 6.354508 381.9134974 0 0 0
76.27427 71.34113 4.933139 4147.2306411 0 0 0
76.27427 71.34113 4.933139 4147.2306411 0 0 0
76.27427 71.34113 4.933139 4147.2306411 0 0 0
76.27427 71.34113 4.933139 4147.2306411 0 0 0
76.27427 71.34113 4.933139 4147.2306411 0 0 0
50.15165 42.78778 7.363875 175.236143 0 0 0
50.15165 42.78778 7.363875 175.236143 0 0 0
50.15165 42.78778 7.363875 175.236143 0 0 0
50.15165 42.78778 7.363875 175.236143 0 0 0
50.15165 42.78778 7.363875 175.236143 0 0 0
50.15165 42.78778 7.363875 175.236143 0 0 0
88.48518 84.72755 3.757626 343.9623042 0.2691222 0 0.2691222
88.48518 84.72755 3.757626 343.9623042 0.2691222 0 0.2691222
88.48518 84.72755 3.757626 343.9623042 0.2691222 0 0.2691222
88.48518 84.72755 3.757626 343.9623042 0.2691222 0 0.2691222
200.0361 190.5099 9.526226 -29.4207001 0.0360258 0 0.0360258
200.0361 190.5099 9.526226 -29.4207001 0.0360258 0 0.0360258
200.0361 190.5099 9.526226 -29.4207001 0.0360258 0 0.0360258
200.0361 190.5099 9.526226 -29.4207001 0.0360258 0 0.0360258
243.0635 92.94333 150.1202 504.6601645 0 0 0
243.0635 92.94333 150.1202 504.6601645 0 0 0
243.0635 92.94333 150.1202 504.6601645 0 0 0
243.0635 92.94333 150.1202 504.6601645 0 0 0
243.0635 92.94333 150.1202 504.6601645 0 0 0
243.0635 92.94333 150.1202 504.6601645 0 0 0
243.0635 92.94333 150.1202 504.6601645 0 0 0
243.0635 92.94333 150.1202 504.6601645 0 0 0
243.0635 92.94333 150.1202 504.6601645 0 0 0
243.0635 92.94333 150.1202 504.6601645 0 0 0
243.0635 92.94333 150.1202 504.6601645 0 0 0
243.0635 92.94333 150.1202 504.6601645 0 0 0
243.0635 92.94333 150.1202 504.6601645 0 0 0
243.0635 92.94333 150.1202 504.6601645 0 0 0
68.93775 67.63483 1.302919 23.6597525 0 0 0
68.93775 67.63483 1.302919 23.6597525 0 0 0
68.93775 67.63483 1.302919 23.6597525 0 0 0
68.93775 67.63483 1.302919 23.6597525 0 0 0
68.93775 67.63483 1.302919 23.6597525 0 0 0
68.93775 67.63483 1.302919 23.6597525 0 0 0
68.93775 67.63483 1.302919 23.6597525 0 0 0
68.93775 67.63483 1.302919 23.6597525 0 0 0
68.93775 67.63483 1.302919 23.6597525 0 0 0
399.2887 396.5007 2.787955 -31.0541636 0 0 0
399.2887 396.5007 2.787955 -31.0541636 0 0 0
399.2887 396.5007 2.787955 -31.0541636 0 0 0
399.2887 396.5007 2.787955 -31.0541636 0 0 0
399.2887 396.5007 2.787955 -31.0541636 0 0 0
399.2887 396.5007 2.787955 -31.0541636 0 0 0
399.2887 396.5007 2.787955 -31.0541636 0 0 0
77.82156 41.00271 36.81885 300.1462317 0 0 0
77.82156 41.00271 36.81885 300.1462317 0 0 0
87.69461 85.80492 1.88969 245.8822524 0 0 0
87.69461 85.80492 1.88969 245.8822524 0 0 0
87.69461 85.80492 1.88969 245.8822524 0 0 0
87.69461 85.80492 1.88969 245.8822524 0 0 0
87.69461 85.80492 1.88969 245.8822524 0 0 0
87.69461 85.80492 1.88969 245.8822524 0 0 0
87.69461 85.80492 1.88969 245.8822524 0 0 0
87.69461 85.80492 1.88969 245.8822524 0 0 0
87.69461 85.80492 1.88969 245.8822524 0 0 0
87.69461 85.80492 1.88969 245.8822524 0 0 0
87.69461 85.80492 1.88969 245.8822524 0 0 0
239.5549 233.8113 5.743649 3694.3484425 0 0 0
239.5549 233.8113 5.743649 3694.3484425 0 0 0
239.5549 233.8113 5.743649 3694.3484425 0 0 0
239.5549 233.8113 5.743649 3694.3484425 0 0 0
239.5549 233.8113 5.743649 3694.3484425 0 0 0
239.5549 233.8113 5.743649 3694.3484425 0 0 0
239.5549 233.8113 5.743649 3694.3484425 0 0 0
239.5549 233.8113 5.743649 3694.3484425 0 0 0
239.5549 233.8113 5.743649 3694.3484425 0 0 0
239.5549 233.8113 5.743649 3694.3484425 0 0 0
239.5549 233.8113 5.743649 3694.3484425 0 0 0
239.5549 233.8113 5.743649 3694.3484425 0 0 0
239.5549 233.8113 5.743649 3694.3484425 0 0 0
239.5549 233.8113 5.743649 3694.3484425 0 0 0
239.5549 233.8113 5.743649 3694.3484425 0 0 0
239.5549 233.8113 5.743649 3694.3484425 0 0 0
239.5549 233.8113 5.743649 3694.3484425 0 0 0
151.5123 146.3469 5.165322 1395.5928309 0 0 0
151.5123 146.3469 5.165322 1395.5928309 0 0 0
151.5123 146.3469 5.165322 1395.5928309 0 0 0
151.5123 146.3469 5.165322 1395.5928309 0 0 0
151.5123 146.3469 5.165322 1395.5928309 0 0 0
151.5123 146.3469 5.165322 1395.5928309 0 0 0
162.059 135.2848 26.77424 237.6359196 0 0 0
162.059 135.2848 26.77424 237.6359196 0 0 0
162.059 135.2848 26.77424 237.6359196 0 0 0
162.059 135.2848 26.77424 237.6359196 0 0 0
162.059 135.2848 26.77424 237.6359196 0 0 0
162.059 135.2848 26.77424 237.6359196 0 0 0
162.059 135.2848 26.77424 237.6359196 0 0 0
130.379 81.75244 48.62658 219.1622539 0 0 0
130.379 81.75244 48.62658 219.1622539 0 0 0
130.379 81.75244 48.62658 219.1622539 0 0 0
130.379 81.75244 48.62658 219.1622539 0 0 0
130.379 81.75244 48.62658 219.1622539 0 0 0
130.379 81.75244 48.62658 219.1622539 0 0 0
130.379 81.75244 48.62658 219.1622539 0 0 0
130.379 81.75244 48.62658 219.1622539 0 0 0
130.379 81.75244 48.62658 219.1622539 0 0 0
130.379 81.75244 48.62658 219.1622539 0 0 0
130.379 81.75244 48.62658 219.1622539 0 0 0
367.4525 366.3242 1.128251 -25.4789307 4.17366 4.17366 0
367.4525 366.3242 1.128251 -25.4789307 4.17366 4.17366 0
367.4525 366.3242 1.128251 -25.4789307 4.17366 4.17366 0
367.4525 366.3242 1.128251 -25.4789307 4.17366 4.17366 0
367.4525 366.3242 1.128251 -25.4789307 4.17366 4.17366 0
65.51478 51.78858 13.72621 283.6264243 0 0 0
65.51478 51.78858 13.72621 283.6264243 0 0 0
65.51478 51.78858 13.72621 283.6264243 0 0 0
65.51478 51.78858 13.72621 283.6264243 0 0 0
65.51478 51.78858 13.72621 283.6264243 0 0 0
65.51478 51.78858 13.72621 283.6264243 0 0 0
65.51478 51.78858 13.72621 283.6264243 0 0 0
730.6526 726.0052 4.647409 -61.4033935 0 0 0
730.6526 726.0052 4.647409 -61.4033935 0 0 0
730.6526 726.0052 4.647409 -61.4033935 0 0 0
730.6526 726.0052 4.647409 -61.4033935 0 0 0
730.6526 726.0052 4.647409 -61.4033935 0 0 0
730.6526 726.0052 4.647409 -61.4033935 0 0 0
730.6526 726.0052 4.647409 -61.4033935 0 0 0
730.6526 726.0052 4.647409 -61.4033935 0 0 0
730.6526 726.0052 4.647409 -61.4033935 0 0 0
730.6526 726.0052 4.647409 -61.4033935 0 0 0
730.6526 726.0052 4.647409 -61.4033935 0 0 0
76.85855 7.04011 69.81844 288.151599 0 0 0
76.85855 7.04011 69.81844 288.151599 0 0 0
76.85855 7.04011 69.81844 288.151599 0 0 0
76.85855 7.04011 69.81844 288.151599 0 0 0
76.85855 7.04011 69.81844 288.151599 0 0 0
76.85855 7.04011 69.81844 288.151599 0 0 0
76.85855 7.04011 69.81844 288.151599 0 0 0
296.3881 0 296.3881 4185.882506 0 0 0
296.3881 0 296.3881 4185.882506 0 0 0
296.3881 0 296.3881 4185.882506 0 0 0
296.3881 0 296.3881 4185.882506 0 0 0
296.3881 0 296.3881 4185.882506 0 0 0
296.3881 0 296.3881 4185.882506 0 0 0
129.4774 0 129.4774 462.3373807 0 0 0
296.3882 0 296.3882 1817.0134257 0 0 0
431.6228 358.5316 73.09125 172.768628 0.441966 0.4180425 0.02392349
431.6228 358.5316 73.09125 172.768628 0.441966 0.4180425 0.02392349
431.6228 358.5316 73.09125 172.768628 0.441966 0.4180425 0.02392349
296.3882 0 296.3882 899.641913 0 0 0
296.3882 0 296.3882 899.641913 0 0 0
153.7577 0 153.7577 532.9572421 0 0 0
153.7577 0 153.7577 532.9572421 0 0 0
153.7577 0 153.7577 532.9572421 0 0 0
296.3882 0 296.3882 1767.9667548 0 0 0
296.3882 0 296.3882 1767.9667548 0 0 0
296.3882 0 296.3882 1767.9667548 0 0 0
296.3882 0 296.3882 1767.9667548 0 0 0
296.3882 0 296.3882 2889.9110033 0 0 0
296.3882 0 296.3882 2889.9110033 0 0 0
296.3881 0 296.3881 1041.9955864 0 0 0
296.3881 0 296.3881 1041.9955864 0 0 0
296.3882 0 296.3882 1273.3229121 0 0 0
296.3882 0 296.3882 1273.3229121 0 0 0
296.3882 0 296.3882 1273.3229121 0 0 0
296.3882 0 296.3882 1273.3229121 0 0 0
296.3882 0 296.3882 1273.3229121 0 0 0
296.3882 0 296.3882 1273.1891504 0 0 0
296.3882 0 296.3882 1273.1891504 0 0 0
296.3882 0 296.3882 1273.1891504 0 0 0
296.3882 0 296.3882 997.1464479 0 0 0
296.3882 0 296.3882 997.1464479 0 0 0
296.3882 0 296.3882 997.1464479 0 0 0
296.3879 0 296.3879 1069.2452752 0 0 0
217.7735 0 217.7735 692.0983081 0 0 0
296.3882 0 296.3882 1809.0512047 0 0 0
296.3882 0 296.3882 1809.0512047 0 0 0
296.3882 0 296.3882 1809.0512047 0 0 0
296.3883 0 296.3883 2287.6472883 0 0 0
296.3882 0 296.3882 1268.7974931 0 0 0
296.3882 0 296.3882 1268.7974931 0 0 0
296.3882 0 296.3882 1268.7974931 0 0 0
296.3882 0 296.3882 2114.0346643 0 0 0
296.3882 0 296.3882 2114.0346643 0 0 0
296.3882 0 296.3882 2114.0346643 0 0 0
296.3882 0 296.3882 2114.0346643 0 0 0
296.3882 0 296.3882 2114.0346643 0 0 0
296.3882 0 296.3882 2114.0346643 0 0 0
296.3882 0 296.3882 2114.0346643 0 0 0
211.4269 0 211.4269 690.6581119 0 0 0
87.24428 0 87.24428 341.0276704 0 0 0
296.3882 0 296.3882 1356.5965216 0 0 0
296.3882 0 296.3882 1356.5965216 0 0 0
296.3882 0 296.3882 1356.5965216 0 0 0
296.3882 0 296.3882 1356.5965216 0 0 0
296.3882 0 296.3882 1356.5965216 0 0 0
296.3882 0 296.3882 1356.5965216 0 0 0
296.3882 0 296.3882 1549.8864748 0 0 0
296.3882 0 296.3882 1549.8864748 0 0 0
296.3882 0 296.3882 1549.8864748 0 0 0
296.3882 0 296.3882 1549.8864748 0 0 0
174.6455 0 174.6455 583.6998225 0 0 0
452.625 435.9755 16.64949 98.9809747 15.73342 15.73342 0
452.625 435.9755 16.64949 98.9809747 15.73342 15.73342 0
452.625 435.9755 16.64949 98.9809747 15.73342 15.73342 0
452.625 435.9755 16.64949 98.9809747 15.73342 15.73342 0
452.625 435.9755 16.64949 98.9809747 15.73342 15.73342 0
506.964 238.254 268.71 621.3496605 4.71367 4.71367 0
506.964 238.254 268.71 621.3496605 4.71367 4.71367 0
506.964 238.254 268.71 621.3496605 4.71367 4.71367 0
506.964 238.254 268.71 621.3496605 4.71367 4.71367 0
220.1717 0 220.1717 695.397929 0 0 0
220.1717 0 220.1717 695.397929 0 0 0
220.1717 0 220.1717 695.397929 0 0 0
201.2867 0 201.2867 670.141394 0 0 0
201.2867 0 201.2867 670.141394 0 0 0
296.3881 0 296.3881 1363.7905057 0 0 0
296.3881 0 296.3881 1363.7905057 0 0 0
81.23074 63.3881 17.84265 223.0627668 0 0 0
81.23074 63.3881 17.84265 223.0627668 0 0 0
81.23074 63.3881 17.84265 223.0627668 0 0 0
81.23074 63.3881 17.84265 223.0627668 0 0 0
81.23074 63.3881 17.84265 223.0627668 0 0 0
81.23074 63.3881 17.84265 223.0627668 0 0 0
81.23074 63.3881 17.84265 223.0627668 0 0 0
81.23074 63.3881 17.84265 223.0627668 0 0 0
81.23074 63.3881 17.84265 223.0627668 0 0 0
15.62481 14.94562 0.6791973 817.7163326 0 0 0
15.62481 14.94562 0.6791973 817.7163326 0 0 0
15.62481 14.94562 0.6791973 817.7163326 0 0 0
15.62481 14.94562 0.6791973 817.7163326 0 0 0
15.62481 14.94562 0.6791973 817.7163326 0 0 0
15.62481 14.94562 0.6791973 817.7163326 0 0 0
15.62481 14.94562 0.6791973 817.7163326 0 0 0
15.62481 14.94562 0.6791973 817.7163326 0 0 0
15.62481 14.94562 0.6791973 817.7163326 0 0 0
15.62481 14.94562 0.6791973 817.7163326 0 0 0
15.62481 14.94562 0.6791973 817.7163326 0 0 0
15.62481 14.94562 0.6791973 817.7163326 0 0 0
15.62481 14.94562 0.6791973 817.7163326 0 0 0
15.62481 14.94562 0.6791973 817.7163326 0 0 0
15.62481 14.94562 0.6791973 817.7163326 0 0 0
15.62481 14.94562 0.6791973 817.7163326 0 0 0
15.62481 14.94562 0.6791973 817.7163326 0 0 0
15.62481 14.94562 0.6791973 817.7163326 0 0 0
15.62481 14.94562 0.6791973 817.7163326 0 0 0
15.62481 14.94562 0.6791973 817.7163326 0 0 0
15.62481 14.94562 0.6791973 817.7163326 0 0 0
27.42805 26.31552 1.112537 366.098221 0 0 0
27.42805 26.31552 1.112537 366.098221 0 0 0
27.42805 26.31552 1.112537 366.098221 0 0 0
27.42805 26.31552 1.112537 366.098221 0 0 0
27.42805 26.31552 1.112537 366.098221 0 0 0
27.42805 26.31552 1.112537 366.098221 0 0 0
27.42805 26.31552 1.112537 366.098221 0 0 0
27.42805 26.31552 1.112537 366.098221 0 0 0
27.42805 26.31552 1.112537 366.098221 0 0 0
27.10069 26.4692 0.6314928 2025.5232672 0 0 0
27.10069 26.4692 0.6314928 2025.5232672 0 0 0
27.10069 26.4692 0.6314928 2025.5232672 0 0 0
27.10069 26.4692 0.6314928 2025.5232672 0 0 0
27.10069 26.4692 0.6314928 2025.5232672 0 0 0
27.10069 26.4692 0.6314928 2025.5232672 0 0 0
27.10069 26.4692 0.6314928 2025.5232672 0 0 0
27.10069 26.4692 0.6314928 2025.5232672 0 0 0
27.10069 26.4692 0.6314928 2025.5232672 0 0 0
27.10069 26.4692 0.6314928 2025.5232672 0 0 0
27.10069 26.4692 0.6314928 2025.5232672 0 0 0
27.10069 26.4692 0.6314928 2025.5232672 0 0 0
27.10069 26.4692 0.6314928 2025.5232672 0 0 0
250.185 237.2167 12.96832 144.2039311 0 0 0
250.185 237.2167 12.96832 144.2039311 0 0 0
250.185 237.2167 12.96832 144.2039311 0 0 0
250.185 237.2167 12.96832 144.2039311 0 0 0
250.185 237.2167 12.96832 144.2039311 0 0 0
250.185 237.2167 12.96832 144.2039311 0 0 0
250.185 237.2167 12.96832 144.2039311 0 0 0
250.185 237.2167 12.96832 144.2039311 0 0 0
30.21387 26.91599 3.297879 460.9118823 0 0 0
30.21387 26.91599 3.297879 460.9118823 0 0 0
30.21387 26.91599 3.297879 460.9118823 0 0 0
30.21387 26.91599 3.297879 460.9118823 0 0 0
30.21387 26.91599 3.297879 460.9118823 0 0 0
30.21387 26.91599 3.297879 460.9118823 0 0 0
30.21387 26.91599 3.297879 460.9118823 0 0 0
30.21387 26.91599 3.297879 460.9118823 0 0 0
30.21387 26.91599 3.297879 460.9118823 0 0 0
30.21387 26.91599 3.297879 460.9118823 0 0 0
30.21387 26.91599 3.297879 460.9118823 0 0 0
30.21387 26.91599 3.297879 460.9118823 0 0 0
30.21387 26.91599 3.297879 460.9118823 0 0 0
30.21387 26.91599 3.297879 460.9118823 0 0 0
30.21387 26.91599 3.297879 460.9118823 0 0 0
74.71225 73.90839 0.8038664 230.6694181 0.006206504 0 0.006206504
74.71225 73.90839 0.8038664 230.6694181 0.006206504 0 0.006206504
30.5558 27.65924 2.896562 24.7193701 0 0 0
30.5558 27.65924 2.896562 24.7193701 0 0 0
30.5558 27.65924 2.896562 24.7193701 0 0 0
30.5558 27.65924 2.896562 24.7193701 0 0 0
30.5558 27.65924 2.896562 24.7193701 0 0 0
30.5558 27.65924 2.896562 24.7193701 0 0 0
30.5558 27.65924 2.896562 24.7193701 0 0 0
30.5558 27.65924 2.896562 24.7193701 0 0 0
30.5558 27.65924 2.896562 24.7193701 0 0 0
30.5558 27.65924 2.896562 24.7193701 0 0 0
30.5558 27.65924 2.896562 24.7193701 0 0 0
20.39786 20.15657 0.2412838 1098.0673246 0 0 0
20.39786 20.15657 0.2412838 1098.0673246 0 0 0
20.39786 20.15657 0.2412838 1098.0673246 0 0 0
20.39786 20.15657 0.2412838 1098.0673246 0 0 0
20.39786 20.15657 0.2412838 1098.0673246 0 0 0
20.39786 20.15657 0.2412838 1098.0673246 0 0 0
20.39786 20.15657 0.2412838 1098.0673246 0 0 0
20.39786 20.15657 0.2412838 1098.0673246 0 0 0
20.39786 20.15657 0.2412838 1098.0673246 0 0 0
20.39786 20.15657 0.2412838 1098.0673246 0 0 0
20.39786 20.15657 0.2412838 1098.0673246 0 0 0
20.39786 20.15657 0.2412838 1098.0673246 0 0 0
20.39786 20.15657 0.2412838 1098.0673246 0 0 0
20.39786 20.15657 0.2412838 1098.0673246 0 0 0
20.39786 20.15657 0.2412838 1098.0673246 0 0 0
20.39786 20.15657 0.2412838 1098.0673246 0 0 0
20.39786 20.15657 0.2412838 1098.0673246 0 0 0
20.39786 20.15657 0.2412838 1098.0673246 0 0 0
20.39786 20.15657 0.2412838 1098.0673246 0 0 0
20.39786 20.15657 0.2412838 1098.0673246 0 0 0
20.39786 20.15657 0.2412838 1098.0673246 0 0 0
20.39786 20.15657 0.2412838 1098.0673246 0 0 0
20.39786 20.15657 0.2412838 1098.0673246 0 0 0
53.75265 52.05557 1.697076 45.7618143 0 0 0
9.808858 9.400884 0.4079739 17.4189415 0 0 0
