436.1079 424.4204 11.68751 488.5082 0 0 0
436.1079 424.4204 11.68751 488.5082 0 0 0
436.1079 424.4204 11.68751 488.5082 0 0 0
436.1079 424.4204 11.68751 488.5082 0 0 0
436.1079 424.4204 11.68751 488.5082 0 0 0
436.1079 424.4204 11.68751 488.5082 0 0 0
285.6677 195.6327 90.03501 703.984 0 0 0
285.6677 195.6327 90.03501 703.984 0 0 0
285.6677 195.6327 90.03501 703.984 0 0 0
285.6677 195.6327 90.03501 703.984 0 0 0
285.6677 195.6327 90.03501 703.984 0 0 0
285.6677 195.6327 90.03501 703.984 0 0 0
285.6677 195.6327 90.03501 703.984 0 0 0
369.6913 361.1499 8.541366 4599.433 0 0 0
369.6913 361.1499 8.541366 4599.433 0 0 0
369.6913 361.1499 8.541366 4599.433 0 0 0
369.6913 361.1499 8.541366 4599.433 0 0 0
369.6913 361.1499 8.541366 4599.433 0 0 0
369.6913 361.1499 8.541366 4599.433 0 0 0
369.6913 361.1499 8.541366 4599.433 0 0 0
369.6913 361.1499 8.541366 4599.433 0 0 0
369.6913 361.1499 8.541366 4599.433 0 0 0
369.6913 361.1499 8.541366 4599.433 0 0 0
369.6913 361.1499 8.541366 4599.433 0 0 0
369.6913 361.1499 8.541366 4599.433 0 0 0
369.6913 361.1499 8.541366 4599.433 0 0 0
0 0 0 4670.305 0 0 0
0 0 0 4670.305 0 0 0
0 0 0 4670.305 0 0 0
0 0 0 4670.305 0 0 0
0 0 0 4670.305 0 0 0
0 0 0 4670.305 0 0 0
0 0 0 4670.305 0 0 0
0 0 0 4670.305 0 0 0
0 0 0 4670.305 0 0 0
0 0 0 4670.305 0 0 0
0 0 0 4670.305 0 0 0
0 0 0 4670.305 0 0 0
42.4092 32.40577 10.00343 110.5209 0 0 0
42.4092 32.40577 10.00343 110.5209 0 0 0
42.4092 32.40577 10.00343 110.5209 0 0 0
42.4092 32.40577 10.00343 110.5209 0 0 0
42.4092 32.40577 10.00343 110.5209 0 0 0
42.4092 32.40577 10.00343 110.5209 0 0 0
42.4092 32.40577 10.00343 110.5209 0 0 0
42.4092 32.40577 10.00343 110.5209 0 0 0
42.4092 32.40577 10.00343 110.5209 0 0 0
42.4092 32.40577 10.00343 110.5209 0 0 0
42.4092 32.40577 10.00343 110.5209 0 0 0
42.4092 32.40577 10.00343 110.5209 0 0 0
42.4092 32.40577 10.00343 110.5209 0 0 0
42.4092 32.40577 10.00343 110.5209 0 0 0
42.4092 32.40577 10.00343 110.5209 0 0 0
42.4092 32.40577 10.00343 110.5209 0 0 0
42.4092 32.40577 10.00343 110.5209 0 0 0
42.4092 32.40577 10.00343 110.5209 0 0 0
203.5062 82.04129 121.4649 570.077 0.1053193 0 0.1053193
203.5062 82.04129 121.4649 570.077 0.1053193 0 0.1053193
203.5062 82.04129 121.4649 570.077 0.1053193 0 0.1053193
203.5062 82.04129 121.4649 570.077 0.1053193 0 0.1053193
203.5062 82.04129 121.4649 570.077 0.1053193 0 0.1053193
203.5062 82.04129 121.4649 570.077 0.1053193 0 0.1053193
203.5062 82.04129 121.4649 570.077 0.1053193 0 0.1053193
203.5062 82.04129 121.4649 570.077 0.1053193 0 0.1053193
203.5062 82.04129 121.4649 570.077 0.1053193 0 0.1053193
203.5062 82.04129 121.4649 570.077 0.1053193 0 0.1053193
203.5062 82.04129 121.4649 570.077 0.1053193 0 0.1053193
203.5062 82.04129 121.4649 570.077 0.1053193 0 0.1053193
203.5062 82.04129 121.4649 570.077 0.1053193 0 0.1053193
203.5062 82.04129 121.4649 570.077 0.1053193 0 0.1053193
203.5062 82.04129 121.4649 570.077 0.1053193 0 0.1053193
203.5062 82.04129 121.4649 570.077 0.1053193 0 0.1053193
203.5062 82.04129 121.4649 570.077 0.1053193 0 0.1053193
203.5062 82.04129 121.4649 570.077 0.1053193 0 0.1053193
203.5062 82.04129 121.4649 570.077 0.1053193 0 0.1053193
203.5062 82.04129 121.4649 570.077 0.1053193 0 0.1053193
203.5062 82.04129 121.4649 570.077 0.1053193 0 0.1053193
203.5062 82.04129 121.4649 570.077 0.1053193 0 0.1053193
203.5062 82.04129 121.4649 570.077 0.1053193 0 0.1053193
203.5062 82.04129 121.4649 570.077 0.1053193 0 0.1053193
203.5062 82.04129 121.4649 570.077 0.1053193 0 0.1053193
203.5062 82.04129 121.4649 570.077 0.1053193 0 0.1053193
203.5062 82.04129 121.4649 570.077 0.1053193 0 0.1053193
203.5062 82.04129 121.4649 570.077 0.1053193 0 0.1053193
203.5062 82.04129 121.4649 570.077 0.1053193 0 0.1053193
203.5062 82.04129 121.4649 570.077 0.1053193 0 0.1053193
203.5062 82.04129 121.4649 570.077 0.1053193 0 0.1053193
325.8209 195.5111 130.3098 594.2364 0 0 0
325.8209 195.5111 130.3098 594.2364 0 0 0
325.8209 195.5111 130.3098 594.2364 0 0 0
325.8209 195.5111 130.3098 594.2364 0 0 0
325.8209 195.5111 130.3098 594.2364 0 0 0
325.8209 195.5111 130.3098 594.2364 0 0 0
325.8209 195.5111 130.3098 594.2364 0 0 0
325.8209 195.5111 130.3098 594.2364 0 0 0
325.8209 195.5111 130.3098 594.2364 0 0 0
325.8209 195.5111 130.3098 594.2364 0 0 0
325.8209 195.5111 130.3098 594.2364 0 0 0
325.8209 195.5111 130.3098 594.2364 0 0 0
325.8209 195.5111 130.3098 594.2364 0 0 0
325.8209 195.5111 130.3098 594.2364 0 0 0
325.8209 195.5111 130.3098 594.2364 0 0 0
325.8209 195.5111 130.3098 594.2364 0 0 0
325.8209 195.5111 130.3098 594.2364 0 0 0
325.8209 195.5111 130.3098 594.2364 0 0 0
325.8209 195.5111 130.3098 594.2364 0 0 0
325.8209 195.5111 130.3098 594.2364 0 0 0
325.8209 195.5111 130.3098 594.2364 0 0 0
325.8209 195.5111 130.3098 594.2364 0 0 0
325.8209 195.5111 130.3098 594.2364 0 0 0
325.8209 195.5111 130.3098 594.2364 0 0 0
325.8209 195.5111 130.3098 594.2364 0 0 0
325.8209 195.5111 130.3098 594.2364 0 0 0
325.8209 195.5111 130.3098 594.2364 0 0 0
325.8209 195.5111 130.3098 594.2364 0 0 0
325.8209 195.5111 130.3098 594.2364 0 0 0
325.8209 195.5111 130.3098 594.2364 0 0 0
132.92 106.6616 26.25835 108.6726 0.2931967 0 0.2931967
132.92 106.6616 26.25835 108.6726 0.2931967 0 0.2931967
132.92 106.6616 26.25835 108.6726 0.2931967 0 0.2931967
132.92 106.6616 26.25835 108.6726 0.2931967 0 0.2931967
132.92 106.6616 26.25835 108.6726 0.2931967 0 0.2931967
132.92 106.6616 26.25835 108.6726 0.2931967 0 0.2931967
132.92 106.6616 26.25835 108.6726 0.2931967 0 0.2931967
132.92 106.6616 26.25835 108.6726 0.2931967 0 0.2931967
132.92 106.6616 26.25835 108.6726 0.2931967 0 0.2931967
132.92 106.6616 26.25835 108.6726 0.2931967 0 0.2931967
132.92 106.6616 26.25835 108.6726 0.2931967 0 0.2931967
132.92 106.6616 26.25835 108.6726 0.2931967 0 0.2931967
132.92 106.6616 26.25835 108.6726 0.2931967 0 0.2931967
132.92 106.6616 26.25835 108.6726 0.2931967 0 0.2931967
132.92 106.6616 26.25835 108.6726 0.2931967 0 0.2931967
132.92 106.6616 26.25835 108.6726 0.2931967 0 0.2931967
132.92 106.6616 26.25835 108.6726 0.2931967 0 0.2931967
132.92 106.6616 26.25835 108.6726 0.2931967 0 0.2931967
132.92 106.6616 26.25835 108.6726 0.2931967 0 0.2931967
823.1062 818.7311 4.375109 2321.778 0 0 0
823.1062 818.7311 4.375109 2321.778 0 0 0
823.1062 818.7311 4.375109 2321.778 0 0 0
823.1062 818.7311 4.375109 2321.778 0 0 0
823.1062 818.7311 4.375109 2321.778 0 0 0
823.1062 818.7311 4.375109 2321.778 0 0 0
823.1062 818.7311 4.375109 2321.778 0 0 0
823.1062 818.7311 4.375109 2321.778 0 0 0
823.1062 818.7311 4.375109 2321.778 0 0 0
823.1062 818.7311 4.375109 2321.778 0 0 0
823.1062 818.7311 4.375109 2321.778 0 0 0
823.1062 818.7311 4.375109 2321.778 0 0 0
823.1062 818.7311 4.375109 2321.778 0 0 0
823.1062 818.7311 4.375109 2321.778 0 0 0
580.4757 556.1547 24.32107 285.2883 0 0 0
580.4757 556.1547 24.32107 285.2883 0 0 0
580.4757 556.1547 24.32107 285.2883 0 0 0
580.4757 556.1547 24.32107 285.2883 0 0 0
580.4757 556.1547 24.32107 285.2883 0 0 0
580.4757 556.1547 24.32107 285.2883 0 0 0
580.4757 556.1547 24.32107 285.2883 0 0 0
580.4757 556.1547 24.32107 285.2883 0 0 0
580.4757 556.1547 24.32107 285.2883 0 0 0
580.4757 556.1547 24.32107 285.2883 0 0 0
580.4757 556.1547 24.32107 285.2883 0 0 0
580.4757 556.1547 24.32107 285.2883 0 0 0
580.4757 556.1547 24.32107 285.2883 0 0 0
579.1419 563.3187 15.82326 176.9699 0.01453724 0 0.01453724
579.1419 563.3187 15.82326 176.9699 0.01453724 0 0.01453724
579.1419 563.3187 15.82326 176.9699 0.01453724 0 0.01453724
579.1419 563.3187 15.82326 176.9699 0.01453724 0 0.01453724
579.1419 563.3187 15.82326 176.9699 0.01453724 0 0.01453724
579.1419 563.3187 15.82326 176.9699 0.01453724 0 0.01453724
579.1419 563.3187 15.82326 176.9699 0.01453724 0 0.01453724
579.1419 563.3187 15.82326 176.9699 0.01453724 0 0.01453724
579.1419 563.3187 15.82326 176.9699 0.01453724 0 0.01453724
579.1419 563.3187 15.82326 176.9699 0.01453724 0 0.01453724
579.1419 563.3187 15.82326 176.9699 0.01453724 0 0.01453724
579.1419 563.3187 15.82326 176.9699 0.01453724 0 0.01453724
579.1419 563.3187 15.82326 176.9699 0.01453724 0 0.01453724
579.1419 563.3187 15.82326 176.9699 0.01453724 0 0.01453724
579.1419 563.3187 15.82326 176.9699 0.01453724 0 0.01453724
579.1419 563.3187 15.82326 176.9699 0.01453724 0 0.01453724
579.1419 563.3187 15.82326 176.9699 0.01453724 0 0.01453724
579.1419 563.3187 15.82326 176.9699 0.01453724 0 0.01453724
579.1419 563.3187 15.82326 176.9699 0.01453724 0 0.01453724
579.1419 563.3187 15.82326 176.9699 0.01453724 0 0.01453724
579.1419 563.3187 15.82326 176.9699 0.01453724 0 0.01453724
579.1419 563.3187 15.82326 176.9699 0.01453724 0 0.01453724
579.1419 563.3187 15.82326 176.9699 0.01453724 0 0.01453724
579.1419 563.3187 15.82326 176.9699 0.01453724 0 0.01453724
579.1419 563.3187 15.82326 176.9699 0.01453724 0 0.01453724
579.1419 563.3187 15.82326 176.9699 0.01453724 0 0.01453724
579.1419 563.3187 15.82326 176.9699 0.01453724 0 0.01453724
579.1419 563.3187 15.82326 176.9699 0.01453724 0 0.01453724
579.1419 563.3187 15.82326 176.9699 0.01453724 0 0.01453724
579.1419 563.3187 15.82326 176.9699 0.01453724 0 0.01453724
123.6553 105.4747 18.18058 109.1331 0.2532695 0 0.2532695
123.6553 105.4747 18.18058 109.1331 0.2532695 0 0.2532695
123.6553 105.4747 18.18058 109.1331 0.2532695 0 0.2532695
123.6553 105.4747 18.18058 109.1331 0.2532695 0 0.2532695
123.6553 105.4747 18.18058 109.1331 0.2532695 0 0.2532695
123.6553 105.4747 18.18058 109.1331 0.2532695 0 0.2532695
123.6553 105.4747 18.18058 109.1331 0.2532695 0 0.2532695
123.6553 105.4747 18.18058 109.1331 0.2532695 0 0.2532695
123.6553 105.4747 18.18058 109.1331 0.2532695 0 0.2532695
123.6553 105.4747 18.18058 109.1331 0.2532695 0 0.2532695
123.6553 105.4747 18.18058 109.1331 0.2532695 0 0.2532695
123.6553 105.4747 18.18058 109.1331 0.2532695 0 0.2532695
123.6553 105.4747 18.18058 109.1331 0.2532695 0 0.2532695
123.6553 105.4747 18.18058 109.1331 0.2532695 0 0.2532695
123.6553 105.4747 18.18058 109.1331 0.2532695 0 0.2532695
123.6553 105.4747 18.18058 109.1331 0.2532695 0 0.2532695
123.6553 105.4747 18.18058 109.1331 0.2532695 0 0.2532695
123.6553 105.4747 18.18058 109.1331 0.2532695 0 0.2532695
123.6553 105.4747 18.18058 109.1331 0.2532695 0 0.2532695
123.6553 105.4747 18.18058 109.1331 0.2532695 0 0.2532695
123.6553 105.4747 18.18058 109.1331 0.2532695 0 0.2532695
123.6553 105.4747 18.18058 109.1331 0.2532695 0 0.2532695
123.6553 105.4747 18.18058 109.1331 0.2532695 0 0.2532695
123.6553 105.4747 18.18058 109.1331 0.2532695 0 0.2532695
123.6553 105.4747 18.18058 109.1331 0.2532695 0 0.2532695
123.6553 105.4747 18.18058 109.1331 0.2532695 0 0.2532695
123.6553 105.4747 18.18058 109.1331 0.2532695 0 0.2532695
470.3402 468.2447 2.095422 891.628 0 0 0
470.3402 468.2447 2.095422 891.628 0 0 0
470.3402 468.2447 2.095422 891.628 0 0 0
470.3402 468.2447 2.095422 891.628 0 0 0
470.3402 468.2447 2.095422 891.628 0 0 0
470.3402 468.2447 2.095422 891.628 0 0 0
470.3402 468.2447 2.095422 891.628 0 0 0
470.3402 468.2447 2.095422 891.628 0 0 0
470.3402 468.2447 2.095422 891.628 0 0 0
470.3402 468.2447 2.095422 891.628 0 0 0
470.3402 468.2447 2.095422 891.628 0 0 0
470.3402 468.2447 2.095422 891.628 0 0 0
470.3402 468.2447 2.095422 891.628 0 0 0
470.3402 468.2447 2.095422 891.628 0 0 0
470.3402 468.2447 2.095422 891.628 0 0 0
470.3402 468.2447 2.095422 891.628 0 0 0
470.3402 468.2447 2.095422 891.628 0 0 0
470.3402 468.2447 2.095422 891.628 0 0 0
470.3402 468.2447 2.095422 891.628 0 0 0
470.3402 468.2447 2.095422 891.628 0 0 0
470.3402 468.2447 2.095422 891.628 0 0 0
470.3402 468.2447 2.095422 891.628 0 0 0
470.3402 468.2447 2.095422 891.628 0 0 0
470.3402 468.2447 2.095422 891.628 0 0 0
470.3402 468.2447 2.095422 891.628 0 0 0
470.3402 468.2447 2.095422 891.628 0 0 0
470.3402 468.2447 2.095422 891.628 0 0 0
470.3402 468.2447 2.095422 891.628 0 0 0
470.3402 468.2447 2.095422 891.628 0 0 0
470.3402 468.2447 2.095422 891.628 0 0 0
470.3402 468.2447 2.095422 891.628 0 0 0
470.3402 468.2447 2.095422 891.628 0 0 0
470.3402 468.2447 2.095422 891.628 0 0 0
470.3402 468.2447 2.095422 891.628 0 0 0
443.4797 422.3402 21.13953 322.4601 0 0 0
443.4797 422.3402 21.13953 322.4601 0 0 0
443.4797 422.3402 21.13953 322.4601 0 0 0
443.4797 422.3402 21.13953 322.4601 0 0 0
443.4797 422.3402 21.13953 322.4601 0 0 0
443.4797 422.3402 21.13953 322.4601 0 0 0
443.4797 422.3402 21.13953 322.4601 0 0 0
443.4797 422.3402 21.13953 322.4601 0 0 0
443.4797 422.3402 21.13953 322.4601 0 0 0
443.4797 422.3402 21.13953 322.4601 0 0 0
443.4797 422.3402 21.13953 322.4601 0 0 0
443.4797 422.3402 21.13953 322.4601 0 0 0
443.4797 422.3402 21.13953 322.4601 0 0 0
443.4797 422.3402 21.13953 322.4601 0 0 0
443.4797 422.3402 21.13953 322.4601 0 0 0
443.4797 422.3402 21.13953 322.4601 0 0 0
443.4797 422.3402 21.13953 322.4601 0 0 0
443.4797 422.3402 21.13953 322.4601 0 0 0
104.9401 103.2466 1.693449 22.15482 0 0 0
104.9401 103.2466 1.693449 22.15482 0 0 0
104.9401 103.2466 1.693449 22.15482 0 0 0
104.9401 103.2466 1.693449 22.15482 0 0 0
104.9401 103.2466 1.693449 22.15482 0 0 0
104.9401 103.2466 1.693449 22.15482 0 0 0
104.9401 103.2466 1.693449 22.15482 0 0 0
104.9401 103.2466 1.693449 22.15482 0 0 0
104.9401 103.2466 1.693449 22.15482 0 0 0
104.9401 103.2466 1.693449 22.15482 0 0 0
320.5545 280.6237 39.93083 220.6254 0 0 0
320.5545 280.6237 39.93083 220.6254 0 0 0
320.5545 280.6237 39.93083 220.6254 0 0 0
320.5545 280.6237 39.93083 220.6254 0 0 0
320.5545 280.6237 39.93083 220.6254 0 0 0
320.5545 280.6237 39.93083 220.6254 0 0 0
320.5545 280.6237 39.93083 220.6254 0 0 0
320.5545 280.6237 39.93083 220.6254 0 0 0
320.5545 280.6237 39.93083 220.6254 0 0 0
320.5545 280.6237 39.93083 220.6254 0 0 0
320.5545 280.6237 39.93083 220.6254 0 0 0
320.5545 280.6237 39.93083 220.6254 0 0 0
320.5545 280.6237 39.93083 220.6254 0 0 0
320.5545 280.6237 39.93083 220.6254 0 0 0
320.5545 280.6237 39.93083 220.6254 0 0 0
320.5545 280.6237 39.93083 220.6254 0 0 0
320.5545 280.6237 39.93083 220.6254 0 0 0
320.5545 280.6237 39.93083 220.6254 0 0 0
320.5545 280.6237 39.93083 220.6254 0 0 0
320.5545 280.6237 39.93083 220.6254 0 0 0
320.5545 280.6237 39.93083 220.6254 0 0 0
320.5545 280.6237 39.93083 220.6254 0 0 0
320.5545 280.6237 39.93083 220.6254 0 0 0
320.5545 280.6237 39.93083 220.6254 0 0 0
398.7227 299.4966 99.22617 417.4887 0 0 0
398.7227 299.4966 99.22617 417.4887 0 0 0
398.7227 299.4966 99.22617 417.4887 0 0 0
398.7227 299.4966 99.22617 417.4887 0 0 0
398.7227 299.4966 99.22617 417.4887 0 0 0
398.7227 299.4966 99.22617 417.4887 0 0 0
398.7227 299.4966 99.22617 417.4887 0 0 0
398.7227 299.4966 99.22617 417.4887 0 0 0
398.7227 299.4966 99.22617 417.4887 0 0 0
398.7227 299.4966 99.22617 417.4887 0 0 0
398.7227 299.4966 99.22617 417.4887 0 0 0
947.5052 944.4162 3.088954 218.8788 0 0 0
947.5052 944.4162 3.088954 218.8788 0 0 0
947.5052 944.4162 3.088954 218.8788 0 0 0
947.5052 944.4162 3.088954 218.8788 0 0 0
947.5052 944.4162 3.088954 218.8788 0 0 0
947.5052 944.4162 3.088954 218.8788 0 0 0
947.5052 944.4162 3.088954 218.8788 0 0 0
947.5052 944.4162 3.088954 218.8788 0 0 0
947.5052 944.4162 3.088954 218.8788 0 0 0
947.5052 944.4162 3.088954 218.8788 0 0 0
947.5052 944.4162 3.088954 218.8788 0 0 0
947.5052 944.4162 3.088954 218.8788 0 0 0
947.5052 944.4162 3.088954 218.8788 0 0 0
947.5052 944.4162 3.088954 218.8788 0 0 0
947.5052 944.4162 3.088954 218.8788 0 0 0
947.5052 944.4162 3.088954 218.8788 0 0 0
947.5052 944.4162 3.088954 218.8788 0 0 0
947.5052 944.4162 3.088954 218.8788 0 0 0
947.5052 944.4162 3.088954 218.8788 0 0 0
947.5052 944.4162 3.088954 218.8788 0 0 0
947.5052 944.4162 3.088954 218.8788 0 0 0
947.5052 944.4162 3.088954 218.8788 0 0 0
947.5052 944.4162 3.088954 218.8788 0 0 0
947.5052 944.4162 3.088954 218.8788 0 0 0
947.5052 944.4162 3.088954 218.8788 0 0 0
443.6728 239.5927 204.0801 766.2083 0 0 0
443.6728 239.5927 204.0801 766.2083 0 0 0
443.6728 239.5927 204.0801 766.2083 0 0 0
443.6728 239.5927 204.0801 766.2083 0 0 0
443.6728 239.5927 204.0801 766.2083 0 0 0
443.6728 239.5927 204.0801 766.2083 0 0 0
443.6728 239.5927 204.0801 766.2083 0 0 0
443.6728 239.5927 204.0801 766.2083 0 0 0
443.6728 239.5927 204.0801 766.2083 0 0 0
443.6728 239.5927 204.0801 766.2083 0 0 0
443.6728 239.5927 204.0801 766.2083 0 0 0
443.6728 239.5927 204.0801 766.2083 0 0 0
443.6728 239.5927 204.0801 766.2083 0 0 0
443.6728 239.5927 204.0801 766.2083 0 0 0
443.6728 239.5927 204.0801 766.2083 0 0 0
443.6728 239.5927 204.0801 766.2083 0 0 0
443.6728 239.5927 204.0801 766.2083 0 0 0
286.7426 96.12119 190.6214 818.1618 0.1001926 0 0.1001926
286.7426 96.12119 190.6214 818.1618 0.1001926 0 0.1001926
286.7426 96.12119 190.6214 818.1618 0.1001926 0 0.1001926
286.7426 96.12119 190.6214 818.1618 0.1001926 0 0.1001926
286.7426 96.12119 190.6214 818.1618 0.1001926 0 0.1001926
286.7426 96.12119 190.6214 818.1618 0.1001926 0 0.1001926
286.7426 96.12119 190.6214 818.1618 0.1001926 0 0.1001926
286.7426 96.12119 190.6214 818.1618 0.1001926 0 0.1001926
286.7426 96.12119 190.6214 818.1618 0.1001926 0 0.1001926
286.7426 96.12119 190.6214 818.1618 0.1001926 0 0.1001926
286.7426 96.12119 190.6214 818.1618 0.1001926 0 0.1001926
286.7426 96.12119 190.6214 818.1618 0.1001926 0 0.1001926
286.7426 96.12119 190.6214 818.1618 0.1001926 0 0.1001926
286.7426 96.12119 190.6214 818.1618 0.1001926 0 0.1001926
286.7426 96.12119 190.6214 818.1618 0.1001926 0 0.1001926
286.7426 96.12119 190.6214 818.1618 0.1001926 0 0.1001926
286.7426 96.12119 190.6214 818.1618 0.1001926 0 0.1001926
286.7426 96.12119 190.6214 818.1618 0.1001926 0 0.1001926
286.7426 96.12119 190.6214 818.1618 0.1001926 0 0.1001926
286.7426 96.12119 190.6214 818.1618 0.1001926 0 0.1001926
286.7426 96.12119 190.6214 818.1618 0.1001926 0 0.1001926
286.7426 96.12119 190.6214 818.1618 0.1001926 0 0.1001926
286.7426 96.12119 190.6214 818.1618 0.1001926 0 0.1001926
286.7426 96.12119 190.6214 818.1618 0.1001926 0 0.1001926
286.7426 96.12119 190.6214 818.1618 0.1001926 0 0.1001926
286.7426 96.12119 190.6214 818.1618 0.1001926 0 0.1001926
286.7426 96.12119 190.6214 818.1618 0.1001926 0 0.1001926
1081.684 1075.846 5.838478 -9.227758 0 0 0
1081.684 1075.846 5.838478 -9.227758 0 0 0
1081.684 1075.846 5.838478 -9.227758 0 0 0
1081.684 1075.846 5.838478 -9.227758 0 0 0
1081.684 1075.846 5.838478 -9.227758 0 0 0
1081.684 1075.846 5.838478 -9.227758 0 0 0
1081.684 1075.846 5.838478 -9.227758 0 0 0
1081.684 1075.846 5.838478 -9.227758 0 0 0
1081.684 1075.846 5.838478 -9.227758 0 0 0
1081.684 1075.846 5.838478 -9.227758 0 0 0
1081.684 1075.846 5.838478 -9.227758 0 0 0
1081.684 1075.846 5.838478 -9.227758 0 0 0
1081.684 1075.846 5.838478 -9.227758 0 0 0
1081.684 1075.846 5.838478 -9.227758 0 0 0
1081.684 1075.846 5.838478 -9.227758 0 0 0
1081.684 1075.846 5.838478 -9.227758 0 0 0
1081.684 1075.846 5.838478 -9.227758 0 0 0
1081.684 1075.846 5.838478 -9.227758 0 0 0
1081.684 1075.846 5.838478 -9.227758 0 0 0
1081.684 1075.846 5.838478 -9.227758 0 0 0
1081.684 1075.846 5.838478 -9.227758 0 0 0
1081.684 1075.846 5.838478 -9.227758 0 0 0
1081.684 1075.846 5.838478 -9.227758 0 0 0
1081.684 1075.846 5.838478 -9.227758 0 0 0
1081.684 1075.846 5.838478 -9.227758 0 0 0
416.7876 400.8902 15.8974 79.52561 1.022437 0 1.022437
416.7876 400.8902 15.8974 79.52561 1.022437 0 1.022437
416.7876 400.8902 15.8974 79.52561 1.022437 0 1.022437
416.7876 400.8902 15.8974 79.52561 1.022437 0 1.022437
416.7876 400.8902 15.8974 79.52561 1.022437 0 1.022437
416.7876 400.8902 15.8974 79.52561 1.022437 0 1.022437
416.7876 400.8902 15.8974 79.52561 1.022437 0 1.022437
416.7876 400.8902 15.8974 79.52561 1.022437 0 1.022437
416.7876 400.8902 15.8974 79.52561 1.022437 0 1.022437
416.7876 400.8902 15.8974 79.52561 1.022437 0 1.022437
416.7876 400.8902 15.8974 79.52561 1.022437 0 1.022437
416.7876 400.8902 15.8974 79.52561 1.022437 0 1.022437
416.7876 400.8902 15.8974 79.52561 1.022437 0 1.022437
416.7876 400.8902 15.8974 79.52561 1.022437 0 1.022437
416.7876 400.8902 15.8974 79.52561 1.022437 0 1.022437
416.7876 400.8902 15.8974 79.52561 1.022437 0 1.022437
416.7876 400.8902 15.8974 79.52561 1.022437 0 1.022437
416.7876 400.8902 15.8974 79.52561 1.022437 0 1.022437
416.7876 400.8902 15.8974 79.52561 1.022437 0 1.022437
416.7876 400.8902 15.8974 79.52561 1.022437 0 1.022437
416.7876 400.8902 15.8974 79.52561 1.022437 0 1.022437
416.7876 400.8902 15.8974 79.52561 1.022437 0 1.022437
416.7876 400.8902 15.8974 79.52561 1.022437 0 1.022437
416.7876 400.8902 15.8974 79.52561 1.022437 0 1.022437
416.7876 400.8902 15.8974 79.52561 1.022437 0 1.022437
416.7876 400.8902 15.8974 79.52561 1.022437 0 1.022437
416.7876 400.8902 15.8974 79.52561 1.022437 0 1.022437
416.7876 400.8902 15.8974 79.52561 1.022437 0 1.022437
416.7876 400.8902 15.8974 79.52561 1.022437 0 1.022437
416.7876 400.8902 15.8974 79.52561 1.022437 0 1.022437
237.8196 234.2735 3.546034 4064.319 0 0 0
237.8196 234.2735 3.546034 4064.319 0 0 0
237.8196 234.2735 3.546034 4064.319 0 0 0
237.8196 234.2735 3.546034 4064.319 0 0 0
237.8196 234.2735 3.546034 4064.319 0 0 0
237.8196 234.2735 3.546034 4064.319 0 0 0
237.8196 234.2735 3.546034 4064.319 0 0 0
237.8196 234.2735 3.546034 4064.319 0 0 0
237.8196 234.2735 3.546034 4064.319 0 0 0
237.8196 234.2735 3.546034 4064.319 0 0 0
237.8196 234.2735 3.546034 4064.319 0 0 0
237.8196 234.2735 3.546034 4064.319 0 0 0
237.8196 234.2735 3.546034 4064.319 0 0 0
237.8196 234.2735 3.546034 4064.319 0 0 0
237.8196 234.2735 3.546034 4064.319 0 0 0
237.8196 234.2735 3.546034 4064.319 0 0 0
237.8196 234.2735 3.546034 4064.319 0 0 0
237.8196 234.2735 3.546034 4064.319 0 0 0
237.8196 234.2735 3.546034 4064.319 0 0 0
237.8196 234.2735 3.546034 4064.319 0 0 0
880.9916 873.9779 7.013694 436.0996 0 0 0
880.9916 873.9779 7.013694 436.0996 0 0 0
880.9916 873.9779 7.013694 436.0996 0 0 0
880.9916 873.9779 7.013694 436.0996 0 0 0
880.9916 873.9779 7.013694 436.0996 0 0 0
880.9916 873.9779 7.013694 436.0996 0 0 0
880.9916 873.9779 7.013694 436.0996 0 0 0
880.9916 873.9779 7.013694 436.0996 0 0 0
880.9916 873.9779 7.013694 436.0996 0 0 0
880.9916 873.9779 7.013694 436.0996 0 0 0
880.9916 873.9779 7.013694 436.0996 0 0 0
880.9916 873.9779 7.013694 436.0996 0 0 0
880.9916 873.9779 7.013694 436.0996 0 0 0
880.9916 873.9779 7.013694 436.0996 0 0 0
880.9916 873.9779 7.013694 436.0996 0 0 0
880.9916 873.9779 7.013694 436.0996 0 0 0
362.0149 343.04 18.97488 317.3457 0 0 0
362.0149 343.04 18.97488 317.3457 0 0 0
362.0149 343.04 18.97488 317.3457 0 0 0
362.0149 343.04 18.97488 317.3457 0 0 0
362.0149 343.04 18.97488 317.3457 0 0 0
362.0149 343.04 18.97488 317.3457 0 0 0
362.0149 343.04 18.97488 317.3457 0 0 0
362.0149 343.04 18.97488 317.3457 0 0 0
362.0149 343.04 18.97488 317.3457 0 0 0
362.0149 343.04 18.97488 317.3457 0 0 0
362.0149 343.04 18.97488 317.3457 0 0 0
362.0149 343.04 18.97488 317.3457 0 0 0
362.0149 343.04 18.97488 317.3457 0 0 0
362.0149 343.04 18.97488 317.3457 0 0 0
362.0149 343.04 18.97488 317.3457 0 0 0
362.0149 343.04 18.97488 317.3457 0 0 0
362.0149 343.04 18.97488 317.3457 0 0 0
362.0149 343.04 18.97488 317.3457 0 0 0
362.0149 343.04 18.97488 317.3457 0 0 0
362.0149 343.04 18.97488 317.3457 0 0 0
362.0149 343.04 18.97488 317.3457 0 0 0
362.0149 343.04 18.97488 317.3457 0 0 0
362.0149 343.04 18.97488 317.3457 0 0 0
362.0149 343.04 18.97488 317.3457 0 0 0
362.0149 343.04 18.97488 317.3457 0 0 0
362.0149 343.04 18.97488 317.3457 0 0 0
362.0149 343.04 18.97488 317.3457 0 0 0
541.8608 527.7739 14.0869 3934.652 0 0 0
541.8608 527.7739 14.0869 3934.652 0 0 0
541.8608 527.7739 14.0869 3934.652 0 0 0
541.8608 527.7739 14.0869 3934.652 0 0 0
541.8608 527.7739 14.0869 3934.652 0 0 0
541.8608 527.7739 14.0869 3934.652 0 0 0
541.8608 527.7739 14.0869 3934.652 0 0 0
541.8608 527.7739 14.0869 3934.652 0 0 0
541.8608 527.7739 14.0869 3934.652 0 0 0
541.8608 527.7739 14.0869 3934.652 0 0 0
541.8608 527.7739 14.0869 3934.652 0 0 0
541.8608 527.7739 14.0869 3934.652 0 0 0
541.8608 527.7739 14.0869 3934.652 0 0 0
541.8608 527.7739 14.0869 3934.652 0 0 0
541.8608 527.7739 14.0869 3934.652 0 0 0
541.8608 527.7739 14.0869 3934.652 0 0 0
541.8608 527.7739 14.0869 3934.652 0 0 0
541.8608 527.7739 14.0869 3934.652 0 0 0
541.8608 527.7739 14.0869 3934.652 0 0 0
541.8608 527.7739 14.0869 3934.652 0 0 0
541.8608 527.7739 14.0869 3934.652 0 0 0
468.0136 463.0807 4.932847 2740.286 0.0186529 0 0.0186529
468.0136 463.0807 4.932847 2740.286 0.0186529 0 0.0186529
468.0136 463.0807 4.932847 2740.286 0.0186529 0 0.0186529
468.0136 463.0807 4.932847 2740.286 0.0186529 0 0.0186529
468.0136 463.0807 4.932847 2740.286 0.0186529 0 0.0186529
468.0136 463.0807 4.932847 2740.286 0.0186529 0 0.0186529
468.0136 463.0807 4.932847 2740.286 0.0186529 0 0.0186529
468.0136 463.0807 4.932847 2740.286 0.0186529 0 0.0186529
468.0136 463.0807 4.932847 2740.286 0.0186529 0 0.0186529
468.0136 463.0807 4.932847 2740.286 0.0186529 0 0.0186529
206.3866 0 206.3866 3929.269 0 0 0
206.3866 0 206.3866 3929.269 0 0 0
206.3866 0 206.3866 3929.269 0 0 0
206.3866 0 206.3866 3929.269 0 0 0
206.3866 0 206.3866 3929.269 0 0 0
206.3866 0 206.3866 3929.269 0 0 0
206.3866 0 206.3866 3929.269 0 0 0
206.3866 0 206.3866 3929.269 0 0 0
206.3866 0 206.3866 3929.269 0 0 0
67.8459 66.16745 1.678448 -39.88913 0 0 0
67.8459 66.16745 1.678448 -39.88913 0 0 0
56.04989 39.57613 16.47375 107.031 0 0 0
56.04989 39.57613 16.47375 107.031 0 0 0
56.04989 39.57613 16.47375 107.031 0 0 0
56.04989 39.57613 16.47375 107.031 0 0 0
56.04989 39.57613 16.47375 107.031 0 0 0
56.04989 39.57613 16.47375 107.031 0 0 0
56.04989 39.57613 16.47375 107.031 0 0 0
56.04989 39.57613 16.47375 107.031 0 0 0
56.04989 39.57613 16.47375 107.031 0 0 0
56.04989 39.57613 16.47375 107.031 0 0 0
56.04989 39.57613 16.47375 107.031 0 0 0
56.04989 39.57613 16.47375 107.031 0 0 0
56.04989 39.57613 16.47375 107.031 0 0 0
86.9199 74.83917 12.08073 35.14841 0 0 0
86.9199 74.83917 12.08073 35.14841 0 0 0
86.9199 74.83917 12.08073 35.14841 0 0 0
86.9199 74.83917 12.08073 35.14841 0 0 0
86.9199 74.83917 12.08073 35.14841 0 0 0
86.9199 74.83917 12.08073 35.14841 0 0 0
96.2902 94.23401 2.056192 -72.83453 0 0 0
96.2902 94.23401 2.056192 -72.83453 0 0 0
96.2902 94.23401 2.056192 -72.83453 0 0 0
96.2902 94.23401 2.056192 -72.83453 0 0 0
96.2902 94.23401 2.056192 -72.83453 0 0 0
96.2902 94.23401 2.056192 -72.83453 0 0 0
96.2902 94.23401 2.056192 -72.83453 0 0 0
96.2902 94.23401 2.056192 -72.83453 0 0 0
96.2902 94.23401 2.056192 -72.83453 0 0 0
96.2902 94.23401 2.056192 -72.83453 0 0 0
96.2902 94.23401 2.056192 -72.83453 0 0 0
96.2902 94.23401 2.056192 -72.83453 0 0 0
96.2902 94.23401 2.056192 -72.83453 0 0 0
96.2902 94.23401 2.056192 -72.83453 0 0 0
96.2902 94.23401 2.056192 -72.83453 0 0 0
96.2902 94.23401 2.056192 -72.83453 0 0 0
96.2902 94.23401 2.056192 -72.83453 0 0 0
96.2902 94.23401 2.056192 -72.83453 0 0 0
96.2902 94.23401 2.056192 -72.83453 0 0 0
96.2902 94.23401 2.056192 -72.83453 0 0 0
96.2902 94.23401 2.056192 -72.83453 0 0 0
131.3473 127.1991 4.148196 -77.57906 0 0 0
131.3473 127.1991 4.148196 -77.57906 0 0 0
131.3473 127.1991 4.148196 -77.57906 0 0 0
131.3473 127.1991 4.148196 -77.57906 0 0 0
131.3473 127.1991 4.148196 -77.57906 0 0 0
131.3473 127.1991 4.148196 -77.57906 0 0 0
131.3473 127.1991 4.148196 -77.57906 0 0 0
131.3473 127.1991 4.148196 -77.57906 0 0 0
43.38437 42.38131 1.003058 -33.42966 0 0 0
43.38437 42.38131 1.003058 -33.42966 0 0 0
43.38437 42.38131 1.003058 -33.42966 0 0 0
43.38437 42.38131 1.003058 -33.42966 0 0 0
43.38437 42.38131 1.003058 -33.42966 0 0 0
43.38437 42.38131 1.003058 -33.42966 0 0 0
43.38437 42.38131 1.003058 -33.42966 0 0 0
43.38437 42.38131 1.003058 -33.42966 0 0 0
43.38437 42.38131 1.003058 -33.42966 0 0 0
43.38437 42.38131 1.003058 -33.42966 0 0 0
41.16281 39.68588 1.476927 -22.89615 0 0 0
41.16281 39.68588 1.476927 -22.89615 0 0 0
41.16281 39.68588 1.476927 -22.89615 0 0 0
41.16281 39.68588 1.476927 -22.89615 0 0 0
382.9685 378.5473 4.421168 -197.8137 0 0 0
176.8442 172.2354 4.60883 -88.46171 0 0 0
176.8442 172.2354 4.60883 -88.46171 0 0 0
176.8442 172.2354 4.60883 -88.46171 0 0 0
176.8442 172.2354 4.60883 -88.46171 0 0 0
176.8442 172.2354 4.60883 -88.46171 0 0 0
176.8442 172.2354 4.60883 -88.46171 0 0 0
124.7643 115.1313 9.633032 -23.66348 0 0 0
124.7643 115.1313 9.633032 -23.66348 0 0 0
269.5887 228.5193 41.06945 189.1608 0 0 0
269.5887 228.5193 41.06945 189.1608 0 0 0
386.2883 378.794 7.494237 -7.313844 0 0 0
129.1204 126.8304 2.290019 -59.72375 0 0 0
129.1204 126.8304 2.290019 -59.72375 0 0 0
129.1204 126.8304 2.290019 -59.72375 0 0 0
129.1204 126.8304 2.290019 -59.72375 0 0 0
129.1204 126.8304 2.290019 -59.72375 0 0 0
129.1204 126.8304 2.290019 -59.72375 0 0 0
129.1204 126.8304 2.290019 -59.72375 0 0 0
129.1204 126.8304 2.290019 -59.72375 0 0 0
129.1204 126.8304 2.290019 -59.72375 0 0 0
129.1204 126.8304 2.290019 -59.72375 0 0 0
129.1204 126.8304 2.290019 -59.72375 0 0 0
129.1204 126.8304 2.290019 -59.72375 0 0 0
129.1204 126.8304 2.290019 -59.72375 0 0 0
129.1204 126.8304 2.290019 -59.72375 0 0 0
129.1204 126.8304 2.290019 -59.72375 0 0 0
129.1204 126.8304 2.290019 -59.72375 0 0 0
129.1204 126.8304 2.290019 -59.72375 0 0 0
129.1204 126.8304 2.290019 -59.72375 0 0 0
129.1204 126.8304 2.290019 -59.72375 0 0 0
95.96194 94.18004 1.781902 -113.1535 0 0 0
81.37022 79.33125 2.038974 36.67971 0 0 0
81.37022 79.33125 2.038974 36.67971 0 0 0
81.37022 79.33125 2.038974 36.67971 0 0 0
81.37022 79.33125 2.038974 36.67971 0 0 0
133.7219 130.9725 2.749379 -75.39385 0 0 0
133.7219 130.9725 2.749379 -75.39385 0 0 0
133.7219 130.9725 2.749379 -75.39385 0 0 0
133.7219 130.9725 2.749379 -75.39385 0 0 0
133.7219 130.9725 2.749379 -75.39385 0 0 0
133.7219 130.9725 2.749379 -75.39385 0 0 0
133.7219 130.9725 2.749379 -75.39385 0 0 0
133.7219 130.9725 2.749379 -75.39385 0 0 0
133.7219 130.9725 2.749379 -75.39385 0 0 0
133.7219 130.9725 2.749379 -75.39385 0 0 0
133.7219 130.9725 2.749379 -75.39385 0 0 0
133.7219 130.9725 2.749379 -75.39385 0 0 0
133.7219 130.9725 2.749379 -75.39385 0 0 0
133.7219 130.9725 2.749379 -75.39385 0 0 0
133.7219 130.9725 2.749379 -75.39385 0 0 0
133.7219 130.9725 2.749379 -75.39385 0 0 0
172.1964 167.9294 4.266988 -71.87641 0 0 0
172.1964 167.9294 4.266988 -71.87641 0 0 0
172.1964 167.9294 4.266988 -71.87641 0 0 0
172.1964 167.9294 4.266988 -71.87641 0 0 0
172.1964 167.9294 4.266988 -71.87641 0 0 0
172.1964 167.9294 4.266988 -71.87641 0 0 0
172.1964 167.9294 4.266988 -71.87641 0 0 0
172.1964 167.9294 4.266988 -71.87641 0 0 0
172.1964 167.9294 4.266988 -71.87641 0 0 0
172.1964 167.9294 4.266988 -71.87641 0 0 0
172.1964 167.9294 4.266988 -71.87641 0 0 0
156.0348 145.4422 10.5926 47.63111 0 0 0
156.0348 145.4422 10.5926 47.63111 0 0 0
156.0348 145.4422 10.5926 47.63111 0 0 0
156.0348 145.4422 10.5926 47.63111 0 0 0
156.0348 145.4422 10.5926 47.63111 0 0 0
314.3777 311.8954 2.4823 -89.83753 0 0 0
494.0423 483.0898 10.95253 1227.041 0 0 0
494.0423 483.0898 10.95253 1227.041 0 0 0
494.0423 483.0898 10.95253 1227.041 0 0 0
494.0423 483.0898 10.95253 1227.041 0 0 0
494.0423 483.0898 10.95253 1227.041 0 0 0
494.0423 483.0898 10.95253 1227.041 0 0 0
114.6787 112.654 2.024707 18.371 0 0 0
114.6787 112.654 2.024707 18.371 0 0 0
114.6787 112.654 2.024707 18.371 0 0 0
114.6787 112.654 2.024707 18.371 0 0 0
114.6787 112.654 2.024707 18.371 0 0 0
114.6787 112.654 2.024707 18.371 0 0 0
114.6787 112.654 2.024707 18.371 0 0 0
114.6787 112.654 2.024707 18.371 0 0 0
114.6787 112.654 2.024707 18.371 0 0 0
114.6787 112.654 2.024707 18.371 0 0 0
114.6787 112.654 2.024707 18.371 0 0 0
114.6787 112.654 2.024707 18.371 0 0 0
114.6787 112.654 2.024707 18.371 0 0 0
114.6787 112.654 2.024707 18.371 0 0 0
114.6787 112.654 2.024707 18.371 0 0 0
114.6787 112.654 2.024707 18.371 0 0 0
114.6787 112.654 2.024707 18.371 0 0 0
542.1624 507.0987 35.06364 1136.617 0 0 0
542.1624 507.0987 35.06364 1136.617 0 0 0
542.1624 507.0987 35.06364 1136.617 0 0 0
542.1624 507.0987 35.06364 1136.617 0 0 0
162.2921 146.1184 16.17375 197.1325 0 0 0
162.2921 146.1184 16.17375 197.1325 0 0 0
162.2921 146.1184 16.17375 197.1325 0 0 0
162.2921 146.1184 16.17375 197.1325 0 0 0
162.2921 146.1184 16.17375 197.1325 0 0 0
162.2921 146.1184 16.17375 197.1325 0 0 0
162.2921 146.1184 16.17375 197.1325 0 0 0
162.2921 146.1184 16.17375 197.1325 0 0 0
162.2921 146.1184 16.17375 197.1325 0 0 0
100.1836 97.89163 2.292008 94.53702 0 0 0
100.1836 97.89163 2.292008 94.53702 0 0 0
100.1836 97.89163 2.292008 94.53702 0 0 0
100.1836 97.89163 2.292008 94.53702 0 0 0
100.1836 97.89163 2.292008 94.53702 0 0 0
100.1836 97.89163 2.292008 94.53702 0 0 0
100.1836 97.89163 2.292008 94.53702 0 0 0
100.1836 97.89163 2.292008 94.53702 0 0 0
100.1836 97.89163 2.292008 94.53702 0 0 0
100.1836 97.89163 2.292008 94.53702 0 0 0
100.1836 97.89163 2.292008 94.53702 0 0 0
100.1836 97.89163 2.292008 94.53702 0 0 0
100.1836 97.89163 2.292008 94.53702 0 0 0
100.1836 97.89163 2.292008 94.53702 0 0 0
100.1836 97.89163 2.292008 94.53702 0 0 0
100.1836 97.89163 2.292008 94.53702 0 0 0
100.1836 97.89163 2.292008 94.53702 0 0 0
100.1836 97.89163 2.292008 94.53702 0 0 0
100.1836 97.89163 2.292008 94.53702 0 0 0
100.1836 97.89163 2.292008 94.53702 0 0 0
100.1836 97.89163 2.292008 94.53702 0 0 0
100.1836 97.89163 2.292008 94.53702 0 0 0
153.9866 140.0577 13.92894 73.45948 0 0 0
153.9866 140.0577 13.92894 73.45948 0 0 0
153.9866 140.0577 13.92894 73.45948 0 0 0
153.9866 140.0577 13.92894 73.45948 0 0 0
153.9866 140.0577 13.92894 73.45948 0 0 0
153.9866 140.0577 13.92894 73.45948 0 0 0
0.4120707 0 0.4120707 8.752966 0 0 0
0.4120707 0 0.4120707 8.752966 0 0 0
0.4120707 0 0.4120707 8.752966 0 0 0
0.4120707 0 0.4120707 8.752966 0 0 0
0.4120707 0 0.4120707 8.752966 0 0 0
0.4120707 0 0.4120707 8.752966 0 0 0
0.4120707 0 0.4120707 8.752966 0 0 0
0.4120707 0 0.4120707 8.752966 0 0 0
0.4120707 0 0.4120707 8.752966 0 0 0
0.4120707 0 0.4120707 8.752966 0 0 0
0.4120707 0 0.4120707 8.752966 0 0 0
0.4120707 0 0.4120707 8.752966 0 0 0
0.4120707 0 0.4120707 8.752966 0 0 0
45.10648 36.22415 8.882332 54.29064 0 0 0
123.8421 116.9074 6.934729 72.70395 0.02653557 0 0.02653557
123.8421 116.9074 6.934729 72.70395 0.02653557 0 0.02653557
123.8421 116.9074 6.934729 72.70395 0.02653557 0 0.02653557
123.8421 116.9074 6.934729 72.70395 0.02653557 0 0.02653557
123.8421 116.9074 6.934729 72.70395 0.02653557 0 0.02653557
123.8421 116.9074 6.934729 72.70395 0.02653557 0 0.02653557
123.8421 116.9074 6.934729 72.70395 0.02653557 0 0.02653557
123.8421 116.9074 6.934729 72.70395 0.02653557 0 0.02653557
123.8421 116.9074 6.934729 72.70395 0.02653557 0 0.02653557
123.8421 116.9074 6.934729 72.70395 0.02653557 0 0.02653557
123.8421 116.9074 6.934729 72.70395 0.02653557 0 0.02653557
123.8421 116.9074 6.934729 72.70395 0.02653557 0 0.02653557
123.8421 116.9074 6.934729 72.70395 0.02653557 0 0.02653557
123.8421 116.9074 6.934729 72.70395 0.02653557 0 0.02653557
123.8421 116.9074 6.934729 72.70395 0.02653557 0 0.02653557
123.8421 116.9074 6.934729 72.70395 0.02653557 0 0.02653557
123.8421 116.9074 6.934729 72.70395 0.02653557 0 0.02653557
123.8421 116.9074 6.934729 72.70395 0.02653557 0 0.02653557
123.8421 116.9074 6.934729 72.70395 0.02653557 0 0.02653557
123.8421 116.9074 6.934729 72.70395 0.02653557 0 0.02653557
123.8421 116.9074 6.934729 72.70395 0.02653557 0 0.02653557
1611.113 1559.785 51.3284 482.8402 0.4129539 0 0.4129539
1611.113 1559.785 51.3284 482.8402 0.4129539 0 0.4129539
1611.113 1559.785 51.3284 482.8402 0.4129539 0 0.4129539
1611.113 1559.785 51.3284 482.8402 0.4129539 0 0.4129539
1611.113 1559.785 51.3284 482.8402 0.4129539 0 0.4129539
1611.113 1559.785 51.3284 482.8402 0.4129539 0 0.4129539
17.89804 14.58227 3.315765 25.43288 0 0 0
17.89804 14.58227 3.315765 25.43288 0 0 0
17.89804 14.58227 3.315765 25.43288 0 0 0
17.89804 14.58227 3.315765 25.43288 0 0 0
17.89804 14.58227 3.315765 25.43288 0 0 0
17.89804 14.58227 3.315765 25.43288 0 0 0
17.89804 14.58227 3.315765 25.43288 0 0 0
17.89804 14.58227 3.315765 25.43288 0 0 0
17.89804 14.58227 3.315765 25.43288 0 0 0
17.89804 14.58227 3.315765 25.43288 0 0 0
17.89804 14.58227 3.315765 25.43288 0 0 0
17.89804 14.58227 3.315765 25.43288 0 0 0
17.89804 14.58227 3.315765 25.43288 0 0 0
56.91995 55.24707 1.672882 39.81449 0.1382701 0 0.1382701
56.91995 55.24707 1.672882 39.81449 0.1382701 0 0.1382701
56.91995 55.24707 1.672882 39.81449 0.1382701 0 0.1382701
56.91995 55.24707 1.672882 39.81449 0.1382701 0 0.1382701
56.91995 55.24707 1.672882 39.81449 0.1382701 0 0.1382701
56.91995 55.24707 1.672882 39.81449 0.1382701 0 0.1382701
56.91995 55.24707 1.672882 39.81449 0.1382701 0 0.1382701
56.91995 55.24707 1.672882 39.81449 0.1382701 0 0.1382701
56.91995 55.24707 1.672882 39.81449 0.1382701 0 0.1382701
56.91995 55.24707 1.672882 39.81449 0.1382701 0 0.1382701
56.91995 55.24707 1.672882 39.81449 0.1382701 0 0.1382701
56.91995 55.24707 1.672882 39.81449 0.1382701 0 0.1382701
56.91995 55.24707 1.672882 39.81449 0.1382701 0 0.1382701
56.91995 55.24707 1.672882 39.81449 0.1382701 0 0.1382701
56.91995 55.24707 1.672882 39.81449 0.1382701 0 0.1382701
56.91995 55.24707 1.672882 39.81449 0.1382701 0 0.1382701
56.91995 55.24707 1.672882 39.81449 0.1382701 0 0.1382701
56.91995 55.24707 1.672882 39.81449 0.1382701 0 0.1382701
231.1879 223.9075 7.280406 106.3307 0.006649008 0 0.006649008
231.1879 223.9075 7.280406 106.3307 0.006649008 0 0.006649008
231.1879 223.9075 7.280406 106.3307 0.006649008 0 0.006649008
231.1879 223.9075 7.280406 106.3307 0.006649008 0 0.006649008
231.1879 223.9075 7.280406 106.3307 0.006649008 0 0.006649008
231.1879 223.9075 7.280406 106.3307 0.006649008 0 0.006649008
231.1879 223.9075 7.280406 106.3307 0.006649008 0 0.006649008
231.1879 223.9075 7.280406 106.3307 0.006649008 0 0.006649008
231.1879 223.9075 7.280406 106.3307 0.006649008 0 0.006649008
231.1879 223.9075 7.280406 106.3307 0.006649008 0 0.006649008
231.1879 223.9075 7.280406 106.3307 0.006649008 0 0.006649008
231.1879 223.9075 7.280406 106.3307 0.006649008 0 0.006649008
231.1879 223.9075 7.280406 106.3307 0.006649008 0 0.006649008
231.1879 223.9075 7.280406 106.3307 0.006649008 0 0.006649008
231.1879 223.9075 7.280406 106.3307 0.006649008 0 0.006649008
231.1879 223.9075 7.280406 106.3307 0.006649008 0 0.006649008
231.1879 223.9075 7.280406 106.3307 0.006649008 0 0.006649008
231.1879 223.9075 7.280406 106.3307 0.006649008 0 0.006649008
231.1879 223.9075 7.280406 106.3307 0.006649008 0 0.006649008
283.4324 252.9469 30.48542 473.7902 0.006711411 0 0.006711411
283.4324 252.9469 30.48542 473.7902 0.006711411 0 0.006711411
283.4324 252.9469 30.48542 473.7902 0.006711411 0 0.006711411
283.4324 252.9469 30.48542 473.7902 0.006711411 0 0.006711411
283.4324 252.9469 30.48542 473.7902 0.006711411 0 0.006711411
283.4324 252.9469 30.48542 473.7902 0.006711411 0 0.006711411
283.4324 252.9469 30.48542 473.7902 0.006711411 0 0.006711411
283.4324 252.9469 30.48542 473.7902 0.006711411 0 0.006711411
283.4324 252.9469 30.48542 473.7902 0.006711411 0 0.006711411
283.4324 252.9469 30.48542 473.7902 0.006711411 0 0.006711411
151.2555 114.3018 36.95372 592.5686 0.01171438 0 0.01171438
151.2555 114.3018 36.95372 592.5686 0.01171438 0 0.01171438
151.2555 114.3018 36.95372 592.5686 0.01171438 0 0.01171438
151.2555 114.3018 36.95372 592.5686 0.01171438 0 0.01171438
151.2555 114.3018 36.95372 592.5686 0.01171438 0 0.01171438
151.2555 114.3018 36.95372 592.5686 0.01171438 0 0.01171438
151.2555 114.3018 36.95372 592.5686 0.01171438 0 0.01171438
151.2555 114.3018 36.95372 592.5686 0.01171438 0 0.01171438
151.2555 114.3018 36.95372 592.5686 0.01171438 0 0.01171438
151.2555 114.3018 36.95372 592.5686 0.01171438 0 0.01171438
151.2555 114.3018 36.95372 592.5686 0.01171438 0 0.01171438
151.2555 114.3018 36.95372 592.5686 0.01171438 0 0.01171438
151.2555 114.3018 36.95372 592.5686 0.01171438 0 0.01171438
151.2555 114.3018 36.95372 592.5686 0.01171438 0 0.01171438
151.2555 114.3018 36.95372 592.5686 0.01171438 0 0.01171438
12.87759 11.26352 1.61407 18.57737 0 0 0
12.87759 11.26352 1.61407 18.57737 0 0 0
12.87759 11.26352 1.61407 18.57737 0 0 0
12.87759 11.26352 1.61407 18.57737 0 0 0
383.3339 373.0906 10.24322 1009.696 0 0 0
383.3339 373.0906 10.24322 1009.696 0 0 0
383.3339 373.0906 10.24322 1009.696 0 0 0
383.3339 373.0906 10.24322 1009.696 0 0 0
383.3339 373.0906 10.24322 1009.696 0 0 0
383.3339 373.0906 10.24322 1009.696 0 0 0
383.3339 373.0906 10.24322 1009.696 0 0 0
383.3339 373.0906 10.24322 1009.696 0 0 0
383.3339 373.0906 10.24322 1009.696 0 0 0
383.3339 373.0906 10.24322 1009.696 0 0 0
383.3339 373.0906 10.24322 1009.696 0 0 0
383.3339 373.0906 10.24322 1009.696 0 0 0
383.3339 373.0906 10.24322 1009.696 0 0 0
383.3339 373.0906 10.24322 1009.696 0 0 0
383.3339 373.0906 10.24322 1009.696 0 0 0
136.8055 135.6309 1.174584 107.2239 0 0 0
136.8055 135.6309 1.174584 107.2239 0 0 0
136.8055 135.6309 1.174584 107.2239 0 0 0
136.8055 135.6309 1.174584 107.2239 0 0 0
136.8055 135.6309 1.174584 107.2239 0 0 0
136.8055 135.6309 1.174584 107.2239 0 0 0
136.8055 135.6309 1.174584 107.2239 0 0 0
136.8055 135.6309 1.174584 107.2239 0 0 0
113.1014 110.965 2.136429 51.05477 0 0 0
113.1014 110.965 2.136429 51.05477 0 0 0
113.1014 110.965 2.136429 51.05477 0 0 0
113.1014 110.965 2.136429 51.05477 0 0 0
113.1014 110.965 2.136429 51.05477 0 0 0
113.1014 110.965 2.136429 51.05477 0 0 0
113.1014 110.965 2.136429 51.05477 0 0 0
113.1014 110.965 2.136429 51.05477 0 0 0
113.1014 110.965 2.136429 51.05477 0 0 0
113.1014 110.965 2.136429 51.05477 0 0 0
113.1014 110.965 2.136429 51.05477 0 0 0
113.1014 110.965 2.136429 51.05477 0 0 0
113.1014 110.965 2.136429 51.05477 0 0 0
113.1014 110.965 2.136429 51.05477 0 0 0
113.1014 110.965 2.136429 51.05477 0 0 0
113.1014 110.965 2.136429 51.05477 0 0 0
113.1014 110.965 2.136429 51.05477 0 0 0
193.317 187.7802 5.536823 20.8998 0 0 0
83.13281 79.95911 3.173699 -3.255735 0 0 0
115.4308 112.8555 2.575282 1140.342 0 0 0
115.4308 112.8555 2.575282 1140.342 0 0 0
115.4308 112.8555 2.575282 1140.342 0 0 0
115.4308 112.8555 2.575282 1140.342 0 0 0
115.4308 112.8555 2.575282 1140.342 0 0 0
115.4308 112.8555 2.575282 1140.342 0 0 0
115.4308 112.8555 2.575282 1140.342 0 0 0
115.4308 112.8555 2.575282 1140.342 0 0 0
115.4308 112.8555 2.575282 1140.342 0 0 0
72.35279 35.46407 36.88872 199.4796 0 0 0
72.35279 35.46407 36.88872 199.4796 0 0 0
72.35279 35.46407 36.88872 199.4796 0 0 0
72.35279 35.46407 36.88872 199.4796 0 0 0
72.35279 35.46407 36.88872 199.4796 0 0 0
72.35279 35.46407 36.88872 199.4796 0 0 0
725.8223 685.6976 40.1247 4176.613 3.001707 0 3.001707
725.8223 685.6976 40.1247 4176.613 3.001707 0 3.001707
725.8223 685.6976 40.1247 4176.613 3.001707 0 3.001707
725.8223 685.6976 40.1247 4176.613 3.001707 0 3.001707
725.8223 685.6976 40.1247 4176.613 3.001707 0 3.001707
725.8223 685.6976 40.1247 4176.613 3.001707 0 3.001707
725.8223 685.6976 40.1247 4176.613 3.001707 0 3.001707
725.8223 685.6976 40.1247 4176.613 3.001707 0 3.001707
725.8223 685.6976 40.1247 4176.613 3.001707 0 3.001707
725.8223 685.6976 40.1247 4176.613 3.001707 0 3.001707
725.8223 685.6976 40.1247 4176.613 3.001707 0 3.001707
725.8223 685.6976 40.1247 4176.613 3.001707 0 3.001707
725.8223 685.6976 40.1247 4176.613 3.001707 0 3.001707
725.8223 685.6976 40.1247 4176.613 3.001707 0 3.001707
725.8223 685.6976 40.1247 4176.613 3.001707 0 3.001707
366.0591 341.3066 24.75253 3171.72 0.08798207 0 0.08798207
366.0591 341.3066 24.75253 3171.72 0.08798207 0 0.08798207
366.0591 341.3066 24.75253 3171.72 0.08798207 0 0.08798207
366.0591 341.3066 24.75253 3171.72 0.08798207 0 0.08798207
366.0591 341.3066 24.75253 3171.72 0.08798207 0 0.08798207
366.0591 341.3066 24.75253 3171.72 0.08798207 0 0.08798207
366.0591 341.3066 24.75253 3171.72 0.08798207 0 0.08798207
366.0591 341.3066 24.75253 3171.72 0.08798207 0 0.08798207
366.0591 341.3066 24.75253 3171.72 0.08798207 0 0.08798207
366.0591 341.3066 24.75253 3171.72 0.08798207 0 0.08798207
366.0591 341.3066 24.75253 3171.72 0.08798207 0 0.08798207
366.0591 341.3066 24.75253 3171.72 0.08798207 0 0.08798207
366.0591 341.3066 24.75253 3171.72 0.08798207 0 0.08798207
82.84518 57.15871 25.68647 155.5531 0.002071027 0 0.002071027
82.84518 57.15871 25.68647 155.5531 0.002071027 0 0.002071027
82.84518 57.15871 25.68647 155.5531 0.002071027 0 0.002071027
82.84518 57.15871 25.68647 155.5531 0.002071027 0 0.002071027
82.84518 57.15871 25.68647 155.5531 0.002071027 0 0.002071027
82.84518 57.15871 25.68647 155.5531 0.002071027 0 0.002071027
82.84518 57.15871 25.68647 155.5531 0.002071027 0 0.002071027
82.84518 57.15871 25.68647 155.5531 0.002071027 0 0.002071027
82.84518 57.15871 25.68647 155.5531 0.002071027 0 0.002071027
82.84518 57.15871 25.68647 155.5531 0.002071027 0 0.002071027
82.84518 57.15871 25.68647 155.5531 0.002071027 0 0.002071027
82.84518 57.15871 25.68647 155.5531 0.002071027 0 0.002071027
82.84518 57.15871 25.68647 155.5531 0.002071027 0 0.002071027
82.84518 57.15871 25.68647 155.5531 0.002071027 0 0.002071027
82.84518 57.15871 25.68647 155.5531 0.002071027 0 0.002071027
82.84518 57.15871 25.68647 155.5531 0.002071027 0 0.002071027
82.84518 57.15871 25.68647 155.5531 0.002071027 0 0.002071027
82.84518 57.15871 25.68647 155.5531 0.002071027 0 0.002071027
82.84518 57.15871 25.68647 155.5531 0.002071027 0 0.002071027
82.84518 57.15871 25.68647 155.5531 0.002071027 0 0.002071027
82.84518 57.15871 25.68647 155.5531 0.002071027 0 0.002071027
136.4626 131.6751 4.787446 75.27769 0.004806431 0 0.004806431
136.4626 131.6751 4.787446 75.27769 0.004806431 0 0.004806431
136.4626 131.6751 4.787446 75.27769 0.004806431 0 0.004806431
136.4626 131.6751 4.787446 75.27769 0.004806431 0 0.004806431
136.4626 131.6751 4.787446 75.27769 0.004806431 0 0.004806431
136.4626 131.6751 4.787446 75.27769 0.004806431 0 0.004806431
136.4626 131.6751 4.787446 75.27769 0.004806431 0 0.004806431
136.4626 131.6751 4.787446 75.27769 0.004806431 0 0.004806431
136.4626 131.6751 4.787446 75.27769 0.004806431 0 0.004806431
136.4626 131.6751 4.787446 75.27769 0.004806431 0 0.004806431
136.4626 131.6751 4.787446 75.27769 0.004806431 0 0.004806431
136.4626 131.6751 4.787446 75.27769 0.004806431 0 0.004806431
136.4626 131.6751 4.787446 75.27769 0.004806431 0 0.004806431
136.4626 131.6751 4.787446 75.27769 0.004806431 0 0.004806431
136.4626 131.6751 4.787446 75.27769 0.004806431 0 0.004806431
136.4626 131.6751 4.787446 75.27769 0.004806431 0 0.004806431
136.4626 131.6751 4.787446 75.27769 0.004806431 0 0.004806431
136.4626 131.6751 4.787446 75.27769 0.004806431 0 0.004806431
136.4626 131.6751 4.787446 75.27769 0.004806431 0 0.004806431
136.4626 131.6751 4.787446 75.27769 0.004806431 0 0.004806431
136.4626 131.6751 4.787446 75.27769 0.004806431 0 0.004806431
136.4626 131.6751 4.787446 75.27769 0.004806431 0 0.004806431
136.4626 131.6751 4.787446 75.27769 0.004806431 0 0.004806431
136.4626 131.6751 4.787446 75.27769 0.004806431 0 0.004806431
136.4626 131.6751 4.787446 75.27769 0.004806431 0 0.004806431
136.4626 131.6751 4.787446 75.27769 0.004806431 0 0.004806431
11.57282 9.706637 1.866181 13.92017 0 0 0
11.57282 9.706637 1.866181 13.92017 0 0 0
221.9307 215.9503 5.980382 319.3869 0 0 0
221.9307 215.9503 5.980382 319.3869 0 0 0
221.9307 215.9503 5.980382 319.3869 0 0 0
221.9307 215.9503 5.980382 319.3869 0 0 0
221.9307 215.9503 5.980382 319.3869 0 0 0
221.9307 215.9503 5.980382 319.3869 0 0 0
221.9307 215.9503 5.980382 319.3869 0 0 0
221.9307 215.9503 5.980382 319.3869 0 0 0
432.1982 424.4819 7.716272 97.28874 0.1239979 0 0.1239979
432.1982 424.4819 7.716272 97.28874 0.1239979 0 0.1239979
432.1982 424.4819 7.716272 97.28874 0.1239979 0 0.1239979
432.1982 424.4819 7.716272 97.28874 0.1239979 0 0.1239979
432.1982 424.4819 7.716272 97.28874 0.1239979 0 0.1239979
432.1982 424.4819 7.716272 97.28874 0.1239979 0 0.1239979
432.1982 424.4819 7.716272 97.28874 0.1239979 0 0.1239979
432.1982 424.4819 7.716272 97.28874 0.1239979 0 0.1239979
358.2675 345.7557 12.51187 629.7709 0.1750284 0 0.1750284
358.2675 345.7557 12.51187 629.7709 0.1750284 0 0.1750284
358.2675 345.7557 12.51187 629.7709 0.1750284 0 0.1750284
358.2675 345.7557 12.51187 629.7709 0.1750284 0 0.1750284
358.2675 345.7557 12.51187 629.7709 0.1750284 0 0.1750284
358.2675 345.7557 12.51187 629.7709 0.1750284 0 0.1750284
358.2675 345.7557 12.51187 629.7709 0.1750284 0 0.1750284
358.2675 345.7557 12.51187 629.7709 0.1750284 0 0.1750284
358.2675 345.7557 12.51187 629.7709 0.1750284 0 0.1750284
358.2675 345.7557 12.51187 629.7709 0.1750284 0 0.1750284
358.2675 345.7557 12.51187 629.7709 0.1750284 0 0.1750284
358.2675 345.7557 12.51187 629.7709 0.1750284 0 0.1750284
358.2675 345.7557 12.51187 629.7709 0.1750284 0 0.1750284
358.2675 345.7557 12.51187 629.7709 0.1750284 0 0.1750284
358.2675 345.7557 12.51187 629.7709 0.1750284 0 0.1750284
358.2675 345.7557 12.51187 629.7709 0.1750284 0 0.1750284
146.1053 142.3435 3.761791 558.048 0.005991935 0 0.005991935
146.1053 142.3435 3.761791 558.048 0.005991935 0 0.005991935
146.1053 142.3435 3.761791 558.048 0.005991935 0 0.005991935
146.1053 142.3435 3.761791 558.048 0.005991935 0 0.005991935
146.1053 142.3435 3.761791 558.048 0.005991935 0 0.005991935
146.1053 142.3435 3.761791 558.048 0.005991935 0 0.005991935
146.1053 142.3435 3.761791 558.048 0.005991935 0 0.005991935
146.1053 142.3435 3.761791 558.048 0.005991935 0 0.005991935
146.1053 142.3435 3.761791 558.048 0.005991935 0 0.005991935
146.1053 142.3435 3.761791 558.048 0.005991935 0 0.005991935
146.1053 142.3435 3.761791 558.048 0.005991935 0 0.005991935
146.1053 142.3435 3.761791 558.048 0.005991935 0 0.005991935
146.1053 142.3435 3.761791 558.048 0.005991935 0 0.005991935
33.26472 32.75985 0.504874 -12.36575 0 0 0
33.26472 32.75985 0.504874 -12.36575 0 0 0
33.26472 32.75985 0.504874 -12.36575 0 0 0
33.26472 32.75985 0.504874 -12.36575 0 0 0
33.26472 32.75985 0.504874 -12.36575 0 0 0
33.26472 32.75985 0.504874 -12.36575 0 0 0
33.26472 32.75985 0.504874 -12.36575 0 0 0
33.26472 32.75985 0.504874 -12.36575 0 0 0
33.26472 32.75985 0.504874 -12.36575 0 0 0
33.26472 32.75985 0.504874 -12.36575 0 0 0
33.26472 32.75985 0.504874 -12.36575 0 0 0
33.26472 32.75985 0.504874 -12.36575 0 0 0
138.3871 126.6371 11.75002 421.558 0 0 0
138.3871 126.6371 11.75002 421.558 0 0 0
138.3871 126.6371 11.75002 421.558 0 0 0
138.3871 126.6371 11.75002 421.558 0 0 0
138.3871 126.6371 11.75002 421.558 0 0 0
138.3871 126.6371 11.75002 421.558 0 0 0
138.3871 126.6371 11.75002 421.558 0 0 0
256.7167 250.6975 6.019215 1379.069 0.02918875 0 0.02918875
256.7167 250.6975 6.019215 1379.069 0.02918875 0 0.02918875
256.7167 250.6975 6.019215 1379.069 0.02918875 0 0.02918875
256.7167 250.6975 6.019215 1379.069 0.02918875 0 0.02918875
256.7167 250.6975 6.019215 1379.069 0.02918875 0 0.02918875
256.7167 250.6975 6.019215 1379.069 0.02918875 0 0.02918875
256.7167 250.6975 6.019215 1379.069 0.02918875 0 0.02918875
256.7167 250.6975 6.019215 1379.069 0.02918875 0 0.02918875
256.7167 250.6975 6.019215 1379.069 0.02918875 0 0.02918875
256.7167 250.6975 6.019215 1379.069 0.02918875 0 0.02918875
146.0966 142.6583 3.438307 65.7363 0 0 0
146.0966 142.6583 3.438307 65.7363 0 0 0
146.0966 142.6583 3.438307 65.7363 0 0 0
18.74791 18.32871 0.4191947 -8.056098 0 0 0
18.74791 18.32871 0.4191947 -8.056098 0 0 0
18.74791 18.32871 0.4191947 -8.056098 0 0 0
18.74791 18.32871 0.4191947 -8.056098 0 0 0
18.74791 18.32871 0.4191947 -8.056098 0 0 0
18.74791 18.32871 0.4191947 -8.056098 0 0 0
18.74791 18.32871 0.4191947 -8.056098 0 0 0
18.74791 18.32871 0.4191947 -8.056098 0 0 0
18.74791 18.32871 0.4191947 -8.056098 0 0 0
18.74791 18.32871 0.4191947 -8.056098 0 0 0
18.74791 18.32871 0.4191947 -8.056098 0 0 0
18.74791 18.32871 0.4191947 -8.056098 0 0 0
18.74791 18.32871 0.4191947 -8.056098 0 0 0
18.74791 18.32871 0.4191947 -8.056098 0 0 0
18.74791 18.32871 0.4191947 -8.056098 0 0 0
18.74791 18.32871 0.4191947 -8.056098 0 0 0
18.74791 18.32871 0.4191947 -8.056098 0 0 0
18.74791 18.32871 0.4191947 -8.056098 0 0 0
60.00011 57.86995 2.130157 -23.90631 0 0 0
60.00011 57.86995 2.130157 -23.90631 0 0 0
60.00011 57.86995 2.130157 -23.90631 0 0 0
60.00011 57.86995 2.130157 -23.90631 0 0 0
60.00011 57.86995 2.130157 -23.90631 0 0 0
60.00011 57.86995 2.130157 -23.90631 0 0 0
60.00011 57.86995 2.130157 -23.90631 0 0 0
60.00011 57.86995 2.130157 -23.90631 0 0 0
60.00011 57.86995 2.130157 -23.90631 0 0 0
60.00011 57.86995 2.130157 -23.90631 0 0 0
60.00011 57.86995 2.130157 -23.90631 0 0 0
60.00011 57.86995 2.130157 -23.90631 0 0 0
60.00011 57.86995 2.130157 -23.90631 0 0 0
60.00011 57.86995 2.130157 -23.90631 0 0 0
60.00011 57.86995 2.130157 -23.90631 0 0 0
60.00011 57.86995 2.130157 -23.90631 0 0 0
60.00011 57.86995 2.130157 -23.90631 0 0 0
44.00461 42.62315 1.381458 -4.89698 0 0 0
44.00461 42.62315 1.381458 -4.89698 0 0 0
44.00461 42.62315 1.381458 -4.89698 0 0 0
44.00461 42.62315 1.381458 -4.89698 0 0 0
44.00461 42.62315 1.381458 -4.89698 0 0 0
44.00461 42.62315 1.381458 -4.89698 0 0 0
44.00461 42.62315 1.381458 -4.89698 0 0 0
44.00461 42.62315 1.381458 -4.89698 0 0 0
44.00461 42.62315 1.381458 -4.89698 0 0 0
44.00461 42.62315 1.381458 -4.89698 0 0 0
44.00461 42.62315 1.381458 -4.89698 0 0 0
44.00461 42.62315 1.381458 -4.89698 0 0 0
44.00461 42.62315 1.381458 -4.89698 0 0 0
44.00461 42.62315 1.381458 -4.89698 0 0 0
44.00461 42.62315 1.381458 -4.89698 0 0 0
44.00461 42.62315 1.381458 -4.89698 0 0 0
44.00461 42.62315 1.381458 -4.89698 0 0 0
44.00461 42.62315 1.381458 -4.89698 0 0 0
44.00461 42.62315 1.381458 -4.89698 0 0 0
44.00461 42.62315 1.381458 -4.89698 0 0 0
44.00461 42.62315 1.381458 -4.89698 0 0 0
203.1886 195.6979 7.490747 708.3634 0.005670532 0 0.005670532
203.1886 195.6979 7.490747 708.3634 0.005670532 0 0.005670532
203.1886 195.6979 7.490747 708.3634 0.005670532 0 0.005670532
203.1886 195.6979 7.490747 708.3634 0.005670532 0 0.005670532
203.1886 195.6979 7.490747 708.3634 0.005670532 0 0.005670532
203.1886 195.6979 7.490747 708.3634 0.005670532 0 0.005670532
203.1886 195.6979 7.490747 708.3634 0.005670532 0 0.005670532
203.1886 195.6979 7.490747 708.3634 0.005670532 0 0.005670532
203.1886 195.6979 7.490747 708.3634 0.005670532 0 0.005670532
203.1886 195.6979 7.490747 708.3634 0.005670532 0 0.005670532
203.1886 195.6979 7.490747 708.3634 0.005670532 0 0.005670532
203.1886 195.6979 7.490747 708.3634 0.005670532 0 0.005670532
203.1886 195.6979 7.490747 708.3634 0.005670532 0 0.005670532
203.1886 195.6979 7.490747 708.3634 0.005670532 0 0.005670532
203.1886 195.6979 7.490747 708.3634 0.005670532 0 0.005670532
41.72754 38.86718 2.86036 -8.820039 0 0 0
41.72754 38.86718 2.86036 -8.820039 0 0 0
41.72754 38.86718 2.86036 -8.820039 0 0 0
41.72754 38.86718 2.86036 -8.820039 0 0 0
76.98214 73.8386 3.143541 -10.05129 0 0 0
76.98214 73.8386 3.143541 -10.05129 0 0 0
76.98214 73.8386 3.143541 -10.05129 0 0 0
76.98214 73.8386 3.143541 -10.05129 0 0 0
76.98214 73.8386 3.143541 -10.05129 0 0 0
76.98214 73.8386 3.143541 -10.05129 0 0 0
76.98214 73.8386 3.143541 -10.05129 0 0 0
76.98214 73.8386 3.143541 -10.05129 0 0 0
76.98214 73.8386 3.143541 -10.05129 0 0 0
76.98214 73.8386 3.143541 -10.05129 0 0 0
76.98214 73.8386 3.143541 -10.05129 0 0 0
76.98214 73.8386 3.143541 -10.05129 0 0 0
76.98214 73.8386 3.143541 -10.05129 0 0 0
76.98214 73.8386 3.143541 -10.05129 0 0 0
389.6835 356.1145 33.56899 707.4034 0.02754121 0 0.02754121
389.6835 356.1145 33.56899 707.4034 0.02754121 0 0.02754121
389.6835 356.1145 33.56899 707.4034 0.02754121 0 0.02754121
389.6835 356.1145 33.56899 707.4034 0.02754121 0 0.02754121
389.6835 356.1145 33.56899 707.4034 0.02754121 0 0.02754121
389.6835 356.1145 33.56899 707.4034 0.02754121 0 0.02754121
389.6835 356.1145 33.56899 707.4034 0.02754121 0 0.02754121
389.6835 356.1145 33.56899 707.4034 0.02754121 0 0.02754121
389.6835 356.1145 33.56899 707.4034 0.02754121 0 0.02754121
389.6835 356.1145 33.56899 707.4034 0.02754121 0 0.02754121
389.6835 356.1145 33.56899 707.4034 0.02754121 0 0.02754121
389.6835 356.1145 33.56899 707.4034 0.02754121 0 0.02754121
389.6835 356.1145 33.56899 707.4034 0.02754121 0 0.02754121
389.6835 356.1145 33.56899 707.4034 0.02754121 0 0.02754121
389.6835 356.1145 33.56899 707.4034 0.02754121 0 0.02754121
389.6835 356.1145 33.56899 707.4034 0.02754121 0 0.02754121
389.6835 356.1145 33.56899 707.4034 0.02754121 0 0.02754121
389.6835 356.1145 33.56899 707.4034 0.02754121 0 0.02754121
389.6835 356.1145 33.56899 707.4034 0.02754121 0 0.02754121
389.6835 356.1145 33.56899 707.4034 0.02754121 0 0.02754121
389.6835 356.1145 33.56899 707.4034 0.02754121 0 0.02754121
589.8628 580.7903 9.072541 1385.673 1.003225 1.003225 0
589.8628 580.7903 9.072541 1385.673 1.003225 1.003225 0
589.8628 580.7903 9.072541 1385.673 1.003225 1.003225 0
589.8628 580.7903 9.072541 1385.673 1.003225 1.003225 0
589.8628 580.7903 9.072541 1385.673 1.003225 1.003225 0
589.8628 580.7903 9.072541 1385.673 1.003225 1.003225 0
589.8628 580.7903 9.072541 1385.673 1.003225 1.003225 0
589.8628 580.7903 9.072541 1385.673 1.003225 1.003225 0
589.8628 580.7903 9.072541 1385.673 1.003225 1.003225 0
135.1293 120.0358 15.09347 181.1734 0 0 0
135.1293 120.0358 15.09347 181.1734 0 0 0
135.1293 120.0358 15.09347 181.1734 0 0 0
135.1293 120.0358 15.09347 181.1734 0 0 0
135.1293 120.0358 15.09347 181.1734 0 0 0
135.1293 120.0358 15.09347 181.1734 0 0 0
135.1293 120.0358 15.09347 181.1734 0 0 0
135.1293 120.0358 15.09347 181.1734 0 0 0
135.1293 120.0358 15.09347 181.1734 0 0 0
135.1293 120.0358 15.09347 181.1734 0 0 0
135.1293 120.0358 15.09347 181.1734 0 0 0
135.1293 120.0358 15.09347 181.1734 0 0 0
135.1293 120.0358 15.09347 181.1734 0 0 0
135.1293 120.0358 15.09347 181.1734 0 0 0
28.30624 24.86293 3.443304 23.91492 0 0 0
28.30624 24.86293 3.443304 23.91492 0 0 0
28.30624 24.86293 3.443304 23.91492 0 0 0
28.30624 24.86293 3.443304 23.91492 0 0 0
28.30624 24.86293 3.443304 23.91492 0 0 0
28.30624 24.86293 3.443304 23.91492 0 0 0
28.30624 24.86293 3.443304 23.91492 0 0 0
28.30624 24.86293 3.443304 23.91492 0 0 0
28.30624 24.86293 3.443304 23.91492 0 0 0
28.30624 24.86293 3.443304 23.91492 0 0 0
28.30624 24.86293 3.443304 23.91492 0 0 0
235.6336 232.9726 2.660988 1010.938 0.8811428 0 0.8811428
235.6336 232.9726 2.660988 1010.938 0.8811428 0 0.8811428
235.6336 232.9726 2.660988 1010.938 0.8811428 0 0.8811428
235.6336 232.9726 2.660988 1010.938 0.8811428 0 0.8811428
235.6336 232.9726 2.660988 1010.938 0.8811428 0 0.8811428
235.6336 232.9726 2.660988 1010.938 0.8811428 0 0.8811428
235.6336 232.9726 2.660988 1010.938 0.8811428 0 0.8811428
81.0544 73.92154 7.132854 208.4765 0 0 0
81.0544 73.92154 7.132854 208.4765 0 0 0
81.0544 73.92154 7.132854 208.4765 0 0 0
81.0544 73.92154 7.132854 208.4765 0 0 0
81.0544 73.92154 7.132854 208.4765 0 0 0
81.0544 73.92154 7.132854 208.4765 0 0 0
81.0544 73.92154 7.132854 208.4765 0 0 0
81.0544 73.92154 7.132854 208.4765 0 0 0
81.0544 73.92154 7.132854 208.4765 0 0 0
81.0544 73.92154 7.132854 208.4765 0 0 0
81.0544 73.92154 7.132854 208.4765 0 0 0
241.4389 237.7662 3.67278 247.3019 0.2555745 0 0.2555745
241.4389 237.7662 3.67278 247.3019 0.2555745 0 0.2555745
241.4389 237.7662 3.67278 247.3019 0.2555745 0 0.2555745
241.4389 237.7662 3.67278 247.3019 0.2555745 0 0.2555745
241.4389 237.7662 3.67278 247.3019 0.2555745 0 0.2555745
241.4389 237.7662 3.67278 247.3019 0.2555745 0 0.2555745
520.3207 0 520.3207 3527.09 0 0 0
520.3207 0 520.3207 3527.09 0 0 0
520.3207 0 520.3207 3527.09 0 0 0
520.3207 0 520.3207 3527.09 0 0 0
248.0716 240.6305 7.441059 1239.257 0 0 0
248.0716 240.6305 7.441059 1239.257 0 0 0
248.0716 240.6305 7.441059 1239.257 0 0 0
248.0716 240.6305 7.441059 1239.257 0 0 0
248.0716 240.6305 7.441059 1239.257 0 0 0
248.0716 240.6305 7.441059 1239.257 0 0 0
248.0716 240.6305 7.441059 1239.257 0 0 0
248.0716 240.6305 7.441059 1239.257 0 0 0
248.0716 240.6305 7.441059 1239.257 0 0 0
248.0716 240.6305 7.441059 1239.257 0 0 0
248.0716 240.6305 7.441059 1239.257 0 0 0
248.0716 240.6305 7.441059 1239.257 0 0 0
248.0716 240.6305 7.441059 1239.257 0 0 0
248.0716 240.6305 7.441059 1239.257 0 0 0
248.0716 240.6305 7.441059 1239.257 0 0 0
248.0716 240.6305 7.441059 1239.257 0 0 0
248.0716 240.6305 7.441059 1239.257 0 0 0
248.0716 240.6305 7.441059 1239.257 0 0 0
18.93421 18.38084 0.5533757 34.16483 0 0 0
18.93421 18.38084 0.5533757 34.16483 0 0 0
18.93421 18.38084 0.5533757 34.16483 0 0 0
18.93421 18.38084 0.5533757 34.16483 0 0 0
18.93421 18.38084 0.5533757 34.16483 0 0 0
18.93421 18.38084 0.5533757 34.16483 0 0 0
18.93421 18.38084 0.5533757 34.16483 0 0 0
18.93421 18.38084 0.5533757 34.16483 0 0 0
18.93421 18.38084 0.5533757 34.16483 0 0 0
18.93421 18.38084 0.5533757 34.16483 0 0 0
18.93421 18.38084 0.5533757 34.16483 0 0 0
18.93421 18.38084 0.5533757 34.16483 0 0 0
183.4457 174.5224 8.923322 251.0774 0.02929254 0 0.02929254
183.4457 174.5224 8.923322 251.0774 0.02929254 0 0.02929254
157.4584 151.6722 5.786247 161.7546 0 0 0
157.4584 151.6722 5.786247 161.7546 0 0 0
157.4584 151.6722 5.786247 161.7546 0 0 0
157.4584 151.6722 5.786247 161.7546 0 0 0
157.4584 151.6722 5.786247 161.7546 0 0 0
157.4584 151.6722 5.786247 161.7546 0 0 0
157.4584 151.6722 5.786247 161.7546 0 0 0
157.4584 151.6722 5.786247 161.7546 0 0 0
157.4584 151.6722 5.786247 161.7546 0 0 0
157.4584 151.6722 5.786247 161.7546 0 0 0
157.4584 151.6722 5.786247 161.7546 0 0 0
157.4584 151.6722 5.786247 161.7546 0 0 0
157.4584 151.6722 5.786247 161.7546 0 0 0
157.4584 151.6722 5.786247 161.7546 0 0 0
157.4584 151.6722 5.786247 161.7546 0 0 0
157.4584 151.6722 5.786247 161.7546 0 0 0
157.4584 151.6722 5.786247 161.7546 0 0 0
76.59866 74.38192 2.216745 200.9909 0.01153484 0 0.01153484
76.59866 74.38192 2.216745 200.9909 0.01153484 0 0.01153484
76.59866 74.38192 2.216745 200.9909 0.01153484 0 0.01153484
76.59866 74.38192 2.216745 200.9909 0.01153484 0 0.01153484
76.59866 74.38192 2.216745 200.9909 0.01153484 0 0.01153484
76.59866 74.38192 2.216745 200.9909 0.01153484 0 0.01153484
76.59866 74.38192 2.216745 200.9909 0.01153484 0 0.01153484
76.59866 74.38192 2.216745 200.9909 0.01153484 0 0.01153484
76.59866 74.38192 2.216745 200.9909 0.01153484 0 0.01153484
76.59866 74.38192 2.216745 200.9909 0.01153484 0 0.01153484
201.7861 189.2724 12.51374 306.857 1.158483 0 1.158483
201.7861 189.2724 12.51374 306.857 1.158483 0 1.158483
257.9326 253.9721 3.960447 -52.64272 0 0 0
257.9326 253.9721 3.960447 -52.64272 0 0 0
257.9326 253.9721 3.960447 -52.64272 0 0 0
257.9326 253.9721 3.960447 -52.64272 0 0 0
257.9326 253.9721 3.960447 -52.64272 0 0 0
257.9326 253.9721 3.960447 -52.64272 0 0 0
257.9326 253.9721 3.960447 -52.64272 0 0 0
257.9326 253.9721 3.960447 -52.64272 0 0 0
257.9326 253.9721 3.960447 -52.64272 0 0 0
257.9326 253.9721 3.960447 -52.64272 0 0 0
321.8004 318.4777 3.322668 -60.91158 2.986973 2.986973 0
321.8004 318.4777 3.322668 -60.91158 2.986973 2.986973 0
321.8004 318.4777 3.322668 -60.91158 2.986973 2.986973 0
321.8004 318.4777 3.322668 -60.91158 2.986973 2.986973 0
321.8004 318.4777 3.322668 -60.91158 2.986973 2.986973 0
321.8004 318.4777 3.322668 -60.91158 2.986973 2.986973 0
321.8004 318.4777 3.322668 -60.91158 2.986973 2.986973 0
171.1396 42.85477 128.2849 397.8681 0.1348911 0 0.1348911
171.1396 42.85477 128.2849 397.8681 0.1348911 0 0.1348911
171.1396 42.85477 128.2849 397.8681 0.1348911 0 0.1348911
171.1396 42.85477 128.2849 397.8681 0.1348911 0 0.1348911
171.1396 42.85477 128.2849 397.8681 0.1348911 0 0.1348911
171.1396 42.85477 128.2849 397.8681 0.1348911 0 0.1348911
171.1396 42.85477 128.2849 397.8681 0.1348911 0 0.1348911
171.1396 42.85477 128.2849 397.8681 0.1348911 0 0.1348911
171.1396 42.85477 128.2849 397.8681 0.1348911 0 0.1348911
171.1396 42.85477 128.2849 397.8681 0.1348911 0 0.1348911
171.1396 42.85477 128.2849 397.8681 0.1348911 0 0.1348911
171.1396 42.85477 128.2849 397.8681 0.1348911 0 0.1348911
171.1396 42.85477 128.2849 397.8681 0.1348911 0 0.1348911
324.8286 316.8255 8.003139 271.4134 0 0 0
324.8286 316.8255 8.003139 271.4134 0 0 0
324.8286 316.8255 8.003139 271.4134 0 0 0
55.2311 54.17418 1.056922 124.0167 0 0 0
55.2311 54.17418 1.056922 124.0167 0 0 0
55.2311 54.17418 1.056922 124.0167 0 0 0
55.2311 54.17418 1.056922 124.0167 0 0 0
55.2311 54.17418 1.056922 124.0167 0 0 0
55.2311 54.17418 1.056922 124.0167 0 0 0
55.2311 54.17418 1.056922 124.0167 0 0 0
55.2311 54.17418 1.056922 124.0167 0 0 0
353.6948 342.3831 11.31164 253.585 0 0 0
353.6948 342.3831 11.31164 253.585 0 0 0
353.6948 342.3831 11.31164 253.585 0 0 0
353.6948 342.3831 11.31164 253.585 0 0 0
353.6948 342.3831 11.31164 253.585 0 0 0
353.6948 342.3831 11.31164 253.585 0 0 0
353.6948 342.3831 11.31164 253.585 0 0 0
353.6948 342.3831 11.31164 253.585 0 0 0
353.6948 342.3831 11.31164 253.585 0 0 0
103.4363 100.8798 2.556525 1142.643 0.2246324 0 0.2246324
103.4363 100.8798 2.556525 1142.643 0.2246324 0 0.2246324
103.4363 100.8798 2.556525 1142.643 0.2246324 0 0.2246324
103.4363 100.8798 2.556525 1142.643 0.2246324 0 0.2246324
103.4363 100.8798 2.556525 1142.643 0.2246324 0 0.2246324
103.4363 100.8798 2.556525 1142.643 0.2246324 0 0.2246324
103.4363 100.8798 2.556525 1142.643 0.2246324 0 0.2246324
103.4363 100.8798 2.556525 1142.643 0.2246324 0 0.2246324
209.4873 204.6841 4.803187 53.69734 4.721299 2.900883 1.820416
209.4873 204.6841 4.803187 53.69734 4.721299 2.900883 1.820416
455.0993 451.598 3.501353 -118.3865 0 0 0
455.0993 451.598 3.501353 -118.3865 0 0 0
455.0993 451.598 3.501353 -118.3865 0 0 0
455.0993 451.598 3.501353 -118.3865 0 0 0
455.0993 451.598 3.501353 -118.3865 0 0 0
455.0993 451.598 3.501353 -118.3865 0 0 0
455.0993 451.598 3.501353 -118.3865 0 0 0
455.0993 451.598 3.501353 -118.3865 0 0 0
455.0993 451.598 3.501353 -118.3865 0 0 0
545.1445 24.82378 520.3207 1201.8 0 0 0
545.1445 24.82378 520.3207 1201.8 0 0 0
545.1445 24.82378 520.3207 1201.8 0 0 0
545.1445 24.82378 520.3207 1201.8 0 0 0
545.1445 24.82378 520.3207 1201.8 0 0 0
545.1445 24.82378 520.3207 1201.8 0 0 0
545.1445 24.82378 520.3207 1201.8 0 0 0
545.1445 24.82378 520.3207 1201.8 0 0 0
545.1445 24.82378 520.3207 1201.8 0 0 0
545.1445 24.82378 520.3207 1201.8 0 0 0
545.1445 24.82378 520.3207 1201.8 0 0 0
545.1445 24.82378 520.3207 1201.8 0 0 0
545.1445 24.82378 520.3207 1201.8 0 0 0
545.1445 24.82378 520.3207 1201.8 0 0 0
545.1445 24.82378 520.3207 1201.8 0 0 0
545.1445 24.82378 520.3207 1201.8 0 0 0
545.1445 24.82378 520.3207 1201.8 0 0 0
545.1445 24.82378 520.3207 1201.8 0 0 0
545.1445 24.82378 520.3207 1201.8 0 0 0
265.4347 255.0045 10.43028 205.7796 0 0 0
265.4347 255.0045 10.43028 205.7796 0 0 0
265.4347 255.0045 10.43028 205.7796 0 0 0
265.4347 255.0045 10.43028 205.7796 0 0 0
265.4347 255.0045 10.43028 205.7796 0 0 0
265.4347 255.0045 10.43028 205.7796 0 0 0
265.4347 255.0045 10.43028 205.7796 0 0 0
265.4347 255.0045 10.43028 205.7796 0 0 0
265.4347 255.0045 10.43028 205.7796 0 0 0
265.4347 255.0045 10.43028 205.7796 0 0 0
265.4347 255.0045 10.43028 205.7796 0 0 0
113.2053 104.7995 8.405793 199.8982 0.01614481 0 0.01614481
113.2053 104.7995 8.405793 199.8982 0.01614481 0 0.01614481
113.2053 104.7995 8.405793 199.8982 0.01614481 0 0.01614481
113.2053 104.7995 8.405793 199.8982 0.01614481 0 0.01614481
113.2053 104.7995 8.405793 199.8982 0.01614481 0 0.01614481
113.2053 104.7995 8.405793 199.8982 0.01614481 0 0.01614481
113.2053 104.7995 8.405793 199.8982 0.01614481 0 0.01614481
113.2053 104.7995 8.405793 199.8982 0.01614481 0 0.01614481
113.2053 104.7995 8.405793 199.8982 0.01614481 0 0.01614481
145.0806 124.2914 20.78921 218.9795 0 0 0
145.0806 124.2914 20.78921 218.9795 0 0 0
145.0806 124.2914 20.78921 218.9795 0 0 0
145.0806 124.2914 20.78921 218.9795 0 0 0
145.0806 124.2914 20.78921 218.9795 0 0 0
145.0806 124.2914 20.78921 218.9795 0 0 0
145.0806 124.2914 20.78921 218.9795 0 0 0
145.0806 124.2914 20.78921 218.9795 0 0 0
79.9954 75.56228 4.433122 166.0085 0.01455401 0 0.01455401
79.9954 75.56228 4.433122 166.0085 0.01455401 0 0.01455401
294.2677 272.2097 22.058 14.20062 0 0 0
294.2677 272.2097 22.058 14.20062 0 0 0
294.2677 272.2097 22.058 14.20062 0 0 0
294.2677 272.2097 22.058 14.20062 0 0 0
294.2677 272.2097 22.058 14.20062 0 0 0
294.2677 272.2097 22.058 14.20062 0 0 0
294.2677 272.2097 22.058 14.20062 0 0 0
182.3774 176.0879 6.289482 113.6285 0 0 0
182.3774 176.0879 6.289482 113.6285 0 0 0
182.3774 176.0879 6.289482 113.6285 0 0 0
182.3774 176.0879 6.289482 113.6285 0 0 0
182.3774 176.0879 6.289482 113.6285 0 0 0
105.298 92.79107 12.50691 331.1726 0 0 0
105.298 92.79107 12.50691 331.1726 0 0 0
105.298 92.79107 12.50691 331.1726 0 0 0
105.298 92.79107 12.50691 331.1726 0 0 0
105.298 92.79107 12.50691 331.1726 0 0 0
105.298 92.79107 12.50691 331.1726 0 0 0
105.298 92.79107 12.50691 331.1726 0 0 0
454.9297 426.7567 28.17292 101.4199 0 0 0
454.9297 426.7567 28.17292 101.4199 0 0 0
454.9297 426.7567 28.17292 101.4199 0 0 0
454.9297 426.7567 28.17292 101.4199 0 0 0
454.9297 426.7567 28.17292 101.4199 0 0 0
454.9297 426.7567 28.17292 101.4199 0 0 0
454.9297 426.7567 28.17292 101.4199 0 0 0
454.9297 426.7567 28.17292 101.4199 0 0 0
454.9297 426.7567 28.17292 101.4199 0 0 0
454.9297 426.7567 28.17292 101.4199 0 0 0
454.9297 426.7567 28.17292 101.4199 0 0 0
454.9297 426.7567 28.17292 101.4199 0 0 0
454.9297 426.7567 28.17292 101.4199 0 0 0
454.9297 426.7567 28.17292 101.4199 0 0 0
477.9267 198.8943 279.0324 539.4338 0.2731619 0.2731619 0
477.9267 198.8943 279.0324 539.4338 0.2731619 0.2731619 0
477.9267 198.8943 279.0324 539.4338 0.2731619 0.2731619 0
477.9267 198.8943 279.0324 539.4338 0.2731619 0.2731619 0
477.9267 198.8943 279.0324 539.4338 0.2731619 0.2731619 0
29.60041 29.30104 0.2993723 187.7479 0 0 0
29.60041 29.30104 0.2993723 187.7479 0 0 0
29.60041 29.30104 0.2993723 187.7479 0 0 0
29.60041 29.30104 0.2993723 187.7479 0 0 0
29.60041 29.30104 0.2993723 187.7479 0 0 0
29.60041 29.30104 0.2993723 187.7479 0 0 0
29.60041 29.30104 0.2993723 187.7479 0 0 0
29.60041 29.30104 0.2993723 187.7479 0 0 0
29.60041 29.30104 0.2993723 187.7479 0 0 0
599.1785 588.0438 11.13468 291.781 15.86195 15.86195 0
599.1785 588.0438 11.13468 291.781 15.86195 15.86195 0
599.1785 588.0438 11.13468 291.781 15.86195 15.86195 0
230.2632 168.3141 61.9491 166.9524 0 0 0
230.2632 168.3141 61.9491 166.9524 0 0 0
230.2632 168.3141 61.9491 166.9524 0 0 0
230.2632 168.3141 61.9491 166.9524 0 0 0
230.2632 168.3141 61.9491 166.9524 0 0 0
230.2632 168.3141 61.9491 166.9524 0 0 0
230.2632 168.3141 61.9491 166.9524 0 0 0
255.8092 254.2639 1.545322 -14.07818 0 0 0
255.8092 254.2639 1.545322 -14.07818 0 0 0
255.8092 254.2639 1.545322 -14.07818 0 0 0
255.8092 254.2639 1.545322 -14.07818 0 0 0
255.8092 254.2639 1.545322 -14.07818 0 0 0
255.8092 254.2639 1.545322 -14.07818 0 0 0
255.8092 254.2639 1.545322 -14.07818 0 0 0
255.8092 254.2639 1.545322 -14.07818 0 0 0
243.1736 231.5243 11.64923 20.67399 0 0 0
243.1736 231.5243 11.64923 20.67399 0 0 0
243.1736 231.5243 11.64923 20.67399 0 0 0
243.1736 231.5243 11.64923 20.67399 0 0 0
243.1736 231.5243 11.64923 20.67399 0 0 0
243.1736 231.5243 11.64923 20.67399 0 0 0
243.1736 231.5243 11.64923 20.67399 0 0 0
243.1736 231.5243 11.64923 20.67399 0 0 0
243.1736 231.5243 11.64923 20.67399 0 0 0
243.1736 231.5243 11.64923 20.67399 0 0 0
243.1736 231.5243 11.64923 20.67399 0 0 0
469.0367 464.2201 4.816559 -129.7031 0.522627 0.522627 0
469.0367 464.2201 4.816559 -129.7031 0.522627 0.522627 0
469.0367 464.2201 4.816559 -129.7031 0.522627 0.522627 0
469.0367 464.2201 4.816559 -129.7031 0.522627 0.522627 0
469.0367 464.2201 4.816559 -129.7031 0.522627 0.522627 0
469.0367 464.2201 4.816559 -129.7031 0.522627 0.522627 0
469.0367 464.2201 4.816559 -129.7031 0.522627 0.522627 0
469.0367 464.2201 4.816559 -129.7031 0.522627 0.522627 0
469.0367 464.2201 4.816559 -129.7031 0.522627 0.522627 0
469.0367 464.2201 4.816559 -129.7031 0.522627 0.522627 0
469.0367 464.2201 4.816559 -129.7031 0.522627 0.522627 0
223.0528 213.1777 9.87507 -53.68242 0 0 0
223.0528 213.1777 9.87507 -53.68242 0 0 0
223.0528 213.1777 9.87507 -53.68242 0 0 0
223.0528 213.1777 9.87507 -53.68242 0 0 0
223.0528 213.1777 9.87507 -53.68242 0 0 0
342.9105 272.4964 70.41417 218.3724 0 0 0
342.9105 272.4964 70.41417 218.3724 0 0 0
342.9105 272.4964 70.41417 218.3724 0 0 0
342.9105 272.4964 70.41417 218.3724 0 0 0
342.9105 272.4964 70.41417 218.3724 0 0 0
342.9105 272.4964 70.41417 218.3724 0 0 0
342.9105 272.4964 70.41417 218.3724 0 0 0
342.9105 272.4964 70.41417 218.3724 0 0 0
342.9105 272.4964 70.41417 218.3724 0 0 0
342.9105 272.4964 70.41417 218.3724 0 0 0
106.063 100.798 5.264992 114.2451 0.04368971 0 0.04368971
106.063 100.798 5.264992 114.2451 0.04368971 0 0.04368971
106.063 100.798 5.264992 114.2451 0.04368971 0 0.04368971
106.063 100.798 5.264992 114.2451 0.04368971 0 0.04368971
106.063 100.798 5.264992 114.2451 0.04368971 0 0.04368971
106.063 100.798 5.264992 114.2451 0.04368971 0 0.04368971
106.063 100.798 5.264992 114.2451 0.04368971 0 0.04368971
106.063 100.798 5.264992 114.2451 0.04368971 0 0.04368971
106.063 100.798 5.264992 114.2451 0.04368971 0 0.04368971
346.4256 342.7648 3.660766 303.7885 0 0 0
346.4256 342.7648 3.660766 303.7885 0 0 0
346.4256 342.7648 3.660766 303.7885 0 0 0
346.4256 342.7648 3.660766 303.7885 0 0 0
346.4256 342.7648 3.660766 303.7885 0 0 0
346.4256 342.7648 3.660766 303.7885 0 0 0
346.4256 342.7648 3.660766 303.7885 0 0 0
346.4256 342.7648 3.660766 303.7885 0 0 0
204.2032 191.5265 12.67672 19.07139 0 0 0
204.2032 191.5265 12.67672 19.07139 0 0 0
204.2032 191.5265 12.67672 19.07139 0 0 0
204.2032 191.5265 12.67672 19.07139 0 0 0
465.3075 457.1103 8.197192 -105.4086 0 0 0
465.3075 457.1103 8.197192 -105.4086 0 0 0
465.3075 457.1103 8.197192 -105.4086 0 0 0
465.3075 457.1103 8.197192 -105.4086 0 0 0
211.4723 177.7053 33.76696 346.8308 0.01094643 0 0.01094643
71.36505 68.72045 2.644598 92.24746 0 0 0
71.36505 68.72045 2.644598 92.24746 0 0 0
71.36505 68.72045 2.644598 92.24746 0 0 0
71.36505 68.72045 2.644598 92.24746 0 0 0
71.36505 68.72045 2.644598 92.24746 0 0 0
71.36505 68.72045 2.644598 92.24746 0 0 0
71.36505 68.72045 2.644598 92.24746 0 0 0
71.36505 68.72045 2.644598 92.24746 0 0 0
71.36505 68.72045 2.644598 92.24746 0 0 0
71.36505 68.72045 2.644598 92.24746 0 0 0
71.36505 68.72045 2.644598 92.24746 0 0 0
71.36505 68.72045 2.644598 92.24746 0 0 0
71.36505 68.72045 2.644598 92.24746 0 0 0
71.36505 68.72045 2.644598 92.24746 0 0 0
71.36505 68.72045 2.644598 92.24746 0 0 0
71.36505 68.72045 2.644598 92.24746 0 0 0
176.5301 169.3222 7.207847 -38.01603 0 0 0
176.5301 169.3222 7.207847 -38.01603 0 0 0
176.5301 169.3222 7.207847 -38.01603 0 0 0
176.5301 169.3222 7.207847 -38.01603 0 0 0
176.5301 169.3222 7.207847 -38.01603 0 0 0
176.5301 169.3222 7.207847 -38.01603 0 0 0
176.5301 169.3222 7.207847 -38.01603 0 0 0
176.5301 169.3222 7.207847 -38.01603 0 0 0
176.5301 169.3222 7.207847 -38.01603 0 0 0
1195.408 1189.222 6.18574 -175.605 3.976384 3.976384 0
1195.408 1189.222 6.18574 -175.605 3.976384 3.976384 0
1195.408 1189.222 6.18574 -175.605 3.976384 3.976384 0
1195.408 1189.222 6.18574 -175.605 3.976384 3.976384 0
653.1524 646.0538 7.09857 -301.0803 0 0 0
653.1524 646.0538 7.09857 -301.0803 0 0 0
653.1524 646.0538 7.09857 -301.0803 0 0 0
653.1524 646.0538 7.09857 -301.0803 0 0 0
653.1524 646.0538 7.09857 -301.0803 0 0 0
653.1524 646.0538 7.09857 -301.0803 0 0 0
653.1524 646.0538 7.09857 -301.0803 0 0 0
188.2872 183.245 5.0422 768.0857 0.86021 0 0.86021
188.2872 183.245 5.0422 768.0857 0.86021 0 0.86021
188.2872 183.245 5.0422 768.0857 0.86021 0 0.86021
188.2872 183.245 5.0422 768.0857 0.86021 0 0.86021
188.2872 183.245 5.0422 768.0857 0.86021 0 0.86021
373.3523 364.4512 8.90111 467.4887 0 0 0
373.3523 364.4512 8.90111 467.4887 0 0 0
373.3523 364.4512 8.90111 467.4887 0 0 0
373.3523 364.4512 8.90111 467.4887 0 0 0
373.3523 364.4512 8.90111 467.4887 0 0 0
373.3523 364.4512 8.90111 467.4887 0 0 0
373.3523 364.4512 8.90111 467.4887 0 0 0
101.2001 92.98192 8.218159 4213.333 0 0 0
101.2001 92.98192 8.218159 4213.333 0 0 0
101.2001 92.98192 8.218159 4213.333 0 0 0
101.2001 92.98192 8.218159 4213.333 0 0 0
101.2001 92.98192 8.218159 4213.333 0 0 0
131.0351 120.1934 10.84163 224.2788 0.01613912 0 0.01613912
131.0351 120.1934 10.84163 224.2788 0.01613912 0 0.01613912
131.0351 120.1934 10.84163 224.2788 0.01613912 0 0.01613912
131.0351 120.1934 10.84163 224.2788 0.01613912 0 0.01613912
131.0351 120.1934 10.84163 224.2788 0.01613912 0 0.01613912
131.0351 120.1934 10.84163 224.2788 0.01613912 0 0.01613912
167.8163 161.9892 5.827033 308.4902 0.542498 0 0.542498
167.8163 161.9892 5.827033 308.4902 0.542498 0 0.542498
167.8163 161.9892 5.827033 308.4902 0.542498 0 0.542498
167.8163 161.9892 5.827033 308.4902 0.542498 0 0.542498
264.9002 248.3076 16.59257 -13.77149 0 0 0
264.9002 248.3076 16.59257 -13.77149 0 0 0
264.9002 248.3076 16.59257 -13.77149 0 0 0
264.9002 248.3076 16.59257 -13.77149 0 0 0
331.6919 119.2847 212.4072 530.283 0 0 0
331.6919 119.2847 212.4072 530.283 0 0 0
331.6919 119.2847 212.4072 530.283 0 0 0
331.6919 119.2847 212.4072 530.283 0 0 0
331.6919 119.2847 212.4072 530.283 0 0 0
331.6919 119.2847 212.4072 530.283 0 0 0
331.6919 119.2847 212.4072 530.283 0 0 0
331.6919 119.2847 212.4072 530.283 0 0 0
331.6919 119.2847 212.4072 530.283 0 0 0
331.6919 119.2847 212.4072 530.283 0 0 0
331.6919 119.2847 212.4072 530.283 0 0 0
331.6919 119.2847 212.4072 530.283 0 0 0
331.6919 119.2847 212.4072 530.283 0 0 0
331.6919 119.2847 212.4072 530.283 0 0 0
117.9159 115.711 2.204929 -58.86397 0 0 0
117.9159 115.711 2.204929 -58.86397 0 0 0
117.9159 115.711 2.204929 -58.86397 0 0 0
117.9159 115.711 2.204929 -58.86397 0 0 0
117.9159 115.711 2.204929 -58.86397 0 0 0
117.9159 115.711 2.204929 -58.86397 0 0 0
117.9159 115.711 2.204929 -58.86397 0 0 0
117.9159 115.711 2.204929 -58.86397 0 0 0
117.9159 115.711 2.204929 -58.86397 0 0 0
651.6629 647.0522 4.610774 -175.5371 0 0 0
651.6629 647.0522 4.610774 -175.5371 0 0 0
651.6629 647.0522 4.610774 -175.5371 0 0 0
651.6629 647.0522 4.610774 -175.5371 0 0 0
651.6629 647.0522 4.610774 -175.5371 0 0 0
651.6629 647.0522 4.610774 -175.5371 0 0 0
651.6629 647.0522 4.610774 -175.5371 0 0 0
112.0647 51.59277 60.47191 236.6524 0.02268095 0 0.02268095
112.0647 51.59277 60.47191 236.6524 0.02268095 0 0.02268095
125.5942 122.5152 3.079069 342.9587 0 0 0
125.5942 122.5152 3.079069 342.9587 0 0 0
125.5942 122.5152 3.079069 342.9587 0 0 0
125.5942 122.5152 3.079069 342.9587 0 0 0
125.5942 122.5152 3.079069 342.9587 0 0 0
125.5942 122.5152 3.079069 342.9587 0 0 0
125.5942 122.5152 3.079069 342.9587 0 0 0
125.5942 122.5152 3.079069 342.9587 0 0 0
125.5942 122.5152 3.079069 342.9587 0 0 0
125.5942 122.5152 3.079069 342.9587 0 0 0
125.5942 122.5152 3.079069 342.9587 0 0 0
388.7321 379.5152 9.216916 4327.426 0 0 0
388.7321 379.5152 9.216916 4327.426 0 0 0
388.7321 379.5152 9.216916 4327.426 0 0 0
388.7321 379.5152 9.216916 4327.426 0 0 0
388.7321 379.5152 9.216916 4327.426 0 0 0
388.7321 379.5152 9.216916 4327.426 0 0 0
388.7321 379.5152 9.216916 4327.426 0 0 0
388.7321 379.5152 9.216916 4327.426 0 0 0
388.7321 379.5152 9.216916 4327.426 0 0 0
388.7321 379.5152 9.216916 4327.426 0 0 0
388.7321 379.5152 9.216916 4327.426 0 0 0
388.7321 379.5152 9.216916 4327.426 0 0 0
388.7321 379.5152 9.216916 4327.426 0 0 0
388.7321 379.5152 9.216916 4327.426 0 0 0
388.7321 379.5152 9.216916 4327.426 0 0 0
388.7321 379.5152 9.216916 4327.426 0 0 0
388.7321 379.5152 9.216916 4327.426 0 0 0
165.951 158.2007 7.750269 1418.14 0 0 0
165.951 158.2007 7.750269 1418.14 0 0 0
165.951 158.2007 7.750269 1418.14 0 0 0
165.951 158.2007 7.750269 1418.14 0 0 0
165.951 158.2007 7.750269 1418.14 0 0 0
165.951 158.2007 7.750269 1418.14 0 0 0
158.5337 120.1978 38.33592 170.9711 0 0 0
158.5337 120.1978 38.33592 170.9711 0 0 0
158.5337 120.1978 38.33592 170.9711 0 0 0
158.5337 120.1978 38.33592 170.9711 0 0 0
158.5337 120.1978 38.33592 170.9711 0 0 0
158.5337 120.1978 38.33592 170.9711 0 0 0
158.5337 120.1978 38.33592 170.9711 0 0 0
187.0518 118.1197 68.93202 168.9404 0 0 0
187.0518 118.1197 68.93202 168.9404 0 0 0
187.0518 118.1197 68.93202 168.9404 0 0 0
187.0518 118.1197 68.93202 168.9404 0 0 0
187.0518 118.1197 68.93202 168.9404 0 0 0
187.0518 118.1197 68.93202 168.9404 0 0 0
187.0518 118.1197 68.93202 168.9404 0 0 0
187.0518 118.1197 68.93202 168.9404 0 0 0
187.0518 118.1197 68.93202 168.9404 0 0 0
187.0518 118.1197 68.93202 168.9404 0 0 0
187.0518 118.1197 68.93202 168.9404 0 0 0
450.1829 448.2591 1.923837 -103.6845 4.158407 4.158407 0
450.1829 448.2591 1.923837 -103.6845 4.158407 4.158407 0
450.1829 448.2591 1.923837 -103.6845 4.158407 4.158407 0
450.1829 448.2591 1.923837 -103.6845 4.158407 4.158407 0
450.1829 448.2591 1.923837 -103.6845 4.158407 4.158407 0
83.47354 62.54485 20.92869 184.8755 0 0 0
83.47354 62.54485 20.92869 184.8755 0 0 0
83.47354 62.54485 20.92869 184.8755 0 0 0
83.47354 62.54485 20.92869 184.8755 0 0 0
83.47354 62.54485 20.92869 184.8755 0 0 0
83.47354 62.54485 20.92869 184.8755 0 0 0
83.47354 62.54485 20.92869 184.8755 0 0 0
629.0163 621.2266 7.78972 -179.6503 0 0 0
629.0163 621.2266 7.78972 -179.6503 0 0 0
629.0163 621.2266 7.78972 -179.6503 0 0 0
629.0163 621.2266 7.78972 -179.6503 0 0 0
629.0163 621.2266 7.78972 -179.6503 0 0 0
629.0163 621.2266 7.78972 -179.6503 0 0 0
629.0163 621.2266 7.78972 -179.6503 0 0 0
629.0163 621.2266 7.78972 -179.6503 0 0 0
629.0163 621.2266 7.78972 -179.6503 0 0 0
629.0163 621.2266 7.78972 -179.6503 0 0 0
629.0163 621.2266 7.78972 -179.6503 0 0 0
164.3021 52.8987 111.4034 269.4062 0 0 0
164.3021 52.8987 111.4034 269.4062 0 0 0
164.3021 52.8987 111.4034 269.4062 0 0 0
164.3021 52.8987 111.4034 269.4062 0 0 0
164.3021 52.8987 111.4034 269.4062 0 0 0
164.3021 52.8987 111.4034 269.4062 0 0 0
164.3021 52.8987 111.4034 269.4062 0 0 0
520.3206 0 520.3206 4006.697 0 0 0
520.3206 0 520.3206 4006.697 0 0 0
520.3206 0 520.3206 4006.697 0 0 0
520.3206 0 520.3206 4006.697 0 0 0
520.3206 0 520.3206 4006.697 0 0 0
520.3206 0 520.3206 4006.697 0 0 0
218.1479 0 218.1479 451.7299 0 0 0
520.3208 0 520.3208 1849.552 0 0 0
569.9946 451.9233 118.0714 55.15668 0.4060513 0.4060513 0
569.9946 451.9233 118.0714 55.15668 0.4060513 0.4060513 0
569.9946 451.9233 118.0714 55.15668 0.4060513 0.4060513 0
520.3207 0 520.3207 886.2438 0 0 0
520.3207 0 520.3207 886.2438 0 0 0
283.0932 0 283.0932 547.9872 0 0 0
283.0932 0 283.0932 547.9872 0 0 0
283.0932 0 283.0932 547.9872 0 0 0
520.3207 0 520.3207 1725.566 0 0 0
520.3207 0 520.3207 1725.566 0 0 0
520.3207 0 520.3207 1725.566 0 0 0
520.3207 0 520.3207 1725.566 0 0 0
520.3208 0 520.3208 2649.403 0 0 0
520.3208 0 520.3208 2649.403 0 0 0
520.3206 0 520.3206 927.5009 0 0 0
520.3206 0 520.3206 927.5009 0 0 0
520.3207 0 520.3207 1314.216 0 0 0
520.3207 0 520.3207 1314.216 0 0 0
520.3207 0 520.3207 1314.216 0 0 0
520.3207 0 520.3207 1314.216 0 0 0
520.3207 0 520.3207 1314.216 0 0 0
520.3207 0 520.3207 1157.263 0 0 0
520.3207 0 520.3207 1157.263 0 0 0
520.3207 0 520.3207 1157.263 0 0 0
520.3207 0 520.3207 991.8995 0 0 0
520.3207 0 520.3207 991.8995 0 0 0
520.3207 0 520.3207 991.8995 0 0 0
520.3203 0 520.3203 1055.86 0 0 0
331.266 0 331.266 642.9255 0 0 0
520.3207 0 520.3207 1743.414 0 0 0
520.3207 0 520.3207 1743.414 0 0 0
520.3207 0 520.3207 1743.414 0 0 0
520.3209 0 520.3209 1939.29 0 0 0
520.3207 0 520.3207 1266.798 0 0 0
520.3207 0 520.3207 1266.798 0 0 0
520.3207 0 520.3207 1266.798 0 0 0
520.3207 0 520.3207 2077.083 0 0 0
520.3207 0 520.3207 2077.083 0 0 0
520.3207 0 520.3207 2077.083 0 0 0
520.3207 0 520.3207 2077.083 0 0 0
520.3207 0 520.3207 2077.083 0 0 0
520.3207 0 520.3207 2077.083 0 0 0
520.3207 0 520.3207 2077.083 0 0 0
378.4254 0 378.4254 704.5487 0 0 0
146.736 0 146.736 332.7119 0 0 0
520.3207 0 520.3207 1391.754 0 0 0
520.3207 0 520.3207 1391.754 0 0 0
520.3207 0 520.3207 1391.754 0 0 0
520.3207 0 520.3207 1391.754 0 0 0
520.3207 0 520.3207 1391.754 0 0 0
520.3207 0 520.3207 1391.754 0 0 0
520.3207 0 520.3207 1525.277 0 0 0
520.3207 0 520.3207 1525.277 0 0 0
520.3207 0 520.3207 1525.277 0 0 0
520.3207 0 520.3207 1525.277 0 0 0
302.7865 0 302.7865 585.0131 0 0 0
538.9045 515.1567 23.74775 179.2347 12.69806 12.57577 0.1222878
538.9045 515.1567 23.74775 179.2347 12.69806 12.57577 0.1222878
538.9045 515.1567 23.74775 179.2347 12.69806 12.57577 0.1222878
538.9045 515.1567 23.74775 179.2347 12.69806 12.57577 0.1222878
538.9045 515.1567 23.74775 179.2347 12.69806 12.57577 0.1222878
782.5272 317.2036 465.3237 726.5526 0.3950852 0.3866182 0.008466951
782.5272 317.2036 465.3237 726.5526 0.3950852 0.3866182 0.008466951
782.5272 317.2036 465.3237 726.5526 0.3950852 0.3866182 0.008466951
782.5272 317.2036 465.3237 726.5526 0.3950852 0.3866182 0.008466951
368.7661 0 368.7661 670.2678 0 0 0
368.7661 0 368.7661 670.2678 0 0 0
368.7661 0 368.7661 670.2678 0 0 0
308.1752 0 308.1752 618.5614 0 0 0
308.1752 0 308.1752 618.5614 0 0 0
520.3206 0 520.3206 1293.556 0 0 0
520.3206 0 520.3206 1293.556 0 0 0
136.6102 119.0047 17.60547 182.4089 0 0 0
136.6102 119.0047 17.60547 182.4089 0 0 0
136.6102 119.0047 17.60547 182.4089 0 0 0
136.6102 119.0047 17.60547 182.4089 0 0 0
136.6102 119.0047 17.60547 182.4089 0 0 0
136.6102 119.0047 17.60547 182.4089 0 0 0
136.6102 119.0047 17.60547 182.4089 0 0 0
136.6102 119.0047 17.60547 182.4089 0 0 0
136.6102 119.0047 17.60547 182.4089 0 0 0
19.417 18.60579 0.8112039 896.13 0 0 0
19.417 18.60579 0.8112039 896.13 0 0 0
19.417 18.60579 0.8112039 896.13 0 0 0
19.417 18.60579 0.8112039 896.13 0 0 0
19.417 18.60579 0.8112039 896.13 0 0 0
19.417 18.60579 0.8112039 896.13 0 0 0
19.417 18.60579 0.8112039 896.13 0 0 0
19.417 18.60579 0.8112039 896.13 0 0 0
19.417 18.60579 0.8112039 896.13 0 0 0
19.417 18.60579 0.8112039 896.13 0 0 0
19.417 18.60579 0.8112039 896.13 0 0 0
19.417 18.60579 0.8112039 896.13 0 0 0
19.417 18.60579 0.8112039 896.13 0 0 0
19.417 18.60579 0.8112039 896.13 0 0 0
19.417 18.60579 0.8112039 896.13 0 0 0
19.417 18.60579 0.8112039 896.13 0 0 0
19.417 18.60579 0.8112039 896.13 0 0 0
19.417 18.60579 0.8112039 896.13 0 0 0
19.417 18.60579 0.8112039 896.13 0 0 0
19.417 18.60579 0.8112039 896.13 0 0 0
19.417 18.60579 0.8112039 896.13 0 0 0
51.35699 50.11842 1.238561 229.1361 0 0 0
51.35699 50.11842 1.238561 229.1361 0 0 0
51.35699 50.11842 1.238561 229.1361 0 0 0
51.35699 50.11842 1.238561 229.1361 0 0 0
51.35699 50.11842 1.238561 229.1361 0 0 0
51.35699 50.11842 1.238561 229.1361 0 0 0
51.35699 50.11842 1.238561 229.1361 0 0 0
51.35699 50.11842 1.238561 229.1361 0 0 0
51.35699 50.11842 1.238561 229.1361 0 0 0
32.45883 31.71734 0.7414917 2053.788 0 0 0
32.45883 31.71734 0.7414917 2053.788 0 0 0
32.45883 31.71734 0.7414917 2053.788 0 0 0
32.45883 31.71734 0.7414917 2053.788 0 0 0
32.45883 31.71734 0.7414917 2053.788 0 0 0
32.45883 31.71734 0.7414917 2053.788 0 0 0
32.45883 31.71734 0.7414917 2053.788 0 0 0
32.45883 31.71734 0.7414917 2053.788 0 0 0
32.45883 31.71734 0.7414917 2053.788 0 0 0
32.45883 31.71734 0.7414917 2053.788 0 0 0
32.45883 31.71734 0.7414917 2053.788 0 0 0
32.45883 31.71734 0.7414917 2053.788 0 0 0
32.45883 31.71734 0.7414917 2053.788 0 0 0
358.1996 344.2205 13.97915 62.2308 0 0 0
358.1996 344.2205 13.97915 62.2308 0 0 0
358.1996 344.2205 13.97915 62.2308 0 0 0
358.1996 344.2205 13.97915 62.2308 0 0 0
358.1996 344.2205 13.97915 62.2308 0 0 0
358.1996 344.2205 13.97915 62.2308 0 0 0
358.1996 344.2205 13.97915 62.2308 0 0 0
358.1996 344.2205 13.97915 62.2308 0 0 0
31.31365 27.12864 4.185003 458.149 0 0 0
31.31365 27.12864 4.185003 458.149 0 0 0
31.31365 27.12864 4.185003 458.149 0 0 0
31.31365 27.12864 4.185003 458.149 0 0 0
31.31365 27.12864 4.185003 458.149 0 0 0
31.31365 27.12864 4.185003 458.149 0 0 0
31.31365 27.12864 4.185003 458.149 0 0 0
31.31365 27.12864 4.185003 458.149 0 0 0
31.31365 27.12864 4.185003 458.149 0 0 0
31.31365 27.12864 4.185003 458.149 0 0 0
31.31365 27.12864 4.185003 458.149 0 0 0
31.31365 27.12864 4.185003 458.149 0 0 0
31.31365 27.12864 4.185003 458.149 0 0 0
31.31365 27.12864 4.185003 458.149 0 0 0
31.31365 27.12864 4.185003 458.149 0 0 0
89.52976 88.51574 1.014023 173.6239 0.03586384 0 0.03586384
89.52976 88.51574 1.014023 173.6239 0.03586384 0 0.03586384
28.31377 25.12252 3.191252 51.24452 0 0 0
28.31377 25.12252 3.191252 51.24452 0 0 0
28.31377 25.12252 3.191252 51.24452 0 0 0
28.31377 25.12252 3.191252 51.24452 0 0 0
28.31377 25.12252 3.191252 51.24452 0 0 0
28.31377 25.12252 3.191252 51.24452 0 0 0
28.31377 25.12252 3.191252 51.24452 0 0 0
28.31377 25.12252 3.191252 51.24452 0 0 0
28.31377 25.12252 3.191252 51.24452 0 0 0
28.31377 25.12252 3.191252 51.24452 0 0 0
28.31377 25.12252 3.191252 51.24452 0 0 0
21.23741 20.91484 0.322569 1177.131 0.00139255 0 0.00139255
21.23741 20.91484 0.322569 1177.131 0.00139255 0 0.00139255
21.23741 20.91484 0.322569 1177.131 0.00139255 0 0.00139255
21.23741 20.91484 0.322569 1177.131 0.00139255 0 0.00139255
21.23741 20.91484 0.322569 1177.131 0.00139255 0 0.00139255
21.23741 20.91484 0.322569 1177.131 0.00139255 0 0.00139255
21.23741 20.91484 0.322569 1177.131 0.00139255 0 0.00139255
21.23741 20.91484 0.322569 1177.131 0.00139255 0 0.00139255
21.23741 20.91484 0.322569 1177.131 0.00139255 0 0.00139255
21.23741 20.91484 0.322569 1177.131 0.00139255 0 0.00139255
21.23741 20.91484 0.322569 1177.131 0.00139255 0 0.00139255
21.23741 20.91484 0.322569 1177.131 0.00139255 0 0.00139255
21.23741 20.91484 0.322569 1177.131 0.00139255 0 0.00139255
21.23741 20.91484 0.322569 1177.131 0.00139255 0 0.00139255
21.23741 20.91484 0.322569 1177.131 0.00139255 0 0.00139255
21.23741 20.91484 0.322569 1177.131 0.00139255 0 0.00139255
21.23741 20.91484 0.322569 1177.131 0.00139255 0 0.00139255
21.23741 20.91484 0.322569 1177.131 0.00139255 0 0.00139255
21.23741 20.91484 0.322569 1177.131 0.00139255 0 0.00139255
21.23741 20.91484 0.322569 1177.131 0.00139255 0 0.00139255
21.23741 20.91484 0.322569 1177.131 0.00139255 0 0.00139255
21.23741 20.91484 0.322569 1177.131 0.00139255 0 0.00139255
21.23741 20.91484 0.322569 1177.131 0.00139255 0 0.00139255
38.61753 36.66019 1.957342 69.17162 0.001239196 0 0.001239196
10.89087 10.34569 0.5451844 31.66228 0 0 0
