57.3721702083447 3.0567950590999 23.2872394710107 0 12.7706567421388 0 0 0.0415144653225378 1.70226836567723 2.79546823354334 59.6064625097168 3.23066589522718 3.56383156924352 0 0 57.3721702083447
6.49725372256431 0.248883618684952 3.0662152649789 0 0.454096664526116 0.0386465246405205 0 0.00545923032203843 0.287530143325473 1.63281566606199 7.70225236085574 0.468395878643109 0.859498708005176 0 0 6.49725372256431
176.958736721569 4.32378691452032 37.8038996547224 0 10.3923691977201 0.353948658346958 0 0.466214312095772 2.03949270977013 2.81131907929324 122.19336787963 7.05870297945673 4.98178838510365 0 0 176.958736721569
0 0 0 0 0 0 0 0 0 0 0 0 0 0 0 0
2.89959955329722 0.846391489719441 0.380673684371423 0 0.69250212795227 0.0420901134425406 0.105270350453799 0.100250604167488 3.32482015818019 29.8423870226917 0 6.13532587045432 36.6094692204007 0 0 2.89959955329722
16.28505 0.18225 4.61295 0.0669304585595857 0.72495 0.0551165956693759 0.0158799131812464 0.937227194656489 1.5714 16.46325 14.9688 3.5397 17.76735 0 0 16.28505
75.2895 5.13135 14.89185 0.5265 5.8158 0.171829528763383 0.0495066497775933 1.81056509014665 7.7841 36.7821 39.19185 11.1699 49.63275 0 0 75.2895
18.97425 0 7.6707 0.00900580880789967 0.57915 0.0485187951106673 0.0139789884454742 0.30375 0.2268 10.55025 9.79695 5.9535 9.5337 0 0 18.97425
161.7975 4.7628 91.16145 0.0670783744613423 29.2977 3.78675 0.104120334057479 0 4.63725 11.27925 179.3664 10.5462 6.9417 0 0 161.7975
120.63735 37.10205 30.64635 0.34425 10.43685 0.348037352580551 0 1.7091 14.04945 88.08345 66.9303 11.8908 73.4508 0 0 120.63735
87.2396627231114 9.4268074330754 26.1639571089022 0 6.70677243237757 0.198917595658221 0 2.62995741774688 11.547243477415 20.688149421366 71.4991974052046 10.1733279880114 34.2843535708395 0 0 87.2396627231114
28.7469 0.72495 13.77 0.05265 2.0331 0.0999350905689474 0.0287927899523126 0.32805 1.9926 17.5284 31.6953 11.9961 19.2942 0 0 28.7469
134.09955 0 62.5563 0.059417426423699 8.5779 9.69975 0.0922288641868708 0 0 4.0824 154.07415 4.9734 4.5927 0 0 134.09955
99.225 85.14315 64.8648 0.83025 16.2081 0.484584164654726 0.6966 0.4941 26.7543 143.76285 89.93835 31.4685 115.85025 0 0 99.225
6.98574217154258 4.32408410321591 0.226492594245818 2.03843334821236 0.942978970814288 0.0567381357754238 0.0163471030682709 0.100663375220364 10.7250904922284 23.7506351769928 0 0 42.5228743118374 0 0 6.98574217154258
75.97395 8.1243 9.55395 0.06075 3.3858 0.165967065894755 0.209817586796626 0.395301824276818 10.88235 33.87015 35.0811 16.2567 49.9284 0 0 75.97395
19.8369 3.68955 6.20055 0.0116986608436878 2.00475 0.0630265355007521 0.0181588848097668 0.150117159250703 1.782 15.3495 10.8378 7.30215 20.2176 0 0 19.8369
190.026 18.12375 57.5586 0 12.12165 0.342012980495759 0.0985390402141555 0.7452 10.59885 6.40305 128.3607 11.73285 11.55465 0 0 190.026
51.33375 3.52755 16.85205 0 0.3969 0.163808276345894 0.0471956073329786 0 3.00915 37.13445 47.3364 13.3974 38.9367 0 0 51.33375
19.16055 0.91125 3.34125 0 0.78165 0.0586111362515959 0.0168867424380256 0.1701 0.9072 12.6927 11.1699 7.2414 23.69655 0 0 19.16055
202.5486 6.16005 105.1542 0 11.7369 0 0.116947688652293 0.2025 3.2562 8.4321 188.2035 23.02425 10.8702 0 0 202.5486
41.92155 2.0412 17.94555 1.00845 4.0905 0 0.038673516838098 0.36045 4.07835 18.1035 54.58995 10.8297 20.9466 0 0 41.92155
61.70985 0.58725 16.79535 0.0221588977564784 1.458 0 0.0343954643396985 0.284342868621936 1.0692 3.12255 58.2633 8.5779 6.0588 0 0 61.70985
150.5871 3.0699 54.9099 0.06075 6.92145 2.3652 0.0846543205311404 0 0 5.07465 141.3531 8.586 10.05615 0 0 150.5871
56.80125 55.62675 27.80325 0.69255 9.41625 1.539 2.14245 0 23.0121 55.84545 41.9094 25.9767 79.21395 0 0 56.80125
82.4742 1.13805 10.46115 0.0323993739009449 1.59165 0.0324 0.0502909270075362 0.32805 1.30815 7.6869 64.43145 7.32645 12.70485 0 0 82.4742
60.4268845650408 0.0927413397443142 12.8033635032469 0.0196561675455688 0.488999791379111 0 0.0305106787033705 0.252227846684585 0.758792779726207 1.41472698264508 51.3011367342003 2.39778518393481 2.11618875234753 0 0 60.4268845650408
0 0 0 0 0 0 0 0 0 0 0 0 0 0 0 0
1.45387264287055 2.20207791088445 0 0.359098958513502 0.0481436620229304 0.00219593917780463 0.0109297992291804 0.01517905150777 1.67546538861993 9.45363456531091 0.0455056531449616 2.261103359529 7.42401648482367 0 0 1.45387264287055
3.14602151400849 19.3291561820682 0 0.312804424821416 0 0.0139792069749448 0.140222673195807 0 12.447458835997 64.6606296090615 0 10.3944550822841 55.247733239148 0 0 3.14602151400849
10.9772549798919 8.7884479176606 0 1.74218707145561 0 0.0108428560978353 0.0539679064967153 0.292722759972922 10.5047974689887 40.7642246126181 0 13.3469246830158 33.9726478933844 0 0 10.9772549798919
20.0331362138295 40.0864589816834 0 3.06835621171108 0.488514607390844 0.0312390594280334 0 0.0888208377074261 37.647923255534 130.707937308087 0 30.3080922122567 127.017835232424 0 0 20.0331362138295
17.4173550394461 29.3085871569356 0.205085533540898 1.8532274576332 0.88000338028458 0.0204475964116067 0.478384982977433 0.39490078589615 27.7909542087329 60.5002323945649 1.51763294820264 16.1048076247843 79.0325069708969 0 0 17.4173550394461
0.542497103120629 4.57581013537207 0 0.0563424291074837 0 0.00495244870454863 0.0241467553317787 0.034232949043282 5.80407508991521 25.2140419174434 0 6.01656653683487 30.9794821988277 0 0 0.542497103120629
1.40512353894503 2.25173404705772 0.0209825494909577 0.272301625416361 0 0.00163953297209939 0.00816041099671203 0.0316082619450481 3.52341800159958 4.84413982461469 0.211947325756977 1.62791577792205 6.2438409069497 0 0 1.40512353894503
4.24924550452639 2.07777957480873 1.19415144913778 0.224427760640062 0.0739103439580089 0.00147795820546149 0 0.0459442678657893 1.4876953692629 1.1843633225055 1.36204778453428 0.774660307754483 1.49238967489266 0 0 4.24924550452639
32.4205219598567 28.5409439123822 2.39460929583594 3.00881103080684 2.62396310826178 0.0201062013177016 0 0.206029695907962 39.7792807212486 36.7063283700176 6.71734555715016 14.1966122538845 49.6395509791834 0 0 32.4205219598567
3.57988683591989e-05 6.7866442482249e-05 1.80662389425635e-06 4.27533438612368e-06 8.87914584393034e-07 3.85093428490625e-08 0 1.02065997659377e-06 8.72414572572993e-05 0.000104306867622079 5.60464003559071e-06 3.0286612500019e-05 7.74333371950156e-05 0 0 3.57988683591989e-05
2.76161176088685 1.77346501278304 0.21481451045735 0.266338860429367 0.0689585711105842 0.00151316860253708 0.0108963882116047 0.0359881984067571 2.55208978184657 2.92910481396809 0.660009800245772 1.60067942828474 4.96859736180302 0 0 2.76161176088685
6.97536550775827 3.90928321658236 1.33355904746328 1.13549171599197 0.128743765456353 0.00268179068109172 0.0238172903454423 0.0826223725566045 3.94267170960181 1.85504203589418 2.01745724770065 1.54549109213758 2.4472633569934 0 0 6.97536550775827
0.247968503395464 0.134279052257999 0.0584885255159441 0.0160206426926497 0.000329492194318664 0.00010002286995841 0 0.00208678389735154 0.118719698637396 0.0815749452645385 0.149464981391708 0.0278603955418337 0.0841376623314614 0 0 0.247968503395464
22.6335168869529 34.3022648632499 0.34609026690736 4.35759108787903 0.680382001988332 0.030941314536776 0.287097607775423 0.323996140175015 57.4863799021009 106.049136899511 1.49448069800905 31.0301387033985 121.949624957539 0 0 22.6335168869529
0.959281543623889 1.2562842480746 0 0.10148035161017 0.0358634750454791 0.00125701343978597 0 0.0246282112341356 2.49928572761383 5.74612566839787 0 0.681140370493395 3.82171816299453 0 0 0.959281543623889
7.86497486254969 5.42794039809767 1.5925603023308 2.10327295574312 0.0906335131407774 0.00476046923765415 0.0236941776576284 0 4.23963433691859 12.8512567124852 1.31778250852305 4.29574079743431 10.6846841602628 0 0 7.86497486254969
64.3611133316358 70.4100768810366 2.47393433379814 30.8483024418396 1.85633303791415 0.066493858375577 1.04462847760949 1.73281277873736 69.0831163824516 233.213307626318 6.87478471075432 61.1989946967098 166.921749101262 0 0 64.3611133316358
13.8763636183665 20.1551147366478 0 2.40712430114521 0.428832228439314 0.0194260485750078 0.347515237278517 0 19.5361399163533 72.185409924931 0 18.9859400760915 60.6797603241629 0 0 13.8763636183665
6.76815714252775 5.81352491290727 2.27922306602755 2.53719002775347 0.125894056171633 0.103498968814909 0.152837358860218 0 3.65015527280454 12.1754227085253 1.01873779196555 3.06934343083479 8.25417041905672 0 0 6.76815714252775
1.49119191246861 0.958750117751833 0.514919236173714 0.169347765159867 0.0585563981692271 0.000856899261486611 0.0149718063500865 0.0310526353927719 1.49418627373863 1.0407068947349 0.423757570842077 0.554067737222459 1.00732531168767 0 0 1.49119191246861
103.1778 36.44595 33.2181 1.21095 4.1067 0.8181 0.33615 1.21095 17.33805 104.8869 70.3809 42.33465 47.30805 0 0 103.1778
81.5767335318076 57.0871418720334 4.76534553009965 9.20734276299151 2.86567428400394 0.121255611452917 0.7315755224326 0.804328889304351 77.4742520109839 99.1992157296316 14.3728318108858 44.5695209163773 120.022846069813 0 0 81.5767335318076
20.981617215584 7.00832714943432 4.23259929164135 0.703834854131672 1.55068828348086 0 0.111329328230543 0.185131916608094 6.70519448417738 8.40890847350321 10.7176369020145 2.34375338570742 7.5899916171557 0 0 20.981617215584
50.987114003732 54.1011709228703 2.21911988515965 2.02069493192457 2.23126835168424 0 0.267266263541126 0.255117797016529 29.0388844826274 30.3630673338085 16.4692711185115 9.53654622180834 27.5203261670529 0 0 50.987114003732
33.95925 60.01695 0.72495 3.74625 0.1215 0 0.53865 0.2025 50.0499 217.69155 2.56365 59.8104 129.70935 0 0 33.95925
14.3922615681083 3.72015714541767 3.98404668958825 9.99867201451502 0.783100790168529 0 0 0.233045311735054 15.0913975033134 14.7058445978694 1.9311916641574 7.21069611603757 10.689240107377 0 0 14.3922615681083
0 0.549010792738368 0 0.0524789728352851 0 0 0 0 0.920400446649616 3.7300439153695 0 0.98498995167766 3.14470152605286 0 0 0
0.0176120734340584 0.00203262218858786 0.00202066558747852 0.00576308173470206 0.00095652808874723 0.000908701684309869 0 0.00283371446291367 0.00797505293993003 0.0466905273319742 0.00396959156830101 0.00920658285419209 0.00548807990918723 0 0 0.0176120734340584
67.99545 39.58065 12.51855 5.6133 1.43775 0 0.20655 0.3645 51.0543 56.7972 29.5812 29.05875 57.8988 0 0 67.99545
22.0379586241328 8.07106436979215 4.56448889007873 0.0144710977659763 1.03506430862957 0.183554450610541 0 0.202595368723668 10.162518815338 18.6166864575662 11.2996424450539 7.98195287302271 15.6676290602052 0 0 22.0379586241328
13.1120308118718 4.25691456528724 0.418351948657539 3.65507491985008 0.106422864132181 0 0 0 23.0900917627477 37.5232339914328 0 11.255135320462 18.4918900814504 0 0 13.1120308118718
25.8633 18.4761 2.75805 0.87075 0.3645 0 0 0.36045 14.64075 15.0903 9.86175 20.9871 16.40655 0 0 25.8633
92.1375 9.1854 20.32695 4.7304 0.5022 0.80595 0.16605 0.87075 17.88075 32.78475 38.3697 21.60675 21.951 0 0 92.1375
99.5085 81.3483 33.69195 4.4874 8.54145 1.1097 1.51065 0.27945 46.88685 74.0097 56.47725 31.6872 49.2966 0 0 99.5085
71.27595 15.87195 15.22395 3.3777 4.15935 0 0.18225 0.83025 17.901 51.62535 42.68295 15.8112 30.02265 0 0 71.27595
0.86156598770839 0.897189696235383 0.0606922441570994 0.381305620900038 0 0 0 0 2.68233331242137 6.9756498882301 0 2.27727855250334 4.52948856937657 0 0 0.86156598770839
93.1257 198.4743 36.6606 2.57985 19.25775 0.3969 2.19105 0.3726 64.08315 124.1487 64.08315 47.49435 90.09225 0 0 93.1257
15.0093 24.5025 3.40605 2.5515 3.26025 0 0.14175 0.3078 17.67015 81.0891 1.63215 24.9723 38.2482 0 0 15.0093
41.634 40.56885 4.85595 3.34125 1.0935 0.0891 0.6966 0.3483 33.2262 59.17455 10.98765 38.1348 60.58395 0 0 41.634
5.92973922664233 1.41611635893919 0.442631756943701 1.72717964192239 0.170642173883813 0.0598316030075623 0 0.0286947483811778 4.61832817296638 4.32802279306744 2.42714834445473 4.26758066349858 6.58788685972552 0 0 5.92973922664233
0.0456556731129608 0.0154755052742959 0.00176791099776743 0.0157436244777488 0.00121491514064586 0 5.86510757553176e-05 0.000175953227265953 0.0770507560922715 0.124918412633719 0.0107834192138705 0.0496607037145382 0.0671387242896228 0 0 0.0456556731129608
48.23145 29.6136 3.90825 4.4631 1.8306 0 0.5994 0.27135 30.7476 32.157 30.5937 17.5932 32.03955 0 0 48.23145
2.78827042159569 2.36934309224265 0 0 0 0 0 0 4.23391309092056 23.4393274603599 0 7.64714067597736 16.7845638186697 0 0 2.78827042159569
411.636261445287 275.435965606373 47.480190853011 1.34008529824021 30.4465765199576 0.141274052525324 0.585278217604913 8.06069379694491 162.081702261554 84.5303202281523 123.808543231693 58.3986569124682 190.663461288177 0 0 411.636261445287
87.3393878577605 53.9963812927218 15.7242587778308 0.94035545374541 8.07741223089006 0 0.227338681125264 0.981689759404549 21.7969571842526 33.0192211707088 48.3439149938345 15.9722646117856 38.9644721346816 0 0 87.3393878577605
31.0213507966971 4.29978388758676 5.17425762035159 4.10622448428703 0 0 0.241949254124657 0.515006269493913 6.31487553265355 24.2156639199621 10.5662695694154 8.20553613274194 14.6448427103739 0 0 31.0213507966971
79.77285 17.19225 6.4233 6.7635 0.16605 0 0.58725 0.98415 36.76185 60.17895 29.1843 25.9686 44.3799 0 0 79.77285
0.0195181779250113 0.0792738303415844 0 0.00920857625180021 0 0 0 0 0.120312050594172 0.781928235641992 0 0.237120838483856 0.853995354134341 0 0 0.0195181779250113
52.62165 35.32005 4.81545 3.6693 0.6723 0 0.3078 0.2349 35.2998 21.08025 23.3604 22.1859 43.2945 0 0 52.62165
24.5997 5.3217 5.13945 3.0132 0.4536 0 0.2754 0.0972 9.6633 13.11795 20.1933 15.3738 11.3157 0 0 24.5997
178.7346 16.5564 15.10245 3.8799 5.35815 2.45025 0.46575 0.44955 17.28135 30.3588 83.0331 25.55145 28.22445 0 0 178.7346
65.68695 31.5333 15.309 5.9211 5.8725 0 0 0.1539 29.3868 87.82425 33.3234 25.64865 41.5935 0 0 65.68695
4.2107198127277 10.3666091041611 0.79586672788875 1.56376369856735 0.673816878244469 0 0 0 10.402206976974 23.9293986458819 0.404290126946681 10.5471411734266 29.8844142264424 0 0 4.2107198127277
46.6601301727085 7.44746336060334 10.5877102270977 4.57874939147586 0.949328755679469 0.306769990918256 0.0580375658493998 0.739978964579848 9.03105980020839 23.1735709355818 16.9428236876069 9.88918666669595 10.0840270663332 0 0 46.6601301727085
56.5299 32.8617 6.48 4.3983 1.21905 0.324 0.39285 0.8424 35.18235 29.72295 34.70445 15.94485 32.9508 0 0 56.5299
8.12145925092058 6.59965511979651 0.352336158498328 3.10787083203714 0.352890146168923 0 0.0221595068237942 0.149022683390016 8.66547514344473 13.286840291547 2.06138812228346 6.86224527565847 16.5215743001504 0 0 8.12145925092058
6.2046 4.9086 0 0.51435 0 0 0 0 7.52085 21.37995 0 5.36625 15.32115 0 0 6.2046
4.5117 16.4268 0 0.82215 0 0 0.45765 0.26325 19.71135 143.47125 0 41.73525 106.2801 0 0 4.5117
20.7036 25.9605 1.5714 3.3129 1.08945 0 0.6156 0.11745 33.7608 165.38175 3.13875 36.55935 130.57605 0 0 20.7036
38.86785 33.129 8.1162 1.1988 1.25955 0 0.3807 0.49815 22.3074 15.20775 34.2063 10.125 17.67825 0 0 38.86785
0.0599965114027799 0.457392758973882 0 0 0 0 0 0 0.492229443014205 8.43983183254697 0 1.54636169712326 6.33447038133222 0 0 0.0599965114027799
13.2597 7.95825 0 0.8748 0 0 0 0.8343 17.0505 51.2001 0 21.56625 31.10805 0 0 13.2597
358.2144 32.79285 85.93695 4.2444 19.46025 2.2113 0.2997 0.729 38.35755 115.51005 170.1891 24.9804 85.48335 0 0 358.2144
80.4440271137772 0 32.5888184527347 0.138826525283805 0 0.0713364932974915 0.0320882230537656 0.144075964323058 0 1.33704030372761 90.9285899374829 0 8.3571174785479 0 0 80.4440271137772
2.89575 1.50255 0 0 0.440574723488501 0.0708144340154806 0.0318533929701141 0.143021578397809 3.56805 115.2063 0 40.5324 214.83225 0 0 2.89575
0 0 0 0.0966208732241676 0.0759424550492842 0.0122063788169216 0.00549061200026655 0.0246528209847172 0 19.6050782872498 0 6.53772484697674 37.0767937296966 0 0 0
14.1345 9.30285 5.61735 0.419851918433296 4.02165 0 0.0230912286800617 0.103679503658079 1.98045 43.6914 20.40795 11.36025 92.41695 0 0 14.1345
0 1.7577 0 0.147699294280618 0.200287236898334 0.0321925579596947 0.0144806947010148 0.0650182482719831 3.00915 54.20115 0 18.06705 147.5739 0 0 0
1.92121657967059 1.71792838718681 1.30276236028333 0.254826044099378 0 0.0291729734144833 0.013122440349874 0.0589196928889472 1.48887126889524 48.1420798369318 3.36427642490751 13.7863753071742 79.3797443439454 0 0 1.92121657967059
0 0 0 9.54201531166009e-05 0.000305054335114074 4.903197785389e-05 2.20553179644204e-05 9.90282696193936e-05 0 0 0 0 0 0 0 0
70.2351 48.681 14.2236 0.13365 6.56505 1.782 2.10740643390819 0.36855 37.03725 175.31235 16.79535 57.6639 560.29725 0 0 70.2351
6.24044835484488 2.04910244487444 0 0.0352364581310186 0.112649518533027 0.0181063766751496 0.00814451939801377 0.0365688522000905 0.506201196856333 22.2566542233793 0 9.97418838285719 47.7651449353636 0 0 6.24044835484488
0.391827331480027 1.38200067342528 0.293591419314094 0.139539647962973 0.156284405718529 0.0162278833025123 0.00822081643979123 0.0848401059614873 1.00803441688451 23.5654557479868 0 7.64900534273831 55.6618074138379 0 0 0.391827331480027
2.99423217954448 3.67377423447656 2.46333994912879 0.072083156335177 0.230446908860867 0.037040180817421 0.0166612280626781 0.0748088323842243 6.19374268818302 54.21471457005 0 15.5834566034685 128.192777237708 0 0 2.99423217954448
1.85895 1.30815 0.8424 0.0855113665913989 0.2592 0.0439403134036251 0.0197650110395526 0.0887448027461047 2.02095 69.1335 0 27.0945 102.78495 0 0 1.85895
1.05966721646724 0.893854004356822 0.392021965055756 0.0472183319254832 0.290996696750071 0.0103635562526039 0.00466168281186727 0.251532088904573 0.289349545636391 15.3283882639028 0.647330387676101 4.29412295336284 27.42232079091 0 0 1.05966721646724
47.3769 1.863 24.4296 0.107481856846496 5.7834 0 0.0248432480008604 0.11154606182597 0 15.93675 63.0018 8.40375 22.51395 0 0 47.3769
26.7219 0 20.27025 0 0 0.0281213715485138 0.0126494140812815 0.0567958072601478 0 2.9322 29.50425 7.61805 4.95315 0 0 26.7219
0.00306902436207156 0.00167921578041955 0.00308210491342828 0.000150426340602335 0 2.52011777947193e-05 1.13358671966427e-05 5.08979881827006e-05 0.000956515317960501 0.026502832117644 0.00292677336606717 0.0142349100139558 0.0523712574944869 0 0 0.00306902436207156
1.3932 0.2268 2.06955 0.1458 0.0624980069064958 0.0100454264628157 0.00451858326796062 0 0.1377 10.26675 6.03855 3.5154 17.5365 0 0 1.3932
12.61575 7.0875 1.9197 0 0.891 0.0498440699870951 0.0224206091682061 0.100668425334965 6.7554 58.72095 8.2215 22.6719 116.65215 0 0 12.61575
0.503990597339646 0.794485177750692 0 0.0285544634827034 0.0912874543558002 0.014672810463873 0.00660004989349453 0.0296341916905845 1.13747877871795 22.7040764232103 0 11.0457939250272 59.7823846747117 0 0 0.503990597339646
24.4053 10.93095 5.751 0.770766256610175 1.2636 0.0859760409174882 0.0386733108219247 0.173642976144181 5.90085 97.5321 21.37995 32.60655 136.6389 0 0 24.4053
1.863 2.73375 1.04085 0.0511362564311434 0.10125 0.0262765433817612 0.0118195827428702 0.0530698686157181 0.6966 34.76925 1.58355 18.79605 61.5519 0 0 1.863
3.26499069930278 0.342016484505044 1.88362412021852 0.016475250396535 0.0196342796660303 0.00846586476960554 0.00380807276210297 0.0506665126378107 0.061436294438869 3.32706035760184 9.4757567123703 2.08440046390018 7.57059822090516 0 0.570660838035267 3.26499069930278
66.1689 0 39.06225 0 9.69975 0.0586820839952587 0.0263960802312929 0.11851827093386 0 5.6133 70.5267 4.83165 8.12835 0 0 66.1689
1.3203 0 0 0.00856395874221493 0.0273786265764881 0.00440062001238663 0.00197946478730673 0.00888778719834057 0 2.1465 1.6362 4.5441 9.1287 0 0 1.3203
34.80975 25.2315 4.62915 0.7533 4.9329 0.13035610987249 1.08135 0.7614 10.9188 159.732 14.65695 67.6026 336.555 0 0 34.80975
3.78675 0.35235 3.51945 0.0540793717788336 0.30375 0.0277888734486922 0.0124998514563352 0.0561242718067913 0.85455 42.02685 3.0861 15.7545 49.167 0 0 3.78675
8.90595 4.5603 2.5839 0.14175 0 0.058072248770701 0.0261217672141104 0.117286606830469 8.13645 78.29865 3.36555 16.9371 140.4864 0 0 8.90595
0.0146459088661731 0.0167788082156158 0 0.00167737798092235 0.00536250894588256 0.000861926514755076 0.000387707454949825 0.00174080457348914 0.0830408813383021 1.06545432169161 0 0.525262013122753 4.23736004089281 0 0 0.0146459088661731
26.5842 0 4.8681 0.0488819553137637 0 0.0251181629049631 0.0112985258559607 0.18843032574596 0 4.87215 29.13975 3.7989 6.09525 0 0 26.5842
19.3347 7.4844 9.639 0.0680494785710609 1.2057514056762 0.0349674614563632 0.0157288878520637 0.0706226294057557 4.131 21.69585 12.96 11.61945 63.9009 0 0 19.3347
0.51435 1.61595 0 0.0374852107758997 0.119838688959969 0.0192619060500391 0.00866429381658527 0.0389026367932936 2.3085 30.8043 0 12.64815 46.97595 0 0 0.51435
45.7569 7.47225 29.4273 0.167086651866738 4.11075 0 0.0386202402130729 0 3.7017 49.7502 70.00425 16.10685 62.6049 0 0 45.7569
12.3849 0 7.614 0.0364266434522624 0 0 0.00841961763291748 0.0378040419272035 0 6.37065 14.2722 7.30215 11.17395 0 0 12.3849
0 0.984072532399528 0 0.0376045075663366 0.120220075930115 0.0193232071210989 0.00869186795642138 0.0390264445460823 0.988122213602818 30.3442612562537 0 14.6031504190646 174.363073888864 0 0 0
24.2182549982018 1.49724363175286 10.415116199731 0.0843280127043574 0 0 0.0194914918154612 0.180246293256008 0 4.73147081212535 42.8953515405207 2.11694869988017 12.1905486029425 0 4.72468572013855 24.2182549982018
0 0 1.58355 0.0089158205568324 0 0.00458142543072285 0.00206079377230053 0.00925295394256209 0 2.1222 0 0.6885 5.9859 0 0 0
53.5005 0 22.5504 0.0963862821669065 0.5751 0.0495284266296606 0.0222786280588101 0.10003093084929 0.4212 5.5971 58.60755 6.0021 6.0345 0 0 53.5005
13.29615 0 3.7665 0.337550767485213 0 0.0236119618352639 0.0106210140572412 0.0476883010885892 0 19.3914 13.66065 5.6862 25.0128 0 0 13.29615
35.8749 1.4175 22.30335 0 3.94875 0 0.0176477005149682 0.0792380888626429 0.1944 7.16445 39.7224 4.05 9.45675 0 0 35.8749
17.13555 0 8.7885 0.0311248611947213 2.187 0.0159936182762157 0.00719416902851937 0.0323017836964759 0 0.9882 18.92565 0.2835 3.8718 0 0 17.13555
21.84975 4.1067 5.18805 0 0.9153 0.112762823318791 0.0507224067173621 0.227743357690626 19.59795 137.49345 11.53035 74.682 185.7978 0 0 21.84975
8.23365 2.95245 2.67705 0.223544729875193 1.1016 0.0461927198862882 0.494628177208543 0.0932939138817456 1.52685 63.8361 6.0426 21.1734 70.54695 0 0 8.23365
5.7400105532209e-05 0 0.000217473639269918 1.88076831591532e-05 0 9.66439346429998e-06 4.34718891870057e-06 1.95188569496932e-05 0.000110757950111445 0.00949042026538875 0.00243182418930823 0.00528161816115382 0.0153743353085355 0 0 5.7400105532209e-05
16.81155 7.60185 3.0861 0.0891 1.88325 0.0643713256756179 0.028955186343852 0.130008644843136 4.17555 82.46205 15.91245 28.24875 142.641 0 0 16.81155
4.1715 0 0 0.00945554079789817 0.0302289780202102 0.00485876255545891 0.00218554416453678 0.00981308259259678 0 0.85455 5.7267 0 0 0 0 4.1715
24.6645 0 10.15335 0.0408994631296031 0.14175 0.0210163315076236 0.00945346066249968 0.0424459920656126 0 2.72565 19.58175 1.0773 3.20355 0 0 24.6645
0.187536279666326 0.597771891436414 0.0447742867703353 0.016936692284261 0.0469145245798851 0.00268009265532218 0.00120554581467997 0.00541289480238955 0.340143927244799 3.65719187384294 0 1.40605325679828 9.24295996370446 0 0 0.187536279666326
2.78235 0 0 0.0682790833144977 0.218285442670064 0.0350854446530742 0.0157819584609156 0.0708609161795273 3.20355 50.9328 0 20.70765 100.9503 0 0 2.78235
18.76365 0 8.60625 1.80772821165539 0.134042781438718 0 0.00969124455930359 0.266263640597447 0 4.53195 19.33065 3.6369 4.64535 0 0 18.76365
30.4520597716787 0 41.4908796426478 0.0888260455582468 0 0.0456435727297409 0.0205311625932446 0.0921848194690882 0 0.236190965707672 64.374469258799 1.79629444972414 1.01106308127495 0 0 30.4520597716787
62.87625 0.21465 50.50755 0.110019436543441 4.2039 0.0565338704655352 0.0254297816129767 0.114179594871161 0 1.8549 75.39885 0 4.41855 0 0 62.87625
1.96605586182563 1.62098430211193 0.440924770745294 0.0390146096503381 0.423884199895234 0.0200477929857852 0.00901779753009269 0.0404898667352579 0.161885423075567 31.9468102011494 1.20562038764172 9.38509439567036 34.2920187643888 0 0 1.96605586182563
18.21285 7.57755 7.60995 0.134786930036769 1.78605 0.0692607332172355 0.0311545150821166 0.139883620104245 4.5765 79.4205 18.8082 36.7983 126.39645 0 0 18.21285
11.0484 11.1456 0 0.1215 4.2525 0.0424463703283894 0 0.393527535156139 5.85225 58.63185 3.1428 15.5196 108.4752 0 0 11.0484
5.34195 1.76985 0 0.0346076967834772 0.77355 0.0177832854678827 0.00799918813422072 0.0359163155375838 0.4536 21.37185 4.2363 9.2745 27.64935 0 0 5.34195
2.83133825416425 3.1253023351977 0.553116626155038 0.0712131194323168 0.556984574589689 0.0365931093261294 0.0164601286103442 0.0739058968283571 1.2609511896961 55.7448728401847 0.715570460410364 16.075193694408 79.4979441773741 0 0 2.83133825416425
8.37438532835017 0 6.81686386239085 0.0322931476060078 0.120112274871705 0.016593946315673 0.00746420557145963 0.0335142464514684 0 3.19380507937549 21.0373695857261 4.01096235924037 10.6053231550656 0 0.929393339990896 8.37438532835017
6.48405 3.9447 0 0.0542165382489387 0.173328060032628 0.0278593569168571 0.733431555975909 0.0562666249443692 1.51875 32.2218 5.31765 7.5735 36.27585 0 0 6.48405
2.31255 1.458 0 0.062234812990518 0.603962157130182 0.0319795753058918 0.0143848919136068 0.0645880942258238 0 53.35065 0 20.05155 93.54285 0 0 2.31255
40.18005 0 25.1748 0.0722092008709877 4.4388 0.0371049492409313 0.0166903618695751 0.0749396430344761 0.2025 3.33315 42.13215 0.87885 13.55535 0 0 40.18005
0 0.0423939363878108 0 0.00271740613009455 0.00868743649193203 0.00139634859973454 0.000628098512527679 0.00282015924442673 0.0646402594428006 2.11382043216847 0 0.734968144703531 4.61170474349383 0 0 0
3.7665 6.10335 1.2393 0.120757185648843 1.296 0.0620515002234057 0.0279116941126604 0.125323369836768 7.9704 100.9989 1.7415 30.1806 277.87455 0 0 3.7665
57.32775 90.57825 3.9204 0.38475 9.5985 0.175477787492533 1.27773253685123 2.02905 31.6062 154.13085 25.43805 60.2964 336.8466 0 0 57.32775
35.58735 14.9202 2.57985 0.1944 4.3092 0 0.697623960668826 0.31185 12.96 105.4215 13.02885 40.69035 207.45315 0 0 35.58735
13.4217 5.1111 3.2238 0.26528822812628 2.8269 0.0364261627975165 0.911435033561505 0.0735687204269326 1.92375 37.4463 11.8017 8.7075 42.525 0 0 13.4217
5.751 0.2673 0 0.0314618136104143 0 0.0161667624480123 0.00727205187008123 0.0326514772735694 2.106 18.50445 6.0021 3.38985 13.7862 0 0 5.751
12.8277310569582 0 11.1135861624388 0.0395241337418487 0 0 0.00913556841477222 0.209323172153906 0 1.51291123561101 22.5528049729293 3.1099747285837 3.3697490882654 0 3.03496945571786 12.8277310569582
0.567 0.6237 0 0.0398200226474715 0.127302987222292 0.0204616572581515 0.00920395987802718 0.0413257347655432 2.6082 33.7122 0 10.4652 84.8556 0 0 0.567
81.6804 1.3851 36.94815 0.578915265335717 9.3474 0 0.030837469886378 0.401710088728466 0 4.9248 70.8021 2.25585 7.1766 0 0 81.6804
0 0 0 0.000870708897188983 0.00278362080791592 0.000447416797916746 0.000201254776425336 0.000903632960276966 0 0 0 0 1.69695 0 0 0
0 0 0 0 0 0 0 0 0 0 0 0 0 0 0 0
0 0 0 0 0 0 0 0 0 0 0 0 0 0 0 0
0 0 0 0 0 0 0 0 0 0 0 0 0 0 0 0
14.0942177780647 0 10.1340736764435 0 0.132080275356661 0.0212295200912381 0.00954935608022101 0.0428765620214251 0 2.48255590895068 34.4545520920059 0.516766345064002 2.33194059229886 0 0 14.0942177780647
0 0 0 0 0 0 0 0 0 0 0 0 0 0 0 0
0 0 0 0 0 0 0 0 0 0 0 0 0 0 0 0
0 0 0 0 0 0 0 0 0 0 0 0 0 0 0 0
0 0 0 0 0 0 0 0 0 0 0 0 0 0 0 0
0 0 0 0 0 0 0 0 0 0 0 0 0 0 0 0
0 0 0 0 0 0 0 0 0 0 0 0 0 0 0 0
0 0 0 0 0 0 0 0 0 0 0 0 0 0 0 0
0 0 0 0 0 0 0 0 0 0 0 0 0 0 0 0
0 0 0 0 0 0 0 0 0 0 0 0 0 0 0 0
0 0 0 0 0 0 0 0 0 0 0 0 0 0 0 0
0 0 0 0 0 0 0 0 0 0 0 0 0 0 0 0
0 0 0 0 0 0 0 0 0 0 0 0 0 0 0 0
0 0 0 0 0 0 0 0 0 0 0 0 0 0 0 0
0 0 0 0 0 0 0 0 0 0 0 0 0 0 0 0
0 0 0 0 0 0 0 0 0 0 0 0 0 0 0 0
0 0 0 0 0 0 0 0 0 0 0 0 0 0 0 0
0 0 0 0 0 0 0 0 0 0 0 0 0 0 0 0
0 0 0 0 0 0 0 0 0 0 0 0 0 0 0 0
0 0 0 0 0 0 0 0 0 0 0 0 0 0 0 0
26.2787669785227 0 12.9837903440137 0 0.231634366398383 0.037231043181859 0.016747080812646 0 0 1.8634567277888 33.3188991740784 3.0917273214492 4.88928577595667 0 7.23050498503514 26.2787669785227
8.01887133435994 0 5.03127192923467 0.0204246916403505 0.0652969055776238 0.0104952989014641 0.00472094262836387 0.0211970092752001 0 0.265278223041296 15.149189397368 0.356709066905043 2.04496028247368 0 0 8.01887133435994
0 0 0 0 0 0 0 0 0 0 0 0 0 0 0 0
0 0 0 0 0 0 0 0 0 0 0 0 0 0 0 0
0 0 0 0 0 0 0 0 0 0 0 0 0 0 0 0
7.3386 8.4807 3.3291 0.5832 1.2069 0 0.75530474138152 0.111128957181476 9.81315 68.97555 2.32065 23.63985 90.31095 0 0 7.3386
0.283364326577646 1.80138750467218 0.0476825897002211 0 0.0241942597339913 0 0 0.0162203568490471 1.41682163288823 54.6528824732115 0 16.44322706512 216.534874185213 0 0 0.283364326577646
9.4722078945233e-05 0.000387737783364051 1.53949803554394e-05 0 3.65381923259671e-06 0 3.78507894114678e-06 7.55396467930992e-05 0.000614218601880162 0.00723067053152521 0 0.00257716161503933 0.0299924844294823 0 0 9.4722078945233e-05
1.64835 3.5478 0.25515 0.16605 0.2187 0 0 0.0263589063024262 2.3814 88.90965 0 23.5791 169.5249 0 0 1.64835
14.5638 8.32275 0 0 1.1583 0 0 0.978073570667903 2.1951 61.7706 2.77425 18.71505 219.53025 0 0 14.5638
29.1519 16.9533 16.13925 0.2025 1.58355 0 0.0521967095176318 0.0337802848733017 9.69975 52.5852 32.1165 11.20635 77.26185 0 0 29.1519
1.7091 0.92745 0 0.14985 0.12555 0 0 0 4.0176 46.251 0 16.03395 105.9318 0 0 1.7091
0.418006230436864 0.896998172305246 0.0266812487512892 0.0266812487512892 0.00576865514534878 0 0.00597588816507488 0.0190580348223494 1.01007584558452 11.626671777288 0 4.30775113767838 40.599331582051 0 0 0.418006230436864
1.2717 0.78165 1.08945 0.20655 0.0729 0 0.0095016866478307 0.00614923210115662 0.87075 19.8774 0 3.8961 19.2456 0 0 1.2717
7.95090643755815 4.57865335075268 0 0.0376803210629082 0.0346970886775079 0 0 0.0232616813310273 4.39647881425059 59.5508318210186 0.688214915674586 33.4310516096513 364.498860956427 0 0 7.95090643755815
0.000221975233869708 0.000726142387392929 1.59717681046483e-05 3.77830185310142e-05 8.10411322800172e-06 0 8.395245184086e-06 5.43317340346604e-06 0.000969370569186333 0.015794482465293 0 0.0059177652774201 0.068767455165104 0 0 0.000221975233869708
0.0187105741541165 0.01067008417978 0.000267371474013672 0.00625034314986163 0.0004045529546836 0 0.000140538546820122 9.0952709301722e-05 0.0214817618936992 0.294555006305129 0 0.0669535140001359 0.543587691384487 0 0 0.0187105741541165
0.000363311128017892 0.000223511684748334 6.12272108543065e-06 4.10443024888861e-05 3.10668328106784e-06 0 3.21828769170546e-06 2.0827879005156e-06 0.000223930245955728 0.00656596966038787 0 0.00254861919182136 0.0208962497179323 0 0 0.000363311128017892
0.00209547746341973 0 5.97868668849585e-05 0.000411827940787692 3.03359988454978e-05 0 3.14257884912229e-05 2.03379120525412e-05 0 0.0693324450902574 0 0.0226141989838418 0.172761821160437 0 0 0.00209547746341973
