245014681.975208 11569330.305 40544093.2731325 0 15419250.3309413 472083.926031294 0 0 131299.532615322 2602713.765 7723773.09 98061980.6932889 956188.8 898581.6 0 0 0 0
91460069.091648 7661177.325 14056695.4335029 0 3995702.11802411 0 0 0 0 2436698.91 10697525.52 32131249.7108348 614174.4 636854.4 0 0 0 0
495262370.45316 16369246.14 47891366.4111127 0 13788907.3712813 312385.693964641 0 0 268238.162975005 2415833.655 4235646.765 123756426.271715 357436.8 922168.8 0 0 0 0
0 0 0 0 0 0 0 0 0 0 0 0 0 0 0 0 0 0
2697622.43446454 2803201.65 1170132.56694345 0 489880.164425556 24803.7354368713 11222.8380058541 870052.054444312 88906.6975119674 2238025.395 14724519.735 0 598752 1794895.2 0 0 0 0
13081944.7266816 0 2120417.9219839 7936.53340595569 0 27249.4642764753 12329.446268266 0 37396.235383521 1034190.9 7805419.74 4804061.64866358 193687.2 897901.2 0 0 0 0
81472972.972973 12542739.81 9468126.50876205 0 1736200.62007943 597203.294905224 0 0 129703.33360838 4646601.57 18046631.205 20480599.3952705 292118.4 2470986 0 0 0 0
10827093.0705141 2066300.77590102 3523107.36262271 6902.40053964465 47921.1663066955 1429612.28250884 10722.9154370769 831295.488787676 0 288484.83 4309128.75 0 46267.2 544773.6 0 0 0 0
153239026.620606 0 34497342.4015546 59434.2775190832 7779950.18463039 3851097.33793944 92331.461821209 0 201788.254419833 2390432.475 4135856.415 68006161.6004921 140162.4 552258 0 0 0 0
138352773.826458 71224001.535 17227796.8740219 29456.2166497024 3922437.8178778 261259.157837935 638658.24 0 46992.4812030075 9850214.73 47072922.465 39328510.7378952 953920.8 3116005.2 0 0 0 0
69049151.5952042 26477101.41 9198257.1161859 0 3422781.82261548 102201.87704547 46242.8376118905 3584982.32323883 0 4673817.12 14315379.3 25752850.1484608 674049.6 1466262 0 0 0 0
15984174.9644381 225889.065 11576977.8220484 0 795412.979864837 3004599.80055408 22022.0128178293 0 0 1048705.86 7648476.735 11312333.8150486 164203.2 891550.8 0 0 0 0
111361994.51331 15833366.459099 29478658.9265643 52890.7690817764 947645.962516547 3966546.4336517 82166.0871472768 0 0 138799.305 1121280.66 67068150.458446 69400.8 242902.8 0 0 0 0
122233717.740297 177593257.155 26859298.3286931 0 3848585.66153417 263483.274329704 0 0 181390.977443609 18826810.305 56709948.72 57247065.4833346 2017159.2 5107989.6 0 0 0 0
28484276.5698029 26681218.035 214512.964127184 458930.939822954 163336.933045356 79888.8149291757 36146.9437017544 0 0 13375535.64 30078625.86 3817661.25893691 729388.8 3858775.2 0 0 0 0
76552453.769559 26366424.84 8705601.2323201 0 3722915.0700202 96898.4282906783 43843.2092817599 0 0 2832231.57 15556408.38 21447513.4512855 619164 2074312.8 0 0 0 0
20683778.7035155 3936275.715 1831688.15334329 9733.72106128 205749.669058733 33419.9669767011 15121.3867159285 0 45864.4228337789 2929300.365 9659705.88 4570198.42857415 106142.4 1077300 0 0 0 0
180794325.340378 47032099.14 35911271.8642924 59554.2718390138 2621773.32265032 204474.916185814 92517.8736265157 7172460.83206233 0 4291892.235 3093500.85 66665714.122421 222717.6 762501.6 0 0 0 0
53543283.8853891 3961676.895 14786262.6790443 0 0 91220.4421944462 41274.1156740778 3199781.47406847 0 1484154.66 18391361.505 22707457.3328217 229068 1899450 0 0 0 0
12336186.7506604 0 3942934.43501879 0 0 2699606.10518698 15011.23428552 0 250609.63218858 471736.2 4554975.885 3697314.09738268 53524.8 828046.8 0 0 0 0
241928393.619183 23733773.97 32613264.3146988 74080.6751240676 4527472.47962098 0 115084.717311673 8921958.48144061 59743.9544807966 2015765.07 4111362.42 84983520.9845497 92534.4 707389.2 0 0 0 0
34869741.9223735 1739980.83 9298491.98638134 187764.103513155 650865.672681669 542166.226376753 31345.1450623301 0 0 2095597.35 8327051.115 18675337.5408573 310262.4 1063238.4 0 0 0 0
58941780.1259907 0 15165538.5821243 20714.8376211113 2037705.53194454 0 32180.6088806594 2494806.11368369 97606.4616611055 0 1094972.295 29367428.9742187 132451.2 480589.2 0 0 0 0
117991973.176184 0 25600932.9490498 0 4411708.35365429 2191145.09246088 68722.406679109 5327713.99590079 0 514373.895 1504112.73 54291456.7667383 41277.6 397126.8 0 0 0 0
74057127.6163381 165998525.67 14089136.3689558 36365.3187748681 3572206.15899115 704988.823409876 6738570.18 0 0 10758306.915 29772904.515 28299735.7370107 1164844.8 4947188.4 0 0 0 0
99200340.377972 0 6449622.65640096 35774.1247724024 467127.952344458 1131121.72322699 55575.2904466566 4308482.00822559 531446.860394229 1153032.135 4140392.34 28903104.4777744 63504 471290.4 0 0 0 0
125328617.150986 0 10129409.9396631 39037.424845788 680410.889709468 0 60644.8442246124 4701499.85962161 183940.853471883 0 1815277.185 44306887.9835183 28123.2 331581.6 0 0 0 0
0 0 0 0 0 0 0 0 0 0 0 0 0 0 0 0 0 0
34614280.6340175 104771702.835 3832575.38026927 1395623.20718053 0 29349.3655011962 0 11289278.985829 58250.2884407971 14494094.745 42244883.895 976357.851822217 2375049.6 4549834.8 0 0 0 0
5163864.05202195 72358889.97 0 0 80685.5343397687 11069.4083201394 0 4257865.08839574 31040.4389351758 3213249.27 13929825.675 0 362426.4 1875409.2 0 0 0 0
21522530.9896363 26730206.025 0 392106.967706116 84329.2727177056 11569.3000076295 178572.13672225 0 237196.738920351 5997400.035 14199259.62 1461719.9683211 653637.6 2075446.8 0 0 0 0
14772454.7856127 141121698.6 0 381249.807223713 43762.6280220163 25500.4310920238 0 9808780.3923744 0 13558787.01 34385033.055 957932.924555774 1251028.8 4926096 0 0 0 0
21309261.3289982 140006768.235 365287.110443423 153280.281299158 130895.979934508 19347.5617313749 298629.600447638 7442069.64447446 97965.6481901608 12024737.175 20228411.13 2021108.38048427 1109505.6 3499070.4 0 0 0 0
8327880.51209104 67215151.02 0 0 8055.80714833136 22458.7340868724 346650.543362595 0 44574.3107639637 7616725.26 37010426.445 843545.968424519 1081836 5615568 0 0 0 0
14527560.455192 137838596.085 192767.739775798 517812.528916443 127913.154044451 22997.3334695552 354963.824420182 8845960.00746145 45643.2800196716 24424141.755 22517238.885 2238642.27064776 1544508 4335735.6 0 0 0 0
129110851.452957 389723047.26 24530572.5879539 1061302.85925789 0 48261.5483704024 744916.961989373 0 299481.812639707 28950994.905 23244801.255 21918206.3864009 1494612 2904627.6 0 0 0 0
53296840.0731559 193508910.795 2001132.16687487 728463.03321921 1246146.27603985 34888.2050987865 0 13419802.2324867 199044.909571225 28886584.77 32312115.33 6787313.19926954 1885161.6 4835602.8 0 0 0 0
59276112.5787442 179706091.02 1985238.28574694 1346596.34187718 0 39442.1488964708 608789.537890382 0 78281.642914926 27856022.61 25608925.365 9463009.98538525 1741824 5136112.8 0 0 0 0
68015748.8315383 308609822.04 8636582.5978331 1015452.94716388 727983.696788128 37427.032901433 577686.224056375 0 536044.503149766 20471536.71 8698089.78 10696173.7658429 1476921.6 2451708 0 0 0 0
122575823.003455 385354951.485 22886698.9443088 812575.18275192 231375.844771128 54193.0891149488 0 20845455.8275752 1227392.80634017 21366928.305 20886120.255 30375003.0617494 979322.4 1300244.4 0 0 0 0
25550777.2810404 66797845.92 63493.8778620553 742219.54905771 0 26953.4584192616 0 0 119665.576254027 16074411.015 41675171.715 2033110.43797984 1295028 5821502.4 0 0 0 0
17816043.4870961 68641245.84 0 65266.339718084 240860.815629633 20223.9436507403 1510463.025 0 74938.7137222185 17412508.89 39317397.9 721103.209529797 910828.8 2835680.4 0 0 0 0
14299380.2072749 74741157.78 2126650.28290564 282270.75043953 0 16022.3391298111 247304.79214923 0 0 9875615.91 14022358.545 2738945.72402888 1316347.2 1844564.4 0 0 0 0
129152001.625686 380291044.815 9590596.48320665 6108432.80589741 1662936.31993312 168422.871823951 255826.17 0 622434.464539728 38302257.885 81466120.185 6074048.06810419 5633258.4 8890106.4 0 0 0 0
16811420.4429994 82387820.145 0 407529.070664076 0 18145.3073353861 280072.804769953 0 0 7812677.22 25740467.19 1518382.74316413 853675.2 3196065.6 0 0 0 0
17779770.3718756 116624074.86 2047208.09281591 299188.797384411 0 88615.8163036996 317038.309423438 7900828.23390232 770194.066246698 11351605.905 23520585.495 2953159.31710742 991116 1558569.6 0 0 0 0
47502794.147531 100057062.39 8738640.90987027 395638.629283489 981654.532153557 27447.0642417204 439984.725 0 414245.072139809 20673838.965 11863258.245 7523031.15908305 3067696.8 1728442.8 0 0 0 0
94416099.3700467 69301676.52 14407449.4403122 123885.753061287 1457469.69274716 2364026.62060557 1433352.3 0 242074.781548466 7492440.915 55512464.52 37341857.2435547 1961366.4 2308143.6 0 0 0 0
71514605.7711847 226647471.66 3645631.76816706 1733598.59350421 2170561.03253675 249817.281543453 4017922.365 0 316322.901849218 31859430.015 45455411.61 11471408.7040772 3818404.8 7783322.4 0 0 0 0
197359225.76712 348417099.84 14860860.501256 678479.997532464 4472344.6317843 677910.993700467 1735444.905 0 988010.566957935 51743110.845 52737385.605 52391702.5231536 2150064 3755354.4 0 0 0 0
44250127.006706 213373540.74 998729.033820764 248789.3649178 783024.454817808 13457.017560175 0 0 0 19389265.005 9077293.11 5174193.12698503 1836626.4 1617084 0 0 0 0
55178266.6124771 166931111.85 1051499.98503145 791616.544832053 39190.4131540445 44207.7147832771 1968591.45 0 546332.046332046 28585399.35 114461345.82 6999458.41055746 4951497.6 8119666.8 0 0 0 0
34395397.2769762 49012483.995 2550505.25668346 1923305.88199007 287091.548805128 12176.1203746258 625957.65 0 167725.055882951 11807012.775 8448613.905 9735056.62195152 419126.4 1434963.6 0 0 0 0
480821.987400935 0 0 56660.8062675426 8714.16807785417 350.190682247684 25921.8011678869 0 2195.43957949155 325679.415 1079550.15 31025.7268592983 0 178718.4 0 0 0 0
5315205.24283682 6261390.87 130906.794906338 184972.702877764 0 3159.19266305952 233849.63739542 0 84992.8876244666 2852189.64 4332715.56 718817.103340165 97524 234511.2 0 0 0 0
65159063.1985369 120827062.965 5428005.345134 918941.426852966 350144.569079635 21305.1959286473 1809834.075 0 483285.917496444 31249801.695 30838846.89 15076053.8541301 1606651.2 3028006.8 0 0 0 0
127266333.062386 181285500.105 12043397.9158332 205406.989297061 1720981.67630461 25505.0723340614 0 0 1349446.25076204 26615900.715 51440111.055 24612300.8842332 1666072.8 5540043.6 0 0 0 0
11602621.4184109 12272398.68 365450.403742682 854800.900650813 0 7476.04047404526 0 0 46869.3085985392 11510363.28 15413980.335 701780.169117427 490795.2 1983139.2 0 0 0 0
22615626.9051006 52470673.215 2742266.02111382 88044.7857869899 0 6398.69765200641 0 0 629191.221296484 6982602.945 4485122.64 5836401.88658192 249026.4 650462.4 0 0 0 0
75994106.8888437 19314875.835 8093251.3600971 839394.219795811 0 19037.6389076468 1409203.37258149 0 282310.505994716 7881623.28 18324229.815 18668669.7311376 906746.4 1236740.4 0 0 0 0
133099725.665515 311280574.68 15672999.7251229 524737.053144567 4839188.6713579 479323.308270677 1879687.32 0 96779.1099370047 27405151.665 48382897.605 43187566.8481944 1212019.2 2865391.2 0 0 0 0
62422195.6919325 61801070.94 6413153.81956635 421270.164399618 1011199.74918136 0 0 0 186522.048364154 9118116.435 22346688.105 17000383.7392533 630957.6 1368738 0 0 0 0
2136151.18878277 5674442.175 0 97853.2432682521 0 2253.56868796306 166813.574457806 0 14128.2282581054 3156096.615 6626986.425 0 113400 736873.2 0 0 0 0
174374618.979882 681220638.645 18799304.3705452 332916.936553468 10707691.771755 1827651.90002032 25638862.47 0 168664.905507011 53158319.445 71021699.28 40174342.8125094 2132827.2 4858736.4 0 0 0 0
20619462.5076204 76922030.52 1519063.13191105 798988.310045958 1179936.25026127 295897.668748707 3684078.285 0 280811.826864458 8988388.98 38334009.36 1446370.39819071 1216101.6 2092003.2 0 0 0 0
36529541.7598049 173839325.625 1975386.25669162 563045.556892138 416615.864279245 349110.40500309 3756653.085 0 108844.747002642 24757078.65 26894406.51 4495627.82191233 659080.8 3020749.2 0 0 0 0
78719137.3704532 86038332.585 2126105.97190811 2737377.00872891 0 22952.6839110399 0 0 621977.240398293 18609993.09 25761332.445 22549498.281338 1071403.2 3164313.6 0 0 0 0
24059947.1652103 12452928.495 1156742.51640417 1600798.86493322 287505.22538842 11246.6197621033 0 0 0 14739941.88 16621443.57 4402713.93463369 760687.2 2015571.6 0 0 0 0
40943177.1997561 93316677.84 4137226.24558768 469371.703525493 435013.586009893 13439.6527329561 2717019.075 0 243979.882137777 18111041.34 16340216.22 10308433.8267513 1376222.4 1896955.2 0 0 0 0
5141866.4905507 14334430.185 0 0 121686.275445297 4890.12828736505 361976.887382971 0 30657.5295549384 2970123.69 12450206.94 0 396900 1382346 0 0 0 0
452580115.830116 1071421772.4 32468913.0381535 704928.904105364 9923165.01776632 284926.970559937 929864.625 0 2264427.96179638 97729225.68 49345420.89 66766466.0880641 3520389.6 8011029.6 0 0 0 0
103401900.020321 263075485.335 8181456.95724709 167206.440270195 3462973.76855013 1034520.42267832 0 0 860495.834180045 13787397.63 21770625.63 22887869.2129535 828727.2 2589602.4 0 0 0 0
18659799.8374314 5444924.37 1699230.07209399 373322.846303322 165791.248726392 6662.54655447127 0 0 268365.169680959 4209338.4 10244840.205 3777545.53841883 150595.2 481496.4 0 0 0 0
53992862.2231254 29256716.25 2021489.39818255 940085.130008328 125953.633386748 98430.1971144076 0 0 156980.288559236 10756492.545 27486798.315 12131630.7285331 1068681.6 2626117.2 0 0 0 0
926386.913229018 3073542.78 0 79531.7849541964 105218.178196239 4228.33542780055 312989.681870105 0 26508.5721127037 2762378.325 14547618.66 0 373312.8 1502096.4 0 0 0 0
46205801.666328 136994006.85 1358926.83643727 480259.708213812 669981.885320142 12042.5076763026 2338722.93 0 291709.002235318 16805602.125 11363399.31 8900491.78498627 1104062.4 2916194.4 0 0 0 0
19028805.1209104 21858622.575 1080348.46790062 304694.488140403 267801.156552637 7085.57303977598 0 0 45773.2168258484 4564954.92 4356302.37 9616886.70438742 446342.4 440218.8 0 0 0 0
123411374.720585 56794316.925 5067698.68031799 1037984.63958545 3566915.45321536 22348.5326307159 734819.85 0 698384.474700264 14179301.55 13491655.32 32606024.9784317 720770.4 1537704 0 0 0 0
65289854.7043284 151039045.02 6210969.49953325 1056537.42944388 2539843.58670661 18618.4712728352 1205648.865 0 98633.4078439342 13811891.625 26605014.495 17602799.9357713 654544.8 1711206 0 0 0 0
10152585.8565332 64079012.475 2113042.50796735 523133.154436939 102330.523235561 10984.9414630408 813126.91308109 0 68867.5527046153 20164000.995 21134688.945 464977.669641326 920354.4 2822979.6 0 0 0 0
73094975.6147125 38364853.65 6014881.46267251 946685.790074335 1052523.86260712 392425.320056899 1245121.22758559 0 474370.046738468 10321043.745 16270362.975 16982067.6741863 840520.8 868870.8 0 0 0 0
73802961.7963828 60231640.89 3908261.82447603 699669.9669967 1410746.01128684 0 0 0 529846.575899207 14568483.915 13704843.795 20560477.0341582 884520 1371913.2 0 0 0 0
71865982.5238773 162230986.365 5176533.66427442 3019863.66860985 340956.594440187 32862.2119772884 0 0 186598.252387726 40516696.47 58852719.69 15803334.9934819 3667809.6 5630083.2 0 0 0 0
5305832.14793741 18655352.34 0 709416.73606613 125617.253469398 5048.09997942581 373670.261876749 0 31647.8965828771 2225324.805 15766875.3 593026.831810623 335210.4 1145793.6 0 0 0 0
2292623.45051819 66829597.395 168926.918083916 71280.9598716881 430427.08990613 17297.2973352644 0 0 63122.332859175 7474297.215 69384230.355 73754.140165525 947570.4 6801732 0 0 0 0
30562512.7006706 86785853.025 1458399.67123616 793868.171863915 471330.035532641 29724.2429919408 0 0 0 25950934.11 93936285.195 3267009.03828411 2519294.4 6566313.6 0 0 0 0
49583214.7937411 88325345.97 1935733.20052145 100860.553345054 532423.535149446 12011.6368723579 825538.35 0 917801.259906523 16743006.36 8259012.24 15954544.5885961 584690.4 916272 0 0 0 0
1837583.82442593 32421884.715 70760.4296791015 0 277611.069405854 11156.1779536716 825802.173982743 0 176626.713324109 1968591.45 48634187.85 0 874994.4 4594060.8 0 0 0 0
7338168.05527332 17697364.98 0 119983.961012924 176918.017057206 7109.69085535777 0 0 158345.171493819 6103540.68 20776350.87 996225.203232119 270799.2 1487354.4 0 0 0 0
311765062.995326 149482315.56 36160266.9301132 225085.592671417 8072659.0259876 0 0 0 316018.085754928 27376121.745 48891828.39 71296848.1671688 795614.4 4361817.6 0 0 0 0
81781599.2684414 9939149.91712303 16175834.2246426 59377.8631349026 622735.665017766 2578716.79835731 147655.385479565 0 57394.7441748885 402790.14 509837.97 36574297.0903856 0 309355.2 0 0 0 0
4212533.02174355 0 0 53248.0908309497 250279.495904287 107196.581015074 132412.433903726 1577193.96837075 51469.6957702938 3065378.115 41672450.16 3739117.1819931 1316347.2 12299364 0 0 0 0
492989.229831335 0 0 9165.35154254866 43079.4706074488 18451.2596382402 22791.5496385599 271475.219962313 8859.24449423793 386460.81 6891884.445 0 53524.8 1705762.8 0 0 0 0
14503962.6092258 27772561.59 3225559.75582209 35748.2644480154 780389.988155786 0 88895.4820638278 1058853.87038818 34554.3336247826 0 18297014.265 11879206.5034278 498506.4 3384082.8 0 0 0 0
0 0 0 17811.4051462454 83718.1095469113 35857.0928075797 44291.7571288563 527568.97621084 17216.5347116229 1798040.67 18296107.08 0 962992.8 7003584 0 0 0 0
1647785.00304816 3604246.005 945223.262763413 0 0 43183.3586955784 53341.3806193605 635361.055583287 20734.1905250537 821002.425 28671581.925 1503904.0706298 150595.2 6833030.4 0 0 0 0
0 0 0 0 0 0 0 0 0 0 0 0 0 0 0 0 0 0
76666480.3901646 166609061.175 5851316.00791428 40405.9097498535 1263890.82421793 342485.721801068 3974523.06694182 0 165540.540540541 18150050.295 84950617.77 13558324.284163 3560306.4 29352682.8 0 0 0 0
874923.795976428 8024958.51 0 15781.515777347 74177.1160566046 31770.6138974612 39244.0157413866 467444.205179133 15254.4401720038 224735.220138005 16562723.204862 0 1996747.2 3443277.6 0 0 0 0
1599928.87624467 39295625.46 1726690.56191946 103328.089818328 145004.528669964 136439.540024361 11827675.8344708 0 0 3446395.815 71072501.64 605301.04480496 3047738.4 20536059.6 0 0 0 0
5340962.20280431 12538203.885 391686.193823703 27746.9629386952 130417.744351037 55858.8958620705 68998.58452791 821857.495819935 26820.2618857873 2341444.485 24873198.33 823977.98806326 361519.2 8077482 0 0 0 0
3650604.55192034 0 1002947.44405163 31378.963572408 0 63170.6706901042 78030.30822626 929436.366784469 30330.9599171626 910813.74 20078725.605 2531236.64737084 2143713.6 5501260.8 0 0 0 0
1863239.17902865 20549554.62 2547974.21054494 4318.18882822862 0 88732.9004682922 1978406.64158618 0 42604.4874628655 1052334.6 40009580.055 3721944.17002098 1549044 10627848 0 0 0 0
44988391.5870758 808301.835 11546986.2860844 43579.8943535524 0 1402001.62568584 108370.455927541 1290824.61819845 42124.4005010438 521631.375 8099347.68 28673378.0212662 211377.6 1537250.4 0 0 0 0
24040972.3633408 3543585.87783475 6348680.18190874 0 0 42618.207356945 52643.2887253487 627045.927674647 20462.8370248936 301467.646900443 134888.338099557 12415978.7936435 0 354715.2 0 0 0 0
1508687.25868726 1234325.26982819 94628.4669208599 0 34659.809685405 14845.0558583889 18337.058505342 218416.78473575 0 155811.564639971 2555764.40036003 2467334.53626064 29484 376714.8 0 0 0 0
10110267.2221093 17263730.55 0 0 69650.0731554379 51221.7566732836 63270.6510385827 0 24593.7716280634 3148839.135 16737563.25 2597914.74456846 517104 7018779.6 0 0 0 0
1147480.18695387 0 0 12335.6397514208 57980.6271072541 24833.5364770929 30675.1295258796 365378.294476372 11923.6505052034 599649.285 11436881.295 0 773841.6 3636511.2 0 0 0 0
33160917.4964438 24596506.905 1037429.54574526 61780.001719374 0 124372.627376398 153628.801832721 0 59716.6554436576 2752399.29 43183820.37 16718294.5647825 1692835.2 8017606.8 0 0 0 0
1657386.71001829 0 602960.507515574 15847.32779336 0 31903.1035885694 39407.6709839388 469393.539194345 15318.0541793673 1525885.17 14912307.03 2192294.18920795 178264.8 3456205.2 0 0 0 0
19046916.2771794 0 6166417.6443853 44014.8706468877 0 88608.6913828783 109452.114796284 1303708.49770525 42544.8493309622 0 12850275.525 18908656.4499492 384652.8 3110108.4 0 1316064.44648057 0 0
53849649.4614916 7278577.37553408 14799734.3762332 0 1892243.78178778 87538.4230968949 108130.087290042 1287961.53386361 42030.9674277286 239496.84 1182969.24 26725588.3321495 161935.2 210924 0 0 0 0
30481.6094289778 136152.738590726 0 813.395385409625 3823.16405817256 1637.48977604039 2022.6765134187 24092.5500942656 786.229372258746 11583.0819788338 0 0 13608 449290.8 0 0 0 0
31314112.9851656 50796009.705 1956308.15622814 0 1277302.65449732 173571.846108858 0 2553779.85164817 0 7346384.13 48398319.75 14221621.6657549 2341936.8 17550237.6 0 0 0 0
0 0 0 13678.6162031844 0 27537.1542362696 34014.7193192106 405156.8917243 13221.7738429657 29029.92 10229418.06 0 62143.2 2064333.6 0 0 0 0
14664575.2895753 10590477.69 2502796.39774982 0 0 93548.0726795058 1436414.74680768 0 44916.4590429841 3878215.875 29832778.725 3745921.06946225 552484.8 7796476.8 0 0 0 0
177174.354805934 5369628.015 0 13324.8766171149 62630.290601517 26825.022146563 33135.0723904925 394679.221392533 12879.8485533866 985202.91 12880212.63 0 333849.6 7159168.8 0 0 0 0
16867786.0191018 2443003.56361338 941140.930281926 14594.8428636142 0 29381.6591546665 36293.1071491171 432295.276217335 14107.4001017299 389273.513938796 1152940.9860612 7063061.15061902 68947.2 289396.8 0 0 0 0
6433143.66998577 27895938.75 3658150.92111029 24664.0813135902 115927.420904259 49652.5818942209 61332.359259605 730543.38054483 23840.3432283515 1612974.93 12647066.085 3786962.11867613 632318.4 3108294 0 0 0 0
0 8164665 0 10279.0142510172 100567.851241414 20693.2336299617 25560.9031961231 304461.606500985 9935.71277509282 1150310.58 10183151.625 0 310716 2492078.4 0 0 0 0
37805070.1077017 8106605.16 10647212.9916149 63067.4492826267 1512902.35490838 0 156830.307515148 1868040.69510923 56517.9841495631 2551911.405 16677689.04 27817911.6419958 112039.2 2573953.2 0 0 0 0
5902763.66592156 1259800.1185152 1752137.10105406 7526.22101872698 0 15151.4382690766 18715.511253744 222924.619645929 7274.85812333977 0 1230142.86 3878841.81505945 0 188470.8 0 0 0 0
0 2953794.36 0 16092.066227908 75636.7817273607 32395.7996273781 40016.2639171799 476642.625063416 15554.6187692505 664059.42 17823463.695 0 757058.4 10853740.8 0 0 0 0
40370808.7787035 2650794.57 9162223.72814932 53004.3807091518 249133.996685846 0 131806.39808365 0 51234.1251492757 75296.355 3099851.145 19854750.6103087 240408 994971.6 0 9205082.96214314 0 0
0 618109.335372059 0 3692.67108597467 0 7433.91376202406 9182.59337507783 109375.913259808 3569.3421944136 52585.1420809002 899959.1079191 0 9525.6 107049.6 0 0 0 0
38357371.4692136 5789503.61883576 4927919.61615189 34587.2993530376 0 69629.5431316289 86008.5013006802 1024466.40002607 33432.1427761352 0 3899988.315 18063259.8241331 79380 374673.6 0 0 0 0
12623399.715505 0 0 13396.8585096291 0 26969.9327462126 33314.070312034 396811.305471672 12949.4263739405 0 6291327.975 5051559.85924118 68493.6 912643.2 0 0 0 0
32002971.9569193 0 7484766.09595659 0 0 0 67137.0061438787 799683.821396894 26096.652552027 307535.715 4301871.27 13720120.7281793 156038.4 329994 0 0 0 0
19630258.0776265 1940735.93882483 1561002.29427085 11594.2262585253 0 23340.9573007021 28831.4509340024 343417.828461245 11206.9989534986 179621.469875285 172366.310124715 6210806.20623399 0 110451.6 0 0 0 0
19102951.6358464 19381100.34 2759983.34408348 0 0 124577.572367331 153881.956036044 1832922.22449142 180598.435723623 7894323.87 34915736.28 10809363.2377795 2273443.2 8233974 0 0 0 0
5967105.26315789 3276752.22 2360186.91639655 25492.9013902529 0 51321.1239416147 63393.3924704969 755092.805798911 24641.482133586 1329933.21 21219964.335 5626542.78148363 287582.4 4298540.4 0 0 0 0
24574197.3176184 14767157.43 1348748.22078343 0 644355.709607747 93363.8292028085 115325.803736009 1373671.31384498 44827.9958139942 2951979.99 34937508.72 11844016.7974374 1982232 8145068.4 0 0 0 0
3458367.20178825 720008.730120112 0 4301.43223409414 20217.8195389833 8659.4434047749 10696.4043686858 127407.252900522 4157.77176252634 61254.1490739085 564703.500926091 2485895.54127646 0 58741.2 0 0 0 0
21197622.4344645 2523903.42093024 4412647.61033864 15078.149856209 0 30354.6303237424 37494.9503366099 446610.69789155 14574.5654683059 412485.332598786 1730285.63740121 8193241.29034365 0 247892.4 0 0 0 0
3674812.03007519 28155393.66 729485.598891783 29565.019881052 295724.724470184 59518.9235789345 73519.5606034148 875707.847990177 28577.5988392051 7540521.72 38634287.595 252560.302854639 442713.6 10470222 0 0 0 0
2178419.02052428 105233.46 0 20733.8699823189 97454.433508133 41740.4631533532 51559.0727434403 614131.589823865 20041.3942261101 410047.62 18329672.925 0 764316 4884818.4 0 0 0 0
11575924.6088193 1915605.3448498 2179611.74296546 11444.0925969958 53790.1299663747 0 436691.36241193 338970.910239041 11061.8794992005 0 1509555.84 6351592.24574553 8164.8 322963.2 0 0 0 0
28038991.0587279 6511405.7498718 15650846.2675234 38900.043027384 0 1947190.03497508 96733.0339141796 0 37600.8481961771 553952.475571811 0 19351290.1531419 0 0 0 0 0 0
54081792.3186344 0 12580197.4215988 34718.9233850634 195429.526928168 69894.5225138453 86335.8117857846 1028365.0680565 33559.3707908622 20865.255 1185690.795 21499250.2116009 0 785181.6 0 0 0 0
4910841.29242024 11321668.8 718572.163391275 20672.1712173068 0 41616.2540679392 51405.6459535476 612304.089184603 19981.7560942068 1292738.625 17471475.915 2620612.51316552 369684 2903493.6 0 0 0 0
18411806.5433855 11145674.91 1753089.64529974 40928.9040835321 682653.45223995 82396.166960758 101778.218188484 1212303.00739818 39561.9487669312 4134949.23 27960348.885 9437944.46394892 633679.2 6823051.2 0 0 0 0
14563681.1623654 29840943.39 0 0 1001794.05002439 63034.0406961489 0 0 30265.357972069 6580719.99 26249397.975 1033183.91996451 1354903.2 6308668.8 0 0 0 0
3385998.78073562 0 668549.982718126 11702.1990972965 0 23558.3232001765 29099.9478163146 346615.954579953 11311.3656843294 510745.155 6033687.435 3636051.8946105 109317.6 2035983.6 0 0 0 0
1012040.23572445 0 224827.657530407 20650.5766495526 0 41572.7808880443 51351.9465770852 0 19960.8827480406 1173897.39 18129185.04 1797995.30259609 391456.8 3854239.2 0 0 0 0
17012903.8813249 3785424.81300538 5091893.30415826 22614.654002438 0 441813.094024958 56236.0327220027 0 21859.3632802963 322041.894915945 2101956.42508406 12427654.2645406 48081.6 487393.2 0 0 0 0
3180451.12781955 0 1886037.60644682 14520.8043455996 68251.4534329389 29232.6082521698 36108.9950012459 430102.275450221 14035.834343446 616829.795250457 9901073.09474954 3886190.01352613 185068.8 1136041.2 0 0 0 0
0 3475425.735 0 25880.5752970789 121645.250336393 52101.571028299 64357.424133656 766575.601482271 25016.2083957119 247661.505 32880013.14 0 764316 5062856.4 0 0 0 0
31666531.192847 0 7248208.53642938 26933.5675532856 443526.614645022 54221.4060860302 66975.9080144913 797764.945725669 26034.0325135285 0 1353520.02 16947122.9081448 68947.2 99565.2 0 0 0 0
0 1451496 0 6365.25592374915 29918.3129204654 12814.2373118711 15828.5304905964 0 6152.66727469234 569712.18 7253851.26 0 109771.2 1692835.2 0 0 0 0
5794045.92562487 29870880.495 95744.3044657996 0 120619.382707448 75606.0702914628 5878509.63200768 1112399.63911854 36301.7308895498 6947222.73 32782037.16 686784.401135433 1671969.6 14302915.2 0 0 0 0
89116236.5372892 388040219.085 4969178.38976478 0 946971.016512227 252274.862929974 4440216.41661156 0 555501.93050193 13685792.91 58237648.26 17301986.4629855 3032316 15744909.6 0 0 0 0
40274817.1103434 47595461.025 4549215.23961931 28052.8052805281 1060949.80143524 0 156589.93887765 0 454099.776468197 4248347.355 49487848.935 6960621.82088358 2204496 9594547.2 0 0 0 0
3146286.3239179 7330054.8 863875.984182322 17198.5307471251 267910.018811398 34623.2825591346 42767.7176825889 509415.803194175 16624.12926805 0 13997864.55 4817696.63915175 421394.4 2647436.4 0 0 0 0
9144609.83539931 0 0 10361.2792710334 48700.6334388706 20858.845743847 25765.4722493133 306898.27402 10015.2302842972 263083.65 4180308.48 3727060.69339778 20412 567907.2 0 0 0 0
24063249.3395651 0 4744922.25878178 26139.7101101298 0 0 65001.8166512053 774251.10416717 89659.0884684215 0 2539210.815 11671633.5045191 155584.8 515062.8 0 2771407.31736082 0 0
1593680.14631173 0 211464.822541007 14323.3682975609 67323.4540661005 28835.1391788452 35618.0292735893 424254.273404584 13844.9923213553 2004878.85 12921943.14 265351.61129663 564278.4 3400185.6 0 0 0 0
36123272.708799 593298.99 12206636.7839929 32936.8573889637 1466113.3560928 0 81904.3346710506 0 329845.357598362 465385.905 1890573.54 20827706.5183964 105235.2 480589.2 0 0 0 0
0 16007.84410738 0 95.6330857687675 449.499693312323 192.524082391601 237.811524333678 2832.6259908555 92.4391044501433 1361.85413910435 0 0 0 0 0 0 0 0
0 0 0 0 0 0 0 0 0 0 0 0 0 0 0 0 0 0
0 0 0 0 0 0 0 0 0 0 0 0 0 0 0 0 0 0
0 0 0 0 0 0 0 0 0 0 0 0 0 0 0 0 0 0
25764554.9685023 0 7412998.69093205 0 156237.393401299 66917.644766758 82658.6830546897 984565.969402194 32130.0435629127 0 2559168.885 24841483.0297439 48081.6 302778 0 0 0 0
0 0 0 0 0 0 0 0 0 0 0 0 0 0 0 0 0 0
0 0 0 0 0 0 0 0 0 0 0 0 0 0 0 0 0 0
0 0 0 0 0 0 0 0 0 0 0 0 0 0 0 0 0 0
0 0 0 0 0 0 0 0 0 0 0 0 0 0 0 0 0 0
0 0 0 0 0 0 0 0 0 0 0 0 0 0 0 0 0 0
0 0 0 0 0 0 0 0 0 0 0 0 0 0 0 0 0 0
0 0 0 0 0 0 0 0 0 0 0 0 0 0 0 0 0 0
0 0 0 0 0 0 0 0 0 0 0 0 0 0 0 0 0 0
0 0 0 0 0 0 0 0 0 0 0 0 0 0 0 0 0 0
0 0 0 0 0 0 0 0 0 0 0 0 0 0 0 0 0 0
0 0 0 0 0 0 0 0 0 0 0 0 0 0 0 0 0 0
0 0 0 0 0 0 0 0 0 0 0 0 0 0 0 0 0 0
0 0 0 0 0 0 0 0 0 0 0 0 0 0 0 0 0 0
0 0 0 0 0 0 0 0 0 0 0 0 0 0 0 0 0 0
0 0 0 0 0 0 0 0 0 0 0 0 0 0 0 0 0 0
0 0 0 0 0 0 0 0 0 0 0 0 0 0 0 0 0 0
0 0 0 0 0 0 0 0 0 0 0 0 0 0 0 0 0 0
0 0 0 0 0 0 0 0 0 0 0 0 0 0 0 0 0 0
0 0 0 0 0 0 0 0 0 0 0 0 0 0 0 0 0 0
43763589.7175371 9969788.58648985 8634269.27609359 0 279951.308992936 119905.240604343 148110.551622914 1764177.7421112 0 874479.908989925 1319093.42101008 22045874.530872 141069.6 762955.2 0 11689968.7928078 0 0
25557254.6230441 3199847.54791606 3115853.8742696 19116.3340262515 89851.6053621085 38484.1149640845 47536.7337350868 566220.614731223 18477.8812013781 272224.391891934 618631.278108066 13293598.6305135 39009.6 302324.4 0 0 0 0
0 0 0 0 0 0 0 0 0 0 0 0 0 0 0 0 0 0
0 0 0 0 0 0 0 0 0 0 0 0 0 0 0 0 0 0
0 0 0 0 0 0 0 0 0 0 0 0 0 0 0 0 0 0
13597337.9394432 13264859.07 639238.835501052 0 266930.258482547 5168.80469828126 59679.2235890567 0 7193.19101054012 4064188.8 22846547.04 2537142.42169406 422755.2 3829744.8 0 0 0 0
735368.827474091 5612753.595 18972.6780075409 0 7097.47064053075 3603.17526772446 0 0 5014.37555839833 400975.77 24197345.505 55940.4789679269 1608465.6 10924956 0 0 0 0
1590403.37329811 12735970.215 0 0 0 5078.7390670662 0 0 7067.85075749665 860918.565 37005890.52 78849.0913860624 1437912 8757655.2 0 0 0 0
16719416.7852063 40446843.225 0 0 234489.305371699 5566.46852343236 1124909.4 0 7746.60171558087 773828.805 33352656.525 1656882.67648604 2666260.8 13587814.8 0 0 0 0
44799227.7992278 26266634.49 5712108.47029559 0 347488.329965861 6121.30031267324 70676.7756454918 0 8518.7359461616 2617228.725 16561569.36 16751633.6133813 474012 3317630.4 0 0 0 0
6086974.19223735 2926578.81 21411.9602624411 0 0 4066.42887316499 357430.89 0 5659.06458512112 1033283.715 27162933.27 63132.643280358 1511395.2 8423352 0 0 0 0
1743243.24324324 14236454.205 277522.662626928 0 8635.65319920782 4384.06491607613 50618.5870095742 0 0 1594831.23 35514478.38 182369.356609332 1562652 14376625.2 0 0 0 0
430552.733184312 1560358.2 224664.364231147 17858.7952253169 0 986.596799951266 11391.285694373 0 1373.00200852954 61688.58 5548343.46 15317.2392228238 81648 742996.8 0 0 0 0
7058194.47266816 11788869.075 0 5366.51932853081 83218.257369096 4069.59148311605 0 0 5663.46584591501 702161.19 26860840.665 327403.065015227 1333130.4 19648818 0 0 0 0
10973074.5783377 7597674.375 34894.262093399 165587.11945961 91988.6086532432 6626.90539050192 76514.5118821761 0 9222.36359568956 2341444.485 38239662.12 1270976.28252915 1107691.2 10435294.8 0 0 0 0
414372.078845763 0 4725.06856499817 0 1767.59629827903 897.356197419089 10360.9101660597 0 1248.80991047579 87089.76 4343601.78 13931.7495704736 401889.6 2444904 0 0 0 0
