45.3396836626984 6.0094758450697 21.3527962762534 0.180117692515083 12.2771550875021 0.314425104852919 0.0283417833433545 0.0530982792963539 3.1567447613048 3.83244639391919 71.4713250756236 3.29105217364264 3.04638363178689 0 0 45.3396836626984
6.74613734124926 0.260864041323513 4.64879044900821 0 0.317674432545079 0 0.0039523744732809 0.0266661020019592 0.540664879720882 1.29349917971822 11.4857471231627 0.357093887678409 0.879208435571841 0 0 6.74613734124926
156.574724340205 5.07222460617909 32.6802199572418 0 14.8985877995823 0.238564514216231 0.0632292799874893 0.506754687060622 0 6.18864416290341 134.452153570924 4.31287219818363 10.1927858132778 0 0 156.574724340205
0 0 0 0 0 0 0 0 0 0 0 0 0 0 0 0
1.44979977664861 1.03672833190515 0 0.230834042650757 0 0.027257996419796 0.322309262341621 0.134683677862389 6.27706607208198 30.4619941898068 0 25.3674463713042 30.9641594755734 0 0 1.44979977664861
24.06915 0.12555 7.3629 0.0439558854718982 1.6524 0.0347821095006994 0.0392117600962594 0.649760849903274 3.68955 13.10985 26.2764 12.3768 16.8804 0 0 24.06915
53.2656 8.88975 7.7598 0.2997 2.2518 0.0707258575059269 0.0797330983351905 0.34946143737665 12.4335 31.17285 31.14855 27.17955 38.2806 0 0 53.2656
21.27465 0 7.1118 0.0317272932975799 1.09755 0.0251056753331188 0.028302990599148 0.3645 1.86705 8.7804 16.97355 5.7591 8.8452 0 0 21.27465
109.3986 4.6332 72.07785 0.172756723696564 27.1917 1.54305 0.154111221554989 0.486 5.4756 7.70715 187.7661 4.7628 11.1375 0 0 109.3986
124.3755 42.9948 30.71115 1.39725 14.45445 0.166965494211055 0 1.3122 29.99025 71.21115 82.7253 42.89355 59.89545 0 0 124.3755
74.49322133298 11.8053489884301 26.7000224010105 0.158834160624691 6.53999656372164 0.331051230771874 0.115154766452901 1.519451303393 12.4049479447883 18.5637425230107 54.9923572622836 16.475073310796 34.3875957752456 0 0 74.49322133298
20.33505 0.8019 12.0366 0.32805 1.05705 0.0443390275360701 0.171485792569909 0 2.4705 17.03835 43.578 15.32115 14.4018 0 0 20.33505
92.5668 0 54.2376 0.16672255168827 12.04875 6.89715 0.148728313154246 0.2592 0 1.7577 181.45215 2.87145 20.13255 0 0 92.5668
89.50905 81.82215 48.2274 1.8225 18.3222 0.215582324771956 0.21465 1.053 37.86345 128.0367 87.8931 78.6186 85.49145 0 0 89.50905
6.62601863950511 5.79554579393711 0 2.39371584899012 0.784582189217539 0.0271039875072069 0.0438788901653291 0.0562530626231443 14.3859805939925 20.9646282333939 0 15.3126757835212 30.0583799095512 0 0 6.62601863950511
70.0083 13.91985 9.90225 0.32805 2.61225 0.080141396701976 0.0903477467688913 0.537734278910976 19.6344 27.59265 40.4352 26.9973 40.8483 0 0 70.0083
29.0061 3.90825 7.8651 0.0472124227462158 3.0051 0.0373589939122497 0.0421168217728512 0.184593417060037 3.13875 17.41905 17.1477 13.96845 19.20915 0 0 29.0061
142.2765 18.0873 60.75405 0.19035 11.4048 0.138538144910785 0.156181570939891 0.41715 6.30585 10.65555 138.6558 6.54885 7.52895 0 0 142.2765
45.04005 5.2812 19.10385 0.243 1.27575 0.0775528521799662 0.0874295400168398 0.6804 5.02605 39.41865 55.8657 21.08835 29.68245 0 0 45.04005
19.48455 1.3851 6.42735 0 0 0.0346961161860606 0.0391148151647442 0.77355 1.944 13.70115 21.19365 10.92285 19.32255 0 0 19.48455
181.2051 9.5094 111.4074 0 11.3805 1.1502 0.216816517766582 0.2511 3.8394 6.96195 262.7559 5.2974 11.2509 0 0 181.2051
36.82665 2.2761 21.3354 0.98415 4.83165 0.2673 0.0685334940435335 0.38475 4.0743 17.51625 66.5739 12.59145 17.3421 0 0 36.82665
53.4438 0.31995 19.41165 0.164469639853834 1.53495 0.5832 0.0636221652249063 0.404398982075711 2.1627 3.34125 77.65875 4.1148 7.58565 0 0 53.4438
130.21155 2.64465 65.41155 0 6.0831 0 0.141626686137147 0 0.7857 1.51065 173.21445 5.44725 9.96705 0 0 130.21155
56.7567 68.16555 20.4282 1.4742 13.60395 0 2.32875 0 28.9332 53.09955 40.2246 47.0124 80.0037 0 0 56.7567
91.0926 1.0773 20.6226 0.116426733355398 2.7621 0.8829 0.103860884341454 0.87885 2.06955 8.63055 106.11 4.1877 15.0822 0 0 91.0926
67.4499332929511 0.300144699536144 11.1239021507862 0.0699374828884219 0.438413606064031 0 0.0623891834123167 0.273444957831282 0 2.51750582251384 71.6081177258507 1.33210287996379 3.0806986856884 0 0 67.4499332929511
0 0 0 0 0 0 0 0 0 0 0 0 0 0 0 0
1.33054572782551 2.80123567729311 0.147398746056506 0.477479606912351 0.37360800734233 0.00229298032201708 0.0888558286710402 0.0171470577067971 3.05976054733405 10.2697685619325 0.0484734131326765 5.84384916692036 5.832637629189 0 0 1.33054572782551
7.7877515421056 17.6572704631951 0 1.15773591715513 0 0.121239387289748 0.19415447057881 0.122245407401473 17.2114342714956 69.101014260262 0 30.6009018351158 53.0760795311925 0 0 7.7877515421056
7.74018281534409 10.1467632615073 0.446619990775696 3.08573811808663 0.0738214860786275 0.00940864010403744 0.0466304817101056 0.258375201275196 15.2810476182759 45.6032230250721 0 24.5345708982318 22.7554730837369 0 0 7.74018281534409
14.9986096401404 45.9607462027881 0 4.30377331800528 0.880133755464495 0.0277688375195486 0.343171418415055 0.750939809708239 56.558687065606 136.214829245948 1.61896163275809 61.42364658549 102.911052416468 0 0 14.9986096401404
15.8363320172399 29.9723185200316 0.559324182384267 1.48034466937703 0.850172757224086 0.017903316409793 0.528732926449101 0.559324182384267 33.2536870566859 75.7585960900077 1.65559957985743 40.4204942469697 69.4494193127131 0 0 15.8363320172399
1.52929450434599 5.08289199733942 0 0 0 0.00506486550394157 0.0418543759084165 0 10.6422799665593 29.1290358485691 0 16.5831866700212 29.875170588321 0 0 1.52929450434599
1.03026675590433 2.55892800196466 0 0.330534094228345 0.036778401354937 0.00156387374990953 0.0112871527084864 0.00495093864393383 5.23455670053633 4.70480626563541 0.0556391199984945 2.93590661585276 5.22465482324846 0 0 1.03026675590433
2.6165260549567 1.90728638948938 1.42786794219418 0.204951386218695 0.0347578374289015 0.00105643084103119 0.00559321521844392 0.0543340906934552 1.87782213074936 1.1170449821978 0.484512268297704 0.994993035823898 1.4499411665384 0 0 2.6165260549567
20.5096731247247 32.2961266717613 2.26438297861109 4.3266236140672 0.721103935677867 0.070485346271492 0.0894091133185496 0.18464925576657 52.8407859712628 25.1686653991717 1.51606757366236 24.904325411969 41.2584184437577 0 0 20.5096731247247
4.8414440893523e-05 6.84310124492041e-05 1.25231883579133e-06 5.89205747331331e-06 1.19586183909582e-06 5.73070171868637e-07 1.74503444331579e-07 1.77582916878607e-06 0.000140521464775126 0.000149020809004923 1.19124263027528e-05 5.79659382435545e-05 6.38015387201723e-05 0 0 4.8414440893523e-05
2.84395732322883 2.65295920414828 0.233338370417078 0.543107121004127 0.0280192839726979 0.00155433046505457 0.00793879712559773 0.0149436181187722 4.16646752674017 3.97764868530194 0.351330688479884 3.70772958303162 3.76703706744049 0 0 2.84395732322883
7.07015487353383 4.42623895172248 1.27102636138448 1.11398726286079 0.219005877941137 0.00220996205786338 0.0109528682338486 0.104975685679796 4.70353321578232 2.35643533784727 1.96737450817148 1.80241271638894 2.91838065256445 0 0 7.07015487353383
0.185738410961812 0.0964972806427927 0.0913791685577094 0.023760048234757 0.00714631959233368 7.59734305682691e-05 0 0.00522062076776016 0.157914625663792 0.0711849580703566 0.0780310736634222 0.0476518933472414 0.0725615032377324 0 0 0.185738410961812
21.1115062813489 49.3099973464145 0.255634856238391 4.60142741229103 1.44335372676138 0.0301543413304341 0 0.617456498914267 91.8987643957304 124.596428930592 1.4472865707035 61.694522920179 124.466645080501 0 0 21.1115062813489
1.19385523595839 1.42178754402522 0.0124858024232409 0.100949040868756 0.0385200287525516 0.0012897011839126 0.0177989098373859 0.00956359334546109 4.33735523753731 6.48145973451555 0.029487746148505 2.13268131603782 3.80843539445917 0 0 1.19385523595839
4.19215963955913 5.46246745072273 0.743770258631459 1.37101171465335 0.284848184156729 0.00371617730102408 0.018417872907324 0.222987214870167 8.94394525708275 12.9303812080843 0 6.83347916537608 13.1145254887512 0 0 4.19215963955913
58.7956433681555 65.2998673013794 7.25946208933348 40.6946316733614 2.46687603327375 0.0545105240727828 0.564664041951073 1.48224311012157 96.148169743219 250.81317998388 3.35622189934669 83.5314575558747 140.174319264092 0 0 58.7956433681555
9.21989291144525 30.2367176920324 0 3.62484600643043 0.307464616616867 0.0853600819259862 0.834499718272303 0 30.002073642509 103.122014178473 0 37.7412816897204 59.2395313305366 0 0 9.21989291144525
6.38661319314869 5.11608728883987 1.35085094628335 1.38097283702381 0.225528002466975 0.00353586995996955 0.121019972711941 0.227845070985471 6.81527086907051 11.1705873276708 1.35780215183884 4.55303963884527 5.0156809863717 0 0 6.38661319314869
1.10003960878895 0.932909889014277 0.544530142066108 0.107353396643583 0.107020689835803 0.000605177435893743 0 0.0590000072462667 1.6187295221175 0.994238843915001 0.219364688596082 0.604195562927934 0.986586587336068 0 0 1.10003960878895
82.24335 35.44155 55.6308 2.5272 5.04225 0.2916 0.2673 1.7901 20.07585 137.32335 61.44255 45.1008 56.2788 0 0 82.24335
43.5509737801728 67.9839794879356 3.03543214003803 12.4125327590636 4.62388065007124 0 1.11959347908194 1.59249036374831 84.0665154203075 93.0879329124045 9.8055371128259 58.60687886891 101.656662788411 0 0 43.5509737801728
15.155799335295 11.3051388626019 4.05205397657084 1.45770536140067 1.63533193003816 0.0137598046127637 0.110495400678254 0.310638013227545 9.47550181288047 7.05085745460105 10.2635633497933 4.38354017860561 5.85417141706675 0 0 15.155799335295
15.9144911472216 72.5263451518418 1.71698326880965 3.26388800627496 2.56332643668989 0 0 0.425196328360881 41.2237964067978 40.7702536565462 9.86050532913092 21.1464307304812 25.1189792840243 0 0 15.9144911472216
38.94885 77.70735 0.27135 8.96265 0.3645 0 1.32435 0.5913 108.3375 251.99505 3.0861 113.9184 129.9726 0 0 38.94885
15.2747493294579 5.76273076003668 4.02174519589833 10.4990340073579 0.716271619891564 0 0.0137085477491209 0.16792970992673 15.850508334921 19.1799718694887 0.913331993785177 8.12745524676003 9.32866674327674 0 0 15.2747493294579
0 0 0 0.189731671019877 0 0 0 0 0.758926684079508 1.869058801749 0 0 0 0 0 0
0.0122196463337459 0.00652830420569985 0.00484242344928285 0.00960115069080032 0.000657613061013721 0.000526090448810977 0 0.0011837035098247 0.0105815919817662 0.0424220207359397 0.0036706765405675 0.00533264409476581 0.0095054978819256 0 0 0.0122196463337459
66.5253 37.7298 15.0174 9.50535 2.51505 0 0.27135 2.4948 76.40325 53.60175 35.7858 57.61935 43.72785 0 0 66.5253
18.729408692796 10.435184762718 3.62005935166765 0.237630658051821 1.41055121382043 0 0.0616925746865305 0.16679844267099 12.6759200062707 17.0865582779954 10.0581745840781 12.6439312638407 14.0034528171179 0 0 18.729408692796
12.0624811862924 7.22574549918154 0.444040226206687 5.03123264569725 0.480737765562611 0 0.157799419230475 0.286240806976211 29.552528443326 35.4461532638875 0.238534005813509 14.767089836824 15.3322319429053 0 0 12.0624811862924
24.02055 20.96685 4.45095 1.48635 0.10125 0 0.1215 0.2592 24.38505 14.64075 9.78075 14.4261 11.57085 0 0 24.02055
75.42315 14.35725 18.9135 10.1979 1.1583 0.4698 0.3726 1.863 28.05435 35.1297 46.3563 17.41095 18.22095 0 0 75.42315
78.17715 89.52525 30.8691 6.4314 12.7899 0.3564 2.15865 1.6524 52.21665 63.96165 44.72415 39.1068 36.11385 0 0 78.17715
50.64525 30.1482 21.6837 6.64605 5.30955 0 0.16605 1.7415 24.6645 58.73715 45.47745 25.47045 14.01705 0 0 50.64525
0.691363824746089 0.781082794369627 0 0.634629770425322 0 0 0 0.0118745695089977 2.72323460739681 5.92145199515352 0 2.05825871489294 4.04263121950767 0 0 0.691363824746089
78.10425 210.6 30.60585 5.1516 23.63985 0.2592 3.20355 2.349 87.5772 108.2079 56.3436 75.2733 60.27615 0 0 78.10425
15.58035 25.1019 5.86845 5.832 4.01355 0.14985 0.18225 0.57105 25.20315 75.26115 1.1097 30.1077 31.6872 0 0 15.58035
28.6497 59.5674 6.00615 6.1155 1.8225 0 1.24335 0.6885 51.22845 57.61935 11.35215 36.4257 56.28285 0 0 28.6497
3.80083310738346 1.55745325788052 0.428284382753112 1.86210601197005 0.176442176216179 0.0100736882614773 0.00671579217431822 0.0387684366426552 4.88970722946496 4.47485443106049 1.26378998189443 2.91038011772499 4.68853872751607 0 0 3.80083310738346
0.0366485436219656 0.0224466045640708 0.00143276199345133 0.020025153007887 0.00165060884625679 5.02723506474151e-05 0.000402178805179321 0.000159195777050148 0.115199091508552 0.108672064649496 0 0.100075492688788 0.0364809691198075 0 0 0.0366485436219656
32.3838 35.07705 8.9181 5.63355 2.3085 0.1539 0.486 0.5022 40.419 24.3648 19.83285 20.24595 25.839 0 0 32.3838
3.19346242867487 2.46892417872821 0 0.199162172971121 0 0 0.120184069896366 0 6.20149800665249 33.0609207132061 0 11.6956269162007 7.27628697458285 0 0 3.19346242867487
281.857880394024 381.121066099817 43.7142282528359 2.38551328692761 36.6141980130632 0.169528863030389 1.59841499428652 9.88514727527195 224.601525106261 71.1213944427488 113.91935955492 103.226931979504 139.667564728036 0 0 281.857880394024
87.3083871285161 80.3022223192921 23.4193286813738 2.11838316503087 12.1660639656732 0.258339410369618 0.396120429233414 2.82106636123623 31.9479737490428 22.6615330776229 52.0088900956115 17.966644859839 36.1812955536329 0 0 87.3083871285161
20.3271937643872 5.18462687409979 4.16844000677623 6.21118299517155 0.117518209146262 0 0.058759104573131 1.00581761357536 15.8649582347454 26.5176382520624 6.79531762298679 12.0283343479115 14.9248125615753 0 0 20.3271937643872
74.54025 22.5504 6.79185 11.23065 0.8829 0.0648 0.35235 1.23525 62.7507 64.4193 27.4671 46.33605 48.8673 0 0 74.54025
0.0282262880761702 0.117409347210453 0 0.0218203219879614 0 0 0 0 0.24953239777976 0.754302506886591 0 0.487954448125283 0.627484396984082 0 0 0.0282262880761702
46.8828 42.66675 5.8644 7.0875 1.0611 0.0567 0.324 0.53055 50.50755 20.9628 14.06565 34.32375 33.84585 0 0 46.8828
16.28505 5.751 5.76315 3.7908 0.7938 0 0 0.44955 11.0079 10.77705 23.38875 6.4476 13.25565 0 0 16.28505
125.7606 18.48015 17.7471 7.22115 7.3386 0 0.32805 0.91935 23.98815 22.38435 84.31695 20.0799 24.09345 0 0 125.7606
33.58665 45.5544 16.2162 7.5654 5.91705 0 0.61155 0.76545 30.2049 91.17765 28.1394 28.593 26.23995 0 0 33.58665
3.95390658743452 11.3836911845301 2.45371051889023 2.79189031061293 0.287325687704245 0 0.244099699288562 0.0432259884156829 15.32488424596 27.3289954995153 0 17.099692476204 32.0813115200395 0 0 3.95390658743452
35.8900161672271 9.29844715715741 10.4135975295495 6.37998670301617 1.5690870481427 0.246659654859949 0.0663286466850284 0.632194913716677 9.69020072664086 23.0160403997048 16.5033964033186 7.11167458676038 10.8240060309131 0 0 35.8900161672271
53.9055 36.1179 11.4858 8.8614 2.92815 0 0.8829 2.03715 37.49085 33.8418 32.05575 19.55745 22.1211 0 0 53.9055
7.78740468555188 8.12090526324998 0.07645029854209 4.03524619261292 0.68805268687881 0.0216055191531994 0.034347235576881 0.228796907955675 11.5118637949611 14.1178217974393 0.818793777139196 10.7850319711406 15.8346295886127 0 0 7.78740468555188
3.5478 6.1074 0 0.75735 0 0 0.0567 0 11.86245 23.5791 0 11.5101 13.2678 0 0 3.5478
5.7834 19.56555 0.27945 0.74925 0 0 0.3402 0.324 30.4965 176.58405 0 100.0026 103.56255 0 0 5.7834
22.9473 27.24435 0.5022 5.7753 1.3041 0 0.8667 0.38475 73.0134 203.06295 1.0368 63.92925 123.29415 0 0 22.9473
43.97085 31.64265 8.58195 4.18365 1.8792 0 0.0729 1.4499 36.32445 16.94115 41.32215 13.58775 11.01195 0 0 43.97085
0.152249211731786 0.718345327387048 0 0.0135475993490148 0 0 0.00677379967450741 0 0.570289420215672 10.0113533570327 0 3.61720902618696 5.97352362724775 0 0 0.152249211731786
10.2465 12.19455 0 1.9764 0 0 0.1944 0 19.30635 47.76975 0 23.5386 23.76945 0 0 10.2465
300.7935 47.17035 94.4784 6.65415 18.48015 0.70875 0.34425 1.39725 50.96115 102.5784 163.46205 52.61355 78.894 0 0 300.7935
58.7288182029599 0 29.9516726602995 0.0579565110078291 0.487539558265316 0.247930178411675 0.0270985840543224 0.35331639684064 0.339800298184918 1.46015635379461 84.1079607637711 2.08804820913631 12.4494949827749 0 0 58.7288182029599
3.4101 3.01725 0 0 0.547653840535558 0.0751418808890291 0.0419997345115012 0.139254295578564 12.43755 111.03885 6.24915 119.80305 173.1618 0 0 3.4101
0 1.02417609057902 0 0.0150604965119952 0.0918212600395904 0.0125985096319753 0.00704179950678884 0.0233477863926695 0 20.8883344956037 0 20.3701742600538 31.8142288373933 0 0 0
5.6943 15.06195 3.41415 0.051068107616278 4.78305 0 0.0238777901338463 0.0791691872278621 5.4351 38.75445 24.2352 32.29875 54.189 0 0 5.6943
0.7938 1.19475 0 0.0419678007528858 0.255870471677425 0.0351071919572459 0.0196227819187305 0.0650612844382696 2.64465 58.077 0 63.6579 139.7736 0 0 0.7938
1.75801338288784 1.67498017750714 2.63988328831041 0.263415686035312 0.833195267785605 0.0298030636846655 0.0166580972897641 0.0552315777884275 2.49958580335682 49.1699736552653 2.97774253779048 42.1636890495217 59.9156157171188 0 0 1.75801338288784
0 0 0 0 0 0 0 0 0 0 0 0 0 0 0 0
30.75165 59.454 8.20125 0.6885 5.1354 0 1.18262036647431 1.18665 61.9326 172.5624 12.2472 197.06085 495.1935 0 0 30.75165
0 0.692483237299464 0 0.0224696218839424 0.136993424642639 0.0187964419039056 0.0105060661296296 0.0348339068139286 1.04479927031147 26.9218044536072 0 39.1637741983808 49.8061481610883 0 0 0
0.41638630952151 1.43670021542677 0.246147939006684 0.0574903349607447 0.21544921645483 0.0144144850535414 0.00805681915605508 0.0837237887777836 1.68508078880086 24.6421436716691 0 22.7019844063919 32.8615870952801 0 0 0.41638630952151
4.77449079220508 5.51066135171484 0.286681804424471 0.0504566886260947 0.307625762761755 0.0422083745477535 0.0235919104525167 0.0782213247209486 9.3437032553161 62.7196081013093 0 69.780474765838 93.6600072899356 0 0 4.77449079220508
1.863 2.8026 1.09755 0.049151021391233 0.1134 0.0411161488550974 0.0229814228179851 0.0761971922711865 1.8711 77.6709 0 54.6021 69.3603 0 0 1.863
0.4963415355888 1.26281585382106 0.589680098697314 0.113104376472669 0.427710239185482 0.00909786857621061 0.0918351130350868 0.058588163153696 0.560580429022307 13.0042580425008 0.823026506468597 12.653414855287 15.8011206335289 0 0 0.4963415355888
41.50845 2.7216 25.9443 0.0508418030008385 12.23505 0 0.0237719774384868 0.0788183547160157 2.18295 14.64885 74.41875 10.6677 23.48595 0 0 41.50845
20.29455 0 23.2713 0 2.7135 0.0199602251037447 0.0111565500520959 0.0369906509329519 0 5.265 31.87755 2.6568 9.95895 0 0 20.29455
0.00186724870617247 0.00194409694539322 0.00207817259679965 0.000215829097385959 0.000194573201431281 2.29109273611607e-05 1.28058128861867e-05 4.24589458366337e-05 0.000848600769267522 0.0311496979871205 0.00230544717662275 0.0240420533936602 0.0444166472006787 0 0 0.00186724870617247
2.02095 0.3969 2.5029 0.2268 0.0766707447207458 0.010519754525679 0.00587990201971628 0 0.1458 10.8459 8.50905 7.25355 13.8834 0 0 2.02095
14.5071 6.02235 2.89575 0.1701 0.9639 0.0521429057190706 0.0291447082632043 0.0966321779468361 10.12095 51.81165 6.1965 82.4823 80.06445 0 0 14.5071
1.27047629746036 0.489990858524656 0 0.0210247098933012 0.128184044452463 0.0175877342350083 0.00983047216531727 0.0325939078546095 2.134960169286 29.0879573228458 0 31.1669185368719 48.687591663832 0 0 1.27047629746036
34.3845 20.49705 5.0463 0.278329243010829 2.7783 0.076984932307635 1.50912988799391 0.142669871872056 11.8989 101.6226 24.4296 77.0148 114.9066 0 0 34.3845
0.324 4.13505 1.20285 0.030181752332697 0.14985 0.0252478460567698 0.0141120080948946 0.0467897659190059 3.159 43.9101 0.78165 33.4854 50.3739 0 0 0.324
1.7012153284825 0.544692919767292 1.78101917486701 0.00938326790462923 0.0557360196971182 0.00784935549646194 0.00438731161686859 0.0145465678723132 0.229911081250613 4.42404656345876 7.78150838634994 4.07569644035177 5.46529674961856 0 1.83675519456412 1.7012153284825
58.0851 0 30.32235 0 15.7707 0.0403730531532627 0.0225660775827523 0.0748200738482493 0 2.91195 72.4221 3.81105 18.71505 0 0 58.0851
1.03275 0 0 0.00534156928511534 0.0325666303204161 0.00446836610166137 0.0024975444818466 0.00828085704685673 0.88695 5.427 0.2916 6.10335 7.0065 0 0 1.03275
39.6171 23.79375 6.3261 0.27945 6.48405 0.12885257710055 0.94365 0.3483 17.20845 173.40075 25.2558 163.1583 263.21355 0 0 39.6171
4.212 0.55485 1.80225 0.250723403685929 0.2106 0.0267884368529599 0.0149731045123026 0.0496448167050661 0.8505 43.9668 0 39.21615 53.9784 0 0 4.212
8.5698 4.6089 2.106 0.29565 0.94365 0.0645307353839151 0.0360687505009217 0.119589528405933 9.37575 89.3835 1.8144 82.0287 104.19435 0 0 8.5698
0.0106644967472135 0.0275854982527921 0 0.00115213323906703 0.00702435843734439 0.000963790383547048 0.000538700119757368 0.00178611380708508 0.115603144739794 1.16868665020463 0 1.78552114206346 3.75120118250984 0 0 0.0106644967472135
31.1769 0 1.5309 0.072603896451446 1.7739 0.0200799037672905 0.0112234431353691 0.0372124416013606 2.0331 3.8313 31.9464 2.3976 3.2724 0 0 31.1769
7.62615 6.03045 6.75135 0.074860584110899 0.209490578630405 0.0287435510201587 0.0160658942454116 0.0532680697153416 1.5876 28.33785 6.1236 33.58665 42.85305 0 0 7.62615
1.1421 1.25145 0 0.0194023692708426 0.118292912373988 0.0162306027525163 0.0090719183297267 0.151578847193818 1.4823 28.7064 0 26.1468 36.5958 0 0 1.1421
40.4433 7.5492 30.2292 0.0772114931044941 11.14155 0.76545 0.0361015889236195 0 7.5492 46.3644 75.40695 34.32375 41.08725 0 0 40.4433
9.21375 0 7.1118 0.31993735526574 0 0 0.00946233068846678 0.0313732981858025 1.00845 8.9991 24.00435 10.42875 14.8149 0 0 9.21375
0 1.26350053542655 0 0.0372892038421248 0.227345870033565 0.0311934200442546 0.0174352218079187 0.0578082113936427 2.38121254753466 35.0094940024441 0 75.8140818067965 159.229415232169 0 0 0
20.3688461443599 1.4293927118849 10.6752113925581 0.132030409849469 0 0.517928688325385 0.0194332842420503 0.0644329860505108 0.400320427220931 3.43777993997635 28.4137035433703 5.80803874069689 17.4535182873668 0 22.3614014911488 20.3688461443599
7.5816 0 3.43035 0.00824841305239871 0 0.00690001894734269 0.00385669031017071 0.0127872401731593 0 3.41415 0 2.8026 1.71315 0 0 7.5816
49.30065 0 13.96035 0.0424347165973845 3.54375 0.0354977795955455 0.0198410966177767 0.320935128528803 2.28825 8.2134 58.85865 3.2319 4.71825 0 0 49.30065
11.50605 0 4.79925 0.32357116286953 1.61595 0.0165809348403504 0.00926773262803558 0.0307280889686137 1.41345 16.0623 16.22835 6.70275 23.2632 0 0 11.50605
50.7708 4.2444 24.2271 0.36855 7.0956 0 0.0227217560310972 0.0753362412220002 1.59975 7.8894 55.45665 4.59675 14.47875 0 0 50.7708
12.07305 0 7.47225 0.0126223350163244 3.4911 0.010558922088294 0.00590179430151479 0.0195679857900523 0 0.9234 21.8133 0.75735 1.4013 0 0 12.07305
24.42555 2.8998 10.2708 0.68445 1.1826 0.113669706647985 0.0635344423739681 0.210654760575712 12.68865 169.1199 20.1852 141.44625 136.52145 0 0 24.42555
5.64975 3.5802 3.0699 0.18451911562684 1.6605 0.0425533808054978 0.0237847479362026 0.0788606965708937 5.53635 72.63675 5.9454 47.1744 63.26505 0 0 5.64975
0.00033469920690612 0.000268406127277371 0.000486688218737884 9.94888757316969e-05 0.000101864976014906 3.30865654102842e-05 4.9371088084809e-06 0.000511142215768284 0.000122884732970363 0.0115786522736943 0.00178344553245145 0.0104500530156244 0.0163177990149592 0 0.000520643210742853 0.00033469920690612
17.76735 7.88535 2.8593 0 0.9315 0.0520710985209431 0.0291045724132404 0.0964991035457909 5.1678 75.80385 11.64375 66.48885 115.8705 0 0 17.76735
4.77495 0 1.458 0.00606210237105493 0.0369595967673385 0.00507111137079222 0.0028344423739681 0.00939787550411474 0 2.90385 8.0109 1.05705 1.0935 0 0 4.77495
23.2227 0 9.7362 0.0197600346113361 0.567 0.0165297994113809 0.00923915103790975 0.0306333238648391 0.5265 5.103 24.9966 2.62035 5.82795 0 0 23.2227
0.152607647578473 0.546902675576923 0.0921271973860826 0.0032674142440464 0.0199208633474129 0.0027332797290239 0.0256730328910044 0.00506536353337359 0.848836085839708 3.45816899704705 0.0159405837716377 4.45703410661982 8.349584011444 0 0 0.152607647578473
0.70065 0 0.8424 0.0507871777488359 0.309640698169449 0.0424848375709216 0.0237464364430552 0.62548367100626 3.72195 55.42425 0 79.1694 67.6269 0 0 0.70065
17.3664 0 10.854 1.18843211271877 0.10963385215731 0 0.00840785244850525 0.112927070740161 0.5184 4.3902 23.9517 4.62105 4.71825 0 0 17.3664
12.1327569752994 0 14.4304392645082 0.0929011204131739 2.72448350794376 0.0819981798910166 0.0134069163238042 0.328295493012991 0.0787303219025574 0.213400609367458 40.3016374118039 0.493100437179176 3.08912920938719 0 0 12.1327569752994
51.4107 0.0972 36.92385 0.0420328308147937 7.128 0.0351615913497668 0.0196531878656728 0.0651620983784553 0.74925 2.05335 64.5813 2.0574 1.1259 0 0 51.4107
1.09485667711633 1.98735657538821 0 0.0245017299669256 0.613460550602148 0.0204963548673518 0.011456213934192 0.0379842163279954 3.00979082639179 32.3344831879882 1.55495209006794 27.3117749299331 26.1956175392542 0 0 1.09485667711633
21.20985 10.7811 2.99295 0.922934384756739 2.38545 0.060593307353257 0.0338679680612327 0.112292615415289 4.13505 82.4499 15.05385 72.1629 107.22375 0 0 21.20985
10.5867 7.2009 0.1782 0 2.42595 0.0360972609011251 0 0.18029609814965 8.9991 52.6662 1.77795 48.9807 72.79065 0 0 10.5867
3.5478 6.2613 2.87955 0.0277184135876256 1.2879 0.0231871970680806 0.0129602308247175 0.0429709338647701 2.6487 31.38345 5.38245 23.89905 32.14485 0 0 3.5478
2.35558059670223 3.17558566484816 1.03661018048637 0.119811515939609 0.781325583799425 0.0355126954122758 0.0198494336508039 0.0658127707907107 4.03427021734059 49.5020040666586 0 50.8557860187863 60.746130166188 0 0 2.35558059670223
10.3355628000259 0 9.242738004062 0.0163357226959409 0.133895650676654 0.0136652705683488 0.00763805389362134 0.0253247270945506 0 7.35047741141105 20.0095235614142 4.54851401563341 14.1279602000735 0 1.30154448672454 10.3355628000259
5.8644 6.16815 2.71755 0.251720892579972 1.30658055524404 0.0242349293680319 0.0135458493628276 0.0449126103527474 1.97235 37.3005 5.69835 16.0218 20.06775 0 0 5.8644
1.2879 1.1259 0.25515 0.0465836345471089 0.284012417381627 0.0389684608383748 0.2890809960327 0.0722170579126534 8.9343 64.90935 1.23525 61.155 70.3323 0 0 1.2879
46.06065 0.93555 22.7853 0.0394173217248577 10.5543 0.0329736477825788 0.0184302606796506 0.0611073617041848 1.08135 3.3858 52.2774 4.5765 3.81915 0 0 46.06065
0 0.100318324719671 0 0.00148920736539718 0.009079441480704 0.00124576193899196 0.000696305044312969 0.00230866860425155 0.251425424715828 1.8892584918964 0 1.75536081162203 3.59383052824194 0 0 0
6.156 8.31465 0.7128 0.0827676615939055 0.891 0.312237370824818 0.0386994730303759 0.298411950510803 12.06495 107.5032 0.60345 113.643 240.3756 0 0 6.156
47.53485 104.2794 5.4027 0.40905 9.1854 0.161210423759793 0.802906807525847 3.5964 47.09745 162.6156 26.69355 179.56485 248.47965 0 0 47.53485
22.70025 15.58035 2.69325 1.12185 6.18435 0 0.79606535625551 1.55925 15.2766 107.78265 13.11795 85.2525 137.82555 0 0 22.70025
12.6846 4.7061 1.97235 0.238191099177535 3.5721 0.029856562591135 0.0166879999198525 0.0553307229315419 3.68955 39.70215 7.9137 26.6895 39.9006 0 0 12.6846
5.09085 1.134 0.6318 0.0187598722591925 1.14615 0.0156931367544104 0.00877150757393604 0.0290828054647825 1.32435 22.74885 5.39865 16.3458 14.1912 0 0 5.09085
12.2935471624015 0 12.8734659794374 0.0227920835988905 0 0.578089420136735 0.0106568387647463 0.176197369712013 0 2.795318461927 27.1903261123174 1.14520245887847 1.02995045423095 0 10.9233288849255 12.2935471624015
1.3932 0.3726 0.31995 0.0306109507412892 0.186629708113297 0.0256068820474074 0.0143126873447143 0.0474551379242318 3.73815 33.58665 0 49.1022 39.15135 0 0 1.3932
57.105 1.7901 37.35315 0.0602178373267203 16.79535 0.8667 0.0281559068686383 0.0933537086119958 0.68445 6.85665 83.916 6.6501 30.9177 0 0 57.105
0 0 0 0.000435701414782965 0.00265639667819318 0.000364475929889593 0.000203719844513906 0.000675453399244462 0 0.22275 0 0.21465 0.46575 0 0 0
0 0 0 0 0 0 0 0 0 0 0 0 0 0 0 0
0 0 0 0 0 0 0 0 0 0 0 0 0 0 0 0
0 0 0 0 0 0 0 0 0 0 0 0 0 0 0 0
18.4789412636957 0.464830028977167 11.9739176738197 0.0805012899345932 0.141064902494494 0.0193550767223654 0.0108183089666015 0.0358691789845197 0.112961487488865 2.55786356727659 41.03618174811 1.7956981287023 1.06209766397576 0 0 18.4789412636957
0 0 0 0 0 0 0 0 0 0 0 0 0 0 0 0
0 0 0 0 0 0 0 0 0 0 0 0 0 0 0 0
0 0 0 0 0 0 0 0 0 0 0 0 0 0 0 0
0 0 0 0 0 0 0 0 0 0 0 0 0 0 0 0
0 0 0 0 0 0 0 0 0 0 0 0 0 0 0 0
0 0 0 0 0 0 0 0 0 0 0 0 0 0 0 0
0 0 0 0 0 0 0 0 0 0 0 0 0 0 0 0
0 0 0 0 0 0 0 0 0 0 0 0 0 0 0 0
0 0 0 0 0 0 0 0 0 0 0 0 0 0 0 0
0 0 0 0 0 0 0 0 0 0 0 0 0 0 0 0
0 0 0 0 0 0 0 0 0 0 0 0 0 0 0 0
0 0 0 0 0 0 0 0 0 0 0 0 0 0 0 0
0 0 0 0 0 0 0 0 0 0 0 0 0 0 0 0
0 0 0 0 0 0 0 0 0 0 0 0 0 0 0 0
0 0 0 0 0 0 0 0 0 0 0 0 0 0 0 0
0 0 0 0 0 0 0 0 0 0 0 0 0 0 0 0
0 0 0 0 0 0 0 0 0 0 0 0 0 0 0 0
0 0 0 0 0 0 0 0 0 0 0 0 0 0 0 0
0 0 0 0 0 0 0 0 0 0 0 0 0 0 0 0
19.7328718325769 0 8.74433476291465 0 0.202687963889808 0.0278101853998756 0.0155441997151409 0 0 1.4223043983221 26.7071057548513 1.36189764781421 3.87701507805175 0 19.8518548260015 19.7328718325769
6.24820358347751 0 4.04742453892618 0.00987257672026216 0.0601914042853758 0.00825867545625556 0.00461609654264094 0.015305127040555 0 0.405643884747612 17.1349127950849 0.906581888451807 1.08042926762935 0 0 6.24820358347751
0 0 0 0 0 0 0 0 0 0 0 0 0 0 0 0
0 0 0 0 0 0 0 0 0 0 0 0 0 0 0 0
0 0 0 0 0 0 0 0 0 0 0 0 0 0 0 0
11.17395 6.23295 4.21605 0.29565 1.6929 0 0.0407551772955573 0.0298989338082807 14.88375 59.86305 5.00985 41.2209 66.825 0 0 11.17395
1.60708053787608 2.03212702774255 0.0408552134210573 0.121441854247563 0.00915294781648429 0 0.623401518470822 0.0182130573160591 0 53.1470034805417 0.0786385476498919 48.6212703789159 200.65432771144 0 0 1.60708053787608
0.000100293965942011 0.00056767695755413 6.20752720271309e-06 1.27825642867269e-05 1.39069577168223e-06 0 3.77208167072099e-06 2.76728572113487e-06 0.00125727991292012 0.00734243602951941 1.19483141279334e-05 0.00660071954283062 0.0285628037777207 0 0 0.000100293965942011
1.59975 2.37735 0.33615 0.22275 0.46575 0 0 0.0311413277380633 4.6494 92.826 0.134458962200229 67.71195 155.1717 0 0 1.59975
13.1787 9.65115 0 0 0.8424 0 0.83025 0.310308100129309 4.9734 54.9504 2.3004 69.0768 177.3981 0 0 13.1787
39.123 11.7774 15.37785 0.4617 1.3608 0 0.0428442920345202 0.0314315563471345 13.0572 39.2526 33.13305 23.50215 59.83065 0 0 39.123
2.77425 1.37295 0 0.2106 0.19845 0 0.1944 0.75735 4.05405 48.06135 0.0736084752416034 38.1915 83.02905 0 0 2.77425
0.512025868893788 0.874763798345838 0.15055847509656 0.043198212263992 0.0339432349129384 0 0.0459344156388121 0 2.04238606512845 10.8573624382925 0.0187283631144655 10.2722807692463 44.0691644553734 0 0 0.512025868893788
0.6642 0.85455 0.7776 0.1701 0.324 0 0.00869699567296696 0.00638031570985922 1.4985 18.306 0.0275482996766675 11.4777 14.9526 0 0 0.6642
4.76082788725478 4.33575396874989 0 0.0321667991613407 0.0137096733344646 0 0.161932921335197 0.0272802895014167 12.9870202910828 55.6968282932409 1.97962996332278 79.0313622576427 300.705386596427 0 0 4.76082788725478
8.38310723656877e-05 0.000786359073176733 1.31552185698591e-05 0.000154674232111339 2.94721331751274e-06 0 7.99393336850874e-06 5.8645330609052e-06 0.00242283606330129 0.0158523377124186 2.53213040815351e-05 0.0147778831229429 0.0613194776371778 0 0 8.38310723656877e-05
0.0192870621145406 0.0113274827311408 0.000194465195904294 0.00545135106436151 0.000991154738974821 0 0.000118169212491433 8.66916474644596e-05 0.041345311968664 0.245219773481464 0.000374308669416555 0.148309113187008 0.419491072535292 0 0 0.0192870621145406
0.000374193719410133 0.00018751542091246 4.62024015241282e-06 2.42861567371994e-06 1.03508985692543e-06 0 2.80754680956186e-06 2.05968080114057e-06 0.000440744951385761 0.00598333245969558 0 0.00476113373410544 0.0169663785417111 0 0 0.000374193719410133
0.00167153693613828 0.000327039835331403 4.44217319087763e-05 0.000436053113775203 9.95196842783651e-06 0 2.69934218961685e-05 1.98029940755653e-05 0 0.0663890865722747 8.55034202219724e-05 0.0464881069630342 0.157996578224549 0 0 0.00167153693613828
