535.515667328992 777.349506032887 0 0 1160.28394587948 9.29560390730132 0 2406408.25714378 44.1541185596813 580.179007218257 186.457686035262 207.932995440896 34.1081132991333 63.9793832125833 624.633804298424 0 197.392704485721 1151.766061821 35.9232501596904
4.6063100279509 123.845089786575 2.42437369892152 5.97254562286396 0 0.535846790671366 0 0 6.65830617001389 67.0339327751801 21.5433372038596 33.1272873914705 3.94085436655968 10.1930115050679 54.6115690217311 0 74.5494912418368 311.936082594569 0
0 969.492759120031 0 0 0 6.00423132209087 6.64947022716071 16206079.6214703 28.5200987799316 1145.21332171054 368.048177073345 259.329338859268 67.3258860500022 79.7936427259285 913.346836118137 0 74.3277781992024 809.526453865226 11.3107488564004
0 0 0 0 0 0 0 0 0 0 0 0 0 0 0 0 0 0 0
0 5 40 10.5 685 44.7200475866549 5188.7232486163 10.8055555555556 481.707532172887 2490.6 800.427983539095 1.33744855967078 146.41975308642 0.411522633744856 1240.09757928317 0 381 341 49.1699002069045
54 0 0 10.5 1133 56.9279801576091 1319.08572747202 0 611.758901522611 107.79972758406 34.6446312439463 0 6.33743254462432 0 236.582181673762 0 316 1791 115.865408887077
145.2 791 94 561.1875 5769 237.79240199403 4172.79242536256 0 3219.06151043091 1492.05 479.514403292181 211.584362139918 87.7160493827161 65.1028806584362 987.742916119347 0 1053 2671 241
0 6 0 26.75 1600 80.4364340298635 3225.5866876915 0.416666666666667 866.378859988221 732.845096513076 235.521449790602 1.60493827160494 43.0831920348663 0.493827160493827 285.1059184451 0 62 645 87.4626690357519
0 1247 9 10.8125 1213 454.748582241998 23929.6775286861 10801933.6111111 4904.25872474723 567 182.222222222222 333.559670781893 33.3333333333333 102.633744855967 1963.50985175455 0 76 586 57.1257986139421
533.6 5488 92 717.375 0 369.170350994924 42971.2145998039 263.833333333333 4004.69096291351 5085.15 1634.2633744856 1467.98353909465 298.950617283951 451.687242798354 4181.54362919872 0 3556 2932 0
0 2101.05837621065 0 0 0 15.9940347173704 23592.7244851204 27.6555432598534 517.140455861644 1153.52224576271 370.718495600793 562.011499809434 67.8143589513646 172.92661532598 2686.5836046551 0 273.667267489623 2571.88378264441 116.725465345036
0 104 86 224.5625 2902 13.75 2528.63221784917 268.333333333333 317.013287313128 1071 344.197530864198 27.8189300411523 62.962962962963 8.559670781893 470.68643272659 0 426 872 20
0 0 581.726067455529 0 285 344.487429616931 18121.9286139428 4979925.13888889 3715.14183493489 728.056467932752 233.982482345623 0 20.1481481481481 0 33.6496681557012 0 0 111 149.170601982373
856.8 15726 109 5176.5625 654766.072758861 1880.04 11010.4484300461 2396 60787.96 7889.7 2535.58847736625 4206.54320987654 463.827160493827 1294.32098765432 7312.92400075061 0 1975 2719 345
0 732.648509980321 4.03336291116109 50.7284357319195 1177.97922670087 0.913438071057071 982.579413671678 35.1271639158311 56.0889453516206 1079.68379998946 346.988326863161 195.975938883625 63.473474426188 60.3002888872692 1368.70306930551 0 150.183454280292 221.360446830194 15.9823499847077
205.2 2329 18 100.5625 14767 21.6 3754.07224793348 0 310.2025 2358.3 757.909465020576 622.98353909465 138.641975308642 191.687242798354 1579.26590354663 0 3293 1856 133
22.8 524 173.238075429268 135 1446 78.3089451386856 1905.45049406932 183.333333333333 844.526717441809 711.9 228.79012345679 140.164609053498 41.8518518518518 43.1275720164609 327.458810283355 0 1048 1377 33.9094883663303
0 3488 0 1000.37482188552 498047.121705455 392.009267108402 45945.9094534959 804050 4227.64345722592 462 148.477366255144 933.004115226337 27.1604938271605 287.078189300412 1545.93657346594 0 577 360 169.748598438714
80 656 37 147.25 2578 175.870268080328 3879.3086448242 280.75 1914.00950289415 1265.25 406.625514403292 175.473251028807 74.3827160493827 53.9917695473251 1065.49859260649 0 666 3219 0
0 0 0 90.75 2885 54.0778655253756 1393.18939300055 331.416666666667 583.205433013085 105.554813978829 33.9231618509269 0 6.20545643614517 0 281.57048885827 0 260 1012 161.416900185044
40.8 1193 831.035857115203 15.75 619416.776483021 486.794447271722 57073.837036349 3717513.05555556 5249.85895155665 832.65 267.59670781893 319.115226337449 48.9506172839506 98.1893004115226 1036.7397260274 0 300 691 266.627949449653
110.4 304 197 558.9375 5882 46.7 6599.00933154993 3002 711.855 1633.8 525.069958847737 81.3168724279835 96.0493827160494 25.0205761316872 830.386188778383 0 856 1286 108
0 0 0 0 0 136.391607217343 15985.9395203837 11329659.1666667 1470.92207826168 537.6 172.77366255144 0 31.6049382716049 0 230.534809532745 0 173 82 59.0605531719365
0 692 0 1881.56285622895 467467.029052663 370.561904210695 43109.8289370524 1598700 3999.8432923952 337.05 108.320987654321 185.102880658436 19.8148148148148 56.9547325102881 240.98967911428 0 422 293 159.270610333747
372.4 12672 347 4242.4375 78383 23.15 7310.99238633272 857.888888888889 721.450766277265 6080.55 1954.1646090535 3389.62962962963 357.469135802469 1042.96296296296 7100.17151435541 0 2449 1150 665.32761196943
0 0 0 36.875 752 210.145049447899 11054.7824311124 9775582.27777778 2266.31974779605 410.183009028643 131.824443426803 0 24.1142274561224 0 172.751961821253 0 0 778 26.2929213208316
0 0 0 56.8290946582875 0 162.005303295315 18988.0230411348 6011869.43706395 1747.15425878681 316.218835318058 101.62627668462 0 12.9317762066859 0 28.3920043461775 0 205.494006284368 203.069298245614 2.53858331999965
0 0 0 0 0 0 0 0 0 0 0 0 0 0 0 0 0 0 0
32.0217831458178 546.515563656973 0 1843.70517971616 140.160705231797 0.304128455122657 2950.4955753956 350.095112825631 4.26908055634272 153.555438050962 49.3495822856316 146.187290690137 9.0273626132253 44.9807048277344 325.80224299047 0 111.055939096403 104.123118398983 8.82700650142816
0 4543.37097022551 131.812142167224 608.709394291474 2745.01090471324 227.671363072228 804.732739774961 2766.25978189772 2858.78039396679 1654.05803155228 531.580476532576 1215.30499203563 97.2403310730322 373.939997549425 2298.03547692087 0 361.331186919943 1458.22943292691 144.716827414365
30.1141991542777 1656.28095348527 43.2675275205139 181.507277948556 956.212358203358 1.21149077057439 483.932316358328 1903.17400840281 470.044131733478 1322.94792146723 425.168448208165 443.038115129806 77.7747161356399 136.31942003994 764.146918540641 0 462.962544469499 681.8962337233 64.3168005231466
0 12128.7368187285 359.754902755399 755.173008544362 8944.90592934326 8.44424702300867 1659.16111451395 5920.62544196431 1587.35996545949 2595.9314191325 834.279350847991 3244.31231776689 152.612076374632 998.249943928275 4034.85739906688 0 1733.81876744616 1787.78200285947 416.71609569167
0 9260.53104571656 58.1523058614218 314.190198687816 1831.35030920508 2.1918946055459 1059.8120979162 3999.02943412721 1042.45234770284 1201.47137163994 386.128365567217 2477.09678177603 70.6332376037592 762.183625161857 2668.84676192604 0 626.255601584542 891.072255968862 206.664348522899
14.0376322691089 2746.35328567658 78.2372624172812 234.953260283996 2050.91095307852 5.39289771806362 395.685667676615 188.751420132227 431.243156050017 1004.72099217847 322.896811125355 734.621249255052 59.066489840004 226.037307463093 1160.43840306917 0 359.311871842328 319.710294569384 103.02849371823
15.8431726352449 2666.52782507045 30.2645220852756 84.6492589197221 757.628640121328 0.782002751867859 332.371879301875 1345.14110797749 300.82811548931 387.09136217459 124.403259644587 713.268759792508 22.7566938374245 219.467310705387 684.579334215111 0 362.971147425419 265.271582841409 79.4196995300494
1.9882335648873 281.873529355377 0.375382639203983 5.40340656733491 3748.15555559183 0.170863821982502 35.7619660984822 7.7686947343307 2.57431589063069 24.1248066833249 7.75322025488004 75.3982691691337 1.41827199784391 23.1994674366565 68.9213563029496 0 67.1417155017606 23.1442813412662 0.297746507770988
0 8450.72866340276 55.9263947498998 127.034301507468 2919.44127817574 5.84305616789998 965.117504105252 3682.26025708495 89.5156204922276 944.383953136833 303.505718821165 2260.48297580732 55.5193388087498 695.53322332533 2154.09466784501 0 426.125739101848 1075.9570572033 0
4.10994359421744 907.949424345494 6.56917213829836 16.7843751802783 225.373136437005 0.651302536788556 142.204752460513 504.727412363058 134.384128088673 128.343095148114 41.2468500965915 242.867129968959 7.54515550547406 74.7283476827567 299.228907998764 0 104.545286508646 133.404726500828 11.9736652931327
3.07839278843511 1568.26100698071 7.53223767383059 18.4672865250371 51579.3099537341 52.6552011929017 9681.12243289728 590.229560138003 656.249974071773 111.15372258561 35.7225367510092 419.493684994839 6.53461038128218 129.074979998412 417.411990935952 0 36.1056175452097 187.97845325125 37.5509514928277
0.213942166042275 16.8251949040791 0 0 247.843663450876 0.028502728381234 34.0004247788011 9.11509747548661 2.80076048564832 1.76502286984877 0.567242309729958 4.50056653812814 0.103763837145724 1.38478970403943 6.5475839955748 0 1.32211450925001 1.56078193364709 0
0 10117.994989314 123.319687548294 292.824043236014 4394.22730396696 12.9582015431606 1790.55943580206 654.359739636143 188.052889160559 2285.21978812638 734.422977175635 2706.45956504283 134.345666556519 832.756789243948 3014.9956215673 0 1866.17370922692 1719.73158026332 504.981430146521
6.18007471683935 237.366968593721 3.99728669911847 31.0238852518661 199.639768287434 0.604084338237567 50.0014046287264 233.375545868049 21.3136225063671 82.7168866715337 26.5835183502479 63.4932220518183 4.86283872260633 19.5363760159441 84.1220250527417 0 66.4268205392834 35.167140285503 34.2882597063758
0 1507.09040400032 264.290379461171 913.538959078458 20967.9641757584 56.1788444751752 165.85227881228 1383.93029800404 697.828130739232 268.676180649258 86.3470382647037 403.131178024776 15.7951899264702 124.040362469162 425.981181699972 0 992.574830201943 129.316748494778 18.9476109303045
826.304237414729 18048.0412495042 338.791686913104 6614.85339343878 370487.486583191 5.6465281152184 51718.1270994455 382.274779492692 3675.40915015416 6166.00870181849 1981.62929080586 4827.66535480565 362.493162952292 1485.43549378635 9443.61951902104 0 4120.22813084321 2678.19171987974 324.892540783335
0 6450.39894475683 125.929697403062 3228.33560030428 3500.04603417081 12.8428302510265 1023.623441543 4194.21276713761 1121.75111552868 1767.21342022297 567.946307890587 1725.41535559339 103.892617297059 530.897032490274 1858.65237085071 0 670.625610773448 1184.33882081451 110.078831606311
8.53031174979915 617.02135546915 10.1874742234862 38.4067778225432 7303.46009077259 23.480984897646 998.338046663187 271.571182699426 296.761044349246 80.7968580664694 25.9664603623378 165.046864631666 4.74996226140326 50.7836506558972 177.425183621094 0 129.313006143452 165.037082420477 7.15626947515335
15.8148849191795 321.606509021299 0.805617178484851 5.18357848015493 274.674144161873 11.6384691099892 46.6814650792136 139.573343628217 145.16987378341 22.0584180524371 7.08912514324846 86.0264324542568 1.29679118474057 26.4696715243867 99.6395075867043 0 56.7856826578168 18.0540875383528 2.49947893837608
1386.8 8130 318 8407.1875 101529.519094922 16875.4 115292.03004125 162991.416666667 374855.8075 3897.6 1252.60905349794 2174.69135802469 229.135802469136 669.135802469136 5161.67386001126 0 2111 3203 447.696987107386
1067.18091819949 15969.7144524418 297.99467168614 11115.6137465174 364927.47488963 13.9497505705425 272.044518405658 1413.50250355076 37491.9355697718 5747.59722969942 1847.16038736176 4271.73431855439 337.895192810077 1314.37979032443 8096.19976528367 0 2926.94766451454 1543.97239289732 225.363503790097
454.010779414377 2879.35715885656 294.918165738517 6605.48207292865 312822.029767744 1307.89222774058 66359.1633098881 245394.589695002 6212.48808176778 409.907108265299 131.735774555181 770.198416978092 24.0980075405819 236.984128300951 1887.44988025276 0 268.457128733519 343.760344175053 287.538556257174
126.8 18760 314 4141.5625 54501.0143398943 3894.43919446808 2106.4594163147 175.111111111111 59657.7119520039 1010.1 324.625514403292 5018.10699588477 59.3827160493827 1544.0329218107 6101.49371364234 0 1165 1065 6.89776878150323
80.8 16467 0 0 136709.849542784 31.65 61309.8477865277 1101.80555555556 58929.2793247549 5601.75 1800.28806584362 4404.75308641975 329.320987654321 1355.30864197531 12182.8436854945 0 1692 1431 281
102.575239544927 1149.10884619941 65.0052665778732 184.202915824505 976.614556146315 1.04929761011528 755.939739587131 102.626424794201 8324.35670992021 956.114863812112 307.275793974498 307.374794250872 56.2089867026521 94.5768597694989 810.871743587519 0 373.140467206847 322.978922918409 126.275054816569
0 0 202.333158764629 1797.24691555398 1469.90005943907 100.174351251065 607.553168954295 0 1534.96203761998 69.2487468156792 22.2551332113882 0 4.07106095330272 0 126.110452251699 0 0 30.9770728901307 4.04708679403526
0 0.000709384669952667 0.020270734615807 0.000655875050451927 0.0213549247196096 0.0100445225349307 0.060867675511316 0 0.153861408534925 0.00381416567801274 0.00122579496608679 0.000189753101016145 0.000224230786479291 5.83855695434294e-05 0.00453542847076661 0 0.00277638482895268 0.00139430779956214 1.78002161942096e-05
536.4 10985 677 2997.0625 6904 5216.5480611588 32306.684769847 1868.72222222222 79932.6688049172 3201.45 1028.88065843621 2938.37448559671 188.20987654321 904.115226337448 5101.99474573091 0 1745 3280 302
142.216483572541 5787.82176304489 1065.68221141295 12089.3229062267 18654.7733868862 819.23535489553 97001.4883040146 80834.0302389126 22927.3282555783 590.455727030214 189.760413938772 1548.18277612312 34.7122708424582 476.363931114806 1902.38855340005 0 854.491360917981 2822.67711768536 121.756389289819
29.7650989540221 934.485664835578 63.1643088268493 109.834513037098 1899.25558732787 1.60073933328317 1132.96109132841 50.0411305089422 10786.1698873117 1275.57293250056 409.943094121287 249.965301293467 74.9895903880402 76.91240039799 1237.54419219849 0 218.046655128302 578.861953495372 3.28081059287297
227.6 6022 669 1566.8125 258144 1790.58702443283 10853.465748236 145.083333333333 27430.880282784 637.35 204.831275720165 1610.82304526749 37.4691358024691 495.637860082305 5522.51717020079 0 655 1195 3.17400057012417
251.6 3863 140 30703.1875 68803.6593958871 5233.32785190825 2705.83091767121 131399.833333333 80189.7839394595 1495.2 480.526748971193 1033.31275720165 87.9012345679012 317.942386831276 2039.51510602364 0 890 1243 211.428691813859
2120 19774 106 19585.0625 708120.782039244 0 49271.6145199344 552782.444444444 0 3396.75 1091.64609053498 5289.34156378601 199.691358024691 1627.48971193416 13425.7905798461 0 1653 1818 203
978.8 5775 328 8344.25 1065502 0 280925.777777778 861572.166666667 0 1500.45 482.213991769547 1544.75308641975 88.2098765432099 475.308641975309 7529.17432914243 0 1976 2206 469.956608887839
0 97.4099927210288 10.7966740700648 24.4424704641744 311.184139308311 144.139091930631 75.6562079331833 26.6584544939871 2204.57807561674 155.184195300398 49.8730316074176 26.0561708924563 9.12311553794224 8.017283351525 108.059577555311 0 0 99.8092536254876 5.7951711515094
1651.2 46404 11002 99599 1879710 16554.05 329498.962962963 548005.333333333 392722.4875 4868.85 1564.74897119342 12412.5925925926 286.234567901235 3819.25925925926 23637.4738224808 0 2782 1563 22.0018252812502
104.8 5133 4719 37966.0625 1850 0 2040.26088791614 68.5 0 3531.15 1134.83950617284 1373.02469135802 207.592592592593 422.469135802469 3464.19328204166 0 1773 762 157.657170489961
1347.6 12869 99 10243.25 12576 2896.05 2447.41899002545 215792.333333333 72385.16 3811.5 1224.93827160494 3442.32510288066 224.074074074074 1059.17695473251 5390.20228936011 0 1807 861 858.727065852533
37.7824060807693 379.315828456252 11.5951030865247 36.0524641655941 346.903785910294 366.362478187414 215.397482708247 14.755691614658 5603.4433055806 161.904255202895 52.03272164075 101.463081685829 9.51818078794207 31.2194097494858 214.346237459112 0 116.561299448748 222.069956774084 14.3826123678065
0.114109427456674 7.67267035659196 0.335790763088649 1.76494448099084 134.36554354165 3.49659098841949 59.0444554299578 0.338514729455887 113.056441958897 6.57421853733781 2.11281959655771 2.05236038345052 0.386491389614216 0.631495502600161 7.98854208948137 0 2.09497776971237 2.29110334815352 0.8552094743888
378.8 7473 4527 26126.4375 106391 3210.015 154319.93039088 2014754 103790.485 1633.8 525.069958847737 1998.95061728395 96.0493827160494 615.061728395062 3750.88309251267 0 1062 830 152.866586525182
0 725.725289706885 1916.71821666653 23.6027607361963 1184.42944785276 339.925341694352 6068.06134021751 0 10990.9193814507 633.841411042945 203.703686872512 194.124048687027 37.2628695498498 59.7304765190852 487.843806374888 0 344.266530334015 601.751192910702 38.1285530271154
22884.9327072304 110463.894153264 27981.5945227545 438259.74283103 10618579.4666609 10663.2724573994 2914260.39634847 9057904.32077221 242954.847575227 5164.75155850201 1659.84568997517 29547.9552261817 303.630309141799 9091.67853113284 43926.2499248393 0 6715.26367055987 15765.3176493815 1279.05036955587
1945.05000032132 19536.8325967975 7368.60352808868 95454.7306982006 1748694.68281047 0 829114.876446179 2853173.88872876 0 1281.33902072511 411.796197136818 5225.9017234232 75.3285726469789 1607.96976105329 6698.56035467391 0 1572.65319123869 1659.76355593638 128.332233706421
99.6930067086806 781.32415972081 24.7254480924307 122.081899956377 32159.317136109 2090.12289827568 1336.42507175529 430.222796808294 32026.753981891 622.042823109372 199.91186163029 208.996174410916 36.5692429811506 64.3065152033589 536.929646183288 0 616.158166463373 718.027012604188 67.9932977680482
284 4731 75 20978.25 85595.3490805453 57.6 32527.4971604031 1218.25 29059.0688669328 3315.9 1065.66255144033 1265.49382716049 194.938271604938 389.382716049383 2770.08294239069 0 1287 1320 246
0.157916288494417 1.84000675433227 0.112797348924584 0.485337030626675 3.36277096481415 2.85034003421352 1.71339377389999 0.0964456499051345 43.6754887072917 2.94242459421238 0.945635182149384 0.492182876673241 0.172982045515131 0.151440885130228 1.68786844600725 0 0.676784093547502 1.88935559448678 0.49501897124062
126.8 11758 6609.68284107515 27278.1585794624 23056 6760.7 0 167932.861111111 131439.1625 1670.55 536.880658436214 3145.14403292181 98.2098765432099 967.736625514403 4469.34997185213 0 1081 1879 606.804120362493
374.8 1355 0 245.5 126420.249299775 1817.13455573869 1066.75646388639 338881.166666667 27843.7796249434 717.15 230.477366255144 362.448559670782 42.1604938271605 111.522633744856 1558.73709889285 0 662 751 358.222948749962
1373.6 4691 0 37067.5625 770149 1133.8 136197.679012346 819181.944444444 24973.1125 1387.05 445.769547325103 1254.79423868313 81.5432098765432 386.090534979424 6798.71683242635 0 1789 1269 10.1116692042348
2153.6 10692 0 86507 168720.39745483 7741.8 174737.821558085 584534.277777778 192557.37 1789.2 575.012345679012 2860 105.185185185185 880 6572.12685306812 0 1185 987 721.857876294841
17.8104197556112 2073.80075029398 28.9419321028682 119.686948383736 746.55342808937 957.458448380444 528.277668216767 17.6248945498236 14671.0445588923 536.483237576052 172.414757911959 554.720365304975 31.5392849838949 170.683189324608 818.189343822331 0 185.525205787617 226.711801472468 26.5585674534466
717.830241465255 1893.09895273592 414.644278919809 13436.3483939474 877263.988898544 2677.76313063309 166568.061601318 920075.339099542 41031.1092602809 496.938475093179 159.70587872875 506.384493530184 29.2144900113568 155.810613393903 1630.21175726553 0 180.122441863124 491.407869915167 108.182780005021
560.8 5756 4538 63183.9375 434248 9678.35 200515.779882462 3038272.27777778 222483.045 1269.45 407.975308641975 1539.670781893 74.6296296296296 473.744855967078 4919.62507036968 0 1203 1718 242.194269693217
21.0390247991494 1100.83523852802 4.59131478286957 0 7226.74398748791 1.20522013050326 315.910291051776 36.18661250845 14.6751586730845 265.077533408924 85.1905065237379 294.462100840829 15.5836292421472 90.6037233356397 554.272265032427 0 169.541050290963 139.157349521973 16.1382063288388
0 1852 1914.58704335119 0 260 341.415937917996 5749.00047292791 0 11039.1153260152 279.3 89.761316872428 495.390946502058 16.4197530864198 152.427983539095 496.761869018578 0 0 103 48.6812446090488
166.4 7283 9224.8440065536 78153.5671053976 3344 2.85 2423.1094729032 388.111111111111 26488.3123417187 3093.3 994.123456790123 1948.12757201646 181.851851851852 599.423868312757 5173.45017826984 0 1796 1461 410.016036879464
51.2 9514 12 43453.75 2919 2.15 3404.64283721088 148.611111111111 39028.4054992201 4267.2 1371.39094650206 2544.89711934156 250.864197530864 783.045267489712 4487.4475511353 0 2339 1008 0
692.8 8590 50 21697.6875 605369 3566.25 98366.4076536706 1494340.25 78990.4375 717.15 230.477366255144 2297.7366255144 42.1604938271605 706.995884773663 5984.6631638206 0 535 920 343.740891087869
4.52087603948084 299.445937670009 7.07939379808813 18.8279272557706 225.795402191653 166.233777132951 91.9655138424438 26.211352037512 2549.86044975462 137.191199813476 44.0904502633943 80.0987076072039 8.06532626769408 24.645756186832 136.179668727402 0 102.961709800264 63.0314447812233 17.3075260314009
87.6 1559 4068.19455342514 103.875 1858 1993.35309082538 12105.6015002934 56.9444444444444 30543.9594444777 1213.8 390.090534979424 417.01646090535 71.358024691358 128.312757201646 1215.66672921749 0 878 786 90.5354975953872
1623.6 7452 0 60265.375 409567 7153.4 269372.52508999 449041.527777778 176642.405 4958.1 1593.43209876543 1993.33333333333 291.481481481481 613.333333333333 7015.36573465941 0 3466 4776 463
0 0 0 4263.09505107631 74503.9673846008 0 3021.06629470212 3072755.32453906 0 0 0 0 0 0 58.3139642860769 0 90.6830059348305 125.919831098079 44.5357614701066
20.8 316 288.609818801795 93.0075905991023 5851 1.35 4366.8106969234 20972.9373189733 6.4125 12899.25 4145.55555555555 84.5267489711934 758.333333333333 26.0082304526749 6942.42109213736 0 2659 3056 519
17.5897242242262 53.8471661872203 39.0696789352719 1055.1649353847 1027.95500995645 0 1327.65716193131 3614.23673326542 0 1109.73090702864 356.644853522824 14.4035629718902 65.2399122297849 4.43186552981237 679.435778684853 0 268.988227313508 197.991334602508 97.886113346525
358.4 1211 135.358566535945 19.875 63116.2439012329 1.75 6466.70812283857 2191677.88888889 54.2125 6417.6 2062.48559670782 323.930041152263 377.283950617284 99.6707818930041 3390.87108275474 0 139 348 37.7285946232089
121.6 45 115.876107236456 2478.02121202103 1086 0.75 1786.71959525142 8602.73270844695 3.5625 10332 3320.49382716049 12.037037037037 607.407407407407 3.7037037037037 5192.15612685307 0 115 486 0
33.3521905972255 120.286589039174 13.6689305726334 49.4217271016777 13146.0939782302 1.77696097444234 3192.69170030579 8699.10367130686 8.44056462860114 8358.82442377679 2686.35548794708 32.1754250516309 491.406491697636 9.90013078511721 3844.62360209291 0 26.6544146166352 199.566386360448 12.5481654358761
0 0 0 0 0 0 0 0 0 0 0 0 0 0 0 0 0 0 0
1181.6 7220 222 808.875 114759 75423.65 0 3244374.38888889 1756709.995 37583.7 12078.633744856 1931.27572016461 2209.50617283951 594.238683127572 27317.5267404766 0 10304 2893 350.759604354765
21.7030064308362 66.4390970060792 48.2059572039829 1286.17992346647 82 28.08 2276.29059939634 7606.74395653055 907.92 1369.23676032219 440.04473582763 17.7717749193216 80.4959882611518 5.46823843671434 1943.931318055 0 280 100 13.4364825538386
4.81448534757564 90.9402787875399 6.68678520496617 16.2550469291776 462.866310609026 0.225239080588334 388.609835788944 1486.17616715247 1.06988563279459 1792.97346869582 576.22506146603 24.3255889760909 105.407023438908 7.48479660802797 931.467891239207 0 25.6913326296068 176.390354985739 26.9625035654156
214.454892839342 1119.08009557038 19.5732640289876 240.410742964739 1574.37123711422 2.04242755085088 2136.04779010697 9992.63700093963 9.70153086654167 9317.17153181591 2994.34867963514 299.342412395368 547.746709689354 92.1053576601133 4984.57177753355 0 102.121377542544 1009.29961471214 54.4647346893567
19.2 311 117.46843771293 23955.1407811435 54774.2692252672 1 5583.31698885322 864640.416666667 4.75 10808.7 3473.69547325103 83.1893004115226 635.432098765432 25.59670781893 4853.28804653781 0 580 996 70.7420656181069
8.21525101929665 113.370464066294 5.64798507576645 10.1792094660973 167.693811431393 0.441569742287195 417.693289131698 1676.15206130006 2.09745627586418 1761.75544655628 566.192226602449 30.3254327749345 103.571748768741 9.33090239228755 926.699238265508 0 95.9130556502884 99.8152998844543 6.05709003312189
0 256.072317751783 19 43.625 702 0.7 8567.80558013232 16784.9233448765 3.325 6394.8155926936 2055.16315344258 68.4967105097362 155.121619938125 21.0759109260727 134.884916041915 0 393 546 50.5740217143886
46.2074459170858 141.454180160336 102.634359321736 4320.7776116945 48333.2980002508 0.45 3487.69802893664 9494.44381588954 2.1375 243.6 78.2880658436214 37.8375379029704 14.320987654321 11.6423193547601 -29.2056366338897 0 90 194 28.6073518386017
0 0.586539225627219 0.0103241227833174 5.39787840768692 1.13823453686074 0.000774309208748804 4.31010179182975 11.7446456543312 0.00367796874155682 5.90526918052275 1.89783293279587 0.156893208501108 0.347164560877293 0.0482748333849563 2.9038082241992 0 0.121953700377937 0.340050794175516 0.00310020811382127
38.8365795355706 45.4190045118191 113.954490449259 143.27275477537 985 0 710.485780934724 0 0 685.65 220.353909465021 12.1491164332026 40.3086419753086 3.73818967175466 186.405999647313 0 477 878 93.1854298031765
0 0 63 277.4375 3483 1.7 2542.92771438958 12375.306652914 17.12 0 0 0 0 0 8251.19178082192 0 2057 2583 36.9275941206462
42.5023110395265 87.3739651913174 26.7282576640659 365.186813341241 502.960389370532 0 1283.76806044864 2485.25857000104 0 2231.2286226452 717.07131905509 23.3716367795705 131.17158275398 7.19127285525246 1203.38549280433 0 106.977098407318 115.378441214176 7.44998727601353
45.6 2210 127 249.0625 3825 9.75 5437.48169554024 26473.1799565409 46.3125 12678.75 4074.69135802469 591.152263374486 745.37037037037 181.893004115226 6688.57008819666 0 836 2772 201.583384236526
251.800790966974 407 0 1.25 180580 0 172805.614013903 1725372.5 0 4397.4 1413.23456790123 108.868312757202 258.518518518518 33.4979423868313 2140.51442856239 0 103 327 38.926305283143
0 0 6.7148796899556 222.500336393216 115.76949983979 0 1104.48120241548 2150.11288566616 0 0 0 0 0 0 423.599548903957 0 17.1602480965532 121.986981034193 6.47842432960885
83.6326043990821 256.023271902407 206.761809607705 7852.40135499046 40 0 8771.69307410692 17197.6030384351 0 531.3 170.748971193416 68.4835912496151 31.2345679012346 21.0718742306508 133.374893282922 0 0 102 51.7775283125628
0 9.32977367392295 33 146.18152229355 377 3.05 145.130637717156 634.383664012534 14.4875 192.276380256231 61.7937024535018 2.49561847244852 11.3037260585674 0.767882606907238 66.9457335771801 0 168 621 1.8868309000265
322 3732 110 362.4375 8550 41.4 8148.36421759659 33477.3830630403 562.565 19062.75 6126.37860082304 998.271604938272 1120.67901234568 307.160493827161 12459.3533495965 0 1256 5282 583
28.8 27 0 36.375 763 1.2 2222.58623047227 6054.47223587258 5.7 3504.9 1126.40329218107 7.22222222222222 206.049382716049 2.22222222222222 1680.57121411147 0 202 820 18.2304505032327
33.2 391 180 559.25 2405 2.7 3689.65847234858 14253.9203273365 12.825 8899.8 2860.21399176955 104.588477366255 523.20987654321 32.1810699588477 4459.02645899794 0 742 1250 120.660837209612
0.0226854095976733 0.228308288899661 0.130096688752119 2.2775955897435 1.32040717401842 0.000872515753756665 4.03647277682079 7.89473298708342 0.00934682501211827 8.66364517692681 2.78431865376445 0.0610701184299504 0.509326583005691 0.018790805670754 6.2495323014661 0 1.45128453708192 0.789626757149782 0.172024448869529
0 100.408217890538 12 54.75 1286 1.6 1262.39301406095 6068.22466669741 7.6 2188.71399521152 703.407985919437 26.8581652793619 66.0075540830833 8.26405085518827 34.419465226053 0 169 288 118.603372091959
37.6 1326.93072775891 93.5477666720206 3963.11847452115 2455 7.65 1790.0663629909 0 36.3375 6092.72058016744 1958.07598500384 354.940318124812 358.184631403142 109.212405576865 1885.10731443322 0 127 1195 26.0746390642217
0 0 36.2552168183219 18.434891590839 18342.4177061607 0 1732.7160651474 3426.54466024762 0 0 0 0 0 0 2832.01369863014 0 172 308 10.105443736003
61.6 543 72 313.25 3961 0.95 5087.80392731063 184085 4.5125 3995.25 1283.99176954733 145.246913580247 234.876543209877 44.6913580246914 1928.35166072434 0 546 1845 73.7789661567415
0 6 45.3801900072128 659.278044925493 829 0 909.610860658255 4198.0060793016 0 371.7 119.456790123457 1.60493827160494 21.8518518518519 0.493827160493827 63.3972602739726 0 0 332 1.10921499435711
64 76.7540842004944 15 14.625 347 7608.25 2641.6955889523 5153.75542536558 207836.6025 1581.81730830215 508.363783189403 20.5309278725602 92.9933749736714 6.31720857617238 5355.39737604233 0 3515 185 15.5225606573406
0 151.389832138146 14.1870625771923 12769.7292610128 726.286074516262 1.39582389872375 5237.39268763453 0 25.9119833264718 4006.07450441483 1287.47054423679 40.4952225883929 108.403986728825 12.4600684887363 110.998983888971 0 34.3235384932071 206.856525319061 37.4660547870131
6.4517197660139 184.750555608794 14.33033381452 603.289053715303 7608.08054628846 0 676.679938335676 1325.66277184416 0 480.537241548804 154.4348571703 49.4188728994716 16.3991312256137 15.2058070459912 13.9112190668093 0 0 389 3.99430467638495
69.9266132322764 192.024066098084 174.326154773176 5949.83111280419 655 1.2 6592.32968057349 12903.8752562636 5.7 3957.40493197818 1271.82913745722 51.3644621250018 72.0967846832853 15.804449884616 -85.1859654709117 0 146 178 46.8344834639757
21.7850838835006 66.6903595146611 48.3882647650648 2037.08516765067 562 0 2284.89918247527 4476.27543248081 0 1242.15 399.201646090535 17.838985055362 73.0246913580247 5.48891847857293 521.540354238567 0 0 215 16.1827405046079
61.7719228618117 652 137.205629983749 50.25 65198.5097232353 0 6494.86493353264 12800.8775623159 0 312.9 100.559670781893 174.40329218107 18.3950617283951 53.6625514403292 972.639642438735 0 0 235 38.2434280013168
15.9640645432235 48.8705579191811 35.4588206304377 1492.77180984593 16893.0667283622 0 1204.95377608894 3280.20540565791 0 144.9 46.5679012345679 13.0723714598633 8.51851851851852 4.02226814149638 -4.25116960314043 0 25 113 9.88346363011756
92.4 179 143 400.8125 6562 14.1 5410.87102012409 25682.9967411976 206.4575 9167.55 2946.2633744856 47.880658436214 538.950617283951 14.7325102880658 4599.22649652843 0 2517 5731 344
18.8 0 69 131.6875 1703 4.15 2787.23284968702 13344.0584402539 19.7125 0 0 0 0 0 6666.58904109589 0 327 855 3.52582379060528
0.00907347772776875 0.0277765050136651 0 0.858521909742433 9.53290550065464 0.000668169895540932 0.970902184174675 1.88322227450873 0.0117609290874787 0.572443236766206 0.183971567371463 0.00742992932464293 0.0336533354947799 0.00228613209989013 0.319851843050127 0 0.0236896599328149 0.0624131425153007 0.00561745330446879
152 1072 344.16176451516 8574.70641781477 1984 0 3919.77691693099 18134.5077175543 0 12867.75 4135.43209876543 286.748971193416 756.481481481481 88.2304526748971 8583.51172827923 0 900 971 4.69695500412093
6.81026863817938 20.8481760410199 0 0 7053.43152408688 0.735 736.063631668767 1399.3353597672 23.765 0 0 5.57667260356499 0 0 0 -9.32913512079368 0 40 4.21628478227042
29.6083610821957 96.639643885284 0 0 30788.5373714504 2.05 3113.43307489302 6096.25804366913 9.7375 443.1 142.40329218107 25.8501105042941 26.0493827160494 7.95388015516741 268.772129190716 0 0 466 18.3307427197472
0.192988622537754 5.78119426286342 0.749919463619972 19.328108858922 6.24109405048994 0 8.55674134382242 40.6933128286241 0 34.1314768460576 10.9691597153703 1.54640998800873 2.00655360647017 0.475818457848841 20.3334288320862 0 5.96741135478582 4.88678792741798 0
0 12 19 58 707 3.05 5081.10289150682 10035.1762186971 14.4875 7430.85 2388.12345679012 3.20987654320988 436.851851851852 0.987654320987654 3824.8440607994 0 531 465 190.630149393005
0 81.5600418495176 50.4704090153165 2124.74082527117 1127 0.4 2395.21826290302 4675.38930693021 1.9 1760.10600304433 565.662129138292 21.8164720996652 69.9292146625911 6.71276064605084 -37.4216830539943 0 137 415 14.0676549031033
0 185.148535512701 0 0 62887.3924742222 0 6343.43165201355 12427.2210692328 0 0 0 49.5253284293234 0 0 0 0 0 11.7742675137274 37.4439927601297
72.3361549929044 221.441616116002 160.670532121953 6764.02758919501 95 0 7586.88019245456 14863.2227080887 0 257.25 82.6748971193416 59.2333541051035 15.1234567901235 18.2256474169549 -14.8860459883079 0 50 111 44.783817747617
0 350.691352971035 8.22391782511639 19.9356579421348 206947.012195742 0 45133.6171277642 639911.40042851 0 3441.70960981121 1106.09519108179 93.8063289840216 202.334486173498 28.8634858412374 1740.15393898255 0 88.1134052691042 251.416916367844 1.55857970038367
62 1387 35 181.4375 1876 7400.35 3808.84550633843 18073.2504459819 217500.825 10263.75 3298.55967078189 371.008230452675 603.395061728395 114.156378600823 5670.80015012197 0 465 1908 0
1606 222 200 814.6875 206378 36710 188909.827160494 4705283.58333333 1084805.25 9906.75 3183.82716049383 59.3827160493827 582.407407407407 18.2716049382716 6246.7205854757 0 782 422 99.6817915888354
27.6 0 50.6191336046202 2137.00194367263 0 0.9 2408.90772102881 4682.64744081945 11.945 0 0 0 0 0 2074.53424657534 0 0 895 12.8718400261913
59.0754384803759 812.287279105169 126.989297519989 0 0 0 1766.09766700783 270103.635065351 0 6899.74268978754 2217.43641215982 217.278490295621 405.628611980455 66.8549200909604 2980.17305166033 0 346.205085899606 384.565760237512 117.295229029501
17.0707991466336 52.2585884167196 37.9170607410037 1689.93951102827 201.841776886199 0 1807.06026907951 3507.61095259147 0 298.713370422631 96.0003777176396 13.978634761674 17.5610447044463 4.30111838820738 137.645385420582 0 0 182.322098874571 0.926795862009083
84 0 11 1230.10605006913 1997 0.6 1730.55165643968 8477.7075587839 2.85 0 0 0 0 0 3447.04109589041 0 547 1484 137.471548535581
0 67 136.031498938031 177.046750530985 1490 1.05 1646.19887571756 7918.69967379985 70.115 6746.25 2168.10699588477 17.9218106995885 396.604938271605 5.51440329218107 3293.31469318822 0 461 887 0
48.1881044458554 147.517541222694 107.033728624687 2855.75976239419 173 0 5054.14443397018 9901.41829254876 0 3040.17437527748 977.049965795623 39.4594246068934 54.0314780886672 12.1413614175057 -37.1728599787315 0 23 17 2.61619479058116
0 0 8.49590040105668 228.246417958015 24.6213184672734 0 401.177351058492 785.934160414667 0 0 0 0 0 0 445.280585456919 0 41.3452328978742 185.82127145112 12.750598684519
43.2 1647 136 424.25 2551 2468.8 3961.193826529 18818.3621496026 64844.955 19733.7 6342.00823045267 440.555555555555 1160.12345679012 135.555555555556 10874.1835241133 0 1010 1367 194.271956841967
1252.4 25139 120 274.5 553364 109937.9 366226.962962963 14201973.9722222 3011079.23 25604.25 8228.68312757201 6724.42386831276 1505.24691358025 2069.05349794239 27647.3893788703 0 6617 1900 280
666.4 1806 146 1239.75 64507 15991.85 0 3717561.72222222 418626.7425 16290.75 5235.51440329218 483.086419753086 957.716049382716 148.641975308642 11026.2529555264 0 1697 910 168.506765439261
65.6 522 140 1664.4809548007 2184 4.8 1801.57631550168 8354.50190550053 48.025 4278.75 1375.10288065844 139.62962962963 251.543209876543 42.962962962963 2276.68493150685 0 363 1369 53.0262510942565
14.33331515476 43.8783686039353 71.8366572457833 49.5191713771083 1557 1.75 710.370124184535 2368.72510337825 8.3125 904.284946407053 290.618716854314 11.7370121780074 53.1619604001795 3.61138836246381 792.691401027751 0 75 535 186.778174299879
25.0096840380006 76.5617809305553 55.5506336075182 798.770263776438 26163.1469093513 0 2629.92597596546 5138.84797653672 0 1577.85414928591 507.090104806758 20.4794887262802 26.766313488863 6.30138114654776 6.70357285017074 0 0 62.0524381765816 15.483669708366
24 0 75.9310991906287 0 781 0 3608.58596348431 7024.19306661449 0 4632.6 1488.82304526749 0 272.345679012346 0 2325.68211671983 0 221 830 41.1643321436708
183.673349349054 237.780291345105 0 4603.13656725493 80919.701883187 0 8146.6646342448 15959.8791222925 0 4900.39043968415 1574.88542447227 63.6037816355219 174.009852564189 19.5703943493913 24.4738087277362 0 62 83 48.088111974382
0 0 0 3.75 340 1.5 0 0 7.125 23.1 7.4238683127572 0 1.35802469135802 0 4 0 40 199 11
0 0 0 0 0 0 0 0 0 0 0 0 0 0 0 0 0 0 0
0 0 0 0 0 0 0 0 0 0 0 0 0 0 0 0 0 0 0
0 0 0 0 0 0 0 0 0 0 0 0 0 0 0 0 0 0 0
0 0.369046761985669 16.3729457806078 0.588168276914659 173.636501514257 0.359820592936027 783.383598902697 1514.61961512595 1.70914781644613 13.6593432779946 4.38983401448385 0.0987162120537796 0.803018417283631 0.0303742190934707 19.2698296552714 0 10.9791411690736 95.0295412113096 4.0906668468489
0 0 0 0 0 0 0 0 0 0 0 0 0 0 0 0 0 0 0
0 0 0 0 0 0 0 0 0 0 0 0 0 0 0 0 0 0 0
0 0 0 0 0 0 0 0 0 0 0 0 0 0 0 0 0 0 0
0 0 0 0 0 0 0 0 0 0 0 0 0 0 0 0 0 0 0
0 0 0 0 0 0 0 0 0 0 0 0 0 0 0 0 0 0 0
0 0 0 0 0 0 0 0 0 0 0 0 0 0 0 0 0 0 0
0 0 0 0 0 0 0 0 0 0 0 0 0 0 0 0 0 0 0
0 0 0 0 0 0 0 0 0 0 0 0 0 0 0 0 0 0 0
0 0 0 0 0 0 0 0 0 0 0 0 0 0 0 0 0 0 0
0 0 0 0 0 0 0 0 0 0 0 0 0 0 0 0 0 0 0
0 0 0 0 0 0 0 0 0 0 0 0 0 0 0 0 0 0 0
0 0 0 0 0 0 0 0 0 0 0 0 0 0 0 0 0 0 0
0 0 0 0 0 0 0 0 0 0 0 0 0 0 0 0 0 0 0
0 0 0 0 0 0 0 0 0 0 0 0 0 0 0 0 0 0 0
0 0 0 0 0 0 0 0 0 0 0 0 0 0 0 0 0 0 0
0 0 0 0 0 0 0 0 0 0 0 0 0 0 0 0 0 0 0
0 0 0 0 0 0 0 0 0 0 0 0 0 0 0 0 0 0 0
0 0 0 0 0 0 0 0 0 0 0 0 0 0 0 0 0 0 0
0 0 0 0 0 0 0 0 0 0 0 0 0 0 0 0 0 0 0
39.7949215210438 121.823612765896 61.8575564103581 258.327646032438 569.017170956101 0.832002220724115 4199.56048718834 62618.1551554727 19.132433675695 2652.02632050656 871.690351959891 32.5865630855278 16.1258343647343 10.026634795547 -51.0805289536773 0 73.4332394813023 358.84617519927 2.16051798617482
1.32703235864364 4.06242480216295 0 0 39.796635237567 1.76970481296604 57.06227352491 272.671079756663 23.344318111789 0 0 1.08665684008474 0 0.334355950795305 0 -0.740277184403641 2.92537129475565 28.5585752141493 0.821574982807928
0 0 0 0 0 0 0 0 0 0 0 0 0 0 0 0 0 0 0
0 0 0 0 0 0 0 0 0 0 0 0 0 0 0 0 0 0 0
0 0 0 0 0 0 0 0 0 0 0 0 0 0 0 0 0 0 0
0 894 142 532.6875 2352 1.4 14863.7392079396 289.972222222222 35.3675 4628.4 1487.47325102881 239.135802469136 272.098765432099 73.5802469135802 2146.30287108275 0 726 791 0
23.6 110 19 30.375 231090 0 48537.7374329192 2737081.55555556 0 6567.75 2110.74074074074 29.4238683127572 386.111111111111 9.05349794238683 3189.8573841246 0 935 410 71.58975969473
0.00671828928876519 0.0148943205930172 0.00137782799195348 0.00138902284438811 0.0275703381189892 0.263017718867977 0.0243268225913936 0.000239206248603036 4.01104063903662 0.229840309735733 0.0738659823567708 0.00398407752488114 0.0135120699433117 0.00122587000765573 0.216715102832068 0 0.0376147041803301 0.0162170354652925 0.00296095935269849
0 32 47 181.625 92134 1.35 54077.7077845001 1464015.16666667 6.4125 8963.85 2880.79835390946 8.559670781893 526.975308641975 2.63374485596708 4951.67461062113 0 1704 707 0
160 68 53 114.75 473931 26901.55 454670.320987654 6761549.5 670011.0475 11039.7 3547.9341563786 18.1893004115226 649.012345679012 5.59670781893004 8777.58603865641 0 887 611 85.091148952787
228.4 2373 41 357.75 2560 2 2152.23433381392 241.861111111111 9.5 5673.15 1823.23456790123 634.753086419753 333.518518518518 195.308641975309 3657.80559204354 0 798 1769 260.880788166942
56.8 117 36.9842912769994 54.7480786237369 69913 0 31813.1019681203 1175524.69444444 0 3333.75 1071.39917695473 31.2962962962963 195.987654320988 9.62962962962963 1727.1484331019 0 501 314 0
2.29030078071299 49.7043999218563 3.65473528837179 8.96932952021244 306.815027458812 195.010583762038 94.4814361573614 17.6137936814585 926.300272869681 759.435719247216 244.067132973826 13.2954156169575 44.6464267635048 4.09089711290999 598.282155584739 0 145.519376732003 56.2220111861194 10.1060044269855
0 101.727434775563 24.2220465714825 62.1389767142588 1023 0 3505.73374104906 0 0 5378.97289202182 1728.69205230566 27.2110422239161 100.664408660447 8.37262837658956 154.48681299356 0 55 388 26.3479594917943
413.38920977808 0 0 23.4880232828454 183978.188158295 41576.2999365176 10874.8727559619 3338799.96559631 1040210.42399523 0 0 0 0 0 16207.0235897853 0 4010.95478442803 296.848634681068 0
0.00281099741092344 0.000308223400320552 0.000554802120576994 0.00147690379320265 0.0451650022603049 1.54111700160276e-05 0.0195971923452576 0.0013972794147865 7.32030575761312e-05 0.136660091234126 0.0439197628108892 8.24465885631107e-05 0.00803410295321143 2.53681810963418e-05 0.0932593356562816 0 0.0590761517281059 0.00930834668968068 0.000119588460801617
0.0374192980138283 0.198458625093583 0.0179900471220329 0.0516977143612102 0.709375963359317 0.00216827410049764 0.449319111747313 0.0516240708934592 0.0102993019773638 1.90307240058132 0.611608610024174 0.0530856404571314 0.11187962378491 0.0163340432175789 1.26648417924912 0 0.461302681992337 0.183877218478883 0.0259435416391421
0.0229865321671943 0 0.00633595874191326 0.0166050201126115 0.179848330382215 0.000790542111570174 0.150115899491635 0.00783363043249291 0.00935348142583749 0 0 0 0 0 1.13046272414843 0 0.287483679419077 0.0646116148879469 0.0151460362374357
0 0.0105446901056237 0 0.00766130530069463 0.0772259574310018 0 0.0478337224137691 0 0 0.572755649085809 0.184071970311724 0.00282059611878823 0.0207701956101904 0.000867875728857917 0.0715378691880407 0 0.0248504884662531 0.0246276141302329 0.00250022948488534
