350 5110 10998 0 23403259.2179966 0
38 1013 127.5 0 8792392.78200339 0
601 2825 40575 80007 223678004 0
0 0 0 0 0 0
160 180 0 212 0 7899.21806226074
388 0 37.5 868 75 10078.9680713142
0 1955 1798.5 1179 0 20494.5493488319
34 0 0 869 600 7274.9842871433
0 1342 3803.25 2708 40739607 39612.6590000266
0 8731 13056 0 63 48382.3410748157
352 2815 16974.75 0 0 23906.2952455833
415 157 550.5 1654 0 13238.3191291255
0 0 0 0 24847626 38229.0393469246
1543 22309 4994.25 886152.113760768 75 0
0 4834 864 2195 0 21511.4949545836
2145 3858 2920.5 1864 0 34
466 897 667.5 987 105 10825.683439655
131 4484 11511.9093652755 569461.666577028 3911460 40144.8204050658
410 1546 891 1352 0 22472.8382545491
163 144 0 962 0 10054.0494023481
394 2096 650.25 790871.867900796 8410610 56305.3919675716
0 352 14259 2988 1478 961
45 3 72.75 0 63884924 16353.4044469195
63 440 10439.0906347245 516470.35176141 10222371 36403.6412575758
2143 16200 19146 267961 4312 38100.8785703996
41 0 0 123621 70359693 26696.3414691461
0 0 381 0 64117468 38517.0822661601
0 0 0 0 0 0
3986 11946 0 1182 4755.40548006321 0
3903 7108 96 948 1883.94344918914 0
206 3112 108.75 2121 1290.85078227847 50
502 18334 329.25 1512 6120.11239835841 24
400 14117 322.5 1423 2766.43757305711 75
599 14778 644.25 3752 3755 370
546 17310 262.5 2675 1001 0
2734 18540 244.5 247426.880486795 340 0
774 21608 522 1214 4495.52483338724 43
927 23074 237.75 2590 7361.62567524627 0
482 18231 308.25 181678.130093856 4105.23216519985 0
1342 15768 0 241358.03686576 5661.49634608073 184
739 16601 393.75 2963 694 12
1040 7356 522 1369 2458.51278995869 0
140 4676 13164.2573480463 60087.0393235647 1308.127678997 0
2007 20423 7784.25 359288.115394168 4152 46
442 9104 15291.6645512699 2051 10939.4632714263 277
987 9394 302.25 106490.608043669 2318.35872599755 239
1786 10406 6423 3371 4267.4032759374 0
4824 7280 34669.5 2151336.83864118 0 2097185
2553 15949 46792.5 4052 1925 31114.8310801533
13032 23886 141681.75 2574506 7842759 21941
2290 17729 2266.5 55175.7026251812 0 16534.611803586
9070 24863 83911.5 169140.009159176 3050 50508.7228395143
1994 2543 2573.25 4655 0 15970.9144186611
10 0 0 1408.96928770324 0 390.885440332568
253 219 332.25 1024 0 3803.09181556484
2357 12547 10352.25 22726 0 28464.5830590853
4777 18966 21453.75 552808 1778099 104872
494 1891 512.25 1189 1182 10404.9200798492
1154 6434 3274.5 32319 1514 9556.10299459286
704 3974 19782 80926.9805717614 312128 24166.4787193615
6283 18844 26564.25 448908.675609668 2585293 195726
2332 6385 9140.25 678007 3198810 158126
127 535 188.25 1145 0 2991.33669610153
4640 47213 275729.25 1394573 4148649 1101663
1457 5586 66786.75 7519 323 141719
1366 11461 27099.75 13730 0 170400
1768 6887 2938.5 2209 504 24817.409285271
488 2529 1304.25 54147.9945814533 0 15831.6780854362
1442 7882 98929.5 351582 13315371 258386
279 1432 57 670 0 6050.00163750442
60643 107591 905768.25 7500336 50901903 504544
9285 22636 394226.25 2293370 13057447 325614
822 1477 306.75 37551.8707002555 0 10751.8028650473
3618 6821 39804 272165.885774024 590399 28334.1324583182
284 1113 403.5 768 0 5087.23498809394
1634 13584 63880.5 4933 1416212 385428
572 2087 0 25246.4941138746 0 7539.12796981741
4170 5120 89119.5 684823 3065925 275079
3717 8360 232943.25 330971.125118694 4452123 491308
850 5339 334.5 1069 360 12240.3614665937
2557 2879 54375 802079 3782521 460492.137792005
5173 8606 144991.5 252833 13422689 177048
4065 19943 2410.5 123169.080799825 560 135
91 2059 35.25 201 0 4636.6536541541
813 12316 549.75 2099 569 28572.7989027478
2330 12364 87470.25 11197 1642 31211.3068988434
3164 9115 46326 219036 5595314 231410
552 7541 2033.25 2567 3420 15596.7579704596
429 3440 172.5 445 0 9651.92646913242
10531 10189 187434.75 1462744 1535464 1446262
0 0 20347.8276753202 168701.74780654 31711876 9918.92928341033
244 641 73.5 1109 0 9391.61569785705
244 0 3216.2193851964 196 0 1567.80631086185
320 2296 122.25 90376.7583652661 15341012 5313.7604485102
1111 20 9087.96900056256 343 0 4384.85144919208
290 513 67.5 0 0 5243.65913914236
0 0 0 0 0 0
8576 9501 537 88863 10667775 5017653
0 0 4796.70595920788 74 0 2338.24406034278
1960 1838 2038.5 1217 1750 13009.7474391094
323 1295 568.5 887 0 6007.73634510922
319 0 52263.75 86984.0335001088 4567894 5114.2829774519
683 1300 0 845 0 8347.46904329571
811 0 0 229 52 5290.21290443683
52 0 5093.20335268132 42578.2254926569 0 2482.77726189655
33 0 0 488 1831554 1323.51266462868
507 1419 165 667 0 6485.85975436903
89 247 5213.39629430157 450 0 2531.49631860007
4091 3064 245.25 990 0 9575.86592578972
1498 538 50.25 134199 11308734 3140.48452739406
390 646 0 775 0 6243.21178584289
201 0 10310.8963267905 93 0 5021.85210042828
0 10 1395.18239231779 500 0 555.803238559312
1498 5245 462.75 1986 492 16027.4870097532
516 7 0 900 0 3332.11281709457
851 693 0 1225 10 8026.73525333088
266 113 7004.61211116877 88 0 3414.52922135135
6 0 61.5 540 0 2497.66364033374
271 611 7409.42381851563 381 329000 3575.30210847297
244 451 27.75 34662.9535538785 0 2018.8635775086
498 808 753 194 1150004 8034.04311183641
61 7 0 242 0 2105.74589529654
493 0 21 138 0 636440
202 0 123425.25 0 2165000 7744.16472445047
0 186 1760.66148821023 15019.4634293268 0 858.267382260326
0 0 9057.88432290054 263 0 4415.43517518254
0 0 4230.9178619243 229 0 2062.44006711564
0 575 0 86025.2020771629 0 5056.49676297301
0 0 2694.29513451282 22338.1240273757 3 1313.38457029903
759 443 353.25 1600 0 14181.9469089265
762 550 0 568 0 5293.05484941121
3595 1388 15332.8588498489 528 67 6496.92792730672
0 0 0 10728.2839867695 0 630.776453597505
0 0 0 35114.9246108108 0 2056.07952360157
623 2292 12049.5097087336 2874 0 6098.75893917454
463 9 195 520 0 5284.52901448809
0 8 3838.36419678251 156 0 1871.08243884126
0 0 0 99194.6206165671 0 5832.21241026348
42 0 8972.09996467648 298 0 4385.61798484535
741 1298 0 246388.05559367 7943800 4847.41081128707
857 1667 309 958 0 564124
2043 252 3198.75 264624 42916313 2484375
797 854 5916.62214391934 0 1049000 2896.16815684832
207 611 0 76352 1682173 4625.1977804338
0 0 7172.01653838271 90 0 3496.13364132975
309 1325 6197.46951275353 824 105 3044.49163353024
416 0 41.25 1098 59 4847.14014986094
4 0 8413.80758801443 140 0 4101.46792087097
0 99 3071.63783061284 251 0 1495.13371794577
467 980 127.5 1323 0 327047
6044 30084 2423.25 804025 104985748 8898161
4120 2256 1893.75 0 19608058 1322334
702 884 8633.17834428653 1624 228 3713.7454279388
588 0 0 724 0 1952.01020525433
0 0 0 89348.2549990797 0 5250.29034408256
262 3 10.5 82 0 3185.14366270562
189 0 12853.7727694944 106605.308858062 0 6265.8120149248
0 0 522.752459563297 0 0 45.3357888768857
0 0 0 0 0 0
0 0 0 0 0 0
0 0 0 0 0 0
1371 0 0 955 0 7533.50126799519
0 0 0 0 0 0
0 0 0 0 0 0
0 0 0 0 0 0
0 0 0 0 0 0
0 0 0 0 0 0
0 0 0 0 0 0
0 0 0 0 0 0
0 0 0 0 0 0
0 0 0 0 0 0
0 0 0 0 0 0
0 0 0 0 0 0
0 0 0 0 0 0
0 0 0 0 0 0
0 0 0 0 0 0
0 0 0 0 0 0
0 0 0 0 0 0
0 0 0 0 0 0
0 0 0 0 0 0
0 0 0 0 0 0
44 0 4899 213 2538822 7653.4931466967
6 0 0 567 0 3230.75011300863
0 0 0 0 0 0
0 0 0 0 0 0
0 0 0 0 0 0
0 1120 0 1973 0 9965.59885144696
202 0 139.5 279473 16823002 0
363 0 740.25 100556 5155147 10379.700558186
1298 213 527.25 728225 41650710 1305000
795 2831 0 1514 825 10476.4365124432
75 141 1642.70350081383 71560 6109684 5682.2834197897
454 1328 516 1775 0 9217.07354414362
15 145.254843308172 82.5 542 0 2126.61987607171
1396 13 599.25 168184 18946253 3315909
469 1288 660.75 1496 66 4
53 150.743100184618 255 259 0 2206.97131835494
