2047 2173 0 3140 68820439 0
0 515 369.75 0 1031700 521
0 1872 0 2121 192955668 60
0 0 0 0 0 0
72 0 16.5 973 0 978.287594686766
139 15 290.25 2001 3125 1178.7499275415
384 985 1802.25 15891 0 14100.6118028427
0 0 161.25 1556 883 934.70966483662
0 988 102.75 2608 59634292 8048.47433883183
716 6762 756 0 815 8131.2345249938
80 1715 0 0 0 4030.95851113856
0 124 1130.25 13916 980 1919.64474034798
0 0 1722 864 26211994 7162.36514491283
2522 12702 6004.5 910050.521370487 41688 0
1259 2524 673.5 6505 528 3758.90591085975
3160 1598 724.5 27363 21820 305
164 492 390 2197 3155 1318.12158661986
0 4470 15306.3911336728 651880.115832498 5121602 8120.72373640307
139 490 181.5 2211 0 3679.83820496694
44 0 397.5 3840 8214 1308.51966987322
162 1608 1512.75 811570.225184871 25181774 10267.8610341979
75 234 1527 7013 19970 1151
0 0 0 0 62226553 2805.16304708257
0 244 11406.3588663272 485249.137612144 6864628 5990.48813643414
4106 13023 4321.5 0 3645 7278.50778584357
0 0 33.75 851 57869664 4844.46244227333
0 5 0 25379 63739795 5286.37219531304
0 0 0 0 0 0
794 8320 0 18772 53407.1941577372 0
0 4764 231.75 3025 20210.0655521032 56
0 1888 156 1114 21048.9346172046 26
57 11237 1882.5 5453 46603.0183116818 261
0 12157 266.25 1710 34750.6821947024 0
204 6902 1128.75 5905 0 337
175 10353 543.75 10079 6600 79
241 28803 642 331483.782633466 212 126
591 18412 553.5 2902 66000.6547056709 349
374 16547 751.5 5744 74205.117102177 163
776 25553 156 958218.587535759 67601.7124194949 0
1498 26843 0 410053.765042297 99154.6822945505 212
121 7770 258.75 8161 2294 0
659 5532 461.25 5965 49838.775611945 360
101 6861 15370.0929089939 124412.678847659 31284.1593797889 0
1916 22539 0 541923.515860167 2037 99
0 5639 17054.9326921245 2317 33621.2803531547 122
115 10272 394.5 142707.455398219 37617.8516054837 0
3664 12721 464.25 82637 49786.4190919973 632
4256 7465 35604 352775.50705774 0 838655
1501 12751 41634.75 38386 0 66298.4120820689
9378 29704 217120.5 2090750 16661358 26167
363 18707 6021.75 117218.123978485 149 30902.3482759639
1263 15351 280731 207185.403034793 1202 101598.469588614
594 1860 544.5 2173 152 27969.9278645861
0 0 2850.59772736406 1724.70562963529 0 803.622375695817
164 0 144 804 0 7249.75860829167
2724 10561 3264 4950 632420 86757.4555263203
1174 21602 66352.5 113599 1664133 256752
60 1082 0 1811 72 17179.1201114456
1188 4285 0 97368 125 14683.8190424144
224 2234 38100.75 87237.633320173 1888895 43687.834606009
4697 20197 57026.25 549236.604721292 3648057 221175
1500 4671 9101.25 636663 4342934 0
0 404 75 1504 16112 5581.52030199843
5353 51283 292682.25 1728944 3486611 1168248
421 6165 151671 0 491 0
1373 11968 56000.25 43587 0 211006
1300 5747 978.75 5147 1092 54082.1335210711
436 1036 741 51536.2485682871 0 25808.8971235863
1249 8521 141402.75 327141 9534305 221824
0 1279 313.5 3293 24975 11221.9333950471
34634 106429 1028640.75 13914918 55606648 357608
2680 26054 255126 1533776 26962357 263374
245 318 0 31987.2982222279 960 15289.3031188684
1198 3181 109229.25 87275.2090718312 1022992 43706.6522098476
0 199 169.5 917 0 9731.24207348421
593 12135 72974.25 134338 867507 314450
563 1644 0 32468.7649401207 6229052 157020.070093366
6089 4377 66873 847956 4458739 220697
2757 10126 278166.75 500101.849308943 4144794 690309
61 6592 1153.5 2062 1485 25260.3941775602
2418 3183 82731 621277 7285831 38600.9935212843
355 5929 299149.5 569521 18079663 356590
915 16772 12114.75 157988.035108275 2106 539
0 2090 12.75 2831 150 11633.4489984085
2073 6200 138562.615018286 3418 3772 39942.0749207328
570 10408 203964 20341 1646 68211.6000792057
1650 8173 97564.5 529120 10415342 139011
188 4000 304.5 3286 2066 25679.3500224252
0 1117 216 1402 0 16633.415987009
9456 6995 84775.5 274531 4924806 480340
0 0 13718.0657823695 110521.224021609 29254833 72
97 0 477.75 5911 161268.445301462 6002
21.8504344687299 69.4067854588811 2194.99784940614 719 23523.0847586407 0
857 2106 93.75 68530.971509745 15005669 87
0 7 4132.21909004418 2312 45713.3794574684 0
0 204 92.25 1227 55809.4666291087 39
0 0 0 0 0 0
3133 6920 1236.75 119375 24386754 4578594
37.6235406475483 119.50924901127 3640.02299953283 534 40503.6218771299 0
348 782 658.5 7652 179343.618340906 418
80 538 232.5 1838 71213.216205812 0
382 56 48053.25 58406.3029461474 6545091 0
175 973 278.25 2466 113123.525413398 0
0 330.0190247669 258.75 2113 114398.797494805 216
50.4695270288054 160.313866514303 4882.85355387908 40360.918032192 54332.9682403384 0
17.5798794541975 55.8415862813459 198 1375 0 0
262 0 51 2012 65301.4345543641 0
29.408483326252 0 2860.22811640032 288 31659.7020940934 0
1185 1639 130.5 5096 160305.790105955 0
37.7804381911362 0 11.25 0 8164599 0
0 66 401.25 2092 112965.174119163 0
103.66514887745 332.287033536884 10173.4528284515 575 111624.713800503 0
0 16.1596283291793 318.110490169445 929 2087.59789566754 0
1126 3690 477.75 6262 221887.737752522 4032
0 0 36 2171 35106.4819319465 0
0 392 0 4699 120368.27725325 90
0 28 3269.89662656847 1147 34268.6011783313 0
0 110.522888591709 99.75 2060 47297.9986513394 1380
101 1336.77457076532 5708.29596297614 3721 270 30
95 0 19.5 22342.538235284 27881.3256195863 0
0 0 813.75 3500 1085206 304
0 0 9 296 19316.2187084586 0
0 121.860965516216 0 287 41300.6567247805 513500
0 401.388169693484 94550.25 3539 0 219
8.80342310975082 27.9636224147697 872.718419972788 8195.24377780159 9477.32495997743 0
82.4570137277831 261.920478953154 8033.09650676266 1752 92069.0963600225 0
31.9384562166064 101.450869623954 3113.99932481356 451 34383.344354939 0
64.3647657328064 0 36.75 51063.5801688055 69291.8871690915 0
27.6409344367699 87.8000118982255 2674.22032447596 22043.5690879178 29756.8473750336 0
170 262 606 10199 165981.069741443 877
0 33 110.25 3881 65428.1155897523 0
338 801 11437.8812979039 3446 119377.389500134 0
10.2547253879387 32.5736097357231 0 8006.34328113173 11039.7243964315 0
35.9466981504529 114.18284474179 0 28180.2669211653 38698.4171228485 0
198 1599 7655.45253206283 2001 78611.3010092763 222
0 6 33.75 2023 53525.952427743 66
0 86.6630893494769 2659.09183956479 1946 29788.5258923945 0
0 294.579747237071 0 73101.4410666823 99837.8518270638 0
82.7708088149588 262.917232968496 8007.95572641082 849 89606.912454391 0
0 759 81.75 208441.532627442 7477000 0
148 1166 59.25 2384 105117.970219165 534016
2437 0 518.25 185447 25415737 2430843
0 0 2778.62437184359 0 30033.9621399452 0
342 0 0 0 3730500 0
53.9139184153829 171.254799260823 5537.09342579826 536 58041.0277136797 0
0 0 3453.48859884036 2137 39004.9770982571 44
0 110 89.25 2766 67761.0895551969 129
64.2103197133371 203.960790389208 6212.25532050327 104 69125.6183101445 0
0 0 1480.15288767239 450 16336.5751885994 0
0 1318 254.25 1772 97588.4328009735 182600
3495 28529 913.5 559011 108888122 7510408
1060 2044 540 65049 23472864 1176328
304 11 4605.85897355747 2102 44918.4232680653 114
624.701557018616 78.463230145146 0 2512 26712.4606785666 0
62.3177430938084 197.949117734181 0 48906.3739436693 67088.1649909848 0
0 6 76.5 1906 36761.2529567044 0
246.522317517493 249.422118057664 7596.92035414325 61686.0423845683 84533.1992392306 90
0.227991743026128 0.724204089271395 22.057870525611 348 245.444506064578 0
0 0 0 0 0 0
0 0 0 0 0 0
0 0 0 0 0 0
0 0 19.5 2268 86691.7597692204 69
0 0 0 0 0 0
0 0 0 0 0 0
0 0 0 0 0 0
0 0 0 0 0 0
0 0 0 0 0 0
0 0 0 0 0 0
0 0 0 0 0 0
0 0 0 0 0 0
0 0 0 0 0 0
0 0 0 0 0 0
0 0 0 0 0 0
0 0 0 0 0 0
0 0 0 0 0 0
0 0 0 0 0 0
0 0 0 0 0 0
0 0 0 0 0 0
0 0 0 0 0 0
0 0 0 0 0 0
0 0 0 0 0 0
141.994728471144 461.038979082672 1881 1373 2125558 154
45.5738333640401 144.76294644683 0 1382 49062.5093305431 0
0 0 0 0 0 0
0 0 0 0 0 0
0 0 0 0 0 0
0 803 362.25 9793 9126 1441
0 0 82.5 285972 15147932 49
130 61 484.5 53676 11119470 1049
1033 12 272.25 447744 36493578 2075810
234 1575 162.75 3656 260 0
0 0 96 73808 5073645 0
67 938 276 3577 0 0
0 38.1931429831331 0 958 0 0
1310 16 251.25 248123 16859485 1762576
166 585 984.75 6510 6270 0
0 37.7384600847284 216 777 0 144
