273.5532 3.2967 71.83485 0 24.10155 4.3173 0 0 0 3.2967 7.614 270.8235 1.99665 16.4835 0 0 0 0
100.5696 0 34.57485 0 11.5425 0 0 0.668976758548784 0 1.77795 11.3643 116.99235 1.17855 10.80135 0 0 0 0
386.40645 0 85.5279 0 23.7249 3.2967 0 2.22272324145122 0 1.4823 3.98115 323.3844 2.1303 11.6802 0 0 0 0
0 0 0 0 0 0 0 0 0 0 0 0 0 0 0 0 0 0
1.9197 1.2069 0 0 0.266672203682178 0.127736315511078 0.0114750468775218 0.11547415656955 0.227036332059743 4.68585 26.19945 1.96425 2.57985 38.5398 0 0 0 0
21.89025 0.081 5.8563 0.0869202498864153 0 2.55582135465783 0.020762524490265 0 0.410791123982614 1.06515 21.0114 32.80095 0.9396 15.5358 0 0 0 0
67.02345 1.1907 10.4085 0.1377 1.89945 0.46984606142942 0.0422080874851445 0.2025 0.835096315349737 4.51575 20.15685 57.67605 4.1958 41.2614 0 0 0 0
20.60235 0.417813167047251 10.4004 0.0586423807360291 0.33615 1.97438036713289 0.0140078274946324 0.140961695632198 0.5508 0.29565 6.1722 23.2065 0.8424 8.6184 0 0 0 0
137.11275 0 63.84825 0.368520374829623 13.0329 6.4638 0.124477971819689 3.0132 4.0662 1.29195 9.65925 174.15 1.2069 6.28155 0 0 0 0
101.51325 9.963 21.20175 0.1134 4.1796 0.940133939265451 0 0.0081 0.47385 12.24315 50.91255 113.3028 10.5867 54.55755 0 0 0 0
79.57035 4.2768 30.6909 0 4.53195 0.603387639027351 0 0.55356491671065 1.65160082048008 5.7915 29.5407 75.86865 2.16675 29.5488 0 0 0 0
15.4224 0 15.09435 0 0 0.269076466425684 0.0241721788632996 0.02835 0 1.3932 19.74375 41.1885 1.377 16.7589 0 0 0 0
104.70465 2.71688683295275 66.3714 0.381330040890504 3.48705 11.6559 0.0910877997153603 0 0 0 2.40975 200.90025 0.7128 6.25725 0 0 0 0
128.5956 31.3794 45.14535 0 7.09965 1.4431881547917 0 0.09315 4.3983 16.81965 91.0359 177.9651 11.8746 78.53355 0 0 0 0
36.5877 2.35305 0 2.1141 0.0486 0.473062073877535 0.0424969943120962 0.09315 0 17.4069 57.61125 15.57225 6.24915 68.445 0 0 0 0
56.46915 4.62915 13.79025 0 1.0692 0.453971495191919 0.0407820138505103 0 2.35803113412127 6.6825 18.6786 49.79475 3.85155 37.72575 0 0 0 0
21.7242 0 6.1398 0.0765527283053158 2.0817 0.203554065845395 0.0182860483985347 0 0.94094349858716 3.76245 9.4689 21.97935 0.47385 23.21865 0 0 0 0
156.5001 9.1692 73.34955 0 7.37505 2.23570497640984 0.103336341548108 1.03988044760194 0.70875 4.9167 7.7841 214.6905 1.6524 8.93025 0 0 0 0
55.01925 0 18.95805 0 0 0.527508239892111 0.047388103820139 0.03645 0 1.3446 25.94835 72.9 3.09825 37.0251 0 0 0 0
15.03765 0 11.5749 0.0648 0.410497583805167 0.196628850541787 0.0176639295443319 0.0486 0 0.92745 13.44195 29.82825 1.13805 10.4085 0 0 0 0
217.95075 2.89575 67.9104 0 9.6066 0 0.123385367708552 1.24163512543714 0 0.86265 4.08645 243.17415 0.6642 10.99575 0 0 0 0
31.21335 0.23895 12.93975 1.1421 2.1465 0.07695 0.0322292641427307 0.0486 0 3.564 12.474 65.7639 2.6811 21.9834 0 0 0 0
63.07065 0 31.1121 0.158774168559746 0 0.35235 0.0379261744812172 0.381653605154941 0.750377722651446 0 2.0088 86.67 0 1.97235 0 0 0 0
117.1017 0 56.8539 0 3.31695 0 0.0725128444898738 0.737801555671156 0 0.49815 3.2886 160.48935 0.23895 5.0949 0 0 0 0
71.35695 21.70395 35.9802 0.08505 8.53335 2.1222 0.80595 0.05265 0 12.9033 51.4593 82.80225 18.21285 72.6327 0 0 0 0
67.6026 0 8.6751 1.10218514311677 0 5.508 0.0465758418146516 0 4.3497 1.29195 4.3902 68.3154 0 3.7341 0 0 0 0
121.63365 0 21.0195 0.290224913675602 1.61108021251266 0 0.069325639143342 0.697628497222422 1.37162305276795 0.4131 2.45835 143.208 0.57105 4.4469 0 0 0 0
0 0 0 0 0 0 0 0 0 0 0 0 0 0 0 0 0 0
29.05065 35.52255 4.23225 3.1995 0 0.0318670636377018 0.268574601728481 1.78453309490368 1.66578456362949 16.56855 68.67585 1.00035 18.0225 54.756 0 0 0 0
19.12815 12.6279 0 0.85455 0.672653796554617 0.0197652121583828 0 0.933512011805557 0.081 11.99205 38.475 0 11.5587 30.53295 0 0 0 0
24.93585 1.82655 0 3.04155 0.595266140234505 0.0174912586722928 0.147415773384374 0 1.02502754768882 18.40725 36.48645 9.6633 3.31695 23.004 0 0 0 0
34.9839 32.7726 0 2.7621 0 0.0432262594573377 0 2.11042851205934 0 19.96245 85.2282 7.3305 15.2523 70.2675 0 0 0 0
12.8628 41.54895 4.02975 2.4948 0 0.0281521995976645 0.237265845409682 1.33772987053095 0.398234903445242 15.02145 39.0339 5.05845 5.46345 38.4183 0 0 0 0
9.3474 37.46655 0 0.8586 0 0.0334459337127717 0 0.0486 0.473118916926356 15.5358 71.98875 0.7047 9.35955 85.57245 0 0 0 0
24.83865 27.1674 1.5066 3.8475 0 0.0315731728570728 0.266097699549589 1.50335261784745 0.543827248452708 38.9043 52.38675 10.24245 8.98695 73.75455 0 0 0 0
164.21535 93.16215 49.71375 6.0264 0 0.0837086573279034 0 3.49515 3.4749 51.4836 33.8094 91.32345 10.00755 42.51285 0 0 0 0
70.9317 39.528 5.5809 5.81985 2.6082 0.0560887383347235 0 2.70172406725086 1.39725 46.8828 85.2768 19.08765 11.7207 83.2518 0 0 0 0
114.99975 39.0663 12.68865 4.07025 0.46575 0.0604172843825131 0 0.13365 1.94409978780876 39.62925 67.15305 39.83985 15.9489 87.318 0 0 0 0
79.4124 83.31255 20.81295 8.6184 0 0.0621055706295079 0.523423779692275 0.06885 0.972 38.26845 20.05965 62.39835 8.9586 41.80815 0 0 0 0
113.69565 73.6209 33.49755 3.69765 0 0.0740562480741867 0 3.49768049907752 2.86335 54.44415 38.1429 110.17215 7.56945 24.3648 0 0 0 0
45.7569 13.5351 0.8424 4.4226 0 0.037556704577793 0 0.0891 1.85156898910235 33.4206 77.33475 16.5564 12.1743 81.89505 0 0 0 0
14.742 28.4148 0 0 1.19310467350801 0.0350581043619057 0 0.21465 1.04267433291411 35.03655 103.1535 5.022 5.59305 52.65405 0 0 0 0
21.8538 30.1563 7.938 3.3615 0.04455 0.0232871443010647 0.196263313656946 0.4212 0.2916 18.3141 30.85695 8.21745 4.2201 23.0931 0 0 0 0
138.05235 63.37845 27.64125 34.3035 5.6862 0.113192879888131 0.74925 13.8996 4.43475 72.1305 182.331 32.91435 38.6937 143.0865 0 0 0 0
30.16035 21.20175 0.5022 5.5404 0 0.0314362704970316 0.264943890800789 0.0243 0 23.1498 55.3959 10.02375 14.2884 55.3716 0 0 0 0
23.60745 41.7717 8.00685 4.0419 0.58725 0.0356437716010009 1.10635457667126 1.74420721103105 2.5677 13.689 56.03175 15.7869 4.82355 19.70325 0 0 0 0
65.2617 19.9179 20.2662 3.30885 2.1465 0.0438499844953633 0.3321 0.27945 0.63585 32.0112 40.14765 37.3005 12.7656 25.3125 0 0 0 0
115.7652 13.10985 39.15135 0.74925 3.3858 0 0 0.2025 3.09015 12.24315 86.83605 120.9816 11.63565 53.4276 0 0 0 0
91.98765 30.0672 15.12675 6.23295 0.972 1.15616603164979 0.7614 0.0891 0.9963 39.31335 81.5265 48.44205 22.15755 122.54895 0 0 0 0
182.89395 50.74245 36.19485 3.3777 9.9549 1.00035 0.3483 0.14985 2.65275 49.6125 71.0613 146.4561 15.2928 62.8722 0 0 0 0
72.51525 55.485 8.2377 0.5589 0.648 0.0905770578017102 0 0.01215 0 15.9732 22.7529 24.9156 12.0609 24.48225 0 0 0 0
83.32065 50.33745 5.0868 8.3106 0 1.44051127989223 0.39285 0.02025 1.539 43.1892 195.7689 28.188 18.26955 114.9066 0 0 0 0
36.7497 12.3444 9.63495 12.96 0.8343 0.0717224722474587 0 2.7783 1.45395 31.98285 17.60535 39.33765 7.19685 16.4349 0 0 0 0
1.134 0 0.02025 0 0 0.00149152831012661 0.00256928392731742 0.00465588195546109 0.0301938745849045 0.4293 1.782 0.0648 0 1.47825 0 0 0 0
9.0882 1.7739 1.0044 1.04085 0 0.0196306106533886 0.033815390625 0.0243 0 3.6288 12.81015 5.20425 1.38105 4.94505 0 0 0 0
73.73025 14.5719 9.67545 3.0375 1.1907 0.0961020337241629 0.162 0.19845 2.5596 30.68685 37.8675 54.5373 11.43315 36.1341 0 0 0 0
104.13765 19.2213 30.3993 0 1.5552 0.127562656114137 0 1.06515 1.4823 34.1415 63.3906 71.85915 7.16445 90.91845 0 0 0 0
17.5284 2.11815 0 3.71385 0 0.0419282191778151 0 0.14708108202119 1.08367731306077 19.3104 34.57485 3.3129 5.8482 30.5532 0 0 0 0
23.95575 12.64815 2.82285 0.3402 0 0.0325930541637585 0 0.105790886662438 1.7253 8.586 8.3997 18.1521 2.187 13.60395 0 0 0 0
77.36715 8.38755 13.87125 1.54305 0.31185 0.0900861580422907 0.155181042398174 1.6362 0.405 12.9114 25.07355 62.937 6.62985 14.5233 0 0 0 0
134.79615 32.9589 47.2716 2.32065 6.2532 1.64835 0.405 0.3807 0 32.55795 55.6227 105.9642 10.17765 34.7247 0 0 0 0
79.01145 8.46045 18.4761 2.37735 3.85155 0.73305 0 0.277841539957092 0.8343 16.1919 37.1466 62.01765 6.45165 22.2264 0 0 0 0
2.59605 0.1701 0 0 0 0.0109275631377626 0.0188236536604635 0.0081 0.221213012626104 5.3298 9.44055 0 1.64025 6.9984 0 0 0 0
199.5678 112.94235 63.82395 0.39285 17.41905 3.3534 2.7054 0 4.8924 57.43305 100.5777 123.50475 35.63595 73.7424 0 0 0 0
34.67205 12.55095 8.6832 3.45465 2.09385 1.20184100182093 0 0.01215 1.458 16.39845 57.50595 11.41695 9.79695 34.25895 0 0 0 0
64.9863 37.87155 11.8503 1.9926 0.972 0.859044669406503 0.1053 0.01215 1.215 31.8978 49.8474 20.96685 5.6133 54.71955 0 0 0 0
89.44425 22.73265 5.3784 13.09365 0 0.129589466901658 0 0.0486 2.28825 42.23745 49.3776 65.59785 11.4696 63.49185 0 0 0 0
36.74565 3.2643 4.74255 8.59815 0.31995 0.0669412430837977 0.0567 0.0891 0 28.026 45.29925 25.5555 5.2488 41.796 0 0 0 0
70.6482 26.5113 11.9556 0.64395 2.57175 0.578204732066614 0.5751 0 1.5228 21.465 18.26955 39.0825 4.26465 22.0725 0 0 0 0
8.68725 4.06215 0 0.26325 0 0.0326993037007288 0.0563273220242275 0.0486 0.661951012428117 13.13415 32.6592 3.9771 1.01655 18.5247 0 0 0 0
386.97345 145.7514 97.60905 2.42595 20.58615 1.53958758739077 0.2916 0.66825 12.23505 82.3608 70.07715 209.36475 30.60585 118.7622 0 0 0 0
103.04415 44.54595 24.6645 0.32805 5.2569 0.69255 0.73305 0.4212 6.3504 19.7964 33.0804 62.937 9.12465 40.74705 0 0 0 0
34.68015 1.69695 3.9447 2.67705 0.06885 0.0413969714929639 0 0.19035 0.4617 4.49145 22.3884 16.51995 0.83025 7.35885 0 0 0 0
64.5246 4.698 8.09595 4.4388 1.1016 0 0 0 0.2187 21.1734 50.4306 42.13215 5.2407 32.9913 0 0 0 0
1.00035 2.15865 0 0.2025 0 0.023809310797269 0.0410135557847612 0 0.481985718463989 16.6941 22.05225 0 4.53195 33.42465 0 0 0 0
43.3593 18.49635 5.15565 1.26765 0.55485 0.0556882066808857 0.13365 0.0162 0 15.74235 13.73355 31.023 13.62825 30.14415 0 0 0 0
23.21055 1.6443 2.511 0.9315 0 0.0307908468278075 0 0.108265204227526 0 5.20425 7.26975 33.18975 1.14615 6.41115 0 0 0 0
123.2415 18.70695 18.6057 2.3409 3.5802 0.481657444641137 0 1.77795 0.98415 14.6772 16.4187 106.0614 10.4166 26.1225 0 0 0 0
66.99105 34.32375 23.5062 3.5478 3.888 0.471513457691753 0.31185 0.0324 0 16.7751 51.26085 59.97645 7.65045 31.4685 0 0 0 0
8.343 12.4335 7.35885 4.11075 0 0.0574487211605573 0.098960291213132 3.3939 1.16296785653219 10.6434 31.4442 4.7061 8.22555 43.59015 0 0 0 0
96.1713 8.3349 19.15245 14.65695 1.72935 1.96425 0.179539429424157 2.62035 2.42595 9.57825 36.0288 60.72975 4.26465 14.29245 0 0 0 0
63.10305 16.4025 9.1611 1.3365 2.2113 0 0 0.1296 4.5279 19.5291 18.0144 45.12105 9.5337 21.8781 0 0 0 0
104.71275 36.2718 10.98765 16.4754 0.2997 0.161340594354741 0.38475 0.15795 0.44145 43.9101 101.2905 51.36615 14.18715 97.48755 0 0 0 0
6.7959 2.37735 0 0.49815 0 0.017250083052916 0.029714730073736 0.0538470170971542 0.34920345845445 3.45465 10.4895 4.5684 0.4941 12.393 0 0 0 0
4.65345 20.74815 0 1.45395 0 0.102821308239395 0.1458 0.333111975993648 0 16.73055 152.7012 0 11.664 114.4611 0 0 0 0
49.63275 19.99485 5.44725 5.2569 0.66015 0.153730975618315 0 0.0324 4.0662 47.304 178.39035 12.1824 15.72615 104.92335 0 0 0 0
46.6317 19.1403 11.178 0.40095 2.26395 0.0653461550983963 0 0.224231367511261 1.32435 16.27695 10.38015 49.98915 4.40235 11.0808 0 0 0 0
1.61595 3.24405 0 0 0.15795 0.0531852903732702 0.0916161703388343 0.238920605887023 1.07666074883683 6.9984 90.1854 0 10.26675 60.93225 0 0 0 0
16.66575 2.75805 0.28755 2.59605 0 0.0421299588049738 0 0.0162 0.852861245601562 6.0831 54.1566 5.508 1.80225 20.1447 0 0 0 0
259.72245 21.9834 70.57125 0.7128 7.95015 0 0 0.28755 0.94365 27.84375 84.807 177.8517 9.56205 73.07415 0 0 0 0
89.72775 4.37824170307751 44.83755 0.155459722046264 0 0.730937387395999 0.132394042829476 4.24845 0.523439073211605 0.7776 0.80595 122.53275 0.1539 3.6774 0 0.0808519894754849 0 0
3.9204 1.47825 0 0 0.310816605712911 0.250184096278757 0.0934915696588456 0.01215 0.369632496519164 4.0257 93.08115 0 7.02675 223.04565 0 0.0570945583695147 0 0
0 0 0.369322125374163 0.0214683336003756 0.0607827933231627 0.0489255977233724 0.0182830603371319 0 0.0722847339186286 1.9521 21.4164 0 1.07325 40.2408 0 0.0111653196047605 0 0
17.32185 7.22925 6.8202 0.760757697151715 1.55925 1.5471 0.0649858650970461 0.0081 0.25693105423229 1.3446 25.11 46.7289 5.06655 39.9411 0 0.0396863512027435 0 0
0 0.243 0.755385072826769 0.0439097947997556 0.124320780171281 0.100068919948732 0.0373948645786353 0.00405 0.147846027204756 4.6656 40.0464 0 6.6906 126.85815 0 0.0228367465237331 0 0
4.5846 0.8505 2.31255 0 0 0.109712482610301 0.0409985780989741 0 0.162093831901195 1.72935 52.64595 5.2245 2.3247 121.4433 0 0.0250375057225014 0 0
0 0 0 0 0 0 0 0 0 0 0 0 0 0 0 0 0 0
64.2411 30.5694 11.7531 0 6.6258 1.44585 1.19758567400927 0.02025 0.9315 19.82475 142.79895 32.37165 22.10085 440.3808 0 0.12787016658385 0 0
0.2106 0.19845 0.378360388358003 0.0219937189796253 0.0622703047209448 0.0501229330263072 0.0187304938812474 0 0.0740537274069326 3.61665 15.5763 0.3159 7.3548 41.13585 0 0.0114385637132314 0 0
5.97375 2.22345 4.66965 0 0 0.339872178133078 0.127007207451061 0.0162 0 11.70045 154.59255 3.8151 17.0586 318.3057 0 0.0775622919331058 0 0
6.45165 4.39425 2.08575 0.0659216305165964 0.186642378388701 0.150233140399279 0.0561407872027832 0 0.221960754387147 2.35305 55.7847 4.3659 7.695 126.83385 0 0.0342847324476014 0 0
5.66595 1.863 0 0.066131267047233 0 0.15071089487976 0.0563193197992037 0.0324 0.222666608931742 3.22785 46.69245 20.84535 6.04665 91.5219 0 0.0343937608849716 0 0
2.3166 3.6045 5.23665 0 0.66825 0.923132001259966 0.671412645457955 0.0243 0.316736976942784 6.28965 82.04085 13.4784 9.8577 162.74925 0 0.0489241557172066 0 0
53.0226 0 22.74075 0.106236547031732 1.6119 0 0.090474148368727 0 0.357702683290159 0.7857 13.10175 80.19 1.2231 20.6631 0 0.0552518431749497 0 0
31.0392 1.61967317968411 11.0241 0 0 0.131063979145396 0.0489774422846785 0.0081 0.19363943006701 0.12555 4.8357 33.2343 1.25145 11.826 0 0.0299101346518846 0 0
1.5066 0.380919492238385 1.12995 0 0.0382942589399456 0.030824011296244 0.0115186586283124 0.0081 0 0 8.87355 2.8593 0.31185 7.6788 0 0.00703435325551274 0 0
5.0787 1.98855 1.91565 0 0.5265 0.116023560315426 0.0433569716566271 0 0.171418083292748 3.6531 41.27355 5.61735 5.3298 86.7024 0 0.0264777579198605 0 0
0.74925 0.4293 0.69981979103449 0.0406798393647623 0.115175882513981 0.0927079620272413 0.0346441401300831 0 0.136970638665823 2.9079 35.9154 0 9.12465 58.7979 0 0.0211569009701778 0 0
22.761 1.95615 6.77565 0.139097720235345 1.85895 0.316998945104599 0.118459683884166 0.0162 0.468347561718709 7.1847 82.12995 41.84865 15.62085 160.8093 0 0.0723423872402473 0 0
3.27645 0 1.3365 0.03577020357936 0 0.0815190700584363 0.0304629508040386 0 0.1204396995165 0.2268 28.9818 8.83305 1.8873 65.7234 0 0.0186034818875702 0 0
24.1542 0 14.91615 0.113742052449585 0 0.259214245780201 0.0968660561418051 0 0.382974018837358 0.5832 20.7036 62.26875 22.99995 39.62925 0 0 0 0
68.24655 3.32200282783326 30.40335 0 0 0.268816521017531 0.100454340919243 0.01215 0.397160823758338 0.3645 2.2194 103.8744 0.89505 6.53265 0 0.0613466674269516 0 0
0 0.0472322676943118 0.0288512040075295 0.00167709224509263 0.00474831224513676 0.00382203584385115 0.00142826077136365 0.0162 0.00564683635675362 0 0.8343 0 0.12555 3.50325 0 0.000872227498961396 0 0
21.8133 7.7922 12.6198 0 2.89575 1.45953750609345 0 0.02835 0 6.5853 114.5016 47.61585 13.5675 247.54815 0 0.0918517473790536 0 0
5.1354 0 3.50325 0.0393495532320808 0 0.0896762854473964 0.0335112295799582 0.00405 0.132491512296423 2.43 27.5157 7.6869 3.75435 46.95165 0 0.0204650415034091 0 0
13.49865 0.68445 1.61595 0 0.0243 0.182696852258163 0.0682721873348596 0.00405 0.269924006405005 2.23965 52.23285 6.885 6.27345 121.35825 0 0.0416932820684093 0 0
0.6075 2.14245 0.643898321538414 0.0374291790872371 0.105972363717852 0.0852998184780484 0.0318757828325017 0.02835 0.126025536097795 3.86775 32.0598 0 7.28595 129.62025 0 0.0194662871758946 0 0
21.38805 1.16025190919453 2.3652 0.0411974604280625 0 0.093887602719788 0.0350849613558126 0 0.138713489393216 0 4.6899 33.1047 1.28385 9.234 0 0.0214261069883758 0 0
15.8517 4.86 7.82055 0.0440495524868466 0.124716472858376 0.10038742293572 0.0375138863095823 0 0.148316596901152 0.82215 18.2088 15.11055 1.43775 43.7319 0 0.0229094321486466 0 0
0 0.86265 0 0.0337463052218562 0.0955451286486701 0.0769066749505789 0.0287393398114362 0.00405 0.113625153172393 2.4543 32.25825 0.62775 2.5191 40.43115 0 0.0175508863564161 0 0
50.0823 0.5103 19.8126 0.1522970573495 2.7378 0 0.129700625140268 0.0243 0 1.3527 46.0161 94.9239 5.4837 51.7509 0 0.0792071407042953 0 0
6.92145 0.452569676101824 0 0.0160695459101546 0 0 0.013685294952773 0 0.0541068008319186 0 1.72125 12.879 0.0162 3.09825 0 0.00835750083495573 0 0
0 0.41715 0.73655164798852 0.0428150262508756 0.121221187455706 0.0975739798839962 0.0364625276862174 0 0.14415989791632 1.57545 29.9052 0 11.26305 200.43855 0 0.0222673757952444 0 0
45.16965 0 21.24225 0.145741386582803 0 0 0.124117624316404 0 0.4907170508048 0.5022 6.37065 70.32825 2.64465 14.68125 0 22.82175 0 0
0 0.173549428055797 0 0.00616227875858882 0 0.0140436224447679 0.00524797669230995 0.00405 0.0207486379096148 0 3.6693 0 0.2673 2.4786 0 0.00320489764664674 0 0
49.7502 2.40097360779418 6.2856 0.0852521891255422 0 0.194286822062433 0.0726032558776522 0 0.287047514801643 0 2.9889 67.7727 0.1053 7.94205 0 0.0443382311972043 0 0
5.5971 0 6.97005 0.0374084742447051 0 0.0852526328503465 0.0318581499834725 0 0.125955822068699 2.0655 14.5152 20.12445 3.25215 22.5261 0 0.0194555189351667 0 0
42.1848 1.863 18.09135 0 0 0.6318 0.0780782555012128 0.0162 0.308693720835865 0 6.19245 76.38705 1.7739 9.40815 0 0.047681769943223 0 0
10.3356 0.547471547302432 4.11075 0.0194392590322388 0 0.0443014062085895 0.0165550411322722 0 0.0654527590672477 0 0.81 15.9894 0 1.1988 0 0.0101100320134245 0 0
16.3296 0 5.50395 0 0 0.314403735580996 0.117489877187561 0.02835 1.17731329011844 4.3416 82.17855 18.52065 17.3907 135.5049 0 0.0717501340002118 0 0
18.65835 0 0 0.0882750961352153 0 0.201175923706906 0.0751776518359126 0.0081 0.297225763049618 2.511 51.0948 32.6349 3.33315 86.0058 0 0.0459103943434804 0 0
28.06245 0 5.2488 0 0.9477 0.231528078726131 0.0865199819739332 0.00405 0.342069312265443 3.5964 59.21505 36.13815 6.45165 126.684 0 0.052837065191714 0 0
0 0.185867720093356 0 0.00659966855707749 0.0186854880016956 0.0150404188299698 0.0056204706280514 0 0.0222213467742619 0 0.3483 3.4506 0.30375 1.1502 0 0.00343237673202401 0 0
19.8126 1.03050895163917 9.22185 0.0365906329646908 0 0.0833888005561228 0.0311616524468199 0 0.123202117919418 0 7.2333 21.4812 0 3.70575 0 0.0190301734264139 0 0
3.6207 6.642 4.2282 0.0651736680801276 0.597624689748509 0.148528559598549 0.055503800531604 0 0.219442335086064 6.5124 54.1971 0.50625 8.30655 176.55165 0 0.0338957297513054 0 0
5.05035 0.1215 0.972704095605707 0.0565423368495968 0.160087002499233 0.128858051050333 0.0481531065925643 0.00405 0.190380299206785 1.0287 49.72185 1.782 6.51645 80.0037 0 0.0294067193978544 0 0
18.88515 0.876275188612679 5.265 0.0311142021149747 0.0880929163750527 0 0.0264977638786015 0 0.104762757223599 0.2268 2.3814 21.6108 0 6.78375 0 0.0161819737538795 0 0
19.75185 2.43494002252497 28.63755 0.0864582462030316 0 0.197035384876067 0.073630369333602 7.5573 0.291108356996468 0 0 71.03295 0.52245 0.81405 0 0 0 0
68.2263 0 29.2815 0.107253672421117 2.08575 0.244427449699129 0.0913403620772855 0 0.361127384969486 0.07695 1.22715 84.9771 0 17.89695 0 0.0557808330007087 0 0
9.58635 0 4.4145 0.050354177037843 0 0.114755446570938 0.0428830888389679 0 0.1695445187608 3.5964 35.3241 13.5351 3.4506 54.8937 0 0.0261883614502977 0 0
38.6937 3.9204 8.7561 0.133258954641319 1.1745 0.303692598092673 0.113487220457937 0.00405 0.448688205513715 3.64905 45.8379 58.00815 14.0373 114.52185 0 0.0693057433549743 0 0
13.41765 3.00915 0.5751 0 1.40535 0.157835924662742 0 0.00405 0.974343427325196 4.55625 48.15855 2.6082 10.53 83.3814 0 0.0360197652348873 0 0
10.3518 0 2.0979 0.0270793459265497 0 0.0617129028305781 0.0230615624240399 0.00405 1.64637723580357 0 14.55165 7.2981 1.5309 25.98885 0 0.0140835128420264 0 0
1.3689 0 2.15055 0.0507812144150657 0 0.115728650142289 0.0432467663501947 0.01215 0.170982370610899 4.2282 36.94815 5.3379 3.70575 62.6454 0 0.026410456415311 0 0
18.05895 1.03269563069909 7.27785 0.0366682761241858 0 0.0835657466600048 0.0312277756306793 0.01215 0.123463545528527 0 2.57175 26.6652 0.87075 5.508 0 0 0 0
1.81035 0 0 0.0302497749392634 0.0856454838289483 0.0689382020724263 0.0257615924316332 0.00405 0.101852196508852 1.16235 13.2354 14.8635 1.32435 15.94485 0 0.0157323997034889 0 0
0 0.95985 0 0.0525074806611718 0.148663208069961 0.119662751851932 0.0447169051380027 0 0.176794777786755 0.95175 56.83365 1.3851 6.9903 83.4057 0 0.0273082584860013 0 0
37.62045 0 17.8848 0.0723297792802528 0.6318 0.164837092173006 0.0615981539773147 0.0243 1.07378724639227 0.30375 2.754 54.70335 0 2.26395 0 0.0376175029528922 0 0
0 0 0 0.0163283564418047 0.046230095608901 0.0372117656463841 0.0139057055656378 0.01215 0.0549782261956151 0.83835 17.94555 0 1.52685 35.9073 0 0.00849210384405471 0 0
12.7008 5.0301 1.5471 0.0905733336562682 0.50625 0.672163528381813 1.13013489807815 0.0081 0.304964020279244 8.019 71.40555 2.18295 18.2817 225.75915 0 0.0471056690642794 0 0
77.436 53.0793 19.7154 0 3.03345 1.10860816018943 1.7914227802089 0.04455 2.5839 19.602 114.70005 51.9453 18.6462 230.31945 0 0.139312768387354 0 0
44.82945 4.43475 5.184 0 1.944 0 0.109929793166299 0.01215 0 6.0912 77.2902 25.353 7.0227 180.82035 0 0.0671332507881167 0 0
6.9579 0.42525 1.59975 0.0399111720857616 0 0.0909561955988095 0.965489520609875 0.00405 0.134382505335644 0 21.7161 17.93745 2.9808 33.06015 0 0.0207571300331539 0 0
5.751 0 0 0.0144053941916444 0 0.0328294004735733 0.0122680547120526 0 0.0485035357433498 0.0162 7.06725 7.0794 0.04455 8.24175 0 0.00749200348644928 0 0
31.18905 0 5.21235 0.0733443165643212 0 0 0.0624621635797446 0 0.769403233817964 0 3.9123 60.76215 0.3483 18.6705 0 3.30075 0 0
0.90315 0 1.0692 0.0328482326770304 0.0930024367519688 0.0748599983490105 0.0279745149847954 0.00405 0.110601307160366 2.1222 34.85835 0.57915 2.65275 53.43975 0 0.0170838139148427 0 0
34.63965 0.69255 19.6425 0.0718820370604981 2.89575 0 0.0612168436170587 0.03645 0.242029680513079 0.77355 6.6258 46.86255 0.82215 9.93465 0 0.037384639747151 0 0
0 0.013120074359531 0.00801422333542487 0.000465858956970176 0.0013189756236491 0.00106167662329199 0.000396739103156569 0 0.00156856565465378 0 0 0 0 0.7371 0 0.000242285416378166 0 0
0 0 0 0 0 0 0 0 0 0 0 0 0 0 0 0 0 0
0 0 0 0 0 0 0 0 0 0 0 0 0 0 0 0 0 0
0 0 0 0 0 0 0 0 0 0 0 0 0 0 0 0 0 0
26.72595 0.49815 8.24985 0 0.227926315408918 0.183463618708318 0.0685587211315838 0 0.271056859377811 0.11745 3.46275 82.5795 0 3.90015 0 0 0 0
0 0 0 0 0 0 0 0 0 0 0 0 0 0 0 0 0 0
0 0 0 0 0 0 0 0 0 0 0 0 0 0 0 0 0 0
0 0 0 0 0 0 0 0 0 0 0 0 0 0 0 0 0 0
0 0 0 0 0 0 0 0 0 0 0 0 0 0 0 0 0 0
0 0 0 0 0 0 0 0 0 0 0 0 0 0 0 0 0 0
0 0 0 0 0 0 0 0 0 0 0 0 0 0 0 0 0 0
0 0 0 0 0 0 0 0 0 0 0 0 0 0 0 0 0 0
0 0 0 0 0 0 0 0 0 0 0 0 0 0 0 0 0 0
0 0 0 0 0 0 0 0 0 0 0 0 0 0 0 0 0 0
0 0 0 0 0 0 0 0 0 0 0 0 0 0 0 0 0 0
0 0 0 0 0 0 0 0 0 0 0 0 0 0 0 0 0 0
0 0 0 0 0 0 0 0 0 0 0 0 0 0 0 0 0 0
0 0 0 0 0 0 0 0 0 0 0 0 0 0 0 0 0 0
0 0 0 0 0 0 0 0 0 0 0 0 0 0 0 0 0 0
0 0 0 0 0 0 0 0 0 0 0 0 0 0 0 0 0 0
0 0 0 0 0 0 0 0 0 0 0 0 0 0 0 0 0 0
0 0 0 0 0 0 0 0 0 0 0 0 0 0 0 0 0 0
0 0 0 0 0 0 0 0 0 0 0 0 0 0 0 0 0 0
0 0 0 0 0 0 0 0 0 0 0 0 0 0 0 0 0 0
36.39735 4.03092417905992 17.90505 0 0.405233277439125 0.399082447896074 0.12189147712647 0 0 0.1701 2.5191 81.243 0.78975 7.56135 0 21.37185 0 0
19.1484 1.36281127944529 11.7288 0.0483898051026187 0.137004929085374 0.110278710142724 0.0412101722873243 0 0.162930400250343 0.6723 0.7938 46.8747 0.2997 6.6258 0 0.0251667246112365 0 0
0 0 0 0 0 0 0 0 0 0 0 0 0 0 0 0 0 0
0 0 0 0 0 0 0 0 0 0 0 0 0 0 0 0 0 0
0 0 0 0 0 0 0 0 0 0 0 0 0 0 0 0 0 0
11.8908 1.51065 1.84275 0 0.51435 0 0.0174556931448332 0.10125 0.0114285645789777 4.79925 51.73875 10.044 3.01725 52.8687 0 0 0 0
3.48705 1.1259 0.042849060712151 0 0.0395917744285793 0 0 0.0716109058983364 0.0081263383219469 4.2282 52.6176 0.186271449983827 2.28825 212.3982 0 0 0 0
5.4999 0.405 0.4455 0.17415 0 0 0 0.14175 0.015313250208704 5.86845 99.13185 1.70370942236639 12.00825 162.5913 0 0 0 0
19.3509 7.9461 0 0 0 0 0.53865 0 0.0126376828137436 3.2481 62.208 6.41115 17.8524 214.50015 0 0 0 0
44.5581 3.66525 7.1766 0 0 0 0.0227591664971522 0.133330389377355 0.014900846498519 3.89205 39.7062 42.0066 2.0898 52.9173 0 0 0 0
4.57245 0.65205 0 0.2835 0 0 0 0.0892133264976545 0 3.159 48.8025 0.177977455022574 4.45095 112.2012 0 0 0 0
2.11005 2.29635 0.53865 0 0.0913592277342962 0 0.161503292819365 0.03645 0 7.40745 73.1997 0.296445925493966 14.34915 247.8519 0 0 0 0
0.6156 0 0.5994 0 0 0 0.00483777461350692 0.1215 0.00316738035724282 1.5471 20.84535 0.0726025066173422 3.483 18.9459 0 0 0 0
7.78815 2.83095 0 0.030628273303262 0.0581330248639038 0 0 0 0.0119319892715196 4.96125 54.8532 1.1583 21.3435 295.5852 0 0 0 0
10.368 1.15425 0.706771890530271 0.59535 0 0 0.0275826383238405 0.2106 0.0180588625571654 12.3606 79.48125 6.34719418744505 19.0512 161.9514 0 0 0 0
0.63585 0 0.0108055870549056 0 0.00998417137122642 0 0.00313002186737185 0.0081 0.0020492831048339 1.59975 9.0477 0.0469735470321049 0.62775 38.89215 0 0 0 0
