59.312844731825 6.58033878488572 42.4255166416771 0 14.1352897607086 3.2652901217862 0.146335980473421 0.0124629976580796 0.219114786132717 4.8025208110657 4.16447860752186 128.180539425333 9.15600358313995 5.85450312153163 0 0 0
19.1328900914634 0.742766768292683 11.1707780320366 0 2.93914314861461 0 0.00696661468819543 0 0.029323759680208 0.531306501547988 0.75197236076221 24.9205502808567 1.74656038694787 0.956467823909253 0 0 0
203.382318189875 7.95680467697907 75.2171349647865 0.15318947368421 30.4770219853431 7.41621203943954 0.1472837085984 4.7776647847229 0.938925 2.56689230769231 15.4005151280707 244.989425368493 7.28469358429932 10.4857749110524 0 0 0
0 0 0 0 0 0 0 0 0 0 0 0 0 0 0 0 0
1.99665 1.27575 0.25515 0.36855 0 0.0315628138766327 0.0236140109323964 0 0.101760482711162 8.63055 31.05945 0 31.9869 32.35545 0 0 0
19.70325 0.9801 8.41185 0.0316969668607052 0.9315 0.0381170058491009 0.0285175902360615 0 0.122891606872236 2.25585 13.13415 20.8251 16.35795 9.2259 0 0 0
64.7352 13.284 9.91845 0.4131 6.1965 0.0879164654468482 0.0657755162234289 0 0.283448174079114 10.31535 24.91965 36.59175 40.3461 32.90625 0 0 0
14.3613 0 9.882 0.0239333382689577 0.9396 0.028780898777962 0.0215326954384808 0 0.8019 1.1016 6.1884 17.4636 8.71155 12.03255 0 0 0
84.321 2.59605 88.00245 0.126219442396941 33.57855 18.18855 0.113558951994312 0.0162 0.567 3.7584 4.7466 200.7423 4.13505 7.6869 0 0 0
118.55565 57.5181 34.23465 2.22345 15.3414 0.201000519374928 0.648 0 0.5103 25.63245 73.99755 89.6751 62.43075 55.5093 0 0 0
76.0660274133851 11.3469103030411 26.1726979429623 0.2187 7.05427900221029 0.0979055993176176 0.220674689440994 0.439633283653305 0.318622296106145 12.7606862009734 16.4874588938329 55.5183338830216 30.1928842677475 31.0546427704596 0 0 0
22.1616 0.567 13.32855 0.3726 0.6318 0.0509010979768209 0.038082126922958 0 0.45765 3.09825 15.12675 35.1702 17.03025 10.12905 0 0 0
75.249 0 73.49535 0.129990876480417 23.19435 28.7631 0.116952090910964 4.3821 1.1259 0.405 1.215 231.59925 2.9403 6.03855 0 0 0
65.05515 129.3084 44.6796 3.4425 17.41905 0.273126834721721 1.4985 0 1.9359 41.91345 139.52655 101.0313 118.2276 73.09035 0 0 0
2.13327569965618 2.07207516728899 0.0148040958268934 1.15425 0 0 0 0 0.0122635514018692 4.20572981927711 14.8522190461186 0 14.8274266221073 25.2370065199571 0 0 0
96.3738 19.2213 16.0785 0.40905 3.84345 0.113878886813414 0.0851995417357884 0.0243 0.367152641650945 19.89765 28.70235 38.6694 46.0404 31.6548 0 0 0
30.59775 6.35445 9.02745 0.0411050623293697 5.0544 0.0494306571389521 0.0369820030190312 0 0.159367525051805 4.0257 20.6793 19.05525 24.1299 15.0012 0 0 0
159.3513 21.4407 60.8877 0.3321 9.2826 0.156106768345465 0.116792721610287 0.714289120341827 0.36855 7.39935 5.56065 143.54415 10.6434 13.60395 0 0 0
49.1184 9.82125 21.4164 0.36045 2.4867 0.0972939038280245 0.0727913334226335 0 0.2835 4.54005 44.86995 65.2131 33.06015 28.0503 0 0 0
18.0387 1.60785 6.76755 0.3483 0 0.0448158574067 0.0335293979454101 0 0.38475 1.22715 17.40285 23.2956 18.7758 15.03765 0 0 0
203.07105 9.22995 130.2804 0.1539 16.848 1.4418 0.17160148916549 1.04949242602948 0.86265 4.4712 5.6538 278.8992 7.17255 5.90895 0 0 0
30.7071 1.7172 25.191 1.15425 4.7223 0.891 0.0502703104553276 0.0324 0.3321 2.42595 17.01405 61.55595 15.84765 16.34985 0 0 0
48.7215 0.49005 26.07795 0 3.04965 1.06515 0.047851227189828 0.292651892219357 0.206206560634646 0.9315 3.5235 91.1979 4.6008 3.49515 0 0 0
135.837 3.3939 84.73005 0.06075 10.2627 1.93995 0.110617755870625 0.676523831670482 0.3564 1.80225 1.84275 193.99095 5.9697 7.97445 0 0 0
62.52795 60.77025 24.70905 1.98855 20.2095 0.23085 0.39285 0 1.20285 26.7543 51.4107 43.74 60.60825 71.118 0 0 0
89.2377 0.87075 44.5905 0 3.56805 6.2046 0.0852387893993879 0.0324 1.2474 2.74185 6.57315 143.64945 5.78745 9.0396 0 0 0
88.1985111365003 0.861562011863721 30.7091216264057 0 0 0.470332568807339 0.0786651785465298 0.12820781075013 0.302320956811645 0.380872340425532 1.58939792984474 101.719599164406 2.90824953095685 10.5538844820776 0 0 0
0 0 0 0 0 0 0 0 0 0 0 0 0 0 0 0 0
0.882965151300404 3.27916014102473 0.00814772136544793 0.46314474993092 0.0180546728971963 0.000764301820097058 0.0103523198957564 0.0276244941737 0.00530752159053349 2.60451330988854 6.42463260635521 0.0200243222891566 4.42874162620386 4.76504786311841 0 0 0
5.46431685260436 22.3909374214998 0 0.919235915492958 0 0 0 0 0.0972 14.1993705527638 65.3327754463165 0 30.8976700108052 49.605455468383 0 0 0
13.6387933735742 8.64372422884026 0.391196449704142 2.4738 0 0.0024856006372698 0.0336669784808903 0.006075 0.0507209132387357 10.7901077899596 37.4505747882459 0.335048847926267 31.2952742293278 32.7373686437684 0 0 0
18.9170277331456 59.8654472171608 0 5.15565 0.162 0.00694746900122632 0.6318 0.43305873302329 0.0729 48.1359458954129 138.958038602554 0 89.3532696622266 111.690576156961 0 0 0
21.673620094867 38.5284899155403 0.857912841371296 2.70254047267356 0.819159010600707 0.00388408274026015 0.0526091472916459 0.275122420670846 0.0651715453932298 37.3598257013546 52.679402896952 0.4938565374211 38.1620528693764 69.8214808328809 0 0 0
1.15571640282924 13.3213216571236 0 0.130600398406374 0.0535645161290322 0.00251098085046171 0.06765 0 0.0316774555267576 16.8529971693449 47.5450442763144 0 33.4318086224239 52.6273961275916 0 0 0
5.8796359309407 15.1132207059658 0.0145978021978022 4.14644973867596 0.717844311377246 0.000601225115718811 0.00814347756818622 0 0.0331413523211533 26.4179391236068 -3.63854017544753 0.180226013006503 11.1111720900303 14.8001790359256 0 0 0
1.46839978630983 0.631644727195022 0.334282758454726 4.682370713073 0.763531578947368 0 0 0.632530723404255 0 0.491257354383608 3.88733576118937 0.0373150016093989 0.615727269410186 0.422569226062501 0 0 0
23.3121373017124 29.3152441577703 0.351434697562444 5.09091961577351 0.399230935251799 0.00125492313575422 0.0476854838709677 0 0.0217304177545692 43.9068809275704 56.8660013051018 0.964142509392011 26.0728923834854 39.7983898453821 0 0 0
6.36317463620539 5.72152315045391 0.0539399897418362 2.59271962809917 0.05412825 0 0 0 0.0368147759917595 9.25483755783212 -2.94024212214747 0.0924273477979275 4.17760171231771 5.19522492708389 0 0 0
12.3649541609309 5.19199887736453 0.351063286373573 0.733741628392484 0.146534702166065 0 0 0 0.0313771047227926 8.03801980997591 8.04315229041441 0.139249347589304 1.9114871148275 2.11916431581324 0 0 0
0.228001355245014 0.0621898258865175 0.00417392984399075 0.0393816519353856 0 0 0 0.00929081195468244 0 0.142084083048099 0.00852333091786457 0.00264901335810616 0.0101905834762795 0.00673620932435546 0 0 0
20.9049234254428 55.1614342581024 0 4.06479089861751 1.68156 0.00764757093295041 0.2268 0 0.172763770052222 75.8854838088326 120.179625303202 0.814843567540821 107.612953430115 112.849187513657 0 0 0
0.161961699540665 0.274553325356081 0 0.0081716814159292 0 0 0 0 0 0.438863927412216 5.19415190312487 0.000788808139534884 4.21941520098839 4.10935270264307 0 0 0
2.05601874435097 2.66682733782938 0.325933709016393 1.31858792184725 0.287430379746835 0 0 0 0.0484715358931552 4.61126961308588 13.8522451155208 0.0648909090909091 5.9984242794837 8.86577868804149 0 0 0
68.5968694932152 68.0068114210233 7.40746383312421 40.1114069144164 3.3174182312253 0.0102942682402759 0.405 18.470603736123 0.325191488432999 98.9273670358344 217.525791443874 1.72353352329475 118.891917339235 143.475741761197 0 0 0
15.7501623072687 32.1724395099119 0 3.87186708074534 0.5265 0.00410433563575 0.0555924300369205 0 0.1782 25.7789118273211 66.4732413322169 0 45.6377178615163 49.5083404906513 0 0 0
2.14259820969236 1.04760370408478 0.913934080188679 1.2104235 0.21810605738576 0.000375021088143655 0.00507958789320267 0 0.0198567546174142 1.11859196762747 6.9720802899741 0.0729995736906212 2.45392338212446 1.76436069179818 0 0 0
0.779169124268348 0.374770880234129 0.114345864880606 0.117232284667074 0 0 0 0.00300380348652932 0.00470648379052369 0.30686766319254 5.99487222710645 0.041816987981973 1.15638408935491 0.554677057214497 0 0 0
86.96565 42.01875 38.8071 3.87585 5.6295 1.15425 0.66015 0 0.36045 16.2891 152.1909 74.6172 56.9835 47.31615 0 0 0
55.4095801227831 82.9159292087313 5.8887 14.90805 5.6214 0.0646683280806832 1.4013 0 0.57915 105.3891 120.597312724281 7.5735 94.5588103378606 85.2600683241666 0 0 0
34.4257575517041 8.9055070076026 4.16481291106886 0.819937113402062 2.80361107834878 0.0159107142857143 0.0245892857142857 0.002925 0.182891479351803 11.5121675120353 6.24192699416679 10.5389119041214 8.95740708656926 5.59206409281457 0 0 0
42.31035 54.50895 3.1347 4.293 2.4462 0.0306507038833282 0.5103 0 0.4212 47.69685 39.78315 10.0278 24.47415 24.97635 0 0 0
58.2471 80.271 0 9.7848 1.22715 0.0956447834756584 1.1664 0.6561 0.22275 103.4127 359.5023 3.9285 135.53325 117.24345 0 0 0
16.6337059927763 8.2164939294796 4.58574407206871 13.486514516129 0.322413402061856 0.0198105040005772 0.280740875912409 1.82810769230769 0.153419178082192 15.5174390791463 13.8806984573619 0.662054678809789 14.6712176229193 10.5808687386694 0 0 0
0.303182242990654 0 0 0.24705 0 0 0 0 0 0.76545 2.47378548843794 0 0 0 0 0 0
0 0 0 0 0 0 0 0 0 0 0 0 0 0.000297917451054217 0 0 0
81.0972 36.207 13.3326 14.7096 1.93995 0.0480382452357132 0.6966 0 0.24705 74.7225 60.1425 30.1968 51.759 43.4727 0 0 0
68.8479731063044 26.0573172275592 8.29774955927052 1.51476328125 6.79600807327001 0.0433598202873261 0.124931123595506 1.61519958362248 0.67570686695279 27.7135280298601 -7.04463191410028 26.5723721023428 26.767624148364 19.5210204728821 0 0 0
14.0605681194235 7.1102316403569 0.732678884462151 6.29628647362158 0.535178571428572 0.0184704568837145 0.0628243902439024 0 0 24.5648616534867 50.2840232043699 0.328010085754512 16.7249774326676 12.8177681170021 0 0 0
25.97265 18.3465 3.4668 2.88765 0.2349 0.0158095438632875 0.1458 0.122872334498179 0.16605 20.9223 22.8177 8.46045 18.5328 12.0285 0 0 0
88.5492 11.00385 15.11055 13.45005 1.47825 0.0448029068484787 0.0746757597529953 1.07325 0.44145 29.9619 43.3431 38.3859 25.76205 17.70255 0 0 0
119.556 72.79875 28.15155 11.07675 15.04575 1.2636 2.26395 0 0.69255 65.31435 91.82565 46.0404 60.9849 27.85995 0 0 0
74.54025 22.78935 21.4812 9.24615 6.70275 0.6156 0.2997 0.298850183890912 0.82215 27.1026 60.7824 39.00555 27.77895 14.7096 0 0 0
0.612599664279319 0.613928513876455 0.0239528571428571 0.28614520295203 0 0.00651995839499047 0.0108672155659553 0 0 2.76507273790952 4.25923421578415 0 3.33207773548654 1.61802360945594 0 0 0
124.06365 175.23135 35.02845 7.7922 22.30335 0.6966 3.8475 0 0.6804 101.3148 165.5802 58.67235 88.82865 56.63115 0 0 0
18.60165 23.7492 6.33015 8.6751 4.7466 0.0265958121468217 0.79785 0 0.1782 27.2322 69.1578 1.72935 36.61605 30.4803 0 0 0
49.52745 47.04885 4.66965 8.5455 1.8873 0.0390837747869621 0.81405 0 0.36045 54.9504 69.7896 9.44865 50.1066 49.2804 0 0 0
2.83149006353155 1.08585497663787 0.18450681405209 1.45011700903354 0.365135294117647 0.0056616934831157 0.0127086206896552 0 0.00528057692307692 3.93730935173167 3.13987410016482 0.301776561229626 5.58885901438445 4.54818945045459 0 0 0
0.0479224515633125 0.0219375534103497 0.000299274861878453 0.0428877054295819 0 0 0 0 0 0.0647483902504804 0.0177971529250071 0.00377430935937128 0.19508973042362 0.129246469833119 0 0 0
52.31385 23.75325 6.41115 9.9954 3.6045 0.0309799051084116 0.09315 0.0162 0.27135 42.2901 42.7599 21.63915 34.3521 24.5349 0 0 0
4.77470184318023 4.15259085384079 4.47065625 0.303093243243243 0 0.0110282410402945 0.018381447462959 0 0 7.4436424715057 44.1831744023081 0 15.8748972242249 8.83036897981254 0 0 0
412.312226869236 321.604830410474 51.8296328001882 3.24405 37.0697805899144 0.178547803965491 1.30815 3.20446066019417 4.81121291245051 212.009953741879 83.3022805391489 127.997952931219 148.501326336599 103.682904600598 0 0 0
84.6888575257355 48.2209054943047 19.0074532490043 3.5883 10.773350809209 0.4991625 0.242240625 0 0.910364415041783 29.5553059324976 47.1598098123336 48.9148521987807 35.1386566854394 20.1772351201684 0 0 0
31.4803567667865 5.80877931114461 5.94633794839522 7.05132457627119 0 0.0182310455692305 0.02916 1.3932 0.306473275862069 17.0072910972359 30.3814935740959 4.81336882462912 14.7098977049726 15.823252336604 0 0 0
91.11285 25.8066 6.3423 13.8591 0.6318 0.1377 0.2349 0.6723 0.5103 62.1189 57.3561 20.7198 34.75305 40.5 0 0 0
0.00301535597952536 0.00896314564913913 0 0 0 0 0 0 0 0.00901384615384615 0.081678791590484 0 0.0945518173835531 0.128753445844365 0 0 0
51.06645 36.97245 6.6906 8.2215 1.00845 0.0286217795664593 0.0972 0 0.3159 51.678 33.777 9.24615 32.26635 32.0355 0 0 0
34.992 4.92885 7.1442 6.45975 1.0611 0.0168474147914697 0.1053 0.130938704088365 0.19035 13.58775 18.00225 22.6395 9.44055 5.41485 0 0 0
137.3679 12.9114 23.5386 11.79765 10.96335 0.0480283889116089 0.2349 0.8181 0.3078 25.0452 27.6048 72.85545 22.98375 20.0718 0 0 0
57.105 27.1269 15.9408 10.68795 6.10335 0.0418878989946338 0.0648 0 0.3078 40.17195 65.93805 27.39825 34.9839 32.6187 0 0 0
2.82891476790406 6.18965950279593 0.958220833333333 1.57394822485207 0.0248820359281437 0 0 1.22375322580645 0 11.1836541287614 23.5954991559102 0 9.6290657507885 15.2011519134684 0 0 0
61.0353625760362 6.92513837034941 11.1320436401028 10.2339645068807 3.371625 0.0919396551724138 0.0179576580624382 5.14755 0.563324714828897 12.5318553344447 18.8631031585859 18.1056493376918 12.2583371708634 8.98827788877497 0 0 0
72.06165 27.46305 12.393 14.8554 3.02535 0.4455 0.2754 0.17415 0.78165 37.10205 45.92295 25.5393 29.01825 23.76945 0 0 0
1.11641201634985 1.09412761419104 0.00355125725338491 0.852053861288736 0.387171195652174 0.00114156625522423 0.00740172413793103 0 0.00116779141104294 5.06874271247739 16.8110964823398 0.0394384972375691 5.95230136066313 7.08522306963394 0 0 0
5.09895 7.50465 0 1.82655 0 0 0 0 0 12.38085 26.09415 0 13.87935 9.03555 0 0 0
5.5242 29.16405 0 2.0331 0 0.0466416041101348 0.5508 0 0.1701 44.12475 192.80025 0 95.4018 95.5071 0 0 0
26.8677 35.3646 0.2997 10.23435 1.34055 0.0604039894569604 1.4904 0.0648 0.15795 77.37525 254.72475 1.55115 86.5566 112.01085 0 0 0
60.1101 22.0158 10.08855 8.4402 1.4337 0.0298907812948871 0.31185 0.232312210234354 0.52245 33.62715 24.28785 42.52905 18.00225 8.1648 0 0 0
0.440072077718583 0.84525272641805 0 0 0 0.00197457145862282 0.00329113966551136 0 0 0.441313605747643 12.7509209974233 0 2.61975424734915 3.03664131740827 0 0 0
16.97355 14.47875 0 2.41785 0 0.0194016811830975 0.1944 0.1701 0 20.5578 63.6822 0.4131 27.13905 20.5983 0 0 0
300.00375 54.4401 91.7892 11.90295 23.6682 0.55485 0.7371 0 0.5103 57.80565 92.44935 169.04295 71.33265 65.20095 0 0 0
29.145964925218 0 45.3709754807946 0 0.426235448473282 0.0413205507780492 0.00660902890127949 2.87499375 0 0.0358168734491315 -0.0358168734491315 90.3192740863986 1.39035673469388 2.62575551020408 0 0 0
7.4763 2.997 1.3932 0.5994 0.40146852677355 0.31263177217763 0.0500039902391091 0 0.129133009470923 6.04665 134.48835 0.567 144.4878 140.32035 0 0 0
0 1.0125 0 0 0 0.0578045404849004 0.00924556598342428 0 0 3.1509 15.8834320115104 0 32.5071731317798 39.0717835275211 0 0 0
8.2701 11.70045 4.698 0.116345167989416 7.6221 1.2555 0.0247048002690147 0 0.0637990126760086 4.36185 34.92315 22.78935 44.38395 31.3794 0 0 0
0.78975 1.87515 0 0 0 0.143472647839393 0.0229477792105658 0 0.0592615864446947 1.6686 51.7914 0.3969 83.44215 133.69455 0 0 0
0.785353234785947 1.14760625839892 0.461267205882353 0 0 0.118184905840688 0.0189031231115883 0 0 1.2798 38.7880976051123 0.834562133434564 54.5927188419793 39.8868293368043 0 0 0
0 0 0 0 0 0 0 0 0 0 0 0 0 0 0 0 0
48.843 47.0205 11.45745 1.2636 5.2974 0.27945 0.0977018504791796 0 0.2268 52.29765 153.44235 9.8496 266.92335 389.60595 0 0 0
0.87885 1.1826 0 0 0.110124016087018 0.0857558289445232 0.0137162438853215 0 0.0354215702202782 2.8431 32.7969 0 45.2547 63.14355 0 0 0
0.0818731310890325 0.813404625253207 0.0122290243902439 0 0.0241168341708543 0.00345487366364909 0.000552590889118932 0 0.0099 0.049721186440678 12.640195675936 0 14.7766171878764 14.4295727162179 0 0 0
3.3121470100029 7.79561913235721 0.48975435 0 0.0121154801512227 0.174624945669287 0.0279304435948074 0 0.0724835311942365 10.0745569532762 48.6756520220165 0 68.5904501411772 105.742637743785 0 0 0
1.64025 1.9845 1.3203 0 0.28755 0.159298420149842 0.0254790374976742 0 0.0657984447793897 1.9197 65.7153 0 74.73465 46.10115 0 0 0
0.636563639270867 1.15222953309882 0.0826133352248546 0.0428823529411765 0.172047540983607 0.204700493872446 0.032740886910633 0 0 0.228065625 8.6143628398899 0.221172592900616 10.0506380626295 12.4785899265521 0 0 0
30.14415 1.66455 29.5731 0.119820175330298 11.7207 1.8873 0.0254426853378443 0 0.0657045669952935 1.95615 11.40885 78.59835 16.13115 14.38155 0 0 0
20.979 0 26.1792 0.83835 2.9403 0 0 0 0 0 2.43 36.82665 3.64095 4.0581 0 0 0
0.00402367280606717 0.00455947995666306 0.00300408222350897 0.002205 0 0 0 0 0 0 0.0459492807187127 0.00111912114014252 0.0253318391729398 0.0328639616007759 0 0 0
1.67265 0 2.84715 0.2592 0.0583006484942943 0.0453999101856299 0.00726150336533551 0 0 0 9.72 7.74765 12.08925 10.34775 0 0 0
13.3245 7.04295 4.9491 0.3888 1.1907 0.20266079703977 0.03241464693892 0 0.0837093377977337 6.70275 62.14725 8.16885 79.18965 67.3434 0 0 0
0.219909704994972 0.600388400938652 0 0 0.103421438458436 0.0805363943377263 0.012881419723612 0 0 1.30839888268156 15.8749508030459 0 22.8889790301022 20.9393711035616 0 0 0
27.09855 18.9864 5.3865 0.231711206857719 3.2886 0.307615692165903 0.0492016916940896 0 0.127061110306134 6.64605 100.67895 17.4474 109.39455 81.5184 0 0 0
3.86775 3.969 1.6848 0.0883468806672862 0.47385 0.117287753215379 0.0187596277438384 0 0.0484458775296175 3.0699 39.0501 0 53.9136 38.1348 0 0 0
1.03825668576615 0.400291734271288 3.23513411035073 0.00296089834691836 0.057375 0.00171897067907142 0.000274941323010394 0 0 0 3.19990212225307 4.77934760095012 5.67068758019593 4.09389771917912 0 0 0
52.1883 0 48.83895 0.28755 18.44775 0.167755578897753 0.0268317204976634 0.110890472736516 0 0.83025 4.02975 83.66895 6.4638 10.16145 0 0 0
0.04455 0 0 0 0.0216643284541858 0.016870456700808 0.00269835067088833 0 0 0 5.67 0 3.6126 14.9931 0 0 0
36.26775 32.62275 6.0912 0.9072 5.77935 0.503633572433386 0.8748 0 0.2349 13.9887 150.0363 30.9177 191.93355 266.70465 0 0 0
1.8063 1.18665 1.23525 0.0852052577817522 0.66825 0.113116990343943 0.0180925337230988 0 0.0467231378425197 2.22345 45.97155 0 51.00165 46.89495 0 0 0
12.86685 4.7304 2.39355 0.60345 0.31995 0.257076094273504 0.0411181193108446 0 0.106185655684754 10.38825 68.99175 3.5316 98.45955 78.92235 0 0 0
0.000357615894039735 0.00174337748344371 0 0 0 0 0 0 0 0 0.0157103009859886 0 0.141931489900913 0.198488192170896 0 0 0
23.8383 0 4.7142 0.0524134426151559 4.0743 0.0695831576189554 0.0111295007226831 0.0459961408947744 0 0 2.835 33.615 1.9197 5.78745 0 0 0
8.51715 3.1914 7.42365 0.0821657526573159 0.140078240019182 0.109081797202554 0.0174471234468192 0 0.045056395430146 1.9521 35.3079 12.6846 37.91205 28.0179 0 0 0
1.18665 1.5471 0.16605 0 0.0975842050767839 0.0759908210361614 0.0121543765270125 0 0 1.6443 25.8957 0 40.02615 28.32975 0 0 0
37.3086 4.6413 36.09765 0.188668570555054 18.83655 2.11005 0.0400619934042052 0.165568711396885 0.62775 7.209 43.011 89.3187 44.7363 46.8261 0 0 0
7.94205 0 9.9549 0.0448867629295459 0.27135 0.4374 0.00953128120454411 0 0 1.2312 9.7038 21.48525 9.5418 6.33015 0 0 0
0 1.5066 0 0 0 0.153568605382869 0.0245625804156448 0 0 3.4587 33.8013 0 111.5208 140.0085 0 0 0
19.0354199091806 0.618516875177708 12.4034529845464 0.181141784237602 0.3321 0.0255567679558011 0.00326821725732966 0.0104142857142857 0 0 2.59441579619039 25.2739146862305 4.91975780609418 4.62192910803324 0 19.7286708988058 0
5.76315 0 3.18735 0.0181769614753838 1.4904 0.0241314119483077 0.00385970651387761 0.0159514437393373 0 0 3.645 8.56575 2.97675 2.8836 0 0 0
49.0698 0 31.4604 0.105256380519634 14.21145 0.139736505573107 0.0223502007235362 0 0 0.43335 3.21165 68.07645 3.12255 7.8408 0 0 0
20.30265 0.16605 11.1375 0.0665507456000587 3.0537 0.0883515905404169 0.0141314238160113 0.06075 0 0.19035 16.41465 29.4111 11.8665 9.60255 0 0 0
44.01945 3.4182 39.48345 0.1944 11.8908 1.2069 0.0248871988253546 0.102854129054884 0 1.1178 2.9322 70.7373 10.62315 7.1766 0 0 0
16.7103 0 12.312 0 4.5684 0.054622639173805 0.0087366357458046 0.0361068783518144 0 0 0 30.41955 2.1222 1.6767 0 0 0
35.397 8.2701 18.30195 0.5022 1.7496 0.494757742460331 0.0791341876495311 0 0.204360407126636 10.67175 164.69325 36.32445 193.71555 149.04 0 0 0
10.96335 4.25655 4.3659 0.129698566984716 1.97235 0.172185519194278 0.027540268735753 0 0.0711214798355081 7.10775 60.93225 7.26165 65.5128 47.34855 0 0 0
0 0 0 0 0 0 0 0 0 0 0.00657677250978686 0.00106505008590787 0.00500356920324008 0.00610537936764071 0 0 0
22.4289 11.96775 3.00105 0.0729 1.6848 0.228171830358553 0.0364950174405374 0 0.0942467073178593 4.03785 68.05215 10.95525 89.97885 99.2169 0 0 0
3.483 0 1.0854 0 0.0304304192869832 0.0236967913431581 0.00379019098016766 0.0156641490652481 0 0 2.835 12.48615 2.8188 3.8556 0 0 0
15.64515 0 16.3458 0.0458779059049055 2.5434 0.0609066948959684 0.00974174107724398 0.0402607903368104 0 0 3.24 32.9994 2.0007 2.6487 0 0 0
0.0019012385786802 0.00439784771573604 0.00169564533053515 0 0 0 0 0 0 0.00362832929782082 0.115557912972897 0 0.33864991919384 0.44155125962544 0 0 0
1.0935 0.32805 0 0 0 0 0 0 0 2.30445 44.27055 0 78.7887 72.4707 0 0 0
13.48245 0 11.82195 0.0356961644307563 0.0608557181938072 1.2393 0.00757974420314531 0.0313256623995412 0 0.10125 2.32875 20.4282 3.42225 3.0051 0 0 0
6.07420044578889 0 53.2504550775425 0 6.52310331244405 0.151123777078568 0.0241715415592514 4.84774955289354 0 0 0 72.0336879608686 1.70733519553073 1.76942011173184 0 0.88695 0
41.2695 0.11745 42.2658 0.0944859601873927 7.81245 0.125437886398185 0.0200632034401976 0.0829174601116673 0 0.44145 1.98855 70.4295 1.87515 0.58725 0 0 0
0.897545429945881 3.08174558027661 0.529730928853755 0.0520134779555787 0.921954845814978 0.0671583873130721 0.0107416700493548 0 0.0607916296275951 1.20937300884956 27.7868353375824 1.55974496338487 40.409920917555 19.9273277398462 0 0 0
17.7714 9.35955 2.2356 0.173203736675882 3.57615 0.229942211539162 0.0367781816328973 0 0.0949779658466082 4.56435 80.08065 12.5631 89.67105 93.5145 0 0 0
13.1544 8.1243 1.4094 0.2268 1.68075 0.159681205269974 0.26325 0 0.0659565547315516 6.2694 56.1006 1.91565 67.68765 64.5003 0 0 0
3.52755 9.14085 1.6767 0.0615349614520265 0.41715 0.0816927243881244 0.0130663693087119 0 0.033743298957226 2.45835 25.89165 4.2687 27.16335 27.459 0 0 0
3.58385753543535 6.31079271044258 2.13473405172414 0.108935623382712 1.64025 0.131473639272535 0.0210285938920779 0 0.0597359163011806 3.14685 48.4037891712019 0 55.283670714722 53.802858106292 0 0 0
12.2411334071409 0 6.80081849015317 0.067130414067466 0.00834161931818182 0.000896591027421346 0.000143405542793573 0 0 0 2.34266629601684 11.1327033704864 2.07908480522129 2.7038602896186 0 1.58468697247706 0
11.59515 6.65415 3.37365 0.0828415319586975 0.141230325555035 0.109978949827863 0.0175906188145691 0 0 0 40.095 9.8253 30.0591 21.97125 0 0 0
2.31255 1.0368 0.36855 0 0.193555490403374 0.15072562839689 0.0241078595391751 0 0 9.35145 56.66355 0 71.1909 69.0525 0 0 0
34.54245 0.68445 30.1644 0.0780480041142308 7.9461 0.103615147205672 0.0165727583393298 0.0684921045952442 0 0.5022 3.1428 48.57165 3.25215 5.39865 0 0 0
0.015689552238806 0.0679063432835821 0 0 0 0 0 0 0 1.13211660839161 4.45616033672631 0 5.35943074631805 4.27290749627668 0 0 0
4.1148 8.9748 0.324 0 0.4617 0.266151291496628 0.0425696546752837 0 0.109934179133926 9.37575 94.30425 0.972 139.25115 211.07385 0 0 0
51.7671 90.072 9.52155 0.2997 4.10265 0.607938530324295 0.0972369254876699 0 1.2555 34.33995 153.98505 17.32185 226.43955 213.6537 0 0 0
22.6476 14.51925 3.61665 0.31995 5.2245 0.08505 0.0490837066139396 0 0.35235 14.64885 80.52615 16.94115 124.902 117.3123 0 0 0
7.74765 4.53195 3.5721 0.0774322940840831 1.51875 0.10279774148039 0.0164420181153798 0 0.0424607570488209 1.9602 33.6798 11.78955 31.5009 21.13695 0 0 0
5.26095 0.19035 0.92745 0.0361166493293937 0.6561 0.047947823641507 0.00766903020974526 0 0 0.86265 18.17235 5.7429 15.17535 6.7068 0 0 0
6.71140757339203 0.272720662383865 9.22322561172793 0.0649520448527903 0.273017647058824 1.95665325443787 0.0159954031705321 0.044332994662203 0 0.06733125 1.75631569776589 15.7964829277424 0.885863034623218 1.81681771894094 0 8.82741462639109 0
1.53495 1.0044 0.23085 0.0744648720851275 0.126949585290624 0.098858244619034 0.0158119140116602 0 0 3.49515 33.76485 0 48.96045 47.99655 0 0 0
44.0235 0.7776 41.55705 0.126418784775344 16.87635 1.98855 0.0268438378842734 0.0891 0 0.86265 4.40235 76.9176 7.2657 24.05295 0 0 0
0 0 0 0.00284427999292606 0.00484900001089906 0.00377601571629997 0.000603956058929627 0 0 0 0 0.6885 1.25145 0.30375 0 0 0
0 0 0 0 0 0 0 0 0 0 0 0 0 0 0 0 0
0 0 0 0 0 0 0 0 0 0 0 0 0 0 0 0 0
0 0 0 0 0 0 0 0 0 0 0 0 0 0 0 0 0
4.01569028758731 0.160391188980372 1.33118375555153 0 0.196274634893211 0.0159067460858608 0.00254420966388997 0.136691643054489 0 0 0.88973499754058 10.3893582222022 2.32077554535017 1.46677887485649 0 0.04941 0
0 0 0 0 0 0 0 0 0 0 0 0 0 0 0 0 0
0 0 0 0 0 0 0 0 0 0 0 0 0 0 0 0 0
0 0 0 0 0 0 0 0 0 0 0 0 0 0 0 0 0
0 0 0 0 0 0 0 0 0 0 0 0 0 0 0 0 0
0 0 0 0 0 0 0 0 0 0 0 0 0 0 0 0 0
0 0 0 0 0 0 0 0 0 0 0 0 0 0 0 0 0
0 0 0 0 0 0 0 0 0 0 0 0 0 0 0 0 0
0 0 0 0 0 0 0 0 0 0 0 0 0 0 0 0 0
0 0 0 0 0 0 0 0 0 0 0 0 0 0 0 0 0
0 0 0 0 0 0 0 0 0 0 0 0 0 0 0 0 0
0 0 0 0 0 0 0 0 0 0 0 0 0 0 0 0 0
0 0 0 0 0 0 0 0 0 0 0 0 0 0 0 0 0
0 0 0 0 0 0 0 0 0 0 0 0 0 0 0 0 0
0 0 0 0 0 0 0 0 0 0 0 0 0 0 0 0 0
0 0 0 0 0 0 0 0 0 0 0 0 0 0 0 0 0
0 0 0 0 0 0 0 0 0 0 0 0 0 0 0 0 0
0 0 0 0 0 0 0 0 0 0 0 0 0 0 0 0 0
0 0 0 0 0 0 0 0 0 0 0 0 0 0 0 0 0
0 0 0 0 0 0 0 0 0 0 0 0 0 0 0 0 0
13.0885424970549 0 8.40837346737719 0.0756 0.240443055350117 0.114219220491174 0.0182688302816331 0.152890845503592 0 0 0 22.8180076745812 1.56873821490468 4.5343240034662 0 16.1041927121972 0
0.15923808173537 0 0.338149297866595 0 0 0 0 0 0 0 0 2.03520103965608 0.869275 0.907425 0 0 0
0 0 0 0 0 0 0 0 0 0 0 0 0 0 0 0 0
0 0 0 0 0 0 0 0 0 0 0 0 0 0 0 0 0
0 0 0 0 0 0 0 0 0 0 0 0 0 0 0 0 0
12.7737 8.9667 3.43035 0.91125 1.6848 0 0 0 0 18.90945 60.06555 4.6008 49.6044 54.08775 0 0 0
1.85895 3.15495 0.127389757094457 0.162 0 0.00165848889818265 0.07695 0 0.0113469997833617 3.4344 63.3906 0.087403219226322 74.7468 203.3991 0 0 0
0 0 0 0 0 0 0 0 0 0 0.00124924825887055 0 0.00322665487164462 0.00636093443620546 0 0 0
3.59235 2.36115 0.97605 0.7047 0.2106 0.00246129001596837 0.2349 0 0 4.5036 90.6714 0.129711251658646 94.3812 127.413 0 0 0
12.08115 10.69605 0.1863 0.324 0.4698 0.00211987776594936 1.1259 0 0.0145037163512756 5.2812 58.3038 3.7584 85.6656 200.24415 0 0 0
41.8203 20.99925 14.71365 0.63585 2.97675 0 0 0 0.0185980288151227 13.75785 48.61215 27.8883 54.1647 40.1517 0 0 0
2.3814 2.01285 0.12555 0.36855 0.07695 0 0 0 0.07695 4.8762 55.8738 0.0738327664589463 48.9645 76.4721 0 0 0
0.191025111074543 0.145536086884976 0.0447057692307692 0 0 0 0 0 0 0.403243373493976 4.66896701382997 0.000417010148152061 5.21907501318287 12.0363084871335 0 0 0
0.9558 1.0449 0.57915 0.69255 0.162 0.000597265417078549 0.00634426435849253 0 0.00408635268262941 1.52685 18.31815 0.0314761951330638 14.7177 14.9445 0 0 0
4.47525 6.8769 0.10125 0.0404169017993192 0.0186244056996049 0.0022472226446658 0.14985 0 0.0153749807370614 9.3798 58.2300668878567 1.4418 107.096742704512 289.78404431145 0 0 0
0 0 0 0 0 0 0 0 0 0 0.000575616596708326 0 0.00489844536023874 0.010445166974563 0 0 0
0.000499078378821856 0.000389648854126784 0 0 0 0 0 0 0 0 0.0116040984224592 0 0.0498140214146965 0.048322830103757 0 0 0
0 0 0 0 0 0 0 0 0 0 0 0 0.0236297913219832 0.0447706890110477 0 0 0
0 0 0 0 0 0 0 0 0 0 0.00248859510287683 0 0.00310987103855124 0.00865563177390588 0 0 0
