3615 2099 0 3133 37533471 0
57 613 80.25 0 0 32
0 1800 0 0 174042650 0
0 0 0 0 0 0
0 5 0 685 31 234.503423091402
135 0 0 1133 0 292.5488248467
363 791 996.75 5769 0 3958.90182056752
0 6 21 1600 0 421.578295688732
0 1247 35.25 1213 62703500 2408.85440597216
1334 5488 1897.5 0 1074 2051.84589056382
0 2142 0 0 0 1087.0465016587
0 104 632.25 2902 0 768.611494074755
0 0 0 285 29388301 1824.78867453218
2142 15726 10460.25 654766.072758861 16350 125336
0 3088 437.25 4965 808 824.046259107259
513 2329 224.25 14767 0 433
57 524 270 1446 1100 414.811293296063
0 3488 0 498047.121705455 4665000 2076.51719462311
200 656 279 2578 1485 1003.05961291148
0 0 181.5 2885 1551 286.456538235118
102 1193 31.5 619416.776483021 21789292 2578.60495866098
276 304 921.75 5882 18012 1106
0 0 0 0 63651156 722.481689471836
0 692 17.25 467467.029052663 9333120 1977.34104079833
931 12672 10719.75 78383 4720 2068.14748980315
0 0 37.5 752 57122282 1113.16197130313
0 0 129 0 55509628 1415.69262079356
0 0 0 0 0 0
1224 8356 56379 2143 36328.6423876282 87
0 4929 625.5 2978 20767.5774554106 3113.27323957541
87 1914 243 1105 14840.2310796052 2185.0865552152
0 12137 1500.75 8951 42083.9455345652 6219.24295738802
0 10351 414.75 2047 30153.1178751375 4708.99288527825
109 8530 1353 6370 2457 4867.17125613259
195 13128 1149 3730 4495 5956.61412170302
384 21776 795.75 289561.902336931 2928 303
0 20248 583.5 6995 59864.7779442394 336
183 16171 489.75 4014 60705.0895896518 9415.43750987023
94 19155 380.25 629998.245040809 50635.1644113145 7858.64782111035
623 19598 0 288688.490326652 73515.1624974117 12152.2803037224
0 10502 567.75 4561 2609 278
344 5285 999 4445 36605.7400462033 1430
0 6573 9226.4633081511 91449.343822662 20861.4094079244 2951.87657450538
2378 20776 16296.75 426486.615075961 1546 17192.5636970711
0 6454 10754.5515149105 3502 26899.5907041327 4124.95816067231
314 9085 1062 107535.880786846 27919.9503725087 4474.36590389106
1914 15569 501.75 13297 46745.4583671332 6908.0533935314
3467 8130 17226.75 101529.519094922 989169 884699
2668 15970 22511.25 364934 6809 154062.189471582
9737 24701 98434.5 2683591 13027727 0
317 18760 6818.25 54501.0143398943 332 93445.5241425037
202 16467 0 136709.849542784 3751 241767.440514453
501 2245 571.5 1908 660 66984.4108345056
0 0 5461.13979831293 1470.98797889096 0 2407.16463383155
0 58 107.25 1746 0 19703.0336368186
1341 10985 5810.25 6904 9046 125259.638036737
1133 18444 105987.75 59447 1528239 199015
86 1080 135.75 2195 347 51332.6751252575
569 6022 1655.25 258144 621 42970.3239202977
629 3863 89466.75 68803.659395887 788399 125662.554005489
5300 19774 37472.25 708120.782039244 3317288 0
2447 5775 19293 1065502 4611432 0
0 406 133.5 1297 0 14355.9107254932
4128 46404 300876 1879710 3410364 970965
262 5133 90680.25 1850 150 0
3369 12869 20211 12576 1033632 185042
1393 5594 702.75 5116 878 129109.945856912
96 2582 615.75 45216.5696296955 75 78444.6397625877
947 7473 60849.75 106391 12017274 214001
0 761 49.5 1242 0 23763.1868604057
57389 110805 1095578.25 10651369 53586627 585943
6252 25119 306014.25 2248341 21933581 0
252 790 117.75 32516.4148854738 2508 50745.2738228265
710 4731 50391 85595.3490805453 7725 117574.716977043
112 522 192.75 954 95 19416.7123989502
317 11758 66030 23056 986099 277165
937 1355 0 126420.249299775 2033287 43632.9952388693
3434 4691 83840.25 770149 4881656 58565
5384 10692 214212 168720.39745483 3572186 490764
120 5589 800.25 2012 0 61960.5062277842
2969 3132 42864 1451372 9296710 106377.195164118
1402 5756 173955.75 434248 17712428 538304
779 16304 0 107032.215038421 1652 197
0 1852 0 260 0 22761.0625278664
416 7283 241655.328734065 3344 2666 109118.504501933
128 9514 121635 2919 446 160857.651543176
1732 8590 44772.75 605369 9181209 186025
182 4822 720.75 3636 0 64454.7648336804
219 1559 207.75 1858 0 47864.3508521097
4059 7452 149065.5 409567 2680037 448186
0 0 16453.8355615273 143777.7029764 34628171 0
52 316 329.25 5851 120728.533826427 0
43.9762351643934 53.8495228918699 2110.42223262558 1028 20883.3228664511 0
896 1211 39.75 63116.2439012329 12583468 155
304 45 4956.04242404206 1086 49641.4842057499 0
122 176 95.25 19235 73476.2688378303 0
0 0 0 0 0 0
2954 7220 985.5 114759 19163272 4289424
54.2575160770904 66.4390970060792 2572.35984693293 82 48397.6714344426 1872
171 1292 243.75 6576 151604.102960501 0
630 1315 462 1850 67655.9353969002 0
48 311 53095.5 54774.2692252672 5166177 0
200 1104 76.5 1633 115030.887072236 0
0 256.072317751783 28.5 702 96980.2640973946 0
115.518614792715 141.454180160336 5476.76096789771 48333.2980002508 54857.1864049593 0
97.0914488389266 45.4190045118191 105 985 0 0
0 0 189.75 3483 71329.0040467888 4
189.712133003465 156 2591.50312474541 898 25506.6813055733 0
114 2210 464.25 3825 151023.161353851 0
629.501977417435 407 0 180580 10444350 0
0 0 3005.25 931 99903.5190173055 0
209.081510997705 256.023271902407 9914.84686238487 40 99333.0969289032 0
0 9.32977367392295 488.7260891742 377 3618.16902806514 0
805 3732 339.75 8550 221540.75805389 698
72 27 49.5 763 34958.5388799519 0
83 391 0 2405 101919.026356823 0
39 157 3132.45313442722 908 31338.0565386264 3
0 100.408217890538 75 1286 35061.1092280189 0
94 1326.93072775891 5005.38342509407 2455 0 0
0 0 38.25 18342.4177061607 19378.1030085672 0
154 543 333 3961 1104510 0
0 6 0 829 24255.3230591553 0
160 76.7540842004944 29.25 347 29765.9150090575 559003
0 330.800316890639 55806 1587 0 114
16.1292994150347 184.750555608794 764.6933581597 7608.08054628846 7659.44074190686 0
174.816533080691 192.024066098084 7568.20365393902 655 74468.6369553791 0
54.4627097087514 66.6903595146611 2582.08811864705 562 25863.1132651063 0
154.429807154529 652 100.5 65198.5097232353 74115.2346092382 0
39.9101613580588 48.8705579191811 1892.14884839583 16893.0667283622 18952.4360640889 0
231 179 299.25 6562 148535.031810308 299
47 0 168.75 1703 77099.5663832989 0
380 1072 11049.8604009805 1984 104288.818036939 0
17.0256715954485 20.8481760410199 0 7053.43152408688 8085.10768638512 49
74.0209027054892 96.639643885284 0 30788.5373714504 35150.8582825776 0
171 2049 8928.5602306042 2212 82150.5810623339 0
0 12 102 707 57659.7584198959 0
0 81.5600418495176 2693.19522190829 1127 26994.0015416338 0
0 283.047215917519 0 96139.5741362471 109768.222242654 0
180.840387482261 221.441616116002 8573.67946594187 95 85877.0239191365 0
0 597 15.75 352296.585684741 6608578 0
155 1387 87.75 1876 104049.90706982 607000
4015 222 1044.75 206378 28300461 3035300
69 0 2701.1314435698 0 27055.4935613858 14
154 847 0 0 1946716 0
102.758810802849 125.829619429308 5162.06607156984 486 48797.8430928984 0
210 0 4876.42420027652 1997 48843.9997495286 0
0 67 242.25 1490 46029.6253499103 248
120.470261114638 147.517541222694 5711.51952478839 173 57208.6116343964 0
0 0 1965.29851443239 106 19549.9083415795 0
108 1647 387 2551 108241.570425237 170686
3131 25139 516 553364 86798827 8109976
1666 1806 1893 64507 23118070 1099811
164 522 5829.92381920281 2184 48185.1016018704 10
35.8332878869001 43.8783686039353 111.75 1557 17016.4207443234 0
183.383708548375 224.555948788162 0 76736.5937169409 87084.789767626 0
60 0 0 781 40584.5224714295 0
459.183373372636 237.780291345105 9206.27313450987 80919.701883187 92213.3071709785 0
0 0 0 340 0 0
0 0 0 0 0 0
0 0 0 0 0 0
0 0 0 0 0 0
0 4 12.75 1882 94851.9293750033 0
0 0 0 0 0 0
0 0 0 0 0 0
0 0 0 0 0 0
0 0 0 0 0 0
0 0 0 0 0 0
0 0 0 0 0 0
0 0 0 0 0 0
0 0 0 0 0 0
0 0 0 0 0 0
0 0 0 0 0 0
0 0 0 0 0 0
0 0 0 0 0 0
0 0 0 0 0 0
0 0 0 0 0 0
0 0 0 0 0 0
0 0 0 0 0 0
0 0 0 0 0 0
0 0 0 0 0 0
0 0 0 0 0 0
275.024264414647 336.771107555098 868.5 1573 1000466 128
114.541245126119 140.257377158932 0 1374 54393.0555799559 930
0 0 0 0 0 0
0 0 0 0 0 0
0 0 0 0 0 0
0 894 936.75 2352 1675 91
59 110 49.5 231090 16482376 0
0 32 262.5 92134 8764002 0
400 68 255 473931 40984698 1709057
571 2373 567 2560 1481 0
142 117 156.960897048946 69913 7168037 0
94 816 291 5037 0 0
0 101.727434775563 201 1023 0 0
1034 0 0 184072 20334302 2662122
494 1048 516 3746 1250 0
0 94.6245341111651 87 693 0 0
