152578388.538915 26693011.44 58334979.8741009 0 26381004.8421933 0 0 0 0 4834388.865 8938493.805 67668879.2908716 961178.4 989982 0 0 0 0
73135820.9713473 12396683.025 21964255.0967921 0 7748576.0816554 628352.977037188 0 0 0 3448210.185 6593420.58 27425789.999374 356983.2 433188 0 0 0 0
379150121.926438 38148036.435 79968130.5910945 0 27071997.1434543 524207.478154847 0 0 335729.526519 3757560.27 6294956.715 97225891.7855306 1701907.2 929426.4 0 0 0 0
0 0 0 0 0 0 0 0 0 0 0 0 0 0 0 0 0 0
1698867.10018289 1673756.325 0 0 0 34890.1438375669 548690.065361485 776796.334266347 74856.4195703168 1484154.66 12526410.48 0 190965.6 2535850.8 0 0 0 0
9728510.46535257 81646.65 2043561.20913245 970.072574917136 440674.423465478 378570.008361635 684504.437975714 0 93385.2362956428 977038.245 6356645.295 4714794.64506841 74844 896086.8 0 0 0 0
61265875.8382443 14865133.41 6655154.48906888 32232.195182135 1094065.70055041 131807.210053031 0 0 386936.417259093 2610878.43 14135756.67 15383344.6277865 169646.4 2525418 0 0 0 0
12683346.8807153 0 11153041.201621 1397.92577544021 1272926.39169512 62723.7213916622 986407.019424507 1396484.83753527 342130.664499086 94347.24 4455185.535 4763020.5994497 113853.6 798562.8 0 0 0 0
98171535.2570616 16921721.805 49481924.7925495 7987.60206070353 11958083.6758866 3827728.10404389 5636226.81509429 0 100360.69904491 2518345.56 4937807.955 58356806.7451019 173275.2 957549.6 0 0 0 0
104438503.352977 85631913.705 13472622.5176017 87134.8817124703 6677806.9044799 287128.43428245 910813.74 0 135897.17537086 7858943.655 36248391.045 31396321.0019677 592855.2 3940650 0 0 0 0
54795138.1832961 38428356.6 15606784.2922732 0 3522412.56183376 161734.137186616 2543466.56514948 3600858.89806566 27941.4753098964 4261955.13 11098501.29 29286925.3776838 141069.6 1751576.4 0 0 0 0
11910663.4830319 1362591.87 6546128.99626331 33003.300330033 0 4389125.31321122 1173668.34070765 0 0 1013325.645 6516309.855 4761550.95975637 136987.2 999961.2 0 0 0 0
92724979.678927 0 30680960.2734618 6050.87868362029 3694915.69706682 4418309.28673034 4269632.41687823 0 0 0 1115837.55 49432800.7250222 0 234284.4 0 0 0 0
101168512.49746 219917066.145 22560330.0701889 180376.916196293 7396297.81230405 847770.324059978 4269212.61 0 19813.0461288356 18820460.01 68254785.03 42440500.0040823 1397541.6 5928098.4 0 0 0 0
19668182.2800244 38110841.85 245375.397687223 1273572.68437124 254432.871176757 122604.148502578 2378063.52848064 0 0 12866604.855 33695572.455 0 521640 5039949.6 0 0 0 0
47122612.2739281 24666360.15 3405481.75605614 0 1174384.27506445 119344.546336489 1876838.54886829 0 0 4781772.135 15493812.615 11232129.5895623 560196 2481192 0 0 0 0
24096321.8857956 2086525.5 4911617.50177582 1375.48684259211 779061.868598899 61716.905867535 970573.617352215 0 132412.942225466 2068381.8 6561669.105 7388286.97164412 83916 1138309.2 0 0 0 0
114249695.183906 46652895.81 38689163.0401946 6885.59382490532 10535972.4447851 1618923.21062524 4858625.68751464 6878496.37143914 0 3460003.59 3339347.985 48921556.6205907 149234.4 511887.6 0 0 0 0
38501016.0536476 6130756.23 8826655.99817112 0 350340.521145405 134508.782500468 2115314.65749964 2994711.90658983 0 1055963.34 16301207.265 20703603.6109592 319788 1823925.6 0 0 0 0
9940154.44015444 3628740 2331665.0201259 0 0 42619.8888292526 670249.732884238 0 0 0 4777236.21 2773917.70562028 130183.2 1078887.6 0 0 0 0
124252819.548872 14430591.795 51112462.816755 8550.48367824805 3829839.58057549 729628.124364966 6033408.40256168 8541670.10870518 82935.3789880106 2295178.05 5120152.14 70627726.6579033 219542.4 640710 0 0 0 0
13527814.4686039 2749677.735 10639048.3266519 139462.077048826 3103271.09315126 90428.774639301 1913752.19886088 0 23623.2473074578 2130977.565 9298646.25 14741030.4351494 327952.8 1256472 0 0 0 0
32613696.4031701 0 17164275.78061 25528.8559859153 1021476.34640842 0 1690459.44060384 2393232.13519801 230625.172826989 0 2615414.355 22675805.6483152 0 370818 0 0 0 0
91141002.8449502 4966837.875 42709743.4390113 0 4783843.09900369 2087634.62710831 4558719.69342393 6453910.81478124 0 552475.665 1614789.3 57869321.8157126 171007.2 660441.6 0 0 0 0
63563706.5637066 160473769.02 12093909.9764041 136794.053237099 6380025.08186442 1371850.23369234 14766250.245 0 0 12874769.52 31536472.155 23724148.629561 970704 5918119.2 0 0 0 0
55283732.9811014 1282759.59 7394083.88376783 3691.17155185198 1084747.09120045 425523.267628531 2604571.42475985 3687366.80835546 29795.7732168258 941658.03 3406479.675 22895244.6269701 141523.2 412322.4 0 0 0 0
90440687.8683194 1861543.62 21976202.7231879 4694.34319780312 2009771.47634641 0 3312431.2915988 4689504.41653778 451906.754313856 782900.655 1661055.735 40835354.0879117 141976.8 377848.8 0 0 0 0
0 0 0 0 0 0 0 0 0 0 0 0 0 0 0 0 0 0
30557381.62975 82922152.11 1715504.97092019 990068.165695074 97562.3563018184 10429.818693931 0 9158546.35038002 21262.6857222962 12555440.4 31926561.705 1289418.32205249 1468756.8 4704966 0 0 0 0
7185658.40276367 71847237.63 0 52126.7079979026 54533.2660806935 5570.81218729636 0 4891795.6413091 0 7350012.87 21710751.42 0 608277.6 2846566.8 0 0 0 0
10415362.7311522 21254437.365 0 149979.951266155 40280.8555549159 4114.8659738811 69256.2461923757 0 45728.7177559248 3913596.09 12855718.635 1205539.99733288 371044.8 1745906.4 0 0 0 0
19716902.0524284 119640464.985 0 661145.553807717 0 11595.9217309041 0 10182515.1294013 0 10878055.335 48113463.66 363926.332949594 1491436.8 6031519.2 0 0 0 0
18763818.3296078 116166853.62 237755.043721781 534653.465346535 102722.427367101 8832.09659057504 845368.816076047 7755567.79744252 18005.4993845327 9606181.965 28274234.895 2370991.48969755 1195236 3837229.2 0 0 0 0
3029211.54236944 59295425.97 0 0 0 8680.81045001918 146104.478126861 0 40761.4986259714 10315600.635 38039174.235 0 997012.8 7560151.2 0 0 0 0
22262167.2424304 134754167.085 210920.511543475 911615.927947935 184869.887828329 11177.7633269305 373195.786947764 9815325.3213156 42905.3406705725 25328605.2 40412370.195 1896406.7309498 1255111.2 5706968.4 0 0 0 0
153755283.478968 270346573.11 19030119.4490484 2423598.90194627 83170.7656935832 21886.8907658529 368372.604329529 0 88650.6807559439 16704904.59 14615657.535 30522756.2820293 1052805.6 2852917.2 0 0 0 0
54768923.9991871 210831608.37 2513737.0488002 1624641.43610623 658551.348150212 16236.1924733888 76203.54 14257191.3937248 0 42014458.905 26167751.325 7835302.3783669 2145981.6 5875254 0 0 0 0
78757366.3889453 173422020.525 3046808.02423273 1489451.28157676 0 17371.2774622015 326844.513356862 0 71432.9497490509 32676803.7 38291371.665 9562863.83788241 1479643.2 7243311.6 0 0 0 0
67139732.7778907 222889004.205 6581019.33120508 1438542.91971253 385786.072598063 14894.515578904 250685.743933432 0 106863.442389758 30463272.3 16450892.79 12544980.5000585 762048 3018254.4 0 0 0 0
107943431.213168 276405661.725 12936666.6938822 1962771.04345949 278622.065073504 21684.6882066187 362874 19041579.5194427 326762.853078643 22879205.7 19560722.97 30502562.3440209 1130371.2 2198372.4 0 0 0 0
29347769.7622434 109416490.035 147481.064781173 1099349.18725517 75506.8626767923 12509.3447246084 716676.15 0 25502.0986727205 20522339.07 42527018.43 1758206.16867654 1143979.2 6761361.6 0 0 0 0
21092841.9020524 58139672.28 0 90512.3222602634 116737.391156251 8041.86792022474 618700.17 0 16394.5045667432 11920410.9 29460832.875 178942.240438497 691286.4 3339630 0 0 0 0
16942643.7715911 75391609.425 1218276.87467511 523379.908084266 48334.8428899882 5564.3744791876 93652.5493863689 0 32259.7033123349 6195166.365 12313222.005 1923731.14302588 690379.2 1772215.2 0 0 0 0
94324298.9229831 287456989.395 2927495.05357381 8917707.65861633 640371.350937086 32439.1722253982 702161.19 0 413864.052021947 42327437.73 91327221.135 6316565.83305437 3032316 11788610.4 0 0 0 0
13153678.1142044 64369311.675 0 461460.16470806 92576.4648505539 7416.23974129161 204653.095211177 0 0 8767035.84 28521896.4 616622.713553616 860479.2 3817724.4 0 0 0 0
24692008.7380614 107729125.935 813227.845862012 955306.745627834 196692.329129799 7962.85968434451 134020.834261622 6992280.656142 477723.023775655 9452867.7 19539857.715 2791390.08864105 1008806.4 2086786.8 0 0 0 0
46407894.7368421 130638268.74 6534698.46531514 1946346.50380926 941832.717898697 12891.9494224358 192323.22 0 173795.976427555 20004336.435 9895573.98 9079951.12087242 1220637.6 2002870.8 0 0 0 0
72350259.0936801 88624717.02 9490443.25966084 1065960.33435119 3184939.55967394 0 7613096.52 0 743598.862019915 8356081.035 59539458.735 29260308.5699045 2240330.4 2558530.8 0 0 0 0
62678012.5990652 202610697.9 2331420.08017701 2034684.30955245 2036442.72974291 41618.7672210622 3500826.915 0 73816.297500508 42255770.115 42246698.265 5474952.16867109 1714608 7475101.2 0 0 0 0
160360699.04491 323278096.305 17365943.0051955 1370516.02356497 7120048.94447154 44706.3604958342 3210527.715 0 638132.493395651 47586389.175 47514721.56 41730691.2477513 769305.6 4283344.8 0 0 0 0
46826127.8195489 223544898.96 895446.022039152 423028.284136825 1592937.88754964 25254.0830732327 554290.035 0 47881.528144686 19362049.455 15276995.4 5256193.57876316 450878.4 1401624 0 0 0 0
49648978.8660841 175731713.535 231658.760549428 1143163.38175874 50294.3635476904 65189.32458186 853661.085 0 26900.020321073 29723009.34 107801700.735 2377632.08386744 1972252.8 9031856.4 0 0 0 0
30160231.6602317 32929908.315 2133644.67922392 3119876.00629222 264535.2887898 18114.8643870488 0 0 29338.5490753912 13357391.94 17577616.56 6599172.10297276 309808.8 1435190.4 0 0 0 0
0 0 0 0 0 650.979240630958 47423.305127725 0 0 781086.285 1639283.295 33175.755299548 9979.2 174862.8 0 0 0 0
4935150.37593985 1872429.84 261759.158712922 331035.439992597 53886.8180868111 5328.37085372366 388167.457667154 0 218984.962406015 3325740.21 7296488.955 783780.620895555 74844 243129.6 0 0 0 0
62271337.1266003 124829563.185 5181514.10990183 1426498.25730237 559138.333449453 33874.4691180809 1152124.95 0 141612.477138793 29301168.315 22796651.865 12114185.5610622 1308182.4 3560986.8 0 0 0 0
103246520.016257 199473652.17 11729412.1169071 90836.1864223806 2027820.83884902 42756.683723232 0 0 180400.325137167 27093080.025 54175273.83 21253384.9340159 1429293.6 5532786 0 0 0 0
13367455.8016663 16575177.135 65017.9486551436 795163.628512384 166145.579321396 13882.1023717875 87089.76 0 14478.7644787645 11439602.85 19303082.43 318068.131407561 248572.8 1725948 0 0 0 0
20191780.1259907 56916786.9 1480308.1888868 445498.288146572 38101.7905664321 11620.6380079524 165107.67 0 226325.95001016 6656923.53 7345476.945 4408401.9845579 714420 1130144.4 0 0 0 0
66481609.4289778 29811006.285 8159004.12859892 1081459.54782394 433729.011356511 89078.9403514503 2663452.46470878 0 138843.730948994 10715669.22 16016351.175 18600249.8387479 520732.8 1594630.8 0 0 0 0
90569929.8922983 262081210.575 10264317.4204013 701890.749822646 6679439.83836132 210678.723836619 3992521.185 0 396641.942694574 25689664.83 47628119.685 23350288.6209064 1020146.4 3086294.4 0 0 0 0
45959408.6567771 59266396.05 5493159.37153852 938882.205977607 2164464.74604612 0 0 0 162187.563503353 9492783.84 19741252.785 16094976.8259593 433188 1769493.6 0 0 0 0
2932280.02438529 5264394.555 19050.8849136042 133910.119983961 0 3882.32683851461 282824.33413696 0 0 2988267.39 5589166.785 289845.60618555 139708.8 765903.6 0 0 0 0
136828998.171103 601731274.575 17937660.0614527 850467.289719626 14096552.1145405 858565.332249543 28622593.935 0 117532.0056899 43022341.44 88323531.6 32723677.8005481 2987863.2 5032238.4 0 0 0 0
23302910.9937005 73325949.18 3324352.20187406 870793.621418217 1338940.46540793 177289.279553237 4913313.96 0 245376.955903272 11375192.715 34326973.215 1120518.61951845 2262556.8 2279793.6 0 0 0 0
39798948.3844747 186187927.845 2842827.47790778 1082785.84867833 916489.584059082 30816.7425929591 4620293.205 0 208849.82727088 25795805.475 28836689.595 6352136.55674306 765676.8 4500619.2 0 0 0 0
61867049.3802073 72059518.92 1732215.3185444 2719888.34397458 365124.015885181 34092.7926279676 0 0 275883.96667344 20609428.83 25347656.085 13689339.9412688 809676 3968773.2 0 0 0 0
32056111.5626905 30026009.13 1298018.43581349 1393217.35911909 157697.868041524 21214.1003180724 0 0 39372.0788457631 17083200.735 22987160.715 3490013.25397279 1194328.8 2919823.2 0 0 0 0
29168537.8988011 94383527.4 1304441.30558436 757502.853089047 702967.149724796 21478.7227806955 2107390.755 0 167420.239788661 15716980.125 15030241.08 8343607.20341174 755697.6 2026684.8 0 0 0 0
4905634.01747612 8034937.545 0 0 0 6426.37446560334 468156.12253924 0 0 2405854.62 10022579.88 179350.473686646 124740 1169380.8 0 0 0 0
381894000.203211 1376588827.365 24885653.8671936 336834.15070479 14108113.286421 407063.116214155 3634183.11 0 1905608.61613493 130057670.34 58911686.715 53365474.8977376 3257755.2 11021119.2 0 0 0 0
83406954.887218 300116756.07 8081494.24255042 574596.712007649 6257010.72946422 34037.7971956919 1732723.35 0 416658.199552936 18117391.635 20834410.71 25825270.7266824 750254.4 2365524 0 0 0 0
28521667.3440358 16068060.72 1680315.26492977 615526.973258073 0 13723.249068433 0 0 37136.7608209713 3186940.905 11218249.71 3405372.89385663 233150.4 1058702.4 0 0 0 0
55295646.2101199 45992465.13 1421985.2655013 1116976.65093612 193034.557235421 0 230424.99 0 252489.3314367 21717101.715 24280806.525 12137182.7007079 742543.2 2630199.6 0 0 0 0
1385236.7404999 6450085.35 0 77804.5094229049 0 5250.93984656093 382526.672140006 0 0 2173615.26 14375253.51 178806.162689114 349272 1657000.8 0 0 0 0
38657488.3153831 134180826.165 1022814.79546153 706332.315474538 485634.536333867 21250.0219193334 253104.615 0 46992.4812030075 22490930.52 10664866.86 8249033.16759063 689925.6 2978110.8 0 0 0 0
21048745.1737452 17737281.12 1104515.87619102 422688.99787175 99173.5177314847 11799.8468853548 1042355.565 0 34825.2387726072 5781490.005 7751895.825 6493466.90725213 134719.2 701946 0 0 0 0
91535587.2790083 62262828.105 7660388.03931014 827195.336356066 2454081.89925451 1096485.34198734 605092.395 0 319142.450721398 11341626.87 14789837.055 26172976.5919056 743904 1929160.8 0 0 0 0
43768136.5576102 120356233.95 4664881.32659476 1505428.5802412 2425864.8017836 32430.4207473864 283041.72 0 65941.8817313554 11593824.3 45882695.745 13093945.356619 844149.6 2974255.2 0 0 0 0
9142069.70128023 59425153.425 2531536.01841948 506122.57487431 347880.234097401 16756.229601575 1220677.61856048 0 0 10417205.355 13557879.825 467182.129181329 450424.8 2709126 0 0 0 0
64659571.2253607 40381525.905 6872389.00818372 1622328.12066253 2456651.04856128 36069.9044909571 2563833.74061989 16692219.0672315 689900.426742532 11531228.535 20178515.955 13376606.0576371 344282.4 1330182 0 0 0 0
42275579.1505791 67382980.245 2433886.62546232 1067595.07726474 644529.889221766 0 453592.5 0 383357.041251778 19781168.925 14509516.89 11028557.2764855 550670.4 1967943.6 0 0 0 0
66875355.6187767 164414580.66 1692126.8135762 4808041.08448228 457635.163380478 47654.3944907258 506209.23 0 190433.854907539 32371989.54 58583285.745 10510209.9135362 1510034.4 6577426.8 0 0 0 0
7019762.24344645 27550301.265 0 110052.126707998 0 6155.3659405338 448413.373194221 0 0 0 8044009.395 244939.948889197 404157.6 777697.2 0 0 0 0
3190840.27636659 61624169.865 0 161361.463249129 0 29416.5984015836 0 0 0 6081768.24 61948034.91 0 992930.4 7252837.2 0 0 0 0
25516866.4905507 88771680.99 723579.824568565 897951.944727183 153604.647112102 43489.4843889576 363781.185 0 43537.8988010567 18511109.925 79996480.485 1475082.8033105 1503230.4 7305908.4 0 0 0 0
49413940.2560455 94433422.575 2192294.18920795 217158.631751026 745379.885738173 21018.527155651 533424.78 0 259423.897581792 11678192.505 7311003.915 16204437.7675629 689472 1311130.8 0 0 0 0
866261.93863036 18414041.13 0 9715.92486351439 0 17223.6095468717 1254725.86522178 0 0 2291549.31 46442428.89 0 903117.6 5211864 0 0 0 0
11701737.4517375 17135817.465 0 94229.0490731316 0 12944.1494499709 99790.35 0 0 5929361.16 21342434.31 262630.056308973 226346.4 1660629.6 0 0 0 0
230047779.92278 250129048.2 35352182.8231779 914746.614848401 4791811.81634502 0 0 0 194752.082909978 21482140.8 58100663.325 56738325.2094917 1484632.8 4751686.8 0 0 0 0
54501981.3046129 0 24331000.9607089 86857.8360087475 4580052.95060266 86621.5234470043 251022.139515723 0 56527.7880027189 0 531610.41 39669548.7933986 92080.8 197542.8 0 18780.505663924 0 0
7046560.65840276 5318825.655 0 76868.7504445492 299628.202188156 182889.624931999 182039.969826023 1458693.03820271 40993.662320778 1422466.08 46466015.7 2891135.0789387 1830276 13562413.2 0 13619.5265125769 0 0
0 0 0 11006.0558643127 52354.0963895459 10976.1118848688 31807.8807582899 254877.729690036 7162.83091120634 0 11504920.17 0 143337.6 2120806.8 0 2379.74262306479 0 0
2570895.14326356 20573141.43 4528694.71501237 38129.280470987 1614405.52497736 55882.9506197927 110194.934640765 882996.103324495 24814.8466759302 834610.2 19918153.86 6096119.8790541 382384.8 3390886.8 0 8244.35883683078 0 0
0 0 0 26162.3570085006 124450.264244256 26091.1775514704 75610.1134086117 605866.646496736 17026.6752959287 1076828.595 25558123.005 0 1106330.4 9288367.2 0 5656.85626717967 0 0
622332.859174964 3767539.305 2710042.81005996 97930.3537830418 247117.327388003 38618.5547579851 384068.935074661 896766.511117179 25201.8365581663 725748 29456296.95 2220843.30102848 877716 7971566.4 0 8372.93039308674 0 0
0 0 0 0 0 0 0 0 0 0 0 0 0 0 0 0 0 0
41833189.3923999 117048637.44 4311051.96264938 74242.0036396163 2283908.41635895 339661.750183817 3264570.54558828 0 73663.8894533631 20699240.145 92496582.6 9502445.31715641 1694649.6 29643667.2 0 26169.5714435703 0 0
1733133.5094493 5871301.32 0 13579.1809092109 64594.0521269839 13542.236274455 39244.3008176936 314466.03977474 8837.44167433709 216184.036601155 10101230.9683988 0 351086.4 3483194.4 0 2936.1068119542 0 0
1372231.2538102 22151643.33 2125262.28986194 47962.7401992536 363643.489166028 79681.9360089899 5674021.77875634 0 0 2605435.32 75196564.65 339513.984710304 1063692 21552350.4 0 17275.9262476469 0 0
5445158.50436903 14235547.02 0 35393.9836795615 168363.676871587 35297.6879008735 102289.832644844 819652.22747815 23034.6932176441 4589448.915 29808284.73 440891.908000555 903117.6 8466897.6 0 7652.92967805338 0 0
1068786.83194473 0 614608.762862749 33089.7934476542 0 32999.7666381401 95630.643463498 766291.897281501 21535.1074239793 0 37170998.19 587066.626387653 964807.2 6911276.4 0 7154.71489756156 0 0
1059566.14509246 13942526.265 3188383.31469068 30689.9848863391 0 59448.0991072787 172275.762815252 0 38794.8561717093 895391.595 36198495.87 3801304.71346108 1058702.4 12819643.2 0 12889.0063065772 0 0
18689316.1958951 2128256.01 11795464.2564576 51111.1287804894 3294411.44708423 0 147712.923658954 1183629.14254386 33263.5394231119 253104.615 4594892.025 17699605.6466823 78472.8 1014476.4 0 11051.3096763642 0 0
25797475.1066856 0 12813951.7794887 0 0 28832.510013875 83554.2722325756 669523.486156551 18815.623978811 460273.198149733 1593593.64185027 14924218.3013687 63957.6 265582.8 0 6251.20750678106 0 0
811014.021540337 0 473496.136752695 0 162077.296148395 9257.72501684232 26828.1351827963 214974.843472601 0 147787.435053079 4062458.14994692 1853896.04204258 70761.6 643658.4 0 2007.17731800491 0 0
9953921.96707986 9833885.4 0 0 481954.991987738 37218.2379298443 107855.430640984 0 24288.0127226133 3465446.7 21442224.66 3314119.15512047 1412964 6703074 0 8069.32619547324 0 0
652204.836415363 2148214.08 0 13442.6863558839 63944.7687606597 13406.1130794192 38849.8268544584 311305.105258693 8748.60990591471 0 13400029.635 0 263995.2 4327570.8 0 2906.59379563181 0 0
21236435.6838041 30218332.35 813391.139161271 78407.3365834593 1635742.52769456 78194.0151444399 226599.904940381 0 51028.1340626681 2135513.49 46596650.34 12414835.7405487 2223547.2 9127792.8 0 16953.3285246774 0 0
848125.381020118 6861947.34 1403533.12268498 28566.5787011465 210539.608444228 32521.6122399816 61120.0302046265 489757.071699334 13763.6469707107 283041.72 15858500.985 1043716.33776675 313891.2 3444411.6 0 4572.76428147604 0 0
3487299.32940459 1273687.74 8791765.66322934 52651.7603724978 0 52508.5116692643 152165.402055866 1219307.01727945 146514.721749298 0 13130595.69 19968375.5310434 308901.6 3176107.2 0 1305213.59690105 0 0
23556746.5962203 0 16821985.8098123 0 4056098.89918484 52185.0506117535 151228.038182832 1211795.88575617 64536.7190657545 0 717583.335 23372251.5696568 0 356983.2 0 11314.2969505241 0 0
68863.0359682991 0 13335.619439523 1906.86945291567 9070.68148399426 1901.68146728265 5510.91843687955 44159.1940806289 4898.79932201174 30357.8498849751 738027.845115025 0 47174.4 364240.8 0 412.305604266259 0 0
33128098.9636253 48245912.67 1730691.24775132 14959.4398692206 1460604.92579948 110789.455460691 4127691.75 2572656.43586813 0 5158253.91 61696744.665 11208751.4322183 4247510.4 21344148 0 24020.380997519 0 0
2425142.24751067 0 1787735.04029262 18424.061836711 0 18373.9358210236 53246.1736711402 426663.566903766 11990.5296921017 0 13091586.735 1407887.61066523 241768.8 3243920.4 0 3983.67278735784 0 0
6364915.66754725 6619728.945 1187713.81216372 17164.8005922088 305184.456211245 53567.8466326124 1271072.81874005 0 34957.4996803545 3538021.5 36992282.745 1583945.00281681 558381.6 7787858.4 0 11614.1024430664 0 0
119411.704938021 2748770.55 0 16468.5408598372 78338.288138876 16423.7351951144 47594.6506533056 381377.703094644 10717.8606930207 846403.605 18469379.415 0 452239.2 7639758 0 3560.84769212518 0 0
13597185.5313961 544311 2544898.85340888 18478.1190855534 0 18427.8459972754 53402.4009833126 427915.422157646 12025.7105904868 392152.366589132 2180624.29341087 7206160.51187006 45360 284860.8 0 3995.36111065384 0 0
12906065.8402764 18219903.54 4953747.17298476 26351.557379449 125350.260989656 26279.8631683518 76156.9090012149 610248.139885317 17149.8084402766 623236.095 10864447.56 4609225.52709716 477640.8 3745828.8 0 5697.76539871565 0 0
0 0 0 10212.7657375505 48580.5386070479 10184.9800483735 29515.2449521607 236506.753839343 6646.551227405 406418.88 10559633.4 0 258098.4 2820031.2 0 2208.21647869605 0 0
39762827.6773014 10378196.4 15515612.2001867 74562.5147595436 2905337.73427158 0 215488.237362123 1726715.24805849 0 1485061.845 18587313.465 22951036.504217 316612.8 3036625.2 0 16121.9965302497 0 0
5825492.7860191 0 2121016.66408119 12783.1879200066 0 12748.4089291471 36943.8536459558 296032.471161353 8319.40294561649 0 2705225.67 4040039.51697842 0 629596.8 0 2763.99625142066 0 0
0 2191758.96 0 15687.4136140645 74622.5872900109 15644.7331482757 45337.1659924152 363288.394676074 10209.496711356 1282759.59 16123399.005 58050.7678867398 293025.6 13023309.6 0 3391.95142049804 0 0
17660485.6736436 3220506.75 14177804.6304537 67610.752558411 321613.836968638 97033.1233489128 195397.405016759 0 44001.629132704 34473.03 2224417.62 22224272.4603129 90720 1055300.4 0 3824350.68175014 0 0
0 0 0 4036.72505730623 0 4025.74241160402 11666.27453647 93482.2910835141 2627.13358690733 64265.6963900926 2318909.29860991 0 29030.4 188924.4 0 872.825542128502 0 0
19141409.2664093 0 11901060.5899787 39246.9140908036 1779897.93074619 39140.1357132214 113424.934319928 908878.210698471 25542.2117500421 0 1170268.65 15968941.6144809 133358.4 293706 0 8486.0149209755 0 0
3279973.58260516 0 1050601.87188552 13630.5352956112 200306.556120672 13593.4509418942 39392.7167642573 315655.302265927 8870.86352780293 77110.725 5999214.405 1573521.44721408 523454.4 1017878.4 0 2947.21071908539 0 0
16940891.079049 0 8438752.76578026 0 529941.47564969 0 111698.622520424 895045.210143093 25153.4628228868 568804.995 4085961.24 12320207.2736279 176904 565185.6 0 8356.85894855475 0 0
7259169.88416988 0 3710513.63907282 9988.42815485449 627003.065561207 9961.25281692846 28866.9016066455 231311.554535739 6500.55049910683 159018.333451347 32397.7015486526 3515187.63760862 0 107276.4 0 2159.70993701766 0 0
21258890.4694168 5824127.7 4081788.17048909 11196.4467474785 324627.255626002 75747.8408970139 219511.090650561 1758950.52084591 49431.8007984442 3345698.28 42750185.94 6297705.45698991 1740916.8 11811290.4 0 16422.9708551216 0 0
3441246.69782564 3363841.98 1448765.36657985 40633.4825236112 629310.945446945 40522.9317340804 117432.164877149 940988.297960502 26444.60179362 1720929.945 32265848.895 3911663.7682106 495331.2 4164274.8 0 8785.8204135178 0 0
16166150.1727291 16510767 1627272.15822032 0 606645.823172856 53982.9549897514 156438.21904378 1253545.25847307 35228.3925979198 5636340.405 39452568.465 8457177.6930467 1822564.8 8828190 0 11704.1025324456 0 0
2211440.76407234 0 0 4261.06264000219 20269.212416041 4249.46964304903 12314.6178819853 98677.4903871175 2773.1343152055 67837.2081412662 404806.176858734 1618563.18225982 24494.4 68493.6 0 921.332083806885 0 0
13975386.1003861 1564894.125 6320566.51888623 179686.395088966 0 18475.0174014958 53539.0998814634 429010.795504791 12056.4938765737 294929.416175223 2409389.06882478 6758083.69870209 0 166698 0 4005.58839353783 0 0
3324502.13371266 38721377.355 821093.139776343 42757.9324031175 203392.835912186 42641.6016607765 123571.898245522 990186.209437999 27827.2111001544 8493065.97 31684343.31 0 919447.2 11402370 0 9245.17151905044 0 0
0 1451496 0 30311.2508571548 144185.907161238 30228.783578797 87600.5596178394 701946.537232051 19726.8092469851 0 25539072.12 0 337932 7312712.4 0 6553.93508014736 0 0
9138970.73765495 0 4301036.6402948 112378.741772962 67628.3268686177 0 41087.7831013273 329237.931770528 9252.57627528127 422748.21 1010604.09 5038714.11969943 29030.4 552711.6 0 3074.02902684695 0 0
21324070.3109124 0 23738191.8532973 57850.7162799156 2096491.15167561 57693.3228702823 167190.563804042 0 37649.7179292743 920998.21405112 0 24501315.8718365 71668.8 33339.6 0 0 0 0
34000330.2174355 0 18908003.2767522 45259.4315932995 2619596.07747509 45136.2950668291 130801.317116298 1048115.81131131 29455.2071729249 55338.285 490787.085 15467304.5991558 0 233377.2 0 9786.04867957266 0 0
3063274.74090632 9404786.895 5971064.42737122 30577.4828077037 318422.106876611 678228.491562616 88369.9791302882 708111.924357412 19900.0751715317 1010604.09 18162750.885 3808788.98967714 471744 3727231.2 0 6611.50007238014 0 0
10712914.0418614 22910049.99 6755607.08366332 54678.9072040878 2741543.57973943 54530.1432787072 158023.926262329 1266251.58929996 35585.4787165285 1068663.93 32889992.175 7786178.31083968 901756.8 7661304 0 11822.7390139 0 0
9574375.12700671 36274699.41 391903.918222716 0 2486980.07385216 37978.3714149949 471736.2 0 97939.9260193901 4386239.475 26643116.265 1448248.27113219 769759.2 7162344 0 8234.13155394679 0 0
2649690.10363747 2316043.305 1618590.39780969 14258.9508134041 0 14220.1567408216 41208.8592682609 330208.119592286 9279.84147152972 0 8915814.18 2463987.02362582 252655.2 1843657.2 0 3083.08747740135 0 0
207300.34545824 7915189.125 290471.563832711 26596.1664304609 0 26523.8067158912 76863.8375887948 0 17309.0020054691 493508.64 17912367.825 149195.644423398 459950.4 5650041.6 0 5750.65506163004 0 0
10275274.3344849 0 4771974.5153591 25717.7361367719 165470.633317077 25647.7663517993 74325.1437659942 0 16737.3124067113 409432.943523088 4015815.48647691 9467609.41331439 196862.4 779284.8 0 0 0 0
2517323.71469214 13034434.08 0 25742.061898751 122450.985759832 25672.0259311126 74395.4460564717 596133.471897816 16753.1438109846 1491184.73588165 12808772.4191184 2643391.92841222 350179.2 2266412.4 0 5565.9795535533 0 0
512243.446453973 845496.42 0 23389.2201428855 111258.883375966 23325.5855097525 67595.6522941703 541646.471972674 15221.8952087731 322957.86 20308243.41 0 508485.6 5771379.6 0 5057.24528209507 0 0
10184718.5531396 0 10622038.6079791 30150.4305418487 2259436.18058942 30068.4008044478 87135.7833641266 698222.267851757 19622.1460742895 0 1918696.275 9531076.07562657 33112.8 143564.4 0 6519.16231834177 0 0
0 125191.53 0 10303.3116293615 49011.2513352036 10275.2795935953 29776.9257000494 0 6705.47923220004 0 9709601.055 0 100245.6 2512036.8 0 2227.79442021684 0 0
6361054.66368624 29440874.805 0 0 572463.073921828 56714.8531713119 1801823.96308811 1316983.02346346 37011.1846235847 5278002.33 54618887.295 990482.722208161 1872914.4 19402286.4 0 12296.4083154702 0 0
57679993.9036781 321104481.045 4568674.35778106 12491.9033959471 2849121.26384728 135388.668884393 14680509.1161068 0 812436.496647023 17308182.615 91427011.485 15011308.0609737 1311357.6 18891079.2 0 29353.762917482 0 0
26625939.8496241 68210332.965 707304.925742372 70972.5178125289 1817977.94886087 0 205931.031539979 0 104602.723023776 6061810.17 48968939.115 6503400.58295708 1344470.4 11879784 0 15406.9633526171 0 0
3608209.71347287 8125656.045 1023114.16651018 25292.035302138 672289.76520588 25223.2237138163 73094.8536826369 585711.776909262 16460.2628319286 377388.96 15377692.935 3771830.27294475 468115.2 2441275.2 0 5468.67426211413 0 0
1203921.96707986 0 0 8968.09758295419 42659.8457319532 8943.69824017551 25918.1110893924 207682.786618748 5836.51104208807 140613.675 4477865.16 854214.463976137 96163.2 815119.2 0 1939.09283480574 0 0
19755232.6762853 0 10219928.8585526 45895.9556984188 0 579074.375127007 132640.893717127 1062856.40692575 124870.478305057 0 2159100.3 15237251.5560491 0 718048.8 0 3230045.99432102 0 0
615347.49034749 938936.475 236230.972928693 21389.1019357167 101744.632067454 21330.9089884355 61815.2417437935 495327.827579102 13920.2019685244 1368942.165 18992825.16 0 999280.8 3873744 0 4624.77732014322 0 0
13659037.7971957 0 14954427.5617317 48598.8181405388 7360068.45258831 0 140452.259325744 0 31628.5071706644 397347.03 2517438.375 16789572.0899093 123832.8 435229.2 0 10508.0948511828 0 0
0 0 0 0 0 0 0 0 0 0 42637.695 0 0 77338.8 0 0 0 0
0 0 0 0 0 0 0 0 0 0 0 0 0 0 0 0 0 0
0 0 0 0 0 0 0 0 0 0 0 0 0 0 0 0 0 0
0 0 0 0 0 0 0 0 0 0 0 0 0 0 0 0 0 0
27043283.8853891 0 10989693.4712617 0 237791.997231005 49853.4354888626 144471.206931378 1157653.14602584 32533.5357816211 0 3039069.75 24364884.3203053 14515.2 452919.6 0 0 0 0
0 0 0 0 0 0 0 0 0 0 0 0 0 0 0 0 0 0
0 0 0 0 0 0 0 0 0 0 0 0 0 0 0 0 0 0
0 0 0 0 0 0 0 0 0 0 0 0 0 0 0 0 0 0
0 0 0 0 0 0 0 0 0 0 0 0 0 0 0 0 0 0
0 0 0 0 0 0 0 0 0 0 0 0 0 0 0 0 0 0
0 0 0 0 0 0 0 0 0 0 0 0 0 0 0 0 0 0
0 0 0 0 0 0 0 0 0 0 0 0 0 0 0 0 0 0
0 0 0 0 0 0 0 0 0 0 0 0 0 0 0 0 0 0
0 0 0 0 0 0 0 0 0 0 0 0 0 0 0 0 0 0
0 0 0 0 0 0 0 0 0 0 0 0 0 0 0 0 0 0
0 0 0 0 0 0 0 0 0 0 0 0 0 0 0 0 0 0
0 0 0 0 0 0 0 0 0 0 0 0 0 0 0 0 0 0
0 0 0 0 0 0 0 0 0 0 0 0 0 0 0 0 0 0
0 0 0 0 0 0 0 0 0 0 0 0 0 0 0 0 0 0
0 0 0 0 0 0 0 0 0 0 0 0 0 0 0 0 0 0
0 0 0 0 0 0 0 0 0 0 0 0 0 0 0 0 0 0
0 0 0 0 0 0 0 0 0 0 0 0 0 0 0 0 0 0
0 0 0 0 0 0 0 0 0 0 0 0 0 0 0 0 0 0
0 0 0 0 0 0 0 0 0 0 0 0 0 0 0 0 0 0
20852875.4318228 0 12588253.2243623 0 327418.815976467 68643.8274214315 198924.23658905 1593987.29476583 11887.8276773014 1095808.65367934 406489.706320657 19578322.2702123 79833.6 900622.8 0 7098725.8575174 0 0
16917496.4438122 0 13646992.5456609 28666.5590611248 136362.364024441 28588.5664663356 82847.3436449957 663858.841132742 18656.4304136185 456378.959433092 605934.675566908 14713325.0053751 3628.8 349498.8 0 6198.31784386668 0 0
0 0 0 0 0 0 0 0 0 0 0 0 0 0 0 0 0 0
0 0 0 0 0 0 0 0 0 0 0 0 0 0 0 0 0 0
0 0 0 0 0 0 0 0 0 0 0 0 0 0 0 0 0 0
12081335.094493 10645815.975 855684.103669473 38709.478424478 652172.019786804 0 2652607.20561931 0 10764.9299001346 3071728.41 24371525.025 1528588.57436785 666338.4 4613792.4 0 0 0 0
525350.538508433 5431316.595 25075.96133573 0 10067.4847393225 0 751149.18 0 6898.67960326932 1401600.825 24266291.565 40099.3028232097 834624 11200291.2 0 0 0 0
2704912.6193863 5620918.26 0 40251.6887202739 32658.6776283704 0 0 0 11257.7158405586 1353520.02 36878884.62 65436.6607160984 1068228 10211216.4 0 0 0 0
15703159.9268441 46436078.595 311890.201585578 0 310540.479342298 220102.621418411 1456939.11 0 9448.02984923147 1311789.51 32991596.895 2044296.02897912 529804.8 13532702.4 0 0 0 0
34868497.2566551 33296411.055 4869868.84826514 0 610586.636940013 417725.055882951 1987964.49621406 0 13386.4346206303 4880655.3 17356263.42 9940425.16132017 615081.6 3979659.6 0 0 0 0
1414219.67079862 2259797.835 42118.8229787865 13879.8926621634 21772.4517522469 0 0 0 5402.8493980297 1295460.18 13203170.49 31404.6319845202 589226.4 5467694.4 0 0 0 0
4670620.8087787 11206456.305 249434.453529417 0 112136.890395885 0 17491.0353669654 0 0 3671377.695 29742060.225 54842.4403322919 1374408 17443188 0 0 0 0
386354.399512294 938029.29 234217.022237826 21590.9441411431 0 0 4706.86400975917 0 2538.99624064792 0 5960205.45 14758.1834460732 15876 993837.6 0 0 0 0
7792598.049177 14995768.05 0 5623.4099310645 11499.6258778415 0 0 0 7880.04516945833 1014232.83 28056510.495 0 986580 19618880.4 0 0 0 0
8606406.21824832 11680914.06 52809.943994041 220520.650195861 0 0 26933.5552142483 0 14528.6108318559 3556165.2 43414245.36 84449.0828463844 1002002.4 13095432 0 0 0 0
558829.506197927 0 7858.8046360559 10718.3615557817 3155.1490562428 0 4008.06235672369 0 2162.04573467687 119748.42 7250222.52 12567.1188717549 212738.4 2556943.2 0 0 0 0
