0 942 0 2644 62176017 3107.7474886906
0 489 79.5 0 3527430 1243.66707044813
0 1076 0 1778 176369472 4109.58544086127
0 0 0 0 0 0
0 0 0 849 0 2916.22710374869
0 96.7519373225455 90 3800 3500 5216.80425287347
270 246 923.25 8800 0 10605.2291666844
0 51.782137494752 103.5 2347 510540 3618.61506808961
0 0 94.5 2017 54254745 22117.9605580283
266 4572 1354.5 0 120933 21683.430885288
0 2357 0 0 6040 13619.4909642569
0 60 123 3430 0 6073.51603868811
0 336.72037800027 24.75 226 41470106 22886.7747350656
1570 10229 4751.25 772686.181752639 14933 0
264 1043 597 3653 772 10677.8200678646
259 1824 503.25 5167 3000 0
0 310 1181.25 1805 1650 4594.56339706927
175 3627 14344.0438130531 562482.616884179 9655020 25964.3506413353
0 144 22.5 5338 366 11958.7631520638
0 254.297493755737 272.25 2923 6897 6364.24944372897
0 1247 0 674028.860683786 27022326 31001.8808794728
61 337 1902.75 6229 0 844
0 0 0 7224 43310068 9529.35315845638
0 311 10065.4561869469 395469.340679396 7125165 18219.620436816
5011 10815 3916.5 0 1681 19636.8750073221
0 172.174924748628 0 655 49917462 11702.6737174355
0 256.273128678066 319.5 0 44436121 17418.8013257121
0 0 0 0 0 0
247 5678 253.5 3022 31668.8009340514 24
315 4933 134.25 2915 18670.9467112358 0
74 2729 55.5 1994 16735.8865729282 35
312 12631 572.25 4545 47580.1152930078 358
154 13819 0 1124 26593.6036648682 0
315 6783 844.5 6893 19575 630
0 11832 589.5 16854 2810 0
1750 27387 183 415220.481560803 271 95
1254 15132 289.5 2687 56860.4861450713 322
88 17912 617.25 7188 71146.3900206178 0
76 23953 219.75 306178.831660951 59058.2073339034 0
1937 27459 588 387691.357513306 70675.2570008017 131
484 4279 735 3791 14651 61
72 5885 643.5 3835 46815.175423815 560
161 5759 1790.72607641153 149962.009640026 25115.8934108043 0
2655 20926 17782.5 850866.924218345 3353 327
116 7136 1910.74693441127 2876 31994.8578813501 149
0 8535 0 177839.857614306 34548.418248837 58
3744 8946 124.5 221353 43665.3089153237 411
2280 7384 39240 452622.697024202 2046620 1014564
1879 10704 58454.25 32583 0 78025.5647037816
5632 24546 173465.25 1436531 30432551 8542
1142 23765 217.5 52990.7126326518 652 46381.0377436401
1497 15059 0 136450.901059882 12895 115475.678258346
566 4285 1056 1645 1992 36801.3275393535
0 0 6024.04081030677 919.59566587392 0 763.754448716303
0 0 40.5 858 0 10052.0828976223
689 7192 3958.5 4018 2883 87368.166035188
2995 10601 33682.5 62192 1208630 299902
201 866 0 1543 96 21469.8331278005
1895 4239 13996.5 102399 1512 16689.6531201
0 2233 40682.25 52703.5192890594 1354145 46129.6668024485
3871 19798 51704.25 1211799.25261307 2178684 204457
831 3875 38752.5 527957 4128417 0
78 287 72 689 0 5595.58601967535
4735 57645 286116.75 1370753 2101870 768321
560 5203 124170.75 0 255 137136
1985 14291 45451.5 13039 495 0
1896 6875 1167 4440 1035 66797.7963495137
1666 1374 484.5 40581.9432619861 0 34278.0434408986
609 10884 101235 444186 9761678 227012
226 345 126 1728 374 16744.059433399
30967 76021 926058.75 13735352 61240061 645160
3842 25000 259954.5 2091332 48764569 189600
92 638 389.25 26495.6605911625 565 21737.8015613055
737 1030 0 98872.6293076457 9669 49941.5521709289
322 195 172.5 1244 0 12191.8349915462
700 8530 120575.25 160267 1250602 316227
174 855 0 206586.71070741 3164496 15766.8118565474
2105 4182 64806 890383 6074451 0
4483 13070 477423.75 535999.575240988 4690135 625371
56 4166 132.75 2121 2450 29417.2869945148
1889 2309 643.5 799852 13917016 53370.527283786
876 5967 246927 574691 14493516 547389
685 11676 41235 100998.829819267 13904 1758
0 473 41.25 279 0 8833.10600472074
371 3990 415713.578889777 2527 0 52650.848835717
804 6348 203201.25 0 1547 78853.737156058
2549 7367 135177.75 601161 11863152 715866
528 2179 265.5 3447 1861 27316.1475874538
0 408 312 1273 0 21587.1362543176
6966 6023 121146.75 492083 9215037 529799
0 0 19722.8171674603 125173.303005764 48878886 17377.8318552926
0 232 93.75 5425 335 12271.5549936895
45.3574699228723 40.6692340928672 2758.85949696312 750 0 2411.80547121801
484 1805 172.5 62191.5513646752 7961947 8529.94147237996
0 0 5665.82416823101 1347 1042 4908.39055149906
0 145 132.75 1547 290 5391.40826644077
0 0 0 0 0 0
3599 6113 821.25 134098 36277388 4003260
46.4674839547401 41.6645149272074 2787.95816819681 128 0 2458.53488781322
682 230 135.75 5634 1385 16778.7643963828
422 311 71.25 1557 1034 7368.95059160867
0 58 52221 53247.677400291 5853110 7392.38449675257
1767 700 150.75 1962 1407 10515.4586452515
281 201.252648709344 36 1653 0 11875.4930660105
121.505526118884 108.946479900856 7321.59395804912 46518.2241512158 0 6428.7013111435
28.5760262588223 25.6223529076943 54 1161 86 1532.92084298798
42 0 156 2989 0 5690.96726031699
85.9468007531895 61 5210.63997266622 510 523 4547.33482780044
833 40 107.25 2815 2160 15548.8300241847
162.573911007115 0 251.25 132990 7425820 3998.5185554797
0 67 133.5 1663 605 12714.4847316563
249.211820277858 227.452804462509 15020.4718726451 323 0 13185.4772943016
0 3.17705409188402 212.590832312489 404 0 187.471241151208
967 1811 1001.25 7530 218 19800.0525075884
0 0 210 2173 6304 4398.63078775149
311 0 129 3012 994 8961.29891151028
0 32 4803.08119892472 852 96 4183.96464433452
0 78.0437454237806 36 2036 6500 5736.19632198291
114 1113.44669852448 5597.29007092372 1956 0 4924.01315492833
0 397 58.5 31466.903006512 320 3772.28011322623
130 0 1011 1451 1614010 17024.2981258377
0 0 6 695 0 1796.31008689483
730 81.1080337068477 23.25 1450 0 502410
0 276.089922873724 48597 1515 725400 16291.4823020167
13.0194256644194 211.673712643173 781.140079839564 5131.75328311259 0 688.841088242324
180.117547831153 161.500249670771 10925.2006425515 122 0 9529.78809185307
79.0351862887518 70.8659565495241 4753.20662074803 769 0 4181.65018456722
193.700182585633 0 186.75 75095.885888694 4200 10687.4278495994
41.0705191791072 36.8253908705878 2464.15083564677 16086.1330993106 312 2208.98841402272
632 204 576.75 10317 0 16735.5347369832
0 11 307.5 2667 59 415187.699217879
557 0 13701.64896851 1661 0 74375.4754631937
13.9435260160729 12.502296194914 0 10343.9314875838 0 737.734050826512
77.3072826726424 69.3166523936053 78 29650.1032829256 0 4090.22902375891
64 1245 8261.51595569924 2501 1498 7285.340732515
0 11 32.25 1461 0 6320.50031702228
0 58.9421979824532 3944.08485503202 941 386 3478.05441530837
0 163.784983014626 0 69614.5863820492 0 9664.60537329822
226.601435934147 203.179473181737 13595.6430275646 393 150 11989.190902079
0 0 18 40544.2553029141 7158000 5628.76615407083
730 732 198.75 3887 0 486012
1007 0 358.5 94647 25464217 1773078
0 0 3612.62018284811 0 2979 3069.024068156
118 0 0 1098 2166882 5676.50188677137
77.4713241551845 69.4637382311925 4828.1279509311 969 40 4098.90824788629
0 15 3834.5087161549 2345 430 3427.42572002364
0 126 114.75 2494 642 6072.46996986992
152.815577086741 137.020263435004 9168.63578802028 411 0 8085.27588958766
0 0 2082.55796459799 868 0 1825.24083398607
89 1119 98.25 2267 2050926 139021
1477 20242 477 641510 112754497 7222865
1018 1266 2040.75 59400 25864817 1069084
0 21 5278.20250785633 2129 620 4533.41050893947
30.4351630609653 27.2893257336828 60.75 1999 138 1685.28538309818
154.959052458623 138.942185046144 0 59568.491932015 0 8198.68441818531
59 5 79.5 1354 0 3671.89042081965
151.869604537415 136.172068438251 9111.8792849492 58195.0914259425 0 8035.22569711983
0.984248895252202 0.882515025523338 59.0530089756915 1190 0 52.0753447642244
0 0 0 0 0 0
0 0 0 0 0 0
0 0 0 0 0 0
0 0 40.5 1017 0 8998.90888272889
0 0 0 0 0 0
0 0 0 0 0 0
0 0 0 0 0 0
0 0 0 0 0 0
0 0 0 0 0 0
0 0 0 0 0 0
0 0 0 0 0 0
0 0 0 0 0 0
0 0 0 0 0 0
0 0 0 0 0 0
0 0 0 0 0 0
0 0 0 0 0 0
0 0 0 0 0 0
0 0 0 0 0 0
0 0 0 0 0 0
0 0 0 0 0 0
0 0 0 0 0 0
0 0 0 0 0 0
0 0 0 0 0 0
302.394068917985 274.138033008287 164.25 955 658144 15999.2817563952
102.236119969613 91.6687968456103 192 706 5560 5517.18178364835
0 0 0 0 0 0
0 0 0 0 0 0
0 0 0 0 0 0
0 478 411 5729 0 25019.0226038201
962 0 124.5 196104 9600433 0
88 35 417 67993 11395162 33523.2434888851
1432 21 279.75 595250 34638699 1844076
0 624 108.75 1994 449 32810.4233949254
425 0 108 55612 5903824 17029.7817690206
0 523 117 3538 0 73321.1429465471
0 39.4863075791526 416.25 1505 18 6933.9207216382
120 9 311.25 385687 8623298 1460018
502 179 451.5 6070 5152 0
0 25.5474915758685 99.75 648 0 4486.22046689718
