51.8479899212026 1892.45163212389 260.721320746619 1211.20607883781 0 0 29490.4176788541 1462736.55578594 0 430.467936320784 138.343604853241 506.211341926145 25.3067569853489 155.757335977275 357.565993811591 0 165.543224962697 569.216860777774 16.6654253318151
3.07087335196726 204.657546417292 7.07108995518778 11.5915367479685 0 0.474039592160345 6044.02276118386 299785.955324911 2.25168806276164 104.793553135883 33.678508160464 54.7437881363127 6.16070271228 16.8442425034808 76.2613914478605 0 73.9433978171065 168.291940933469 14.1421799103756
129.481144051364 1521.56502473005 998.038934805232 7642.16132553575 43092.3373216202 5.0110016457007 63890.4608472035 20312378.3213827 23.8022578170783 1094.88048929956 351.872232500739 407.002990154128 64.3668717989157 125.231689278193 813.511984605867 0 115.800524006004 583.311476737219 18.3126410056006
0 0 0 0 0 0 0 0 0 0 0 0 0 0 0 0 0 0 0
64 180 0 4 212 3.25322541915687 12310.7077305236 0 1946.46602158022 3094.35 994.460905349794 48.1481481481481 181.913580246914 14.8148148148148 1047.97260273973 0 264 303 23.0270608805731
155.2 0 31 38.875 868 5.20093682311713 5867.10368097624 12.5 2493.55865711332 1490.04796249375 478.870989317998 0 87.5983517045118 0 661.315312998898 0 261 1668 14.6513999787075
0 1955 196 1023.125 1179 8.44050491710353 11905.9589296493 0 5050.11301380421 3070.2 986.699588477366 522.942386831276 180.493827160494 160.905349794239 2019.47832613999 0 1977 2853 90
13.6 0 0 0 869 2.99614007618976 4400.93556143769 100 1792.64702035605 182.721825928377 58.7230637904248 0 10.7420238641021 0 242.018703060365 0 132 567 21.2073530272081
0 1342 213 1456.3125 2708 16.3141349135509 21586.7000425829 7078879.25 9761.05408918517 515.55 165.687242798354 358.971193415638 30.3086419753086 110.452674897119 1154.8759617189 0 248 367 36.4903811348877
0 8731 213 5664.5 0 20.5258534936382 75402.5089060647 19.0833333333333 11927.7133188324 7955.85 2556.84773662551 2335.45267489712 467.716049382716 718.600823045267 5731.73991367986 0 3759 2409 259
138.108785887236 2761.19483148132 0 8325.14954985569 0 351.740349228976 36545.1584554343 0 11372.9379584035 2464.62386974122 792.079785689909 738.59121006702 144.892643723764 227.258833866775 1456.32987894773 0 1698.89500821515 2249.17220198461 110.840147764614
166 157 66 259.125 1654 20.65 7555.04669847098 23.3333333333333 3406.46738881293 1417.5 455.555555555556 41.9958847736625 83.3333333333333 12.9218106995885 656.784387314693 0 368 967 56
0 0 691.722853688029 553.819286577993 0 15.7443029896265 20832.7041438346 4282396.33333333 9420.11292003066 960.178001387925 308.581603424691 0 23.1111111111111 0 4.908075632409 0 0 103 111.441716067213
617.2 22309 88 2446.0625 886152.113760768 5215.95 36289.591469514 45.5833333333333 24775.7625 8942.85 2874.04938271605 5967.42798353909 525.740740740741 1836.1316872428 6786.97279039219 0 2646 2886 418
0 1146.89860662075 11.8628320916503 108.900798601349 520.778328823447 0.0593141604582513 2967.26614457665 11.4344520438962 1238.2216600544 1233.14139592705 396.306464691427 306.783577902669 72.4950850045294 94.3949470469751 911.027572069996 0 331.922041924374 158.487436744448 14.8613606297073
858 3858 168 2015.125 1864 2 13662.2400039404 0 27.245 4065.6 1306.60082304527 1031.97530864198 239.012345679012 317.530864197531 2739.36123100019 0 3406 2013 342
186.4 897 220.881789600967 187.934105199516 987 4.45846516301283 6393.05195160095 38.0833333333333 2667.58365316496 1426.95 458.592592592592 239.938271604938 83.8888888888889 73.8271604938272 818.730343404016 0 780 1382 31.5580187398198
52.4 4484 0 5755.95468263777 569461.666577028 16.5333010381372 62564.566138801 680268.333333333 9892.18530809075 570.15 183.234567901235 1199.42386831276 33.5185185185185 369.053497942387 970.26046162507 0 1068 384 117.02642163072
164 1546 103 418.75 1352 9.25524628818468 13071.2291217342 313.888888888889 5537.58811646591 2311.05 742.724279835391 413.539094650206 135.864197530864 127.242798353909 1539.19346969413 0 952 2438 472
65.2 144 0 162.25 962 4.14067428236269 6082.93358722927 39.5833333333333 2477.44338575186 1597.57209383019 513.427049555459 38.5185185185185 93.9195822357548 11.8518518518519 418.014229437408 0 285 1103 29.3086234434071
157.6 2096 1008.395356711 325.125 790871.867900796 22.9520854266164 86854.2382059443 1478243.61111111 13872.102363689 1142.4 367.144032921811 560.658436213992 67.1604938271605 172.510288065844 1106.53255770313 0 459 493 71.1312094112637
0 352 290 4580.25 2988 7.6 10823.8237387463 329.444444444444 305.2425 1809.15 581.423868312757 94.156378600823 106.358024691358 28.9711934156379 1332.0649277538 0 641 1193 125
18 3 0 50.6875 0 6.73500979681089 25486.3178808679 10480968.6111111 4029.68317144769 1255.8 403.588477366255 0.802469135802469 73.8271604938272 0.246913580246914 571.68249202477 0 0 112 47.6719134521623
25.2 440 220 5219.54531736223 516470.351761409 14.9925283940217 56734.0443467368 1761823.75 8970.31202470533 292.95 94.1481481481481 117.695473251029 17.2222222222222 36.2139917695473 217.397260273973 0 276 321 106.120486471648
857.2 16200 1405 6943 267961 2.65 21800.6232153793 657.388888888889 9264.63805332191 7092.75 2279.46502057613 4333.33333333333 416.975308641975 1333.33333333333 5908.37117658097 0 1489 760 109.04211484515
16.4 0 122 146.5 123621 10.9946599753776 213787.924758394 11897657.25 6578.31207603401 670.517497538854 215.490632170041 0 39.4190180798856 0 429.071097571782 0 469 386 49.3740924092409
0 0 122.447755957057 196.855983896308 0 9.61574408034836 36387.4615904606 6452616.39653982 5753.2807331439 586.423288411683 188.464470506596 0 34.4752080194993 0 182.527081083684 0 0 170.33573972244 109.300307094401
0 0 0 0 0 0 0 0 0 0 0 0 0 0 0 0 0 0 0
104.280087924207 781.315811805433 0 45.4394073540787 77.3074911731142 0.712903260395046 1264.2054069523 64.4538442986996 3.38629048687647 198.46834345585 63.7836729899264 208.993941429437 11.6677450591329 64.3058281321344 353.556157590722 0 154.026346626636 102.880442990955 13.078147676689
1439.05675770259 6551.89305261979 11.9829220152022 66.8278343155508 873.831543877822 6.31407813877962 2019.0815246977 265.306943807143 29.9918711592032 1601.79405630136 514.783902083916 1752.56398526867 94.16778696657 539.250457005744 2793.86556680401 0 491.29980262329 1245.30212634909 228.597281520781
71.304885353807 2692.97091287679 14.7109593569747 90.1587104708709 1835.4085174202 0.649012912807709 1292.97276819355 166.249559138906 20.9847508474493 1025.82980998387 329.680754139435 720.342013732474 60.3074550255065 221.643696533069 897.735673636123 0 1099.86054957146 857.562395456586 79.7136574395545
200.663290203567 18321.517741993 212.854984130278 902.197842066273 1510.97059157267 3.04792348167768 4084.04125378968 933.213155874498 34.7713106704836 2542.41787734763 817.081191230672 4900.81750300224 149.466071566586 1507.94384707761 4755.76126326447 0 2145.53826726623 1676.85757450989 277.810730461113
143.144137505038 12629.7861822414 40.259288673292 142.808643432761 1273.08817293543 1.02884848831746 2469.68193423554 375.95684097057 26.0455231444714 1277.56142723247 410.582155724328 3378.33786767774 75.1064919007916 1039.48857467007 2372.06274992434 0 2128.37439452804 814.132282059904 213.821555398151
77.142584671525 4757.98462552502 51.8362109019846 181.60784293106 1208.00908884625 1.44883819291261 1279.37758763165 205.100038753488 42.652186579133 822.843504361504 264.445100363094 1272.71193686883 48.3741037249561 391.603672882718 1544.54748752982 0 620.102746566599 427.246284887786 154.542740577346
44.3608833786858 3515.96561943705 12.5932910690408 32.5242053617768 543.339574349746 1.05621150901633 809.819980007226 78.5045545135824 5.01700466782756 332.493351862361 106.856573986728 940.484630713614 19.5469342658649 289.37988637342 754.380435637936 0 349.565385964827 206.570597051847 44.7526538437342
14.1558087666716 239.986004511788 1.41092095424945 2.07916677317723 3202.75018645315 0.0543657615398871 78.3436829876302 1.22610612996703 0.258237367314464 27.3323866141783 8.78407094792325 64.1937872150872 1.60684224657133 19.7519345277191 74.5303634803678 0 38.3408061145585 22.5876794969293 2.6436471423105
129.215013541559 9018.33983399876 56.3437559047498 169.239948291674 506.676441987898 0.626041732274997 1740.57478859181 305.318514333556 10.2994298988108 574.080268496173 184.497675942333 2412.31312432066 33.7495748674999 742.250192098663 1962.72333959122 0 1206.59109867134 547.995196318048 61.3520897629497
20.8192224690687 1295.5305805051 2.24587081651226 7.96933222546772 145.420135369169 0 326.666280728356 58.3522910037647 0 91.6736393915098 29.4620357832797 346.541101781199 5.38939678962433 106.628031317292 285.950876373296 0 70.4641968680722 112.63042144809 22.8542877905488
15.7849502555928 1492.61114164789 3.02926949925796 14.6192955394932 14874.3788696091 0 3556.34630936385 49.0281374251481 0 88.6306944978838 28.484095429459 399.258124309105 5.21050526148641 122.848653633571 287.132062551469 0 53.8718737976145 162.679959325015 28.792741265395
0.46085134322429 13.537078949256 0 0 207.209715885923 0.00313358309010555 49.5422037326792 0.695671703681247 0.0680760194876492 1.65234265599223 0.53102918985445 3.62102934856641 0.0971394859489848 1.11416287648197 4.27291635508899 0 2.0896277373471 1.73677769624206 0.0858515915097411
284.791403431842 15993.9854139784 63.5867138920893 195.998819809423 2854.65807973122 11.5130489547041 4658.31432586233 253.436944679329 112.177561091294 2414.70546005209 776.037028117858 4278.22655106418 141.957992948389 1316.37740032744 4930.31102727654 0 2824.79159290312 1832.45348216294 344.324160026835
18.6839468183515 330.382482682197 1.9312733490123 14.2150701154045 61.4863538325078 0 127.139820631078 20.0520118905245 0 59.8447714858473 19.2328875635488 88.3739151207522 3.51821113967356 27.1919738833084 87.051143052377 0 59.4203404824016 39.1195136509235 7.24241808519383
12.8399608434532 1072.13673042834 372.644518059659 947.033865466291 13777.0577163143 0.240749265814747 356.431426591059 63.7534981163553 1.14355901262005 258.323962219224 83.0200466469776 286.785545176305 15.1865938988374 88.2417062080939 279.117697181095 0 664.697258663764 159.353085467856 19.6725942867141
697.389657061127 17741.3913380162 378.751732036188 4544.20638134071 312112.376159538 2.25861124608736 74843.8841754575 931.387573466665 31.1471177801778 5082.39652167642 1633.37846277667 4745.63965831709 298.788743190854 1460.19681794372 5962.95538744151 0 1893.75866018094 2354.16787572952 209.355888579636
176.701353181439 9098.92035839265 82.9536895591597 4761.25807689617 2049.85562994984 5.1970986229835 3198.23953656472 1797.53305919618 116.507457543797 2235.25212890435 718.364391809353 2433.86758557828 131.40812045293 748.882334024087 2291.44134570417 0 1206.3265457579 1227.31482865841 169.28855434243
26.8134321562158 638.007552369532 6.31623401856147 18.0021159090855 7232.46882992168 0.234311907140184 1729.22607769752 22.2762209706936 6.16223336654977 99.26674883365 31.9023061115395 170.660456395142 5.83578770333039 52.5109096600438 174.299138643944 0 168.364990666816 123.132605114537 6.19333429395143
14.757254161784 214.955188700343 0.599048671181043 63.2357842983782 69.6342438121137 0.289195910225331 66.2503678089879 14.3846369253518 1.37368057357032 24.5527327781306 7.89074696377312 57.4983015042069 1.44342932264142 17.6917850782175 59.755908315352 0 25.1393873388734 15.6165791521679 4.31728180264959
1929.6 7280 759 15848.875 2151336.83864118 36904.5 52872.2024731518 0 859160.1125 4763.85 1531.00411522634 1947.32510288066 280.061728395062 599.17695473251 5016.83054982173 0 1375 2850 217.97022820857
1021.18174069089 15948.714827927 3157.94353417728 17240.3167333519 4051.9275492357 3.49993741913252 71.8011852898579 429.520097714652 7578.46102975271 5434.70282442897 1746.6025146117 4266.1171350422 319.500459989945 1312.65142616683 5448.19832341077 0 3451.93827738441 1543.97239289732 84.0576016906774
607.6479898663 2784.35387621747 1110.43100665024 7159.16032988592 300106.160949725 586.670565224678 82598.6155911864 150886.204865 6193.59522044815 340.508084560783 109.432345420279 744.786016272163 20.0181119671242 229.164928083743 1013.36831898446 0 230.688952567796 265.892622944489 40.3123366056654
916 17729 219 1125.125 55175.7026251812 1759.85539600406 8654.73864752823 0 20728.2696244082 1796.55 577.374485596708 4742.32510288066 105.617283950617 1459.17695473251 3340.79151810846 0 599 724 240.358059939982
3628 24863 0 35984.375 169140.009159176 4.4 72567.6963374981 735.111111111111 12290.1652885822 7873.95 2530.52674897119 6650.59670781893 462.901234567901 2046.33744855967 14232.5926064928 0 2489 1384 320
408.253548208753 1301.64088903568 150.484632865313 811.702081141918 2382.67335370079 1.2796312318479 5063.53442975101 78.1996863907049 1994.53394315755 1518.28245658753 487.944979189408 348.175546449874 89.2582279005015 107.130937369192 1063.09582398222 0 1260.69268961655 356.761187439194 59.609845055144
3.99704166324267 0 77.8055281661567 0 1407.92723629479 41.6327957206229 561.038684881245 1.11028935090074 490.231173648874 0 0 0 0 0 62.2826697525826 0 0 44.96671871148 2.8607456627416
0.00123775394136569 0.0026785386675799 0.00985266300310091 0.00203183669475667 0.012524308655716 0.0049579028600329 0.0668121189609171 6.79487231755428e-05 0.0583799020901946 0.00247856557527427 0.000796560365167511 0.000716481536595446 0.000145712261920886 0.000220455857413983 0.0024469297896804 0 0.00298430792186984 0.0026663078974083 0.000223049308086019
942.8 12547 1608 5311.0625 22726 3039.9765820356 41162.3036250776 282.777777777778 35782.4389211664 4648.35 1493.88477366255 3356.19341563786 273.271604938272 1032.67489711934 3995.64908988553 0 2191 3485 532
599.618836739654 5951.62803935749 172.906624996624 3614.38784037578 173473.984666305 566.873271733488 39428.0258157031 83146.4950872744 13365.8186174693 1278.11259215971 410.759288877508 1591.99926978698 75.1388943068613 489.845929165225 1543.75057249916 0 896.227442813718 2697.78267712519 61.191999771945
170.976266084732 1636.21517796674 36.3411091880503 301.598758841899 1028.79949582361 4.84548122507337 4566.90603534638 161.227619334287 2229.26151576495 1681.68482767703 540.459164685542 437.670726616618 98.8644813449163 134.667915882036 1260.78601837599 0 81.3348634208744 551.173489352096 46.1284644054786
461.6 6434 123 1339.125 32319 1002.78269230769 13400.3309470187 368.611111111111 11843.7905531118 1085.7 348.921810699588 1721.02880658436 63.8271604938272 529.547325102881 1848.89998123475 0 342 1231 35.0295208048304
281.6 3974 879 10307 80926.9805717614 2575.8512026194 12626.7307014131 56315.2777777778 30330.9575143294 1963.5 631.028806584362 1063.00411522634 115.432098765432 327.078189300412 1818.01989116157 0 764 973 176.996404594347
2513.2 18844 911 12965.5625 448908.675609668 6195.1 17073.984833339 435000.305555556 106317.005 3029.25 973.539094650206 5040.57613168724 178.086419753086 1550.94650205761 6451.66785513229 0 1539 1772 424
932.8 6385 597 4759.0625 678007 3197.15 247748.691358025 515476.166666667 68718.48 2241.75 720.452674897119 1707.92181069959 131.79012345679 525.514403292181 2562.67029461437 0 3297 1970 153.320887014411
12.1882453946509 128.360458388548 8.63733925605181 33.0048328169619 274.715373560537 76.4980163228939 375.070243560086 6.16476760173451 900.773336852957 263.006980346778 84.525073048935 34.3351020380889 15.4619036065125 10.5646467809504 109.064484730907 0 24.712387315926 78.455831575804 5.25646583699521
1856 47213 17079 112958.3125 1394573 21614.05 291645.234567901 717739.75 472486.7525 4717.65 1516.15637860082 12628.9917695473 277.345679012346 3885.84362139918 13561.8964158379 0 2903 1592 1084.94056763475
582.8 5586 0 27887.6875 7519 3527.7 7591.11160196764 105.361111111111 67880.0075 4468.8 1436.18106995885 1494.1975308642 262.716049382716 459.753086419753 2506.0446612873 0 718 726 153.750595678183
546.4 11461 0 12836.4375 13730 2556 11082.9239747584 74.3055555555556 82644 3671.85 1180.05761316872 3065.69958847737 215.864197530864 943.292181069959 3581.13004316007 0 1286 922 156.006068829489
47.9535491391243 466.991081619272 20.2744784963209 80.2248908727749 149.787033439374 179.366917368917 885.972113918943 11.6629107069137 2112.06701095953 233.600642621239 75.0744765625773 124.915309898159 13.733135956569 38.4354799686644 204.423930171882 0 176.571043493043 106.254541149615 12.3249741464824
0.580056256238091 7.51517557390436 0.371449959168859 1.52610215724526 160.906163010851 0.705681141409177 67.5743508462997 0 22.8170235722301 11.3075310770348 3.63400959559808 2.01023214939829 0.664757852853307 0.618532969045627 5.69940884109251 0 2.45454133018782 2.35053534162054 0.294629153208645
576.8 7882 6648 40864.875 351582 3615 31702.9461472548 2195294.08333333 97001.105 1907.85 613.144032921811 2108.35390946502 112.16049382716 648.724279835391 2565.5008444361 0 1896 722 109.85678890533
106.426993865031 1365.62235855487 1149.27873223162 27.178936605317 638.943421949557 86.543479456735 8287.1981424795 13.6424486859047 2798.2391691011 828.099284253579 266.134200700739 365.289931300686 48.6830854940375 112.396901938673 564.738991790748 0 158.305385139741 431.048398091343 42.2565623035364
24182.5258179194 107259.788239193 23237.2447887589 406931.482610224 7477246.71285516 8703.37450414271 2184239.54562109 8347915.39045983 204657.325514897 12654.3740556811 4066.85742726182 28690.8898582205 743.937334255211 8827.96611022168 34807.2933069463 0 6106.14459355392 16465.1565889203 1085.64758569473
2888.64191506453 17605.6269222942 15698.5321523055 112674.972033819 1783716.93827451 3798.79744964387 778983.514506308 1718666.73331768 122827.784205152 2062.06566432817 662.705798451539 4709.32407386471 121.226670448452 1449.02279195837 6512.61102954376 0 1272.433541477 1358.76613506132 56.7772912761741
325.189093311649 1460.77947330081 63.2971471166226 239.527778395423 37139.4731909135 1133.42516997151 5769.52930663906 223.490578035471 13346.2176080352 1024.96872522362 329.404019080294 390.743480512561 60.2568327585904 120.228763234634 715.287679792446 0 461.871370366606 845.61032476113 68.733183954112
1447.2 6821 235 19973 272165.885774024 8.45 15032.3830842918 109517.861111111 6951.30212114215 3682.35 1183.43209876543 1824.54732510288 216.481481481481 561.399176954733 3626.56821167198 0 1815 1799 295
0.400430588682272 3.92323279228318 0.292568123773139 0.76799132490449 2.70713637419001 1.91310317149839 9.74898139336214 0 22.5230099840236 5.1409154230956 1.65218524277421 1.04942440945846 0.30222900782455 0.322899818294912 2.16449227863587 0 0.764907022394833 1.73425923971547 0.189127058953526
653.6 13584 3316.892660481 25575.6786697595 4933 5527.55 50654.6172839506 235525.777777778 145978.015 2691.15 864.880658436214 3633.58024691358 158.20987654321 1118.02469135802 4220.28860949522 0 972 1988 300.414879521452
228.8 2087 0 196 25246.4941138746 803.578877720284 3999.30546938134 114.861111111111 9462.23787102342 447.3 143.753086419753 558.251028806584 26.2962962962963 171.769547325103 1361.24676299493 0 583 547 15.4516630020188
1668 5120 5316 37348.375 684823 10119 79843.8518518518 490876.75 162837.1575 1507.8 484.576131687243 1369.54732510288 88.641975308642 421.399176954732 4374.82454494277 0 1217 809 74.3294315319512
1486.8 8360 10884 84342.8125 330971.125118694 9549.8 35052.5005243917 749305.916666667 209865.29 2485.35 798.740740740741 2236.21399176955 146.111111111111 688.065843621399 4072.01163445299 0 1518 613 264.935860640022
126.157139935579 1981.03814740017 27.8287808681425 112.474656008743 396.652889973925 481.369816202008 2359.66691287644 50.2773307684442 5674.39761022131 685.701160591032 220.370351434312 529.907323378647 40.311649652618 163.04840719343 693.066187488158 0 260.106338514239 187.380457845493 56.3767282666565
618.218904488601 1740.17620846958 343.92506516818 14655.9526123008 484806.805527291 1375.88353552571 79758.5490529918 365045.21060366 80568.0574032074 743.186404002698 238.844934854875 465.4792327182 43.6911466197941 143.224379297908 1123.26714967972 0 187.980132279972 632.241859694053 94.542122107428
2069.2 8606 6075 57753.875 252833 4479.6 122246.879738946 2280076.86111111 85490.34 1630.65 524.057613168724 2302.01646090535 95.8641975308642 708.312757201646 4766.17789453931 0 1222 1460 143.165110142067
109.786438778617 1346.53809874659 23.3616899246011 83.2260203563913 8316.29443336311 0.688697217430436 1299.83257823844 12.7911629163278 8.75303779653315 407.718880619074 131.032522871895 360.185088142091 23.9693639399809 110.826180966797 457.42006776688 0 146.11184103132 143.073470954421 73.7959886137167
36.4 2059 923.606399966961 17.625 201 69.5498048123115 6659.92420074283 0 2248.77702226474 759.15 243.975308641975 550.761316872428 44.6296296296296 169.465020576132 627.667104522424 0 455 127 26.5078019981322
325.2 12316 5777.60905686871 274.875 2099 10.4 15021.2245222871 210.194444444444 7027.70373391635 4669.35 1500.63374485597 3294.40329218107 274.506172839506 1013.66255144033 5014.26571589416 0 1635 1527 209.268496817946
932 12364 0 38490.0625 11197 5.7 16071.1457248119 333.722222222222 7622.89192296952 6653.85 2138.41152263374 3307.24279835391 391.172839506173 1017.61316872428 5194.55395008444 0 2840 1185 397
1265.6 9115 241 21372 219036 4474.85 8387.48892851059 966918.111111111 98628 1197 384.691358024691 2438.16872427984 70.3703703703704 750.205761316872 2806.97316569713 0 416 650 195.069352643809
13.711667987876 468.29568974897 12.7925887930365 64.3238998989663 159.410560348178 102.814584695809 507.701460895602 31.8986720551281 1211.61382631405 166.40301422243 53.4785309278433 125.264279150959 9.7826580965567 38.542855123372 120.980249654056 0 67.1300411906427 54.8342519623844 7.76514308965472
171.6 3440 1968.63251125398 86.25 445 1028.7773693397 13863.6834817227 0 12113.9771774918 1517.25 487.61316872428 920.164609053498 89.1975308641975 283.127572016461 902.002251829612 0 1044 380 8.1387278631313
4212.4 10189 7683 70366.1875 1462744 28404.45 170000.473082744 258042.555555556 620560.81 6809.25 2188.35390946502 2725.45267489712 400.308641975309 838.600823045267 8370.65453180709 0 4606 5535 583
0 0 0 5272.00622240563 87419.3234146102 139.713073563645 2003.10839434312 2791159.30062865 2573.69416082952 0 0 0 0 0 78.5162214203648 0 145.610998101071 127.474396914105 32.5144057771045
97.6 641 1068.06534629956 36.75 1109 255.261454608339 3598.2398051815 3.05555555555556 4702.45062550956 12734.4 4092.57613168724 171.460905349794 748.641975308642 52.7572016460905 6152.47738787765 0 2254 2758 565
97.5957285717412 0 179.150011055719 1608.03931426639 195.991422131775 42.6145390444586 626.333251482214 0 785.014512297608 884.686056204042 284.320033739884 0 52.009762269491 0 852.941797272169 0 126.992819873793 282.987614608635 9.91737121769497
128 2296 653.21908090136 61.125 90376.7583652661 79.706406727653 6339.40706202021 2528935.11111111 2577.17381752745 5908.35 1898.82304526749 614.156378600823 347.345679012346 188.971193415638 4257.74854569338 0 96 269 33.6143827191469
444.4 20 530.012996371452 4543.98450028128 343 0.3 1693.45430520744 11.1111111111111 1066.17647642908 10435.95 3353.9012345679 5.34979423868313 613.518518518518 1.64609053497942 4784.37793206981 0 105 591 27
79.2797973212738 350.608069188047 8.20135834358005 42.2882539590846 0 97.4144513454815 1398.44853570895 4.17661767497132 1794.49924200591 6754.22866385535 2170.67117552866 93.7840514289015 397.073995523536 28.8566312088928 3039.70647647455 0 51.2584896473753 153.775468942126 7.16644427675792
0 0 0 0 0 0 0 0 0 0 0 0 0 0 0 0 0 0 0
3430.4 9501 72 303.75 88863 101885 85740.7901234568 1785070.75 2184688.3525 35558.25 11427.695473251 2541.41975308642 2090.43209876543 781.975308641975 30541.7155188591 0 8764 2690 119.759317788468
0 0 267.198046092288 2398.35297960394 74 63.5585870227016 2789.56513988502 0 1170.83076134879 4556.63853494233 1464.41058148254 0 267.879984417538 0 1853.21670594661 0 310 154 14.7915269227409
55.1835747441418 129.371696912924 3.51936063419272 85.5292618124685 85.6612378362508 0.140774425367709 353.639202123595 20.5296036994575 223.399423081251 1736.80447297411 558.17349317608 34.6055979396711 102.104907288307 10.6478762891296 824.037007265743 0 24.1428139505621 148.09469548683 5.79276354936986
109.950683154139 1102.05986597995 50.2096772917507 237.538579221355 754.847182335303 0.382955165784539 2078.11960562979 6.73717421287616 1243.45632851394 8996.3827546104 2891.25371694318 294.789676085172 528.887875050582 90.7045157185146 4578.5407703546 0 587.197920869627 905.476214210555 36.5934936194115
127.6 0 584.424201867905 21187.725399066 86984.0335001088 139.017395657768 6101.42702867199 800300.555555556 2560.87888078088 0 0 0 0 0 7993.27397260274 0 335 550 32.352505726201
28.0550822308981 133.497829063571 0 0 86.7735888913209 23.3007586841323 340.665345723441 0.627553897307383 429.229885497656 1481.30218035315 476.060273521295 35.7092958400497 87.0841963758467 10.9874756430922 769.417455862769 0 93.6538616199818 70.3430868527276 5.42261581859158
324.4 0 20 9.75 229 145.149555811114 6311.31443935902 8.66666666666667 2661.79740953151 2985.30653544568 959.416562439921 0 175.50302971462 0 1207.61524466746 0 89 524 33.4654230198439
20.8 0 283.714281375687 5319.82839586198 42578.2254926569 67.487315517912 988.786214584872 312.5 1243.20298343008 0 0 0 0 0 289.219178082192 0 100 232 15.7058312839799
0.0637514581869849 0.84077074916641 0.0774309208748804 12.8204719591722 0 0.123808803086139 1.77663947761728 0.0170276330627631 2.28071708276413 5.81651398746992 1.86930882607303 0.224897525497188 0.341946736476774 0.0691992386145193 2.69443645747712 0 0.154861841749761 0.344567597893218 0.0497097260574988
13.2 0 189.527602017961 19.6180994955097 488 0.7 540.512840700305 312103.333333333 327.601821172455 1062.6 341.497942386831 0 62.4691358024691 0 426.191780821918 0 90 681 8.27753639402601
202.8 1419 34 130.25 667 176.4498519302 2533.81306769583 0 3249.09458377139 7751.1 2491.04526748971 379.567901234568 455.679012345679 116.79012345679 4582.95890410959 0 2434 2322 41.0289801654867
19.939186928275 138.342111552919 162.023565566479 1459.98431521426 252.040284205723 38.5406594187019 1691.53665962069 0 709.968420065186 2232.40481063816 717.44932185902 37.0050915676533 131.240729608357 11.3861820208164 1162.68068111709 0 66.0905634139452 98.5757556004606 8.96928689129445
1636.4 3064 76 163.3125 990 0.65 3786.66994008361 3.88888888888889 2328.32248700401 12653.55 4066.59259259259 819.588477366255 743.888888888889 252.181069958848 8050.91349221242 0 1041 2009 60.5760882929865
599.2 538 0 52.5625 134199 85.3652373219593 90199.7211967133 1949496.5 1572.53725245167 5466.3 1756.75720164609 143.909465020576 321.358024691358 44.2798353909465 2768.09832989304 0 106 374 19.8664297817528
19.3985413265384 80.3298570316911 3.60613909275393 0 96.3709585132517 21.2891715988137 926.188130395676 0 390.509831763834 410.633545484368 131.969236644006 21.487410317119 24.140714020245 6.61151086680585 199.957228698801 0 38.5483834053007 64.1644059262424 4.91106533788824
80.4 0 573.861852899214 10799.535190976 93 136.504922284895 5991.15541213411 0 2514.59589606036 0 0 0 0 0 477.123287671233 0 118.509780537967 87 31.7677961019255
0 10 36 367.795598079447 500 8.33704857838968 221.486493269502 0 269.564570701266 785.093906297496 252.313150367998 2.67489711934156 46.1548445795118 0.823045267489712 419.2291630437 0 130 608 3.51596255768589
599.2 5245 55 229.1875 1986 2 6419.13962624003 102.666666666667 3905.66559986516 20166.3 6481.03703703704 1402.98353909465 1185.55555555556 431.687242798354 14698.4687558641 0 866 6231 217
206.4 7 0 4 900 90.5741133043731 1359.8836657072 0 1668.49143453698 4809 1545.51440329218 1.87242798353909 282.716049382716 0.576131687242798 2121.17545505723 0 130 599 21.0786535415977
340.4 693 0 0 1225 218.184217704044 3133.82317450441 4.05555555555556 4019.23336712116 10484.25 3369.42386831276 185.37037037037 616.358024691358 57.037037037037 5355.43366485269 0 1260 1388 28.8665536976594
0.154726126999515 0.164323800290839 0.567409102642375 5.09302867995791 0.127968977217644 0.134970002046019 5.92378827589897 0 2.48632069492584 9.47748424624334 3.04586991256889 0.0439549260037223 0.55717132546992 0.0135245926165299 5.22468294873977 0 1.49781871061561 0.799806107610276 0.0314105852968854
2.4 0 0 40.875 540 67.8919598385797 969.591442199969 13.8888888888889 1250.65705124744 1409.45019104616 452.968511329748 0 38.1234567901235 0 68.2757941018614 0 80 488 166.136652195913
108.4 611 415.560318307221 7722.52326884758 381 97.7845300701906 1370.23815683746 58115.1111111111 1795.9637969715 5462.61960323193 1755.57439727618 163.43621399177 321.141658038326 50.2880658436214 2045.32975283435 0 151 1038 22.6170476775027
97.6 451 230.701496215115 13.875 34662.9535538785 54.8771270520119 2408.53876356087 3.05555555555556 1010.90712453995 4960.2 1594.10699588477 120.637860082305 291.604938271605 37.119341563786 2290.63464064552 0 300 321 12.771153989666
199.2 808 34 379.25 194 218.382861279645 3113.35920880165 238222.777777778 4022.89263677695 4746 1525.26748971193 216.131687242798 279.012345679012 66.5020576131687 2276.47513604804 0 1228 2039 50.8226523495448
24.4 7 240.629794952888 1716.01353967301 242 57.9387784508182 909.903106280906 0 1061.06177489218 998.55 320.913580246914 1.87242798353909 58.7037037037037 0.576131687242798 508.675924188403 0 220 371 49.8013821070876
197.2 0 4 10.5 138 12248.35 4629.30902048403 0 270696.025 2189.70336626932 703.72594957509 0 128.73035662959 0 3914.64383764111 0 5054 284 24.5466750466344
36.9778921366818 0 2803.54662412515 28242.6087960581 0 96.8854332245712 4228.16610203441 168350.600098349 1779.85468875639 2885.09469309641 927.210522570667 0 128.819206196728 0 148.403190631885 0 92.3317575615366 171.160045286126 8.52359901096792
0 186 98.076745475014 1839.00314436698 15019.4634293268 23.8295843788618 1023.92766044396 0 434.510891797316 685.926674881597 220.442827122442 49.7530864197531 17.0864197530864 15.3086419753086 36.6557945236374 0 20.2540969109569 168 5.42932421252591
0 0 504.564802051921 9460.92014999394 263 120.021184094784 5267.68965268135 0 2210.94427888222 2491.6629488114 800.769593582341 0 146.482242728477 0 136.134621221663 0 104.199057066192 218 27.9316557997608
0 0 235.68111022378 4426.17501106163 229 56.0616313361484 2460.5262606695 0 1032.72721396895 0 0 0 0 0 1431.46575342466 0 227 309 61.7643356884329
0 575 577.820800682501 0 86025.2020771629 137.446639976631 6032.48708685402 0 2531.94354479894 997.5 320.576131687243 153.80658436214 58.641975308642 47.3251028806584 635.785325577031 0 119 204 31.9869551997505
0 0 150.084329049986 2814.17936235913 22338.1240273757 35.7006648370945 504.450443812047 0.916666666666667 657.652074249913 0 0 0 0 0 0 0 30.9943252161522 40 8.30835564215766
303.6 443 56 196.3125 1600 0.9 5620.07194264157 0 3447.67212541468 13910.4 4470.51851851852 118.497942386831 817.777777777778 36.4609053497942 6816.41884030775 0 2655 6162 285
304.8 550 86 18.75 568 143.876806090514 2053.06521447964 0 2650.3954588421 7771.05 2497.45679012346 147.119341563786 456.851851851852 45.2674897119342 3751.13717395384 0 295 907 76.5279985200778
0.0513275965210989 0.00151856794441121 0.00151856794441121 1.83791321825372 14.2157650489136 0.022719556162916 0.997153725948836 0 0.418523388983338 1.68363904064261 0.5410872088289 0.000406201302002999 0.0989793674687013 0.000124985016000923 0.490379062108697 0 0.0135152547052598 0.0306750724771064 0.00528735678998754
1438 1388 740.137659797251 14389.5653562605 528 178.557065337799 2682.79165952183 11.1666666666667 3271.79714308097 11447.1 3678.86419753086 371.275720164609 672.962962962963 114.238683127572 8808.7588665791 0 793 1011 12.5407549900522
0 0 0 9 10728.2839867695 9.46164680396258 752.527093240194 0 305.92657999479 172.2 55.3415637860082 0 10.1234567901235 0 39.7808219178082 0 0 30 3.99023654282297
0 0 0 0 35114.9246108108 55.8887378536813 2452.93802351389 10 1029.54229408335 529.2 170.074074074074 0 31.1111111111111 0 294.404203415275 0 48.5210492538897 129 13.0065788017827
0.703110595561525 6.4668117376686 1.89380457678851 35.5100748364239 8.10890791189335 0.458239671227947 6.38175620485845 0 8.52608884397279 27.9367959949937 8.97831578126391 1.7298056088414 1.64237483803608 0.532247879643506 17.8742888465704 0 8.7239886094552 4.86985910087958 0.541722449228783
185.2 9 43 156.75 520 143.645055252314 6304.53346147529 0 2646.12631091034 6850.2 2201.51440329218 2.40740740740741 402.716049382716 0.740740740740741 3229.14768249203 0 0 484 414.520705006405
0 8 213.814109577033 4009.15444245 156 50.8601125232013 2232.23333858376 0 936.908560389418 1439.11575321869 462.502417260172 2.13991769547325 84.6041007183242 0.65843621399177 220.325889823069 0 44.1553364697084 221 11.8363034630059
0 0 0 0 64885.7777256755 103.700086920445 4551.36215304783 0 1910.28871799233 83.7281245420614 28.2539350306545 0 0 0 13.620157245712 0 90.2693842719099 78.4951167581826 24.1333657563292
16.8 0 499.786228360375 9371.31876689565 298 119.434501412181 5217.80102967959 0.833333333333333 2198.14012474072 226.8 72.8888888888889 0 13.3333333333333 0 155.083505348095 0 103.212220745554 53 27.6671239199641
174.11208881175 762.474666928648 0 0.734278377242535 144733.937306611 42.7121873320775 3397.09131453498 747983.96054782 1381.02739040384 4270.68052658294 1372.50951667569 203.954129013836 251.06881402604 62.7551166196418 2326.83941371154 0 41.119589125582 252.004339069638 25.3453908666507
342.8 1667 36 165.75 958 9172.55 2905.59785263441 0 223939.295 12106.5 3890.78189300411 445.905349794239 711.728395061728 137.201646090535 6237.56877462939 0 504 1343 281
817.2 252 302 1345.1875 264624 36759.65 163681.283950617 7188182.86111111 951677.6125 11322.15 3638.70781893004 67.4074074074074 665.617283950617 20.7407407407407 6475.10865077876 0 975 675 28.4033615142202
318.8 854 329.582402958609 6179.8856847602 0 0.5 3440.86192043231 180694.444444444 707.070778035718 3220.35 1034.95473251029 228.43621399177 189.320987654321 70.2880658436214 1602.46913116907 0 120 523 19.7777034115307
79.4065958794664 585.959300511521 506.873969246017 0 73222.8551761958 0.191803371689532 1709.44307264982 277701.046536044 1077.46547346555 6354.97316334635 2042.35861020733 156.738084498967 373.602184794024 48.2271029227589 3073.06181571036 0 221.675986228761 374.975591653036 141.892943997641
0 0 165.922871491406 3111.16239550211 37.3781068307776 39.4681900596706 1732.24566942448 0 727.054725117121 0 0 0 0 0 371.658993140671 0 60.8451730078344 218.454268810989 8.71773891822231
123.6 1325 0 1562.86737818838 824 82.8904749352169 1250.09562909405 32.9166666666667 1525.74873301564 2437.05 783.218106995885 354.423868312757 143.271604938272 109.053497942387 1353.831863389 0 119 1422 19.0694097814592
166.4 0 553.897002945218 20.625 1098 131.755869394149 2204.72276505976 9.83333333333333 2427.11224558569 0 0 0 0 0 9704.68493150685 0 492 849 150
1.6 0 468.686837765886 4206.90379400721 140 111.486867513428 4893.12135053219 0 2053.73121218878 2314.48888925206 743.829468621081 0 108.049382716049 0 182.830818284356 0 48 32 71.5086431567805
0 22.9953823420761 41.0788906872581 356.734779451149 58.3014239177889 9.43995382653165 414.316418129485 0 173.896067290919 555.094593142358 178.396067558979 6.15102819849772 32.6334269924961 1.89262406107622 271.106226213339 0 25.7827014138429 157.25125096551 10.0527049206921
186.8 980 18 78.375 1323 5678 3435.78193855553 3.61111111111111 133249.8975 19450.2 6250.89711934156 262.139917695473 1143.45679012346 80.6584362139918 10870.2045411897 0 1701 1401 54.4798697945007
2417.6 30084 229 1917.8125 804025 164013.15 527142.172839506 17373274.5555556 3715928.9675 27201.3 8741.94238683128 8047.16049382716 1599.13580246914 2476.04938271605 26236.5899793582 0 7165 2541 103
1648 2256 239 1201.4375 0 24847.25 19289.3827160494 3283623.38888889 556714.87 16711.8 5370.83127572016 603.456790123457 982.469135802469 185.679012345679 10275.7725652092 0 2910 954 60.2036890447291
280.8 884 82 2370.29458607163 1624 104.347722252401 1467.63788476896 38 1891.88662767296 4356.45 1400.07407407407 236.460905349794 256.111111111111 72.7572016460905 2043.06586601614 0 366 948 23.4928279785771
235.2 0 223.061964164554 0 724 3.2 853.765078870052 1.25 503.762474774174 1101.5338944327 354.010501052248 0 64.7580184851673 0 820.768983775709 0 246.065136209972 712 56.6698673208632
0 0 204.556941495062 1458.76565829411 30463.0608215156 48.6581034451914 2135.58789617434 0 896.344726514659 1010.15161971797 324.642103926607 0 32.5289134600883 0 67.8598171016846 0 42.243613374237 33.0719038633429 11.323845932289
104.8 3 363.975761825911 5.25 82 86.5791702839625 3799.93084456151 0 1594.89945590376 4174.8 1341.69547325103 0.802469135802469 245.432098765432 0.246913580246914 2551.10076937512 0 330 587 20.1489395562929
75.6 0 0 6426.88638474722 106605.308858062 170.318473153784 7475.2208575458 0 3137.48490858021 3535.84437827467 1136.34818349411 0 207.868570151362 0 701.032990269467 0 83 99 39.6369774582071
0 0 23.1806543257852 294.578158051551 0 1.23232588566993 54.0863712155042 0 22.7010247165091 24.3650697669858 8.22195769914746 0 0 0 0 0 1.06987109195373 129 0.286790225669533
0 0 0 0 0 0 0 0 0 0 0 0 0 0 0 0 0 0 0
0 0 0 0 0 0 0 0 0 0 0 0 0 0 0 0 0 0 0
0 0 0 0 0 0 0 0 0 0 0 0 0 0 0 0 0 0 0
50.5963110682352 0 80.4644521216543 0 88.1099144240784 0.244493479815505 826.569108310216 0 170.873176926216 0 0 0 0 0 82.8194015964345 0 6.27379495375637 65.690323633449 2.80697710194455
0 0 0 0 0 0 0 0 0 0 0 0 0 0 0 0 0 0 0
0 0 0 0 0 0 0 0 0 0 0 0 0 0 0 0 0 0 0
0 0 0 0 0 0 0 0 0 0 0 0 0 0 0 0 0 0 0
0 0 0 0 0 0 0 0 0 0 0 0 0 0 0 0 0 0 0
0 0 0 0 0 0 0 0 0 0 0 0 0 0 0 0 0 0 0
0 0 0 0 0 0 0 0 0 0 0 0 0 0 0 0 0 0 0
0 0 0 0 0 0 0 0 0 0 0 0 0 0 0 0 0 0 0
0 0 0 0 0 0 0 0 0 0 0 0 0 0 0 0 0 0 0
0 0 0 0 0 0 0 0 0 0 0 0 0 0 0 0 0 0 0
0 0 0 0 0 0 0 0 0 0 0 0 0 0 0 0 0 0 0
0 0 0 0 0 0 0 0 0 0 0 0 0 0 0 0 0 0 0
0 0 0 0 0 0 0 0 0 0 0 0 0 0 0 0 0 0 0
0 0 0 0 0 0 0 0 0 0 0 0 0 0 0 0 0 0 0
0 0 0 0 0 0 0 0 0 0 0 0 0 0 0 0 0 0 0
0 0 0 0 0 0 0 0 0 0 0 0 0 0 0 0 0 0 0
0 0 0 0 0 0 0 0 0 0 0 0 0 0 0 0 0 0 0
0 0 0 0 0 0 0 0 0 0 0 0 0 0 0 0 0 0 0
0 0 0 0 0 0 0 0 0 0 0 0 0 0 0 0 0 0 0
0 0 0 0 0 0 0 0 0 0 0 0 0 0 0 0 0 0 0
6.36662568901931 0 183.763968751239 1033.9436292977 77.0506404409724 75.3644544620103 3302.95772009958 158041.293717201 1387.34183864105 1562.32768353647 502.1002157554 0 32.0117655295247 0 12.5384056156536 0 44.8557718999088 238.386723242257 26.2432527500055
0.0695137733407284 0 0 0 16.4226289517471 2.543591610857 36.5655551731948 0 46.8562226098007 0 0 0 0 0 6.0975323555954 0 5.15560485610402 12.1649103346275 0.591951545099814
0 0 0 0 0 0 0 0 0 0 0 0 0 0 0 0 0 0 0
0 0 0 0 0 0 0 0 0 0 0 0 0 0 0 0 0 0 0
0 0 0 0 0 0 0 0 0 0 0 0 0 0 0 0 0 0 0
0 1120 435 0 1973 127.240244773814 20036.0458276779 22.9166666666667 3625.44004682712 6357.75 2043.25102880658 299.588477366255 373.765432098765 92.1810699588477 2901.58566335147 0 597 989 56
80.8 0 27 84.875 279473 0 12210.8826399622 2766732.38888889 0 0 0 0 0 0 6753.35616438356 0 1190 282 67.9828902067276
0.00380831656975943 0.0300779850643446 0.00129515831243628 0.00338601229022569 0.0221003609909339 0.0366736476618259 0.0671691569766332 0 0.737529657747527 0.20573796467249 0.0661199808079334 0.00804555156042139 0.0120951184404756 0.0024755543262835 0.167454698610895 0 0.0343768083992394 0.0183526688528204 0.00175775981660571
145.2 0 128 335.0625 100556 132.369299335821 72362.9177835422 849805.972222222 3774.5857290504 0 0 0 0 0 10992.301369863 0 589 723 118
519.2 213 0 263.625 728225 22402.35 614249.481481481 6653448.5 529284.825 9185.4 2952 56.9753086419753 540 17.5308641975309 6654.24207168324 0 2332 564 61.7216403891149
318 2831 67 0 1514 137.190829154913 4480.36376265156 131.25 3843.84873123914 4905.6 1576.55967078189 757.263374485597 288.395061728395 233.004115226337 2921.65734659411 0 558 2381 155.812790646874
30 141 101.974440006588 427.188655200164 71560 74.7028316240318 11424.3501772329 967433.888888889 2087.6306297273 3577.35 1149.68724279835 37.7160493827161 210.308641975309 11.6049382716049 1630.4939012948 0 534 368 198
11.0616654728053 80.8914743826289 4.69024362007713 17.969115167828 108.119252280999 8.42149098432493 245.476067270309 1.7427672902884 272.294875159839 669.191168139096 215.064376983758 21.6376371805386 39.3410445701996 6.6577345170888 556.059801436298 0 129.499453717974 57.6839053014681 6.28432896432806
6 145.254843308172 34.7210498503939 42.764475074803 542 26.8538167886283 4275.6139325071 0 770.816579439358 4445.91086618681 1428.82496973278 38.854176193544 194.85968367834 11.9551311364751 173.791758220827 0 0 323 23.8040607800718
558.115412814506 12.9933745819996 50.9740079755369 220.200218276676 168098.285438386 44312.4547508986 18279.4767393398 3107349.73378491 1224666.44100506 10661.5136151893 3426.39277462481 3.47559402399166 626.779166089905 1.06941354584359 7248.3974393527 0 6757.55427299226 328.832325959836 130.933236172458
0.000263017301606871 0.000267126946944479 0.000698639707393252 0.00240542678666831 0.0328155180207948 0.00206659367626069 0.0584543555071378 4.73750781974182e-05 0.0668198621990955 0.163047096535569 0.0524000075089816 7.14537100880293e-05 0.00958536722725273 2.19857569501629e-05 0.0894335095668634 0 0.0891998520527678 0.0166646118439979 0.000920560949619833
0.035525608843088 0.243907165191351 0.0140132998634782 0.0700073215308055 0.283295899942749 0.000321927159025851 0.941897210225782 0.012308979609812 0.00324199586030739 1.88994913462809 0.607391060315513 0.0652426573557111 0.111108120789423 0.0200746638017573 1.05448835951836 0 0.661654996256661 0.1903157616594 0.0219667943805875
0.0298581674446889 0.0723650086745005 0.0125216638385557 0.0858597843346894 0.178480084419882 0.015148045239365 0.436334028943569 0.00498311801096584 0.489786796072801 0.757438160648173 0.243425158428964 0.0193568953244549 0.0445289923955422 0.00595596779213996 0.536846812733527 0 0.395575110443383 0.0900001788556814 0.0113038533945927
0.0023624679618142 0.0167983841816372 0 0.0167434344935181 0.0288622265146168 0.00310558134162606 0.108417525338473 0 0.08914314139272 0.514159232605221 0.165240278556254 0.00449339494570542 0.0185165181508711 0.00138258306021705 0.0632871999925319 0 0.0259648601463542 0.0265220459864047 0.00275288416523452
