202.19625 6.89715 113.66325 0 58.0122 0 0 0 0 8.3592 14.53545 242.0037 8.58195 17.67825 0 0 0
92.34 2.74185 41.9175 0 16.2486 1.08945 0 1.05160732361056 0 4.7061 11.81385 91.0602 3.18735 7.7355 0 0 0
426.49335 10.4571 167.03415 0 61.23195 1.30815 0 4.46854267638944 1.58355 6.52455 10.41255 346.0077 15.1956 16.5969 0 0 0
0 0 0 0 0 0 0 0 0 0 0 0 0 0 0 0 0
2.5029 1.1097 0 0 0 0.0708131000906138 0.128075971195617 0.155802321972048 0.187024033465628 2.916 26.0334 0 1.70505 45.28305 0 0 0
17.92935 0.06075 4.96935 0.00618963690104569 0.83025 0.886191095162548 0.15977794426384 0.01215 0.23331711105613 1.6929 11.32785 17.9091 0.66825 16.00155 0 0 0
67.6917 4.1715 13.56345 0.12555 2.86335 0.267516155897874 0.48384255785011 0.13365 1.27353523753682 4.83975 24.48225 49.50315 1.5147 45.09675 0 0 0
30.8691 0 26.2197 0.00891959342869452 4.2444 0.127304180276297 0.230248449867115 0.296293469406296 1.80225 0.1539 8.343 18.93375 1.01655 14.26005 0 0 0
159.56595 6.27345 118.16685 0.0509656264326639 27.5805 8.97885 1.31561562490913 1.46205 0.3483 3.01725 8.5779 212.60475 1.5471 17.0991 0 0 0
111.00645 18.873 31.27005 0.32805 14.94855 0.582756398206991 0.87075 0.0243 0.58725 9.86175 63.88875 94.5594 5.29335 70.36875 0 0 0
68.8419 9.44865 32.1894 0 7.2981 0.328255902239455 0 0.726275572732916 1.00060459974445 5.8644 16.22025 86.98995 1.25955 31.27815 0 0 0
21.69585 0.35235 17.54865 0.14985 0 18.5465718398062 0.273959238716393 0.07695 0 1.7415 14.82705 22.53015 1.2231 17.85645 0 0 0
108.3861 0 69.12135 0.0386081855649678 9.13275 9.99945 0.996623327013777 0 0 0.2349 2.40975 168.33825 0 4.18365 0 0 0
113.4324 53.66655 50.96925 0.648 17.53245 2.88402359435726 1.1421 0.1053 0.07695 23.0526 107.08605 121.58505 12.47805 105.8589 0 0 0
24.9156 9.3636 0.61155 5.0706 0.91125 0.248837605251988 0.620159634754846 0.02835 0 20.93445 59.49855 0 4.6575 89.9991 0 0 0
56.95515 5.8806 7.33455 0 2.92815 0.24222191070176 0.438094172099353 0.0324 0.639730765567753 6.399 23.8221 37.2762 5.00175 44.307 0 0 0
26.0982 0.58725 14.17905 0.00877641976275661 1.81035 0.125260745637141 0.226552595912837 0.0162 0.33082536782026 2.7378 12.17835 25.08975 0.74925 20.32695 0 0 0
167.16375 10.8783 74.55645 0 20.05965 3.43369679532722 1.13410692645665 1.38367250730585 0 3.65715 5.37435 163.3527 1.33245 9.14085 0 0 0
48.19095 2.06955 21.27465 0 0.8019 0.272999272304992 0.493759585322733 0.0324 0 1.5228 30.132 57.72465 2.85525 32.5701 0 0 0
18.84465 1.07325 6.20055 0 0 0.0865014047396133 0.15645059187685 0.0648 0 0 10.55835 9.7119 1.16235 19.26585 0 0 0
190.25685 6.0183 115.17795 0 7.7922 1.5309 1.40832628392642 1.80635586587526 0.31185 2.8431 8.76825 233.8794 1.9602 11.44125 0 0 0
41.72715 1.00845 24.4134 0.65205 8.9262 0.3159 0.446710605805075 0.06075 0.1215 2.8026 16.54425 65.97855 2.92815 22.437 0 0 0
53.14005 0 33.35175 0.136785993125517 1.89135 0 0.3945893105965 0.480011435731266 0.57620241908971 0 3.49515 68.1615 0 6.62175 0 0 0
150.5385 2.2437 97.3053 0 8.87355 6.11145 1.06410246695318 1.29851322850264 0 0.56295 2.72565 186.05295 1.52685 11.7936 0 0 0
81.405 38.64105 28.4067 0.56295 15.9732 3.59235 3.33315 0.0405 0 19.5696 55.00305 66.38355 8.667 105.6807 0 0 0
83.94435 0.6804 18.75555 0.0235518581147237 3.078 1.19475 0.607962556338069 0 0.1944 1.4175 5.86845 82.98855 1.2636 7.3629 0 0 0
119.2644 0.5346 46.3482 0.0299526866696309 3.73005 0 0.773192156141504 0.940575598473722 1.12906046571925 1.053 3.63285 128.21895 1.26765 6.7473 0 0 0
0 0 0 0 0 0 0 0 0 0 0 0 0 0 0 0 0
35.25525 21.46905 4.08645 4.5684 0.43335 0.033272381627875 0.133732861709291 0.262949546036285 0.128378458703503 24.03675 84.6288 3.564 13.1139 84.01725 0 0 0
8.5698 17.4636 0 0.45765 0.180797565193602 0.0177715638701177 0 0.180947555100394 0 15.6087 60.7338 0 5.43105 50.83155 0 0 0
15.1794 6.80805 0.39285 0.66825 0.133545652619957 0.0131269195609505 0.052761492638172 0.07695 0.0506490253570501 12.09735 40.3137 0 3.3129 31.1769 0 0 0
26.1711 32.84955 0 3.2319 0 0.0369923911891315 0 0.36524854837772 0 23.1255 124.5456 1.5228 13.3164 107.7057 0 0 0
22.79745 32.0922 0.53055 2.17485 0.3564 0.0281754551022891 0.518246604434051 0.303668855249777 0.108712431221673 21.1653 71.2557 8.262 10.67175 68.52195 0 0 0
3.65715 18.76365 0 0 0 0.0276928340375037 0 0.14175 0.191900281733009 18.7839 109.2447 0 8.9019 135.0027 0 0 0
26.5356 38.49525 0.4212 4.0176 1.0287 0.0356584153640285 0.216223131598579 0.346606221063815 0.230734752887305 42.8814 95.51115 7.4763 11.20635 101.91015 0 0 0
183.16935 66.13245 44.7363 8.8533 0.39285 0.0698218256308544 0 6.3909 0.4131 30.40335 35.59545 97.5726 9.40005 50.94495 0 0 0
72.09 59.4135 5.81175 7.19685 2.75805 0.0517954154344574 0.0486 0.632085920932125 0 69.09705 72.67725 36.1665 19.16055 104.91525 0 0 0
99.9621 46.8666 7.95015 6.723 0 0.0554164736748874 0.04455 0.29565 0.509469424071677 58.4415 98.8119 34.2792 13.2111 129.34485 0 0 0
88.60995 62.58465 17.0748 6.03045 1.60785 0.0475153040572025 0.190979944195915 0.0648 0.64395 43.6995 36.69705 47.2797 6.804 53.8974 0 0 0
135.52515 72.79065 31.46445 8.28225 0.67635 0.0691767750394295 0.1215 0.749199716188424 1.3365 49.45455 50.5521 109.01385 10.0926 39.25665 0 0 0
39.7953 34.76115 0.3807 5.3379 0.31185 0.0399063208868634 0.83025 0.10935 0.153974910040431 37.4868 116.85465 6.2775 10.2141 120.7386 0 0 0
27.30105 18.2493 0 0.486 0.42704428426267 0.0256545301787827 0.4536 0.21465 0.0989856716585443 23.69655 90.65115 0.80595 6.1722 59.63625 0 0 0
23.5386 22.8339 3.0861 2.54745 0.1458 0.0177510268035311 0.0713473306258825 0.02835 0.15795 14.4504 37.26 7.9785 6.1641 31.6467 0 0 0
123.05115 78.975 7.4358 35.721 2.9889 0.103484878275388 0.51435 12.08115 2.58795 80.4492 289.4535 24.0408 27.07425 210.5109 0 0 0
15.46695 20.17305 0 2.0979 0.3159 0.0236587007077749 0.188242253550123 0.06885 0 17.30565 73.76265 1.7577 7.68285 68.17365 0 0 0
33.3396 28.15155 2.6487 4.25655 0.7938 0.0254024843615834 0.10210110494026 0.378954241333784 1.7091 14.0616 49.7988 10.37205 9.0072 37.26405 0 0 0
60.30045 41.03865 16.05015 7.26165 3.2724 0.0411268760942267 0.14175 0.23085 0.83025 51.2082 29.45565 32.7807 10.89855 35.76555 0 0 0
106.30845 24.9399 23.7087 4.6737 7.5654 0 1.9926 0.27945 2.5515 11.0079 111.32235 94.3812 20.00295 45.68805 0 0 0
76.56525 52.2774 6.1236 8.1729 5.427 0.107851164854355 1.25145 0.03645 0.3645 65.4237 88.40745 17.0262 15.309 133.48395 0 0 0
213.89265 87.1965 44.064 5.6295 17.01405 0.10935 1.46205 0.1782 2.9808 66.501 88.53705 129.3408 6.8688 76.4883 0 0 0
59.6727 58.8141 1.92375 1.7658 3.9609 0.0654436077433456 0.26325 0.0648 0.18225 27.08235 29.1924 15.40215 4.0257 25.029 0 0 0
63.62145 59.0571 0.75735 4.91265 0.2754 0.168932072275898 0.63585 0.47385 0.1296 50.7789 240.91425 7.8813 17.6094 161.28315 0 0 0
36.8388 8.5131 6.2127 12.9114 0.91935 0.0469429864403377 0.0162 1.81035 0.1377 26.1873 28.84005 20.62665 2.76615 25.6284 0 0 0
0 0.243 0 0.05265 0 0.00168695216331447 0.0101534242590446 0.00940398621786377 0 1.3284 3.5883 0.0729 0.0891 3.12255 0 0 0
6.8769 0.5832 1.0854 1.5876 0.22275 0.0138079775476691 0.0831074272582739 0.02025 0.5508 5.7429 13.527 3.09015 0.66825 4.3416 0 0 0
74.10285 32.7726 12.34035 6.0426 1.79415 0.0877825365129753 1.1583 0.83835 0.53865 49.3128 52.28145 38.86785 11.6802 63.58905 0 0 0
114.58665 42.1038 22.00365 0.38475 4.80735 0.110799969647494 0.1377 1.63215 0.69255 36.30825 98.3016 60.7095 12.76155 98.79975 0 0 0
18.26955 4.40235 0.23085 3.7746 0.6966 0.0359741773097736 0.1215 0.212689573662489 0.0405 23.4576 48.43395 1.4013 2.2194 30.8205 0 0 0
27.26055 13.90365 3.4182 2.03715 0.12555 0.0301138027191299 0.15795 0.305570667524895 0.90315 11.5587 13.5918 12.3768 6.37875 20.18115 0 0 0
82.10565 9.5094 20.7036 4.9005 1.14615 0.322964901896534 0.829744852919736 0.65205 0.65205 18.7515 34.46955 58.77765 4.6494 28.47555 0 0 0
118.21545 66.82095 22.91895 2.99295 18.22905 0.50625 2.1222 0.1539 0.97605 37.63665 82.04085 67.12875 9.10845 55.1124 0 0 0
67.39605 18.549 13.5351 3.7017 5.8158 0 0.2673 0.345866043693915 0.69255 12.6036 39.8925 47.952 3.86775 31.5981 0 0 0
4.3416 1.7496 0.0729 0.6885 0 0.0100606889592642 0.0605532543027139 0.03645 0 7.87725 12.64005 1.0125 1.2474 13.67685 0 0 0
171.6309 155.41065 39.0096 3.6126 34.08885 1.50255 9.882 0.67635 0.5508 64.9215 135.7479 85.45905 26.67735 89.8614 0 0 0
31.73985 21.39615 7.9056 3.5964 4.1715 0.451960895649885 1.8711 0.01215 1.6362 17.74305 76.68675 3.75435 20.2014 40.7106 0 0 0
57.7368 52.3908 6.0102 4.82355 2.54745 0.0798587225809384 2.1546 0.03645 0.61965 37.96875 57.88665 17.7066 6.8364 80.3682 0 0 0
78.003 19.8369 4.83165 11.65185 1.12995 0.0883483015855278 0.1701 0.10125 1.33245 40.257 47.89935 45.4167 7.22925 70.87095 0 0 0
40.3947 8.0433 4.02165 6.7554 0.6318 0.0549743681375399 0.06075 0.06075 0.13365 34.587 59.43375 13.89555 10.66365 52.1397 0 0 0
44.63505 28.6578 4.0662 3.1185 2.1951 0.0556601126404691 1.29195 0.1458 0.57105 24.16635 29.4921 28.33785 6.7473 36.1908 0 0 0
7.1685 2.3166 0 0.53865 0 0.0166533517973797 0.100233160021383 0.0729 0 5.67 24.77385 0.648 1.11375 20.8818 0 0 0
409.07025 293.78295 50.4873 1.27575 36.0612 0.877961477935007 1.79415 1.6119 6.8931 145.1844 79.9308 140.36085 29.0871 196.8057 0 0 0
111.1077 78.1893 18.58545 2.1708 15.54795 0.0729 0.9882 0.2916 1.4904 24.9237 34.88265 72.33705 6.6987 42.2415 0 0 0
41.69475 4.22415 5.29335 3.01725 0 0.0355625237469292 0 0.97605 0.1863 5.7591 24.7779 13.15035 2.0817 18.9054 0 0 0
71.6607 12.67245 4.4064 5.9778 0.4293 0 0.13365 0.3645 0.8424 32.63895 47.7819 38.1834 6.62985 46.96785 0 0 0
1.60785 1.9845 0 0.35235 0 0.0136073222934183 0.0818997238209627 0.0405 0 4.72635 30.11175 0.69255 3.1185 29.5893 0 0 0
52.98615 36.3123 2.87955 3.4506 1.47015 0.0550674556266254 0.243 0 0.1539 30.3183 19.3995 24.67665 6.16005 53.18055 0 0 0
29.15595 5.0382 3.4506 1.944 0.34425 0.0305782058591227 0.5751 0.186659502480027 0.17415 8.83305 12.68055 19.9908 1.20285 12.53475 0 0 0
124.8777 19.51695 16.83585 3.0861 6.43545 1.44053596625142 0.22275 2.1708 1.42965 18.48825 25.27605 79.30305 6.642 34.4493 0 0 0
67.32315 33.99975 13.16655 6.13575 6.0912 0.0840404194517419 0.19845 0.05265 0.243 20.4282 75.61755 41.3667 7.53705 53.1117 0 0 0
12.48615 16.65765 6.37875 2.14245 1.31625 0.0434222107420406 0.261349513944334 0 0 15.1146 32.38785 1.8954 4.02165 48.37725 0 0 0
91.11285 11.48175 16.13925 6.9336 5.48775 0.11745 0.744349178613828 4.4064 2.9484 16.78725 37.1142 42.9381 3.07395 23.75325 0 0 0
60.51105 20.52945 6.8526 4.37805 1.9764 0 0.14985 0.12555 1.7415 29.87685 26.84745 35.28765 4.9167 35.14185 0 0 0
76.9014 44.37585 4.3254 19.81665 1.66455 0.123491931631573 0.3078 0.23895 0.6885 52.8201 108.43875 33.6555 13.48245 117.45405 0 0 0
9.28665 8.3754 0 0.5427 0 0.015951058407502 0.096006197990794 0.088919850062474 0 0 18.1197 0.95175 3.60855 13.88745 0 0 0
3.9528 16.3944 0 0.81 0 0.076230379117476 0 0.469499474082769 0 13.69305 143.69805 0 8.86545 129.51495 0 0 0
33.49755 29.7432 1.75365 4.2444 0.68445 0.112698954424837 0.4698 0.0243 0.2835 36.06525 181.39545 5.27715 13.4217 130.46265 0 0 0
58.482 23.42925 5.2731 1.14615 2.0574 0.0544675584747416 0.405 0.327931709514975 1.2474 17.12745 12.79395 46.8909 6.156 23.41305 0 0 0
1.09755 5.4108 0 0.0648 0 0.0446333824055852 0.454939311496352 0.305510678883798 0 4.941 106.7904 0 8.06355 93.069 0 0 0
16.45515 4.7628 0 0.50625 0 0.0335435595392101 0.05265 0.04455 0 11.5992 45.7893 1.12185 2.02095 29.6541 0 0 0
278.0487 54.29835 75.37455 3.6045 11.5101 0 0 0.49815 0.8667 28.836 96.552 179.40285 13.25565 84.85155 0 0 0
77.01075 0 55.26225 0.326323648286864 9.5823 0.228018926022131 0.104753360800207 9.73215 0.228684641819107 0 1.33245 153.6165 0.82215 3.52755 0 0.0444696608362385 0
10.03185 1.5795 0 0.0729 0.594294600917958 0.740458157224339 0.0759666006991778 0.0679728919463806 0.165840930910469 2.3409 118.25595 11.26305 16.34175 242.18595 0 0.0322491702621126 0
0 0 0 0.0413495945550594 0.103841215856934 0.0288930642673093 0.0132736595098394 0.00904628788455714 0.0289774194111622 1.0125 22.65975 0 1.2798 37.87155 0 0.0056349040445975 0
7.8165 8.88975 10.773 0.143251161686695 3.83535 0.1782 0.0459851460474716 0.0475398779929881 0.100389109929584 0.66825 35.5347 27.66555 3.41415 60.55155 0 0.019521510647627 0
0 0 0 0.098291601300515 0.246839648547936 0.0686813397778537 0.0315526491221735 0.0336538171853072 0.0688818593296525 1.93995 58.1823 0 9.87795 165.8637 0 0.013394659552967 0
1.4337 1.43775 8.6994 0.4779 0.6156 0.101657890903178 0.265402288751834 0.0480286263561027 0.101954687599146 1.6281 65.8368 9.49725 7.83675 142.3494 0 0.0198259504535728 0
0 0 0 0 0 0 0 0 0 0 0 0 0 0 0 0 0
50.1471 30.4236 11.0079 0.28755 5.86845 0.3888 1.23136787799388 0.0729 0.3483 31.35915 168.75135 23.98815 15.1308 529.3512 0 0.0619659548656758 0
1.94805 2.0007 0 0.0510167885669495 0.128118435281247 0.0356480242826527 0.0163769315759905 0.011161235346762 0.0357521009630843 0 24.23925 0 3.1347 62.1999 0 0.00695229811396313 0
2.9727 10.42875 7.60995 0.2025 1.3122 0.209751442241142 1.82976116128938 0.0081 0.54675 6.05475 173.745 1.8468 9.49725 384.8634 0 0.0409070231980223 0
5.994 3.645 0 0.132974690741283 0.333939273488839 0.0929161779421452 0.0426862896074035 0.029091635522661 0.0931874526495996 4.52385 67.80105 1.06515 8.06355 151.1946 0 0.0181210875402761 0
3.0051 0 2.35305 0.124317880977484 0 0.0868672247771449 0.0399073616279982 0.027197735615592 0.0871208391800476 2.23965 64.2735 4.9005 8.61435 123.41565 0 0.016941383292236 0
2.3733 8.4321 10.0035 0.1539 1.85895 0.156488724431084 0.0718919262425719 0.00405 0.156945603242504 1.3689 105.32835 17.5689 9.4527 228.9222 0 0.0305193986374204 0
45.3357 0.99225 28.37835 0.19202378021517 7.938 0 0.0616416751795341 0.0460601433931669 0.134568516960972 0.4617 12.38895 74.6091 0.70065 18.11565 0 0.0261679851383445 0
30.39525 0 29.12355 0 0 0.0758975102984465 0.034867804260068 0.0278131675729777 0.0761190979203087 0.353488833504807 2.89461116649519 39.62115 0.57105 4.74255 0 0.0148020017468166 0
2.5191 0 1.3527 0 0.346784149278153 0.024369653542749 0.0111955755369704 0.0076300284232592 0 0.113500434597509 9.11644956540249 8.31465 0.6318 11.4939 0 0.00475272051600445 0
11.8341 2.94435 0 0 0.9396 0.0979717546343009 0.0450088540476688 0.01215 0.0982577894203395 5.49585 58.1337 9.12465 12.61575 119.69775 0 0.0191070573663507 0
1.0287 0.81405 0 0.0505039804812347 0.126830620595398 0.0352896991978052 0.0162123147279436 0.0110490453815926 0.0353927297252985 0 30.80835 0 2.3571 77.27805 0 0.00688241534032556 0
28.9332 8.1891 1.83465 0.294575242742563 3.5316 0.20583470071964 0.0945617850493445 0.0927959148435948 0.206435648255993 5.1759 99.95805 36.9846 19.8531 162.9963 0 0.0401431560485582 0
2.0574 3.8313 4.8357 0.152354789439111 0.57105 0.116269101512662 0.0255058322285703 0.0173827798508638 0.0556811930703927 0.5184 34.8786 6.03045 2.8026 61.50735 0 0.0108276784619237 0
13.19085 0.86265 18.0711 0.197811911083634 0 0.138221240650095 0.0634997267317464 0.0554264459703274 0.705624786377564 3.4182 25.3773 76.89735 2.75805 56.7162 0 2.9646 0
64.7028 0 35.2431 0 9.03555 0.137369775101942 0.0631085579839122 0.043009855954083 0.283570834921439 0 1.9926 77.9787 0 6.3747 0 0.0267907029232337 0
0.17415 0 0.02835 0.00716408127666856 0.0179911536805175 0.00500590786851344 0.00229974626330837 0.00966732713716971 0.0293205229357993 0.023314763898251 1.88423523610175 0 0.4212 6.5043 0 0.000976283104976311 0
43.7238 19.6911 5.53635 0.06885 4.5279 0.291637593561595 1.377 0.131810412938881 0 8.97075 146.1645 39.11895 37.9242 381.1455 0 0.0568769667458311 0
6.80805 0 4.05405 0.0692189369559337 0 0.0483667909081812 0.0222200147467633 0.0353934237144115 0.0485080008389458 0.3645 31.2822 6.81615 2.15865 57.92715 0 0.00943279062377183 0
9.0477 2.4705 2.70135 0.09315 0.69255 0.141009790320294 0.469780804380903 0.02025 0.141421477396372 5.23665 98.64585 3.99735 4.98555 139.0689 0 0.0275006011980074 0
0.7047 0.91935 0 0.0618720725992084 0.155379304571783 0.0432331632074449 0.0198615931712798 0.0175861080748052 0.0433593851847278 1.54305 36.6768 0 4.03785 136.42425 0 0.00843159880739995 0
20.35125 0.162 5.17995 0.0694220292671079 0 0.0485087018328733 0.022285209538069 0.0151878553837856 0.0486503260816333 0.582326836839678 5.08767316316032 25.43805 0.405 5.0868 0 0.00946046696976691 0
17.8362 6.2451 11.45745 0.0990024243896246 0.248624738211488 0.0691780280142761 0.0317808308917434 0.0257093280281164 0.0693799976790585 0.7371 24.0813 15.4224 4.26465 66.8898 0 0.0134915267639497 0
0 0 0 0.0383692148885785 0.0963565899104681 0.0268105214474529 0.0123169259474283 0.0245942531364929 0.0268887964747241 0.567 21.6432 0 2.30445 50.3577 0 0.00522875366711976 0
60.1263 3.9852 37.87965 0.280130302110301 7.56135 0 0.089924805517727 0.0612857123593653 0 2.49885 43.16085 92.7207 2.8269 54.22545 0 0.0381746759396584 0
8.5131 0 4.92075 0.0480262542849099 0 0 0.0154169382740141 0.0105069790152291 0.0336563617645117 0 5.20425 15.34545 0 11.2428 0 0.00654476391918563 0
0 0.58725 0 0.0589373887027418 0.148009434389402 0.0411825503456442 0.0189195284369125 0.0128940704523501 0.0413027854278943 1.73745 35.02035 0.15795 2.6163 232.5591 0 0.0080316756077711 0
26.082 1.0125 31.43205 0.254012630893304 0 0.2916 0.0815407553558147 0 0.178009739160245 0.82665791854401 5.90444208145599 84.8799 0.81 18.84465 0 8.84115 0
0 0 0 0.0151659183369305 0 0.0105971983013817 0.00486842104075273 0.0195179349105074 0.0106281374976844 0.0493559176215986 4.3934940823784 0 0.2592 3.37365 0 0.00206673113718231 0
46.8747 0 27.2889 0.147450095220221 3.70575 0.103030879099574 0.0473330483577168 0.0322585027572966 0.103331684322147 0 2.03715 58.9275 1.1907 5.24475 0 0.0200937191010752 0
7.58565 0 2.7864 0.0512097262625649 0.51435 0.0357828396611102 0.0164388666277309 0.07695 0.0358873099436373 0.081 13.0005 8.0838 4.6737 18.1764 0 0.00697859064265845 0
34.182 0.66825 20.35935 0 1.3932 0 0.0466126459137889 0.0317675328107133 0.10175899039045 0.78975 12.1986 43.27425 1.5795 10.0926 0 0.0197878954778296 0
11.502 0 7.13205 0.0375263817972058 1.5228 0.0262215911099807 0.0120463675635097 0.0122598617085906 0.0262981467175712 0.122125740589634 0.700024259410367 13.49055 0 1.91565 0 0.0051138968312402 0
27.06615 1.77795 7.2009 0 0.9801 0.199395492511737 0.0916035713938486 0.135329827845747 0.199977640369051 4.4145 107.2116 22.91085 15.5439 210.9159 0 0.0388873418490316 0
6.67845 1.5957 4.52385 0.152659413001838 1.60785 0.106670894317926 0.0490052947547079 0.0576981750767411 0.106982326797079 2.1708 75.99825 15.88005 4.4226 74.36205 0 0.0208036173758489 0
20.69145 4.43475 3.564 0 1.51875 0.142102504440423 0.0652828042739571 0.0566416521277077 0.142517381765065 5.49585 73.6857 24.5025 16.2729 157.64625 0 0.0277137090621695 0
3.1428 0 0 0.0160087514283033 0.040202769351291 0.0111861286388539 0.00513897942467137 0.00350232633840971 0.0112187872548372 0.0520988310213928 1.50310116897861 6.6015 0.2187 1.2231 0 0.00218158797306188 0
18.3546 0.42525 12.89115 0.0695997350393853 0 0.0486328738919789 0.0223422549804615 0.0152267330944879 0.0487748606689848 0.226505161954092 5.03849483804591 23.66415 0 2.97675 0 0.0094846837725126 0
4.54815 10.2951 1.98045 0.160640940830983 0.40341751332239 0.112247993658325 0.0515674500530217 0.0634943396831413 0.112575708834696 8.49285 73.1025 0 8.20935 203.61375 0 0.0218912977734554 0
0 0.324 0 0.113878936183132 0.285984114741549 0.0795730032479716 0.0365563493548855 0.0775639478097657 0.0798053217059133 0 61.803 0 3.01725 130.58415 0 0.0155188191080891 0
10.84995 0 9.74025 0.421963277838805 0.134136737575509 0 0.0171462301133976 0.0116855290453759 0.037431538826796 0.4131 5.6538 17.7309 0.2592 9.86985 0 0.00727887899670503 0
33.36795 0 67.42845 0.217344314110809 3.93255 0.151869523832356 0.0697698357855716 8.3268 0.152312916593028 0.707324662078263 0 100.21725 0.6399 0.59535 0 0 0
59.28795 0 41.3991 0.170039037530567 4.8843 0.118814921698451 0.0545843390206927 0.0372004151834256 0.119161809440057 0.1296 1.34865 67.3272 0 4.16745 0 0.0231720206843775 0
8.4726 5.832 14.2155 0.114879165815665 0.78975 1.29527191455208 0.0368774337020661 0.0413327737814329 0.0805062735261489 1.30005 45.36405 15.876 4.212 66.5577 0 0.0156551251121148 0
18.95805 7.3386 14.0454 0.205427872752665 7.01865 0.143542900326048 0.06594453140571 0.0651926335718543 0.143961982978343 1.94805 78.67935 27.5562 8.0514 136.809 0 0.0279946239740195 0
15.4629 12.93165 2.916 0 6.642 0.0999726986724594 0.2106 0.0081 0.391864575342232 5.94945 58.1823 4.41045 6.87285 127.899 0 0.0194972938448813 0
4.87215 0.73305 3.7989 0.0535706743799646 0 0.0374325541606558 0.0171967560766596 0.0238699635891408 0.0375418408898788 0 18.40725 8.7399 2.25585 32.92245 0 0.00730032816485121 0
1.86705 5.6538 0.80595 0.0999214170976876 0 0.0698201749485078 0.0320758373224017 0.0218603813320339 0.0700240194022192 1.12995 43.40385 1.2312 4.1067 100.8936 0 0.0136167622295775 0
16.5726 0 10.30725 0.0966211670411075 0.3645 0.0675141224222613 0.0310164219636841 0 0.0677112342085483 0.314443626494483 7.62760637350552 37.86345 1.7577 13.9158 0 0 0
5.0949 4.3821 1.6767 0.0967125585811359 0.242874199366759 0.0675779823383728 0.0310457596197717 0.0414083609559239 0.0677752805677577 1.80514105083904 39.006708949161 10.7811 3.1266 40.47165 0 0.0131794759628553 0
0.7533 0.2997 0 0.0878729657372805 0.220675334336439 0.0614013093411496 0.0282081563281913 0.0192244725464183 0.0615805743797869 0.6966 55.23795 0 4.54005 103.06035 0 0.0119748630034196 0
35.3646 0 26.49105 0.113274736557389 5.23665 0.0791508182470126 0.0363623948507511 0.0247817635933779 0.0793819041089182 0 2.65275 42.3468 0.29565 2.56365 0 0.0154364819787537 0
0 0.1296 0 0.0387093945097953 0.0972108828208824 0.0270482222463122 0.0124261272228654 0 0.0271271912562256 0.57105 25.14645 0 0.89505 44.8578 0 0.00527511154666152 0
7.07535 8.3025 0 0.213658188662998 1.74555 0.149293840549195 0.627486550323373 0.0791432269732378 0.149729713438251 6.46785 107.32095 2.8512 16.72245 346.4694 0 0.02911620789547 0
70.26345 77.43195 9.6471 0.081 6.83235 0.356391548498595 4.18537856901534 0.23895 2.77425 20.331 150.3765 39.88035 11.70855 337.3407 0 0.0695056834233844 0
31.6386 19.5372 1.62 0.32805 4.89645 0 0.0859365141596011 0.0990676049854076 1.00035 8.04735 97.3944 17.7876 12.0042 212.139 0 0.0364815754734096 0
7.61805 2.65275 2.86335 0.095021815090611 1.7253 0.0663965738903111 0.0305030129821518 0.0248384673083849 0.0665904229223847 0.75735 35.64 13.0734 4.1796 43.5942 0 0.0129490703824463 0
4.0662 0 0.5913 0.0336930144237935 0 0.0235430224064176 0.0108158158776147 0.00737121394915535 0.0236117577618459 0.36855 14.5314 3.6126 0.8586 14.5557 0 0.00459150580058313 0
23.6196 0 25.90785 0.172430449494643 0 1.1178 0.0553520076883172 0.0579735980903051 0.521787689172701 0 6.20055 63.37845 0 12.8223 0 7.5492 0
0.83835 0.3159 0.5265 0.0803585502238365 0.201804386464599 0.0561506051275423 0.0257959490498807 0.0297305007795783 0.0563145404003518 2.08575 45.9027 0 8.92215 69.174 0 0.0109508382016018 0
48.53925 1.2636 34.8786 0.182585065053351 15.9651 0 0.058611747253602 0.0972 0.127953951307073 0.567 5.6862 68.44905 1.10565 7.77195 0 0.0248817269582233 0
0 0 0 0 0 0 0 0 0 0 0.1782 0 0 1.38105 0 0 0
0 0 0 0 0 0 0 0 0 0 0 0 0 0 0 0 0
0 0 0 0 0 0 0 0 0 0 0 0 0 0 0 0 0
0 0 0 0 0 0 0 0 0 0 0 0 0 0 0 0 0
33.68385 0 29.7675 0 0.471646190391453 0.131232127609009 0.060288883259941 0.0451381862536553 0.131615268175208 0.611207028062582 5.11549297193742 102.49335 0.1296 8.08785 0 0 0
0 0 0 0 0 0 0 0 0 0 0 0 0 0 0 0 0
0 0 0 0 0 0 0 0 0 0 0 0 0 0 0 0 0
0 0 0 0 0 0 0 0 0 0 0 0 0 0 0 0 0
0 0 0 0 0 0 0 0 0 0 0 0 0 0 0 0 0
0 0 0 0 0 0 0 0 0 0 0 0 0 0 0 0 0
0 0 0 0 0 0 0 0 0 0 0 0 0 0 0 0 0
0 0 0 0 0 0 0 0 0 0 0 0 0 0 0 0 0
0 0 0 0 0 0 0 0 0 0 0 0 0 0 0 0 0
0 0 0 0 0 0 0 0 0 0 0 0 0 0 0 0 0
0 0 0 0 0 0 0 0 0 0 0 0 0 0 0 0 0
0 0 0 0 0 0 0 0 0 0 0 0 0 0 0 0 0
0 0 0 0 0 0 0 0 0 0 0 0 0 0 0 0 0
0 0 0 0 0 0 0 0 0 0 0 0 0 0 0 0 0
0 0 0 0 0 0 0 0 0 0 0 0 0 0 0 0 0
0 0 0 0 0 0 0 0 0 0 0 0 0 0 0 0 0
0 0 0 0 0 0 0 0 0 0 0 0 0 0 0 0 0
0 0 0 0 0 0 0 0 0 0 0 0 0 0 0 0 0
0 0 0 0 0 0 0 0 0 0 0 0 0 0 0 0 0
0 0 0 0 0 0 0 0 0 0 0 0 0 0 0 0 0
31.6386 0 29.0142 0 0.649415619600365 0.180695180410437 0.0830125277695408 0.0727748446139813 0.0648 0.841578706495902 3.6377212935041 73.75455 0.7128 16.08255 0 16.05015 0
21.89835 0 28.7226 0.107699852615658 0.270466585309097 0.0752553633642148 0.0345727978294098 0.0397621142690602 0.075475076197148 0.35049806648455 1.92965193351545 54.3996 0.0324 6.24105 0 0.0146767662811889 0
0 0 0 0 0 0 0 0 0 0 0 0 0 0 0 0 0
0 0 0 0 0 0 0 0 0 0 0 0 0 0 0 0 0
0 0 0 0 0 0 0 0 0 0 0 0 0 0 0 0 0
13.77 4.05405 1.8873 0.2025 1.81845 0 0.883441743183008 0.04455 0.0444317930008389 5.0382 72.58815 4.5603 5.94945 82.38915 0 0 0
0.5994 1.4013 0.0806408904756358 0 0.031588442318148 0 0.2349 0.0153134955359474 0.0284740083730353 2.1627 64.78785 0.119252175503757 7.452 200.0052 0 0 0
3.71385 1.65645 0 0.2106 0.10935 0 0 0.05265 0.0464657461340002 2.7378 104.3037 0.194603486811229 9.53775 182.34315 0 0 0
17.1153 10.3437 0.7047 0 1.0692 0.49815 0.4455 0 0.0389963437218063 1.7577 64.22085 5.4837 4.7304 241.6554 0 0 0
44.5095 8.991 10.36395 0 1.77795 1.1097 0.68304620375616 0.0382973142588628 0.0552519428924168 7.6383 45.64755 30.78405 5.4918 71.06535 0 0 0
1.8711 0.73305 0.0486 0.09315 0.081 0 0 0.0218494042708714 0 2.4381 44.50545 0.0933949076760816 5.26095 97.6374 0 0 0
6.4152 3.32505 0.83835 0 0.298352428497594 0 0.00757418789349353 0.02025 0 7.30215 77.3064 0.163097107907207 12.2715 311.4855 0 0 0
0.6885 0.3564 0.78165 0.1053 0 0 0.00203822539095486 0.0162 0.0104795996296238 0 22.20615 0.0438896778377178 0.14175 17.7471 0 0 0
8.181 4.15935 0 0.0264739352798505 0.0360820282452125 0 0 0 0.0325245532534545 1.7739 59.5188 0 8.80875 350.33715 0 0 0
11.07675 2.91195 0.169829617003752 1.1502 0 0 0.0116631064744049 0.243 0.0599662269108406 7.047 119.0619 0.251144936188251 8.94645 233.847 0 0 0
0.73305 0 0.0252728497799446 0.06885 0.0098998157483169 0 0.00173562151935267 0 0.00892375235442156 0.2916 18.3465 0.0373736239724265 1.89945 45.6597 0 0 0
