4282 3227 0 2123 34518152 0
49 533 132 0 0 12
0 2766 0 47405 211580726 0
0 0 0 0 0 0
161 25 124.5 1284 14 7831.3709625984
128 0 168 835 0 10310.39550676
185 1281 1098 8887 0 34083.736934508
67 0 35.25 1142 304 9101.88035307439
0 1364 1830 3946 50524965 67235.3226075731
1110 6393 11373.75 0 513 64772.0519208993
170 3275 19530 0 0 37746.0909758319
55 290 621.75 1730 1120 19120.8381688359
0 0 3970.5 396 39855335 59571.4496932086
1145 15549 9369.75 740447.623357451 2048 0
0 4192 735.75 2774 0 29003.8670027899
0 2527 0 1691 0 0
195 571 227.25 805 0 11726.0330504168
21 3856 10846.8143856001 522597.96550703 4933000 63631.222644579
270 703 156 1172 200 30476.3897793626
55 0 0 1475 0 10904.5517947039
293 1970 274.5 621788.516196757 22385016 75518.5396390128
698 503 1308.75 6226 1294 286
0 0 0 0 58143551 22210.7445394889
23 585 9359.68561439992 449320.894938762 9025694 54665.2159980013
1337 13667 21625.5 268229 1828 51405.6551069933
41 0 0 27976 53098623 32475.181070001
0 0 144.75 0 57937906 47321.4622513609
0 0 0 0 0 0
1531 8850 0 809 3925.54438160565 0
92 5756 197.25 2795 1995.34040903686 97
108 3118 84 900 1249.93343170902 0
331 14056 1106.25 3175 4765.31774942669 200
303 11990 1623 766 2333.27487914143 300
6180 10530 857.25 3774 1427 16
148 13962 323.25 4995 1024 72
1056 24363 924 292150.211957271 4748 258
336 19128 339.75 2451 4986.51360462855 78
218 17091 632.25 2478 5632.17372812232 151
143 21968 313.5 185721.773247814 5371.79406240098 0
474 21742 0 267682.173203923 6492.4960785667 8
319 11386 1965.75 4012 860 18
490 6068 526.5 2071 5760.34082000307 342
211 5490 13102.8484300968 64841.6791341652 1557.98321077547 0
1949 21583 22801.5 369202.079833006 840 62
432 7857 20104.9719197026 2753 2811.14362484746 0
1133 10284 863.25 121179.270406521 2814.76476890209 8
2531 12150 2800.5 5440 7496.64801057846 277
3259 8166 54622.5 434005.700381258 1485200 1753276
1807 18038 35230.5 38981 776 74060.253889829
8521 23625 135405 1860472 9603987 6761
899 18173 1033.5 214120.143272201 957 38594.3295579626
8912 19812 122570.25 501784.437178879 1899 91340.7856443964
1626 2081 1174.5 2463 1371 34009.4692639995
0 0 129.75 7027.52722748002 0 1267.41041559133
230 151 98.25 1236 0 7916.01864290673
770 10968 10489.5 5711 2259 53673.0240746266
2125 19341 51495.75 33882 1599206 182275
485 1380 264 1010 0 20225.6021040703
741 5641 1082.25 113844 1190 22212.7072246803
639 3026 19647.75 299850.253845955 990140 54898.0628539052
7271 16771 35992.5 734565.874359802 2722429 175225
1759 5952 43364.25 788324 4048257 350531
39 511 189.75 1152 6004 8866.72910209089
2491 44562 284966.25 1173886 3692710 1410314
697 5328 109810.5 1581 400 157716
766 11838 43845 20820 1965156 214241
1505 7871 2841.75 4478 204 70411.0666427753
344 2228 903 179694.858266998 551 32532.8894369725
821 8200 104407.5 241345 11873576 281079
258 1198 23.25 1304 5500 13319.0253850859
56766 109653 843984 7086263 55740849 552647
8371 23093 290684.25 1504824 15626022 0
126 1060 329.25 139129.864064875 1196 24190.757842793
777 5150 41769.75 299537.140520031 0 55118.7365224232
57 718 240 510 0 9600.91429863877
423 12296 53836.5 23482 1446104 391938
995 2042 0 116808.287598005 0 21385.8372042823
3314 5429 119979.75 131286 4416767 218399
3628 8982 231514.5 704630.790975389 3946140 1533876
131 5258 0 767 0 25200.5306970306
2225 3536 52388.25 1651628 5737659 235064.075190561
1527 6292 105192 300957 13283321 350422
1453 17304 5082 419534.456959632 810 144
18 1863 96.75 899 0 9050.08302657252
1545 8314 424.5 3463 1693 47533.5097506956
558 10780 64464 2309 2298 60400.0190398651
2747 8404 67596 326185 7719646 262873
107 5137 379.5 2651 12383 26568.8308025168
113 1903 420 1511 0 25812.4269743712
12438 10414 138801 815031 2633566 1268281
0 3 34395.0292110618 158642.720265702 38049396 0
137 344 0 2783 2000 22
178.97011608035 36.7096140980304 3612.82112949439 405 0 0
646 1887 62.25 69408.2618191314 12840063 0
281 77 9450.39359230579 875 0 0
243 303 0 0 80 0
0.248813515002662 0.147391173291967 14.3731839578194 66.2944923801512 0 0
2239 7930 582.75 107546 16840594 4660827
91.8899412594204 54.4334026863894 5351.69650042217 398 0 0
561 2049 259.5 1987 0 0
214 1273 498 1042 0 27
111 0 60204.75 59410.2236870499 7320534 0
91 1032 3 1248 3600 0
217 166.022338790904 78 986 0 4
142.70232627637 84.5334438571082 8243.4701618081 38301.9630829036 0 0
50.9756688861703 30.1967666281917 135 1612 0 0
650 1860 138.75 791 0 24
86.1594549920154 313 5069.41410739364 396 0 0
1586 2249 372.75 674 0 0
537.340717774395 554 0 141387 13984279 0
111 405 3402.75 1018 0 0
297.783124924123 176.399598585492 17247.7562255177 107 0 0
0 13.228357802954 1464.74326021429 279 0 0
1427 4086 244.5 3571 706 0
0 0 33 636 0 0
417 432 0 1265 122 0
345 123 7196.47354288069 489 0 0
0 75.5057344929753 54.75 670 0 0
336 1078.112936428 10250.3259719186 1106 353150 50
190 0 101.25 26659.376990965 0 0
164 891 535.5 980 767500 0
0 4 6 399 0 0
40 58.0905461736963 0 279 0 373700
67 233.251137708702 102426.75 0 0 0
23.2485128080612 343.771862754468 1342.99437605875 8887.39163177038 0 0
275.332751842063 148.883508921548 14518.7124453923 151 0 0
203.819258318469 70.9780618884127 6936.58639968739 254 0 0
199.089689113848 500 195.75 53512.9524185553 0 0
81.1598584249307 48.0771583381733 4688.35294224121 21854.4347332506 0 0
292 214 86.25 3892 530 70
233 442 165.75 1109 0 0
364 1459 19615.2447266234 1204 327 121
24.655864252295 14.6055440784008 0 6721.36985429561 0 0
106.647692868016 63.1755416522692 0 28415.4767964423 0 0
134 1609 13631.726438167 1090 1309 0
410 0 43.5 1178 0 0
0 72.7646027393232 6315.66686346557 689 0 0
0 268.205875649725 0 120671.259103006 0 0
286.881982798069 169.942022805637 16572.2811033657 75 0 0
116 535 0 51537.7527169069 7028489 0
0 903 75.75 1458 0 627000
3004 285 1934.25 248956 41709142 2590905
0 0 5212.97415670161 0 1297277 0
159 575 31125 53457 1866622 0
173.197532708884 102.598074533705 10257.8335206383 383 0 0
370 840 8192.9134600335 687 0 0
0 0 0 1275 1136 251
208.289627478264 111.538270388696 10935.4069600798 1382 0 0
38 27 3959.98145440956 197 0 0
115 928 348 1471 0 168676
6495 24014 1217.25 1101858 78941536 8442171
2461 2549 4914 58092 21241969 1219638
787 599 11263.6781946637 2014 0 0
227.038481149784 48.5976334188606 0 951 0 0
240.161993257441 135.157705908733 0 61047.0495125986 0 0
162 4 45.75 768 0 0
347.887946507784 206.080496107161 20096.4061450236 92880.1305647726 0 0
2.27042332439929 1.34494445628919 131.155303615102 120 0 0
0 0 0 0 0 0
0 0 0 0 0 0
0 0 0 0 0 0
3056 0 0 796 0 0
0 0 0 0 0 0
0 0 0 0 0 0
0 0 0 0 0 0
0 0 0 0 0 0
0 0 0 0 0 0
0 0 0 0 0 0
0 0 0 0 0 0
0 0 0 0 0 0
0 0 0 0 0 0
0 0 0 0 0 0
0 0 0 0 0 0
0 0 0 0 0 0
0 0 0 0 0 0
0 0 0 0 0 0
0 0 0 0 0 0
0 0 0 0 0 0
0 0 0 0 0 0
0 0 0 0 0 0
0 0 0 0 0 0
418.006705204471 247.617171130504 24874.5 562 2560565 0
177.498148130854 99.2218954704857 0 584 0 707
0 0 0 0 0 0
0 0 0 0 0 0
0 0 0 0 0 0
41 1100 0 3099 70 6348.42628643046
151 0 236.25 243312 15882252 0
238 18 396 88419 7710015 5414.06553373124
784 78 0 529194 40332493 1238940
1277 2260 338.25 2251 0 7163.40153888826
184 0 1358.89285714286 81187 5220375 3171.72996517469
474 945 379.5 1896 0 5064.27087463916
10 125.358159392789 12.75 561 0 1263.039717802
859 6 339 228305 19627735 2325372
338 1327 0 1992 833 68
30 138.629679144385 208.5 572 375 1396.75623568207
