0 1473.02416058149 241.390870294245 1112.23928355425 21845.7452254895 1.92804209500196 0 1253067.05494353 78.9511605244503 449.696538238256 144.523284873749 394.018808385997 26.4371862573931 121.23655642646 711.933511499859 0 184.063752002853 395.120093335734 11.5682525700117
7.36669556110663 70.7480430931209 0.763388141047319 2.51679527751538 21022.5643222316 0.192572144097691 0 184437.265594064 10.7541847707577 41.3111688815108 13.2765661308402 18.9243736668842 2.42864014588541 5.82288420519513 41.3308511022579 0 21.6611385022177 79.4877901865521 6.67964623416404
121.505625250775 1093.62340226895 1514.58532869629 8231.75586151181 32262.9004943439 2.97678061756624 0 14111760.7961855 166.238211312004 638.588137405287 205.229187800249 292.533008837374 37.5419245976065 90.0101565653458 582.655793325169 0 128.204604589696 416.953714025948 13.0899596277768
0 0 0 0 0 0 0 0 0 0 0 0 0 0 0 0 0 0 0
64.795520744072 399.972350272049 7.99944700544099 77.8696169435896 476.967027699419 3.48094722374938 9876.98834755703 0 112.55062690123 2318.2397421768 745.034916161072 106.988488755898 136.286874907513 32.9195350018148 930.684166035252 0 343.976221233963 302.979055331077 0.618553986459821
33.2 0 22 136 723 4.20407567216984 2604.05654908578 0 135.931780066825 353.171598190146 113.502140119898 0 20.7625866072984 0 656.024611195853 0 256 1668 13.7470517647201
354.4 2866 264 1651.5625 1025 9.69665547791112 5969.53145487393 0 313.525193785793 2423.4 778.831275720165 766.625514403292 142.469135802469 235.884773662551 1499.11249319924 0 3089 2853 90
28 0 20 72.875 523 3.17435941465656 2130.78335877695 0 102.637621073895 266.668270299132 85.7017368784199 0 15.6771469899549 0 442.240079663631 0 190 567 0.564074243066848
35.2 1472 833 5387.25 47844 16.7409105567654 65779.0758008066 6797942.38888889 541.289441335414 483 155.22633744856 393.744855967078 28.3950617283951 121.152263374486 1674.70212438215 0 244 367 32.9748101008842
633.2 9943 1048 8403.75 754976 22.1691440545708 62903.6763351038 0 716.802324431123 5989.2 1924.80658436214 2659.65020576132 352.098765432099 818.353909465021 4855.76797507858 0 2815 2409 259
111.772187106264 3096.28567439984 865.744221182728 3261.86048227326 1656466.75428818 0.73534333622542 30323.5794617677 30.9116550598464 179.757954908046 2463.5472450224 791.733780489269 828.224563111067 144.8293500895 254.838327111098 1583.65458128692 0 1469.70621466921 2248.18969328652 110.79172932463
115.2 125 224 1024.625 734 2.25 3550.52409299053 0 112.136022556922 1398.6 449.481481481481 33.4362139917695 82.2222222222222 10.2880658436214 914.835170981513 0 500 967 56
33.6 0 325.490053522825 2342.81747323859 35460 17.2411285854876 99910.5645959328 4062275.69444444 557.463157597432 1448.37472299725 465.478061084751 0 85.1484258081862 0 1934.80120065978 0 0 103 3.06369735940229
600.4 27890 357 4007.875 305886.827030469 12695.15 18509.9748997768 0 298689.3775 9536.1 3064.70781893004 7460.28806584362 62.3914789841522 2295.47325102881 5817.59227666213 0 3472 2886 418
313.759772291794 2164.59153251631 55.5585803685376 325.150195059785 940.109662551834 0.67620640580128 2219.48524968934 0 64.456882897192 1799.98834884779 578.479500707499 579.005965487903 102.812229780471 178.155681688586 852.219727825293 0 515.744453289517 244.165340040678 0.637872862432687
484.8 4740 179 3026.625 469 1.95 7790.25967813887 0 20.95 3893.4 1251.25925925926 1267.9012345679 228.888888888889 390.123456790123 4800.86436986136 0 2920 2013 342
188 1358 102.924830571945 987.475084714027 851 5.45190312061561 3458.05552100723 15.5 176.278200899905 2097.9 674.222222222222 363.251028806584 123.333333333333 111.769547325103 1033.58308738159 0 599 1382 0.968786997413071
9.2 4088 871 3198.76129059673 174830.877001985 17.2176342932167 48854.0510256365 718419.444444444 556.703508814007 504 161.975308641975 1093.49794238683 29.6296296296296 336.460905349794 1705.51118914809 0 775 384 3.05952249342212
329.6 1933 156 527.75 700 10.7309303294471 6621.57865669557 0 346.96674731879 2614.5 840.246913580247 517.057613168724 153.703703703704 159.094650205761 1750.58549555152 0 1217 2438 472
62 0 119 599 788 4.94291856492668 3283.8820218832 45808.8333333333 159.821033599296 415.239540252589 133.449509311042 0 24.4114956056784 0 659.45038405634 0 761 1103 0.878341953081501
318 1745 477.58511590523 992.769942047385 256875.928842185 25.2975668679216 71780.3968618849 1907100 817.9546620628 1011.15 324.962962962963 466.769547325103 59.4444444444444 143.621399176955 2815.67978076639 0 672 493 66.495302522005
326.4 227 1295 6619.5625 8653 22.35 4882.57806670384 28.4722222222222 507.4475 2092.65 672.534979423868 60.7201646090535 123.024691358025 18.6831275720165 1321.51568336589 0 322 1193 125
77.2 65 217 1578.0625 48140 7.05424891959635 20016.0272193303 8050022.97222222 228.087381733615 893.55 287.168724279835 17.3868312757202 52.5308641975309 5.34979423868313 885.588741842016 0 0 112 1.25351908840384
11.6 878 254 3315.11370940327 165587.367125361 16.3073181329904 46271.0810668264 2096720.66666667 527.26995296669 406.35 130.592592592593 234.855967078189 23.8888888888889 72.2633744855967 1672.66651743486 0 514 321 2.89776201454871
633.2 16143 1613 7873.9375 302114 5.15 10012.5367606002 63.3333333333333 312.035592061951 5168.1 1660.92181069959 4318.08641975309 0 1273.85682015856 2581.54886996217 0 1595 760 2.89199820703878
50.4 0 375 2838 274629 12.5659397541251 145292.415424451 14590136 406.298718716712 1055.62634257602 339.256751288393 0 62.0591618210475 0 1566.12257348372 0 310 386 47.232930185065
2.99769987052329 0 480.464673692204 2369.43193932611 20081.6747020763 6.11171635622086 17341.6450620434 4527565.27850434 197.612162184474 513.426684372054 165.004852512281 0 30.1838144839538 0 730.875735349285 0 17.4865825780525 116.993564391256 73.5304473879899
0 0 0 0 0 0 0 0 0 0 0 0 0 0 0 0 0 0 0
16.5445495062734 1058.62319232562 67.7414625453714 279.42335549627 87.689369184333 0.512946170716154 7782.64451596638 44.6070671952636 7.87413082062845 238.861933496822 76.7653480177912 283.170812761998 14.0424417105716 87.1294808498456 306.253383566737 0 170.900636878287 128.073702624843 16.0152326317467
84.5153433886727 6371.49810399689 27.5207525740426 126.062802113356 3623.86167765296 0 2072.06819122527 252.232650624152 0 1545.51219858551 496.696062253622 1704.31019242715 90.8590357781015 524.403136131431 1952.08922208823 0 1864.30904533837 1199.37215250102 220.166020592341
126.134489793605 2981.11211065667 118.47892827434 599.628691319222 507.636638836982 4.83029476810772 1629.86788235222 248.91047121509 22.9439001485117 885.174300665024 284.476945540004 797.416819722978 52.0384656475617 245.359021453224 1790.41115435643 0 445.663045585788 903.17398399901 83.2535722185859
279.920215805222 22648.815181961 170.464233983949 291.708166488615 2204.0726394065 0.996866865403211 4955.92600424891 589.006327326393 4.73511761066525 2325.79008367223 747.461441744554 6058.32504867268 136.730751538638 1864.10001497621 3668.8960988261 0 1272.9989871199 1672.74260014659 277.128988582093
227.228326275617 13212.9404796652 91.1491260181768 419.205418587385 4594.28423061315 12.5214960994667 2881.27943439159 573.816277145188 59.4771064724669 1298.32262681345 417.254381339225 3534.3256427088 76.3270209766875 1087.48481314117 2067.60208620087 0 3468.27027990376 837.83540077314 220.046879983275
10.1754228229389 3276.60539222252 9.93693635052623 30.1834441647234 396.881237840018 0.665774735485257 920.579833287827 83.7462913541572 3.16242999355497 484.54489032436 155.722833653135 876.458232487505 28.4858842048419 269.679456150001 685.302943448982 0 212.05422172023 263.726290742966 95.3945889650518
3.02702891810181 1125.76369706098 3.0852410126807 10.6746428434023 162.004259213026 0.0232848378315524 252.275582145084 23.2245928413016 0.110602979699874 77.3202146243988 24.8491381508944 301.130207032773 4.54557405199287 92.6554483177762 161.630406404496 0 52.2744609318352 59.201700186722 0.597091146691464
3.26517502170183 424.324784164665 3.20598755907279 6.86975314941704 6256.25875955521 0.168930882920374 179.554485471279 1.75575771664606 2.4480797693866 50.9345108086999 16.3693117237444 113.502514282729 2.99438629092886 34.9238505485321 148.745746932285 0 66.9558170990972 43.0342176198617 4.95858998289184
53.1751463000284 11822.3515699901 60.4699317130287 230.361644621062 686.28573293358 0.719880139440818 2634.97643345568 293.399893334563 14.5199824125213 715.560858604173 229.966648659777 3162.35741584097 42.0670698767886 973.03305102799 1863.74164718229 0 501.51649714377 630.135082057196 70.5482536652002
0.000120644356574919 0.0220518114365563 7.35018138796774e-05 0.000221851918832949 0.00124065992738283 5.76609057159538e-06 0.00641537506869262 0.00149971490757218 2.73889302150781e-05 0.00121354029260654 0.000390007070326223 0.00589863268879078 7.13427567669921e-05 0.00181496390424332 0.00438828287936374 0 0.00167279990208921 0.00123812538207663 1.55675430081199e-05
8.40962871498806 1046.70666725443 1.46053880790469 4.95334049654519 67.1463499318288 0.134523311254379 252.345700002379 30.2007808383809 0.638985728458302 63.6026215610706 20.4405838448277 279.983264903449 3.73913119112702 86.148696893369 181.537474325873 0 49.1970966873159 77.1010749646529 15.4898284795113
3.96833313141818 1198.04536157674 1.18770533862868 2.85136612545782 12546.1729897911 0 3035.89241465659 41.04996805962 0 86.7828344928009 27.8902309559462 320.464808652215 5.10187151633162 98.6045565083738 254.039225025907 0 76.9213869311869 138.821794579717 24.3681354170086
0.644340291112053 25.4644584745041 1.84587945349441 8.69933969423855 470.085980881083 0.00406780486813165 113.7502619129 1.49891684704477 0.0193220731236253 3.02210783003061 0.971243747060591 6.8114806619044 0.17766653909645 2.09584020366289 10.9670804637309 0 3.44588270162619 3.65740855476904 0.180791327472518
105.652696519418 18850.4608900271 36.9007579755322 96.7431056134841 1600.32760904413 1.3109479807097 5421.12726838893 138.35086816996 20.4604992248543 2253.37391795322 724.188364774306 5042.30435329944 132.473481361154 1551.47826255367 4243.236785319 0 2076.15317241284 1846.98004393322 345.101360857128
13.145021306107 589.623735132714 3.14850809727114 11.5199319704843 118.265835403747 0.150866012994242 213.779121681455 25.893466617266 4.70997133176155 111.644129311674 35.8801434589742 157.718283060191 6.56344087664161 48.5287024800588 167.956551060933 0 125.481166459994 57.1323031817326 0.521416684889773
11.3669309053689 1348.40217864939 28.7588531509858 265.836241439909 22088.7687938905 0 661.044517864895 100.951885250833 0 430.41594306361 138.326895282054 360.683710338314 25.3037003564732 110.97960318102 558.996023614068 0 532.469669598375 246.875530600981 1.57307458321556
786.346962124457 20016.8174500897 463.582207280819 2313.82637174878 308564.893591171 4.31340587601514 74665.782198684 153.171898896879 20.4886779110719 4659.91614805503 1497.60189747408 5354.29273356308 273.951566611113 1647.47468725018 7429.19657085165 0 1091.85809346404 2361.48079272748 210.006225478717
133.454427485424 10371.6865312961 97.8932177662539 1186.14717851637 915.001912998863 3.64602290660027 3174.51099624419 366.425759043468 17.3186088063513 2093.51638565831 672.813418083409 2774.31944252775 123.07562525916 853.636751547001 2401.01152733336 0 1115.78290045822 1226.66195323428 7.17389592597495
14.2647510439115 1662.18676602584 16.5913548238008 33.1707905708604 20208.030986559 0 4889.89017106333 65.0069383563454 0 225.070309920112 72.3330018163792 444.617859225018 13.2316466737279 136.805495146159 496.636368801592 0 482.674931713102 345.74857810978 17.0769645738042
16.5285456111791 264.878432234817 2.71094435968644 51.6003613917589 84.6143239538494 0 112.090325556046 13.7923379989887 0 42.7548785454184 13.7405449371911 70.8522555360622 2.51351431777886 21.8006940110961 93.0465423811448 0 37.3234056793193 20.7017569285146 5.72310475933804
1752 8094 3689 15325.4375 0 40468.65 0 107781.166666667 1035150.2425 4140 1397.03703703704 2165.06172839506 0 0 2263.47157065115 0 1678 2850 206
1004.37569848737 18343.0299465401 2726.50477769029 15021.1002373017 3301.34619494856 1.84627885751355 139.915533573066 400.110251508906 8.76982457318938 5652.60726970636 1907.464181547 4906.57179639961 0 0 2716.18592419118 0 2323.31739475219 1540.8943545951 73.8511543005422
430.594888233618 2426.52326912255 819.205127600157 5443.70661335921 148909.295311255 24.4495203848794 74131.3167464709 156948.917442754 790.534492444433 261.40025373593 88.2091391207666 649.070010259117 0 0 327.637747389112 0 256.355506814678 234.838116885253 0
303.961631561924 15874.9961325943 912.884768473803 5601.73040534113 0 0 88.3839052137497 0 0 1192.84942912294 402.525321761652 4246.39814246349 0 0 1383.67521961026 0 1372.82671096882 723.908622535634 234.970340187671
1517.6 29779 3196 6483.875 0 1.25 0 62.0833333333333 5.9375 5695 1921.7695473251 7965.57613168724 0 0 5253.36836179396 0 3553 1384 320
314.111908918127 1069.6052070919 139.200994119159 767.112773252791 4258.95807539045 10.3660314769587 398.135005882484 32.849272084013 49.2386495155537 1260.84791025865 425.471311280695 286.108388728286 0 0 345.669621071185 0 860.169060924774 294.903017936334 0
3.18960518657004 0 0 0 0 0 0 0 0 88.7108942514792 29.9353634922687 0 0 0 -4.36932217338361 0 0 44.8538229361411 0
0.368440448998933 1.04214325718448 0 2.37674350137984 9.88707583090887 0 0 0 0 0.714443819372931 0.241088037813088 0.278762599658401 0 0 0.152060951026957 0 2.15809269405625 0.643589886873137 0.0501882021873547
577.2 14104 1373 8139.8125 15123 0 0 976.25 0 2352 793.679012345679 3772.67489711934 0 0 1525.03358979171 0 2145 3485 532
392.666044644035 4150.63806098587 66.1965745760059 348.272496672875 36852.8742522358 332.477937561505 79706.675086253 61654.263001087 10074.3222229302 624.918231011556 210.877756966863 1110.25297927606 0 0 510.722004304296 0 456.417859363541 1616.73849894864 36.6713978475033
108.73344994348 1919.14539150242 31.7139229001817 373.261546134103 1481.49325547992 2.718336248587 13.8713454660407 30.8078108173193 12.9120971807883 1348.29477929915 454.980131286134 513.351647932747 0 0 541.681250631675 0 429.497127276746 577.193396783307 45.3056041431167
530.8 5129 193 1167.125 59449 0 0 2.77777777777778 0 796 268.609053497942 1371.95473251029 0 0 513.77594295365 0 94 1231 32
404.8 3580 2544 18400.0625 0 0 69.6296296296296 100505.861111111 0 1731 584.123456790123 957.61316872428 0 0 883.181084631263 0 355 973 0
1650 19102 1215 18047.9375 0 4479.3 332.345679012346 518139.916666667 114775.185 2695 909.423868312757 5109.58847736626 0 0 2393.45468192907 0 1245 1772 424
1035.6 6604 710 8628.8125 684487 2175.95 237345.481481481 831125.638888889 58865.275 1704 575.012345679012 1766.50205761317 0 0 1441.54025145431 0 3092 1970 0
14.0735638625158 202.307480523665 8.1444235315485 22.5600531823893 245.635813711503 0 3.78062129365708 0 0 254.106014184313 85.7477084901798 54.1151696874 0 0 59.0861192096998 0 20.8497242407642 106.529059792654 0
1808.8 43918 11069 80739.4375 1435310 23690.1 415425.728395062 606837.277777778 542447.9525 3567 1203.67901234568 11747.6131687243 0 0 4773.29780446613 0 2713 1592 1068
267.6 4846 1087 9782.125 2577 6807.85 26.4197530864198 43.75 121177.8025 2768 934.057613168724 1296.25514403292 0 0 1258.87333458435 0 524 726 149
378 13181 105 2250.125 1218 2825.75 55.5555555555556 0 60316.415 2757 930.345679012345 3525.78189300411 0 0 1732.49465190467 0 1388 922 0
49.5657119397493 561.307568149807 65.8011960514007 299.162725890908 246.924075904225 0 9.75204749648126 12.4575892995365 0 233.206071687324 78.6950529973686 150.143999710854 0 0 115.404822535148 0 108.010439795713 118.11050883453 0
0.397213634745008 6.83745345225131 0.30204786808735 0.876016398241351 0 0.0187228301793871 0 0.087924893107619 0.0889334433520887 6.2395641791195 2.10553194521728 1.82894845430591 0 0 1.81262728869083 0 0 1.63643742230886 0.19446917534391
667.2 7963 1904 22220.125 394995 5175.4 26.4197530864198 2257904.16666667 106301.24 1085 366.131687242798 2130.02057613169 0 0 1058.28485644586 0 1687 722 105
14.9223254333407 1759.30825421488 0 160.987303503157 537.542859360114 0.763073459659468 0 0 3.62459893338247 652.003878309034 220.017769635147 470.596858123323 0 0 368.229044353443 0 266.227851481192 383.232448628977 0
24183.7258507054 107470.934080869 28816.9167881285 316952.198829654 10093792.3570926 5791.93716083452 2079721.29221925 8597919.81743311 221125.331284932 4914.44340742414 1658.37184941885 28747.3691985865 0 0 11684.3648024961 0 5757.60283201972 16460.5449841852 1085.343514639
3159.43783256315 17383.3718799823 12077.9521536097 71728.4688516972 1817460.91483117 8145.32466518805 643800.700143674 2272932.10081538 157379.596968316 1503.68420587155 507.41606947106 4649.87313662078 0 0 2038.92376723604 0 1310.62067943895 1485.82370342625 62.0865085003527
113.677744795077 1717.11428324095 56.3268104840471 415.623586450469 0 0 137.392743866812 380.134851057111 0 667.38736058371 225.208903571458 459.310404982147 0 0 384.16398482905 0 804.790640703885 729.688226725156 56.3268104840471
1085.6 7001 135 11098.625 0 5.55 203.950617283951 136.527777777778 26.3625 2762 932.032921810699 1872.69547325103 0 0 1568.50891349221 0 574 1799 295
1.18629001633497 33.833979840887 1.43343376973809 3.85544255308866 13.5929064371715 0 1.95884308252842 0 0 19.4996421435061 6.58012615542181 9.05024152122492 0 0 8.82282329938301 0 12.1594726674335 12.1594726674335 1.28514751769622
260.8 14243 0 23415.125 3180 2666.45 76585.7283950617 409363.222222222 84413.2475 1236 417.086419753086 3809.85596707819 0 0 1408.80315256146 0 867 1988 295
713.2 2145 332 2256.3125 0 0 62.2222222222222 89565 0 449 151.514403292181 573.765432098765 0 0 471.444548695815 0 727 547 13
1165.2 3786 3612 25968.25 540737 3054.9 58532.7407407407 520755.944444444 83035.515 1713 578.049382716049 1012.71604938272 0 0 1102.91912178645 0 926 809 66
1078.4 8111 1806 22285.5625 0 9320.95 0 879053.194444444 284083.565 1943 655.662551440329 2169.60905349794 0 0 1533.57402889848 0 1896 613 257
251.131377868891 3123.44651224433 35.786221346317 124.035357100557 471.499161948843 0 40.1500165852116 23.6307650703019 0 880.215479430464 297.027445733737 835.489807801982 0 0 517.783984976832 0 217.856470301263 317.053364559475 92.9186098114897
777.519136141166 1724.23773674275 790.211654951264 8064.99534432367 925844.525110107 0 0 280732.542477368 0 709.85982216153 239.541174556566 461.21585550732 0 0 349.966823828354 0 113.106720041599 535.337688522683 0
1046.8 8608 4500 58129.5 407499 6885.85 0 1440370.36111111 164099.495 1088 367.144032921811 2302.55144032922 0 0 1563.3432163633 0 637 1460 0
127.321413281405 2764.87723104538 42.5407816185185 223.21086561051 0 1.13533275702156 19.2515148446315 35.6862290962063 17.0217841305738 606.513908991997 204.667245009645 739.576214065638 0 0 592.877348642969 0 460.835669687424 289.851820738395 147.866832571121
0 2855 0 134.25 191 1.2 0 4.58333333333333 5.7 647 218.329218106996 763.683127572016 0 0 419.873146931882 0 178 127 25
214.4 15955 0 0 2686 4.3 152.098765432099 128.333333333333 20.425 2723 918.872427983539 4267.79835390946 0 0 2588.10583599174 0 1407 1527 0
124.8 15988 587 8703.5625 20778 2.65 29.6296296296296 0 12.5875 3633 1225.95061728395 4276.62551440329 0 0 2264.7280915744 0 2006 1185 397
744.8 7722 459 17480.875 206326 5606.6 171.604938271605 855041.805555556 145113.94 498 168.049382716049 2065.55555555556 0 0 882.307374741978 0 387 650 190
7.86891719978051 724.927979275326 2.38934732786858 12.0612261988033 259.084895251883 0 7.96449109289525 8.50651895893951 0 161.280944631129 54.4240224681176 193.910776349367 0 0 113.687916767565 0 106.963115377583 70.3264563502651 9.5573893114743
65.6 3936 0 97.25 727 0 0 10.6944444444444 0 1140 384.691358024691 1052.83950617284 0 0 652.715331206605 0 842 380 5
3934 11066 9145 43445.8125 905943 15770.1 324049.333333333 478614.194444444 363238.9875 5122 1728.41152263374 2960.04115226337 0 0 3039.77932069807 0 4175 5535 583
0.972768790652833 8.51172691821228 267.511417429529 1559.181278497 84133.8754679357 0 2547.01867334964 2356136.36361793 0 127.675903773184 41.0324284123108 2.27679938141481 7.50593202664223 0.700553655819941 2123.16773350626 0 63.2299713924341 149.563201562873 30.5718470663829
467.2 675 1032.82341861317 177 1184 0 4332.00289099511 0 0 16014.6 5146.76543209876 180.555555555556 941.481481481481 55.5555555555556 8146.51277559545 0 1771 2758 565
18.2711817581032 0 190.877178176339 873.55050097722 278.870960104959 0 822.985137760122 0 0 913.65846265749 293.631173575991 0 53.7130195565838 0 1386.07383842747 0 0 282.869110070622 9.7244516073109
141.6 1859 510.273203158155 25.875 71542.331856398 0.9 6078.27016227317 2327938.47222222 4.275 5575.5 1791.85185185185 497.263374485597 327.777777777778 153.004115226337 4019.60944511725 0 87 269 25.9964397945721
61.2 84 473.982249426562 2169.18248371407 304 1.4 2000.54324671025 0 6.65 9593.85 3083.26748971193 22.4691358024691 564.012345679012 6.91358024691358 4262.1573564831 0 452 591 27
73.5245071059378 532.345710103569 9.89752980272239 58.103802190089 455.99333733971 0 1564.02988182907 0 0 6427.70329213299 2065.73258849659 142.397000644987 377.877912529864 43.8144617369192 2969.35537847151 0 202.192394541329 159.067443258038 8.0379210453225
0 0 0 0 0 0 0 0 0 0 0 0 0 0 0 0 0 0 0
1359.2 10416 150 861.3125 216922 110319.6 77823.5061728395 1253824.08333333 2601541.3975 38972.85 12525.0781893004 2786.17283950617 2291.17283950617 857.283950617284 21996.2538034055 0 9594 2690 102.809990210116
27.1161093709459 0 283.279237674468 1296.42905637659 92.991034681756 0 3374.36441359539 0 0 1355.95294979336 435.775590370589 0 79.7150470190102 0 1889.83216228707 0 216.979080924097 153.985154204198 14.4319780103642
28.3902888695036 505.236888328156 25.0826823992701 88.2028392062247 98.4012924894444 0.18605286395063 818.646260055028 1.78013542668813 0.883751103765493 3582.24116996499 1151.25916495054 135.145669717408 210.596188710464 41.5832829899717 1615.58294360914 0 100.74418040586 289.966833890464 9.93711978288108
90.8852542604634 1581.7529828023 63.7944573174407 413.571601718888 622.214433013942 0.568032839127896 2220.43365491171 0 2.69815598585751 9355.76302943913 3006.75119895751 423.102649720779 550.015463223934 130.185430683317 4614.45958272128 0 663.287576766267 929.826062818587 37.5775570499993
51.6 297 526.264933768011 15560.430033116 73784.4360687445 0 6268.76039065946 777638.027777778 0 9085.65 2919.94238683128 79.4444444444444 534.135802469136 24.4444444444444 4173.3157105588 0 221 550 26.8111564197782
33.0243630693302 182.338950444372 3.25363182949066 15.1073582082861 130.958681136999 0 501.490006191822 0.527208861260061 0 1836.98019573149 590.367924946041 48.7737933287416 107.994132612081 15.0073210242282 868.245768292607 0 75.9180760214487 92.8640751333793 5.91796414674092
205.6 0 34 108.75 112 0 6259.81645077642 0 0 2515.44158876169 808.41156291773 0 147.880163948365 0 2441.87874924305 0 112 524 26.7729036622521
0 0 0 0 0 0 21.7283950617284 0 0 407 137.341563786008 0 0 0 103.013698630137 0 87 232 0
0.0109812036081147 0.431981171348628 0.0322976576709254 3.5991434514028 0.163910612679947 0 1.29581624783751 0 0 3.44805756087591 1.10813529293288 0.115550519085024 0.202707675536503 0.035554005872315 2.09302764877486 0 0.311268675803544 0.215586864953427 0.0318146358316856
14.3568971722365 0 149.985045077284 134.319977461358 322 0.65 665.730706907115 276003.111111111 3.0875 1234.8 396.839506172839 0 72.5925925925926 0 813.021560595015 0 96 681 7.64115609110147
72.4 1105 184 723.9375 560 0 2830.0900929343 0 0 8138.55 2615.56378600823 295.576131687243 478.456790123457 90.9465020576132 4765.80958740796 0 2713 2322 34.1093798951628
22.0091209510023 168.515374624882 229.927048884286 1052.26245829937 306.784399958118 0 2738.84403900339 0 0 3365.51128568139 1081.60660562757 45.076129014886 197.854866883091 13.8695781584265 1809.77451100903 0 197.897542508194 152.09592786656 11.7138910028386
1016.8 3561 24 114.5625 742 0.6 4302.8680561726 0 2.85 13137.6 4222.15637860082 952.530864197531 772.345679012346 293.086419753086 7287.00941621735 0 1873 2009 51.7741006601349
37.0901221079692 676 118 335 119321 0 71973.0826790541 1502487.36111111 0 7434 2389.13580246914 180.82304526749 437.037037037037 55.6378600823045 2876.2345980708 0 91 374 19.7404361865229
12.5734455208987 105.091484950795 52.8585147520369 280.898826823001 98.366881003051 0 1124.88041224583 0 0 514.619865368426 165.388316520521 28.110891036221 30.2539603391197 8.64950493422184 464.434548327067 0 37.0635147817537 80.6952473729321 4.81105398943073
53.0496555269923 0 554.204357675347 6282.63542830095 106 0 6601.5691010444 0 0 805.35 258.82304526749 0 47.3456790123457 0 2123.03029771208 0 0 87 28.2345616603567
11.2 0 36 143.033365135265 792 1.1 241.408353224389 0 5.225 266.777795208571 85.7369359478848 0 15.6835858441253 0 421.326533127125 0 138 608 2.83942837005536
949.2 5910 57 358.3125 1654 0.6 7222.29009458218 61.5277777777778 2.85 24424.05 7849.39094650206 1580.86419753086 1435.86419753086 486.41975308642 14985.3159037883 0 1703 6231 217
45.6 4 31 109.0625 464 0 1644.38431034439 0 0 5499.9 1767.55555555556 1.06995884773663 323.333333333333 0.329218106995885 2955.43077233609 0 357 599 19.0384645308675
162.8 730 64 1219.5 888 0 3606.74331828368 5.27777777777778 0 9556.05 3071.11934156379 195.267489711934 561.79012345679 60.082304526749 6018.08934454157 0 863 1388 30.7599652982212
3.65138324842864 1.65014435265525 14.3450031528169 65.6499892254606 10.1466322961142 0 170.874747295826 0 0 232.986338813197 74.8770518623638 0.441396637541528 13.6970216821397 0.135814350012778 136.280746716072 0 43.0441909862838 19.3101998714976 0.730822250721966
18.4 0 26 69.6875 632 0 973.261969827708 0 0 1100.34018061564 353.626865806319 0 64.687841306034 0 999.471212884967 0 68 488 166.371072455435
21.6 0 360.367194640722 4085.2362001338 139 0 1506.10202138807 106047.361111111 0 1724.94449149631 554.36193730236 0 101.407671457749 0 2004.89769360691 0 23 1038 18.359310309526
32.4 483 251.046459606787 79.875 35197.7117618616 0 2990.41414545789 0 0 4108.65 1320.43621399177 129.197530864198 241.543209876543 39.7530864197531 2291.22538578627 0 629 321 12.7898430339199
216.4 737 54 544.75 572 0 3485.06926968849 232087.388888889 0 6157.2 1978.79835390946 197.139917695473 361.975308641975 60.6584362139918 4359.11526744407 0 650 2039 42.1565520968489
46.4 59 196.866897828914 1794.76401389249 667 0 925.764083889977 0 0 1126.65 362.082304526749 15.7818930041152 66.2345679012346 4.8559670781893 946.245613925152 0 116 371 50.0305815051559
81.1936083227573 0 9.99921284763021 39.0594251860555 163.987090701136 12765.8450543768 6042.80326073571 0 276663.358163833 2428.23711434447 780.385825499692 0 142.753504664578 0 4491.02948085652 0 7816.38468299254 283.977644872698 25.8447497337647
44.2287477657776 0 4910.9546445991 28693.5397239945 54.7274909223006 0 5479.34759371478 262467.027680338 0 2201.81836398765 707.619462461246 0 129.442584596569 0 2140.81841550014 0 0 208.857975560617 11.4459225597351
7.63112082262211 0 79.721543369728 903.748564652914 11177.2773419449 0 949.626739863109 0 0 381.597545876216 122.637659266509 0 22.4337181585077 0 357.642662994165 0 0 168 4.06150330786458
44.1891323907455 0 461.639373329828 5233.28956514563 139 0 5498.95391581339 0 0 2209.69695889491 710.151481988566 0 129.905758900347 0 1940.07112397987 0 0 218 23.5187348684921
27.9395861182519 0 291.882015529814 3308.86660535017 150 0 3476.8389461148 0 0 1632.75 524.732510288066 0 95.9876543209876 0 1415.47452095587 0 237 309 63.0106139171124
49.2050938303342 860 514.040612511054 94.125 72070.5376263577 0 6123.14677291443 0 0 725.55 233.17695473251 230.041152263374 42.6543209876543 70.7818930041152 1864.80081848581 0 42 204 26.1883746832121
17.2734177377892 0 180.453638899852 2045.67937659951 25300.3176317421 0 754.177611738442 0 0 180.6 58.0411522633745 0 10.6172839506173 0 640.162767979244 0 0 40 9.19341272545223
285.2 521 90 511.4375 2432 10.05 7023.5132635599 0 47.7375 17850 5736.62551440329 139.362139917695 1049.38271604938 42.880658436214 10893.7679396188 0 2514 6162 285
290 727 186 355.75 335 0 2401.61580544655 0 0 8637.3 2775.85185185185 194.465020576132 507.777777777778 59.8353909465021 4466.30546778767 0 456 907 77.8672867940547
0.00841796167319166 0 0.00618815256998253 1.03781032195357 12.3297605243257 0 1.04754225307349 0 0 0.420943867937112 0.13528276375012 0 0.024746847027461 0 0.472862844863664 0 0.0299426737257219 0.0403228006173055 0.00448028277573482
920.4 2547 753.798016819121 8545.2921123097 295 0 3350.14397553013 0 0 13374.9 4298.41975308642 681.296296296296 786.296296296296 209.62962962963 7010.22932134743 0 555 1011 14.7750415557739
7.49367994858612 0 10 33.3125 10975.9681498973 1.15 932.523416227108 0 5.4625 367.5 118.106995884774 0 21.6049382716049 0 340.470020488986 0 113 30 3.98835329785843
19.2606362467866 0 6 46.5 28210.9899864852 0 2396.81897743043 0 0 270.9 87.0617283950617 0 15.9259259259259 0 781.342677594626 0 0 129 10.2510679159999
7.08470389850565 156.974811868851 35.4909880610481 402.33703667189 86.0120097481977 0 148.94142397136 0 0 640.271432592278 205.770164501536 41.9891472077173 37.6408837502809 12.9197376023745 360.929633369497 0 213.293577336547 99.9035860197774 11.1132610172638
37.6 38 44 154.0625 796 0 5657.90498776999 0 0 7627.2 2451.22633744856 10.1646090534979 448.395061728395 3.12757201646091 3731.6467977593 0 1746 484 414.899210967742
3.2 0 156.558252304894 1774.79373610375 120 0 1864.8899212282 0 0 749.386456169668 240.837505020234 0 44.055641162238 0 714.654049280989 0 0 221 7.97603549470762
3.06940826130828 0 12.2776330452331 51.9241564204651 47901.4295495591 0 4069.72798350684 0 0 91.3148957739214 29.3467429099022 0 5.36830662986016 0 1215.8781310295 0 28.1362423953259 61.3881652261656 17.4060111970992
39.6674537275064 0 414.401856058869 4697.79016778189 180 0 4936.27025931156 0 0 306.6 98.5349794238683 0 18.0246913580247 0 1475.96455278818 0 0 53 21.1121666493906
5.04905802964731 624.2949876241 6.31132253705914 24.7522180750288 35853.5405053529 0.210377417901971 3046.13366395395 591521.370795327 0.999292735034363 3967.29734679537 1275.00835758268 166.992486401508 233.233236143173 51.3823035081563 1958.1542503489 0 393.405771476686 225.629780699864 23.1494620959154
410.4 1364 62 241.125 461 6400.25 3191.87783880082 0 182294.875 12549.6 4033.18518518518 364.855967078189 737.777777777778 112.263374485597 6965.05784466331 0 344 1343 281
572 457 414 2781.75 357899 29750 175273.87654321 7436170.58333333 822840.31 11736.9 3772 122.242798353909 690 37.6131687242798 5813.49051951339 0 1234 675 26.8755821166644
15.2 1552 269.88350637128 3059.48456586399 194 1.25 3214.79719866414 0 5.9375 2517.9 809.201646090535 415.144032921811 148.024691358025 127.736625514403 1577.48851050119 0 196 523 14.9658069466659
31.707626674173 1143.1936484634 456.299493319391 9219.43368609896 48807.7789513135 1.28931614488354 1916.39447736025 252422.102612189 6.12425168819681 7141.95189855822 2295.27750610141 305.792539712433 419.867836481965 94.0900122192103 3561.75517854985 0 0 373.424157518121 142.233551681719
13.7021558555478 0 143.145029110086 1622.73720662266 133.214990143077 0 1705.11434645705 0 0 403.801861545009 129.773672924518 0 23.7390865105825 0 607.964013266609 0 0 255.733886187074 10.227817584152
166 1117 10 884.393353146036 876 0 1598.02271035783 0 0 3573.15 1148.33744855967 298.786008230453 210.061728395062 91.9341563786008 2232.28679344847 0 465 1422 18.5103080366029
49.6 13 497.943499821396 100.5 754 0 2354.73070306773 0 0 9273.6 2980.34567901235 3.47736625514403 545.185185185185 1.06995884773663 4471.01736781191 0 297 849 150
32.7664087403599 0 342.307340714764 1566.57150858189 265 0 4077.49511931308 0 0 1638.49864956037 526.580008873017 0 96.3256113792104 0 1487.74272065252 0 129 32 71.5307253926384
4.39433541826959 17.1005977361906 18.7472650736286 85.7969661616209 10.7785585731141 0 223.313592044426 0 0 318.304307862275 102.296504976314 4.57423396235552 18.7127753005453 1.4074566038017 155.633121876315 0 17.7224376538703 70.1642707115215 4.54624788819011
53.6 1589 82 185.5625 678 3177.65 3785.15684562023 0 100032.525 18575.55 5969.8024691358 425.041152263374 1092.03703703704 130.781893004115 9260.00244492707 0 1551 1401 44.7953212651442
1272 26953 486 4673.4375 1406465 193517.6 440846.864197531 19353085.4722222 5174408.9475 26908.35 8647.79423868313 7209.65020576132 1581.91358024691 2218.35390946502 20486.8617368163 0 8578 2541 103
1146.4 2774 267 1625.875 139289 47100.25 60894.4691358025 2887545.08333333 897644.41 15899.1 5109.64609053498 742.01646090535 934.691358024691 228.312757201646 8459.22380910295 0 5216 954 51.6499469734272
162.4 873 63 851.106520102167 775 0 1463.9355757846 0 0 4637.85 1490.51028806584 233.518518518519 272.654320987654 71.8518518518519 2227.25025592756 0 201 948 17.3016551189783
15.1626285347044 0 158.402438701418 4.875 558 6.4 767.958796914559 4.44444444444444 30.4 758.213894441755 243.674463430233 0 44.574596968945 0 973.31076119705 0 0 712 56.6338402542322
19.1601238902861 0 200.163866251557 9084.38766784858 28063.7698715096 0 2384.31108722162 0 0 958.110404115599 307.917119880381 0 56.3263024171428 0 872.080339656094 0 0 43.815184992392 10.1975723315508
38.4 123 326.592238064387 22.5 266 0 3890.30002667318 0 0 4564.35 1466.88888888889 32.9012345679012 268.333333333333 10.1234567901235 2852.05302881342 0 396 587 16.6386073218583
53.0736131105399 0 15 1285.73242068268 77736.7449768347 0 6604.55041433875 0 0 2653.96931650294 852.931545966064 0 156.024063286475 0 2539.20408258153 0 66 99 28.2473125795321
1.19409640102828 0 12.4746036964859 141.416042750547 70 0 148.594931039386 0 0 59.7113145976168 19.1899972447759 0 3.51036534965413 0 51.4280486204636 0 0 129 0.635532655741533
0 0 0 0 0 0 0 0 0 0 0 0 0 0 0 0 0 0 0
0 0 0 0 0 0 0 0 0 0 0 0 0 0 0 0 0 0 0
0 0 0 0 0 0 0 0 0 0 0 0 0 0 0 0 0 0 0
77.0709283165122 108.040361242365 219.014965672512 2415.29477211654 111.246306679824 0.160297271872946 2608.8615328011 0 0.761412041396491 97.2844142996906 31.2652242703297 28.8996851059825 5.71924834213349 8.89221080184076 780.253818704312 0 85.5987431801529 228.263315147074 9.95329656316796
0 0 0 0 0 0 0 0 0 0 0 0 0 0 0 0 0 0 0
0 0 0 0 0 0 0 0 0 0 0 0 0 0 0 0 0 0 0
0 0 0 0 0 0 0 0 0 0 0 0 0 0 0 0 0 0 0
0 0 0 0 0 0 0 0 0 0 0 0 0 0 0 0 0 0 0
0 0 0 0 0 0 0 0 0 0 0 0 0 0 0 0 0 0 0
0 0 0 0 0 0 0 0 0 0 0 0 0 0 0 0 0 0 0
0 0 0 0 0 0 0 0 0 0 0 0 0 0 0 0 0 0 0
0 0 0 0 0 0 0 0 0 0 0 0 0 0 0 0 0 0 0
0 0 0 0 0 0 0 0 0 0 0 0 0 0 0 0 0 0 0
0 0 0 0 0 0 0 0 0 0 0 0 0 0 0 0 0 0 0
0 0 0 0 0 0 0 0 0 0 0 0 0 0 0 0 0 0 0
0 0 0 0 0 0 0 0 0 0 0 0 0 0 0 0 0 0 0
0 0 0 0 0 0 0 0 0 0 0 0 0 0 0 0 0 0 0
0 0 0 0 0 0 0 0 0 0 0 0 0 0 0 0 0 0 0
0 0 0 0 0 0 0 0 0 0 0 0 0 0 0 0 0 0 0
0 0 0 0 0 0 0 0 0 0 0 0 0 0 0 0 0 0 0
0 0 0 0 0 0 0 0 0 0 0 0 0 0 0 0 0 0 0
0 0 0 0 0 0 0 0 0 0 0 0 0 0 0 0 0 0 0
0 0 0 0 0 0 0 0 0 0 0 0 0 0 0 0 0 0 0
33.0587422694389 0 207.909504179788 3412.17349448109 100.338934625898 0 4113.87348923078 122557.693519894 0 1653.1169159811 531.278021204979 0 97.1850038789595 0 1459.50717109658 0 38.8700377379604 297.852963596697 33.3927197006887
11.1659059654982 0 752.941186817438 4652.70276663972 126.232116202079 0 495.133680127549 0 0 94.4833081346291 30.3650059456774 0 5.55457425835562 0 417.836794349749 0 47.0588241760899 133.545311851066 5.94281823971869
0 0 0 0 0 0 0 0 0 0 0 0 0 0 0 0 0 0 0
0 0 0 0 0 0 0 0 0 0 0 0 0 0 0 0 0 0 0
0 0 0 0 0 0 0 0 0 0 0 0 0 0 0 0 0 0 0
166 1533 611 3257.1875 830 0 16948.0012817711 0 0 5741.4 1845.16872427984 410.061728395062 337.530864197531 126.172839506173 3208.44542108264 0 737 989 56
51.9751145750886 137.933957910812 19.9904286827264 60.0962262274462 288385.922262747 3704.12648276579 11626.4012373587 2552539.16257073 69253.8416070031 8004.51747706559 2572.4884699956 36.8959146675012 470.577159145537 11.3525891284619 3351.27545383229 0 1885.0974247811 281.865044426442 28.58991315797
0.0141785708327608 0.145427464534652 0.00380361203846892 0.0315972930908449 0.0835176090148921 0.456991847234685 0.259638618029305 0.00150615843130862 8.10402942390605 1.21054404159638 0.38904413643309 0.0389003505956889 0.0711666103231262 0.0119693386448274 0.855206653082134 0 0.235743018469361 0.107795983728524 0.00436917120346669
199.6 15 79 421.0625 126892 0 30946.2317944706 737638.305555556 0 9678.9 3110.60082304527 4.01234567901235 569.012345679012 1.23456790123457 4186.35152115386 0 909 723 118
568.4 339 114 761.125 756368 29170.85 378514.913580247 6482971.02777778 618693.055 11072.25 3558.39506172839 90.679012345679 650.925925925926 27.9012345679012 4755.99971881381 0 2623 564 55.9240460014635
236.8 3306 249 1444.8125 3545 0 2788.95851105032 0 0 5304.6 1704.79012345679 884.320987654321 311.851851851852 272.098765432099 3126.11589331357 0 476 2381 150.98389708852
66.8 340 16.6373928617117 51.7258788305934 35666 0 9825.95809433425 394388.888888889 0 3970.05 1275.89300411523 90.9465020576132 233.395061728395 27.9835390946502 2080.76732574667 0 879 368 198
17.0032178991167 270.420181347575 9.2545189672314 37.0572899323461 75.6047142746701 0.0705853141568497 385.227811629898 0.522854178939627 0.335280242245036 1716.3289705999 551.593084809689 72.3346164098452 100.901174050553 22.2568050491831 1321.35332075368 0 304.144275889181 148.542872236748 6.31486068306807
3.6 61.9494246951743 7.09281054112831 40.1410947294358 585 0 4188.97718695866 0 0 1585.93465996909 509.687015941467 16.5708337661989 93.2354297453902 5.09871808190735 749.931825918286 0 76 323 10.3009083852222
315.469320823383 53.9776404450655 285.881577172014 1587.40493757948 215377.782477351 40414.5088008251 15754.5812767376 3143933.38757569 1042331.2349676 11015.1870980465 3540.05621022854 14.438463493536 647.571257968636 4.44260415185725 6013.80979477716 0 9738.96575659766 328.863772341233 130.945757375992
0.0226231654167184 0.0338181338703522 0.0116614254725352 0.0474838668459794 0.226231654167184 0.000145767818406691 0.545570512590722 0.00534482000824532 0.00069239713743178 2.21594779863667 0.712160374243413 0.00904600288713125 0.130273239190868 0.00278338550373269 1.14943957936111 0 1.43872836767404 0.236435401455652 0.0124284034491858
0.879028642275477 4.66983966208847 0.319646779009264 1.08052473197321 4.01556266130388 0.00387072271456531 9.92704752374059 0.174113154364855 0.0440388355299092 23.9424177819553 7.69460418624469 1.24913406599074 1.40754954626427 0.384348943381767 13.7431887314792 0 7.29443938660986 2.50972666331493 0.289679893477146
0.0297643525257874 0.058701917481414 0.00227691156996452 0.0183106409366836 0.0753410173308992 5.16742231350475e-05 0.19940850214309 0 0.000245452559891476 0.524348676995954 0.16851495792149 0.015702158997086 0.030825906936858 0.00483143353756493 0.326326762204389 0 0.342496750939095 0.0611822801918962 0.00330676497665562
0.10886374033894 0.187997763454415 0.113648959694497 0.468241190846573 0.42169745570853 0 1.94411223444846 0 0 4.81283192743277 1.54674590652356 0.0502874675906872 0.282941324364066 0.0154730669509807 2.87551148123219 0 1.48939952441736 0.711801379139221 0.0312601407922591
