0 942 0 275.75 2644 46.616212330359 0 10774071.25 1507.25753201494 687.75 221.028806584362 251.975308641975 40.4320987654321 77.5308641975309 1482.98254832051 0 848 2110 28.8498651475121
0 489 12 48.875 0 35.1816425613702 0 610520.833333333 635.814868916687 264.6 85.037037037037 130.802469135802 15.5555555555556 40.2469135802469 252.078814036405 0 287 1102 0
0 1076 0 440.5 1778 40.4183574386298 0 30646332.8333333 1380.54886507584 709.8 228.115226337449 287.818930041152 41.7283950617284 88.559670781893 643.99924939013 0 153 607 38.1501348524879
0 0 0 0 0 0 0 0 0 0 0 0 0 0 0 0 0 0 0
0 0 40 0 849 6.01764003677865 2965.07314745971 11.5277777777778 764.352653008453 0 0 0 0 0 1775.58904109589 0 210 164 84.3663103396109
0 96.7519373225455 0 58.5 3800 26.6380948348857 225.927800618771 583.333333333333 1518.13693225323 761.530841321009 244.740462427289 25.8801478434793 44.7695967854796 7.96312241337823 185.455129477979 0 482 1450 1.44247628124402
108 246 94 547.8125 8800 46.3343825291035 223.577122789565 795.138888888889 3011.94470694744 2043.3 656.674897119341 65.8024691358025 120.123456790123 20.2469135802469 1096.00525426909 0 1366 2819 249
0 51.782137494752 0 76.375 2347 11.7958578827343 84.0883332825256 99281.1666666667 989.574803897706 182.957252951348 58.7987252283384 13.8511890418061 10.7558643710375 4.26190432055572 145.274401161936 0 294 398 18.757973432588
0 0 9 47.25 2017 46.1628308130263 12398.3423191041 9379925.25 5802.15232804562 0 0 0 0 0 794.479452054794 0 156 562 6.11574288547885
106.4 4572 92 611.625 0 68.0895789676005 22313.687669289 23641.0833333333 5905.08298987456 5159.7 1658.22222222222 1222.96296296296 303.333333333333 376.296296296296 3268.05104147119 0 1946 2360 394
0 2357 0 0 0 204.292364463853 13867.5450920666 916.722222222222 6605.45311766459 1314.6 422.485596707819 630.473251028807 77.2839506172839 193.991769547325 1332.73484706324 0 676 3273 0
0 60 86 154.25 3430 7.3 104.960489135075 0 1542.17763938187 768.6 247.012345679012 16.0493827160494 45.1851851851852 4.93827160493827 261.808219178082 0 408 554 41
0 336.72037800027 601.096974263394 12.375 226 47.767438013953 12769.5191434978 7137511.94444444 6003.83353438596 1230.81178290602 404.280848552648 90.0692369136526 0 12.4444444444444 0 0 0 113 121.976268464781
628 10229 109 2796.8125 772686.181752639 4318.5 945.399480309188 2669.52777777778 20512.875 8069.25 2593.29218106996 2736.15226337449 474.382716049383 841.893004115226 6788.51904672546 0 2757 3004 608
105.6 1043 17 298.5 3653 160.16730101797 242.365039638222 192.555555555556 5178.74273291435 5306.7 1705.46502057613 278.991769547325 311.975308641975 85.843621399177 4003.16682304372 0 947 565 110.908003084461
103.6 1824 18 380.8125 5167 86.35 199.924306396038 2781 410.1625 2377.2 763.98353909465 487.901234567901 139.753086419753 150.123456790123 1467.69900544192 0 1024 1874 258
0 310 161.671356624499 350.97682168775 1805 9.58940369760471 252.528263944589 329.333333333333 1205.28095891654 996.45 320.238683127572 82.9218106995885 58.5802469135802 25.5144032921811 515.243009945581 0 820 1683 75.4869670316949
70 3627 0 5935.69690285228 562482.616884179 54.190707261705 26646.1327073175 1685791.66666667 6811.16674951 799.05 256.798353909465 970.185185185185 46.9753086419753 298.518518518519 1152.11747044474 0 552 403 138.37837095888
0 144 37 128.625 5338 27.8508397271731 504.35529254176 121 3164.58304178362 1319.85 424.172839506173 38.5185185185185 77.5925925925926 11.8518518518519 703.677613060612 0 974 2815 480
0 254.297493755737 0 195.0625 2923 47.3131577689698 443.982705926384 1076.41666666667 1992.80548890949 898.509867536238 288.762724428656 68.0219633503001 52.8224495906078 20.9298348770154 262.343952503539 0 332 772 23.6538836043382
0 1247 823.231669112107 0 674028.860683786 64.70463577191 31582.0790154448 5197174.83333333 8132.65015310529 505.05 162.312757201646 333.559670781893 29.6913580246914 102.633744855967 699.987614937136 0 693 501 122.572197781421
24.4 337 197 952.6875 6229 42.15 660.686983827048 0 605.095 1526.7 490.650205761317 90.1440329218107 89.7530864197531 27.7366255144033 731.582660911991 0 434 1233 0
0 0 0 0 7224 19.888900536615 9702.9129040089 7817077.22222222 2499.81269602351 185.85 59.7283950617284 0 10.9259259259259 0 90.4053293300807 0 127 44 50.7871883481556
0 311 0 4165.17809714772 395469.340679396 38.0265284177389 18635.4575126905 1186172.91666667 4779.5099758964 226.8 72.8888888888889 83.1893004115226 13.3333333333333 25.59670781893 168.112591480578 0 615 207 97.1024244111831
2004.4 10815 347 2554.125 0 4.9 454.36687197166 329.138888888889 4808.49218927562 7421.4 2385.08641975309 2892.9012345679 436.296296296296 890.123456790123 6607.27340964534 0 3551 755 513.39993858791
0 172.174924748628 0 14.75 655 24.4248806512106 11899.6345719565 8540471.5 3069.93474266462 954.830454923895 306.863011184634 46.0550210232957 38.7674959054627 14.1707756994756 68.0832236158149 0 0 306 101.235856368435
0 256.273128678066 0 352.875 0 41.4551230889908 138723.707266579 7606744.47222222 4617.88299083059 905.46721121619 290.998672622879 68.550425366561 15.2532404380192 21.0924385743265 0 0 448 260 4.81639841981839
0 0 0 0 0 0 0 0 0 0 0 0 0 0 0 0 0 0 0
98.8 5678 0 128.875 3022 10.05 19378.5470722455 4592.27790750714 101.295 2653.35 852.732510288066 1518.80658436214 155.987654320988 467.325102880658 2927.58979170576 0 1541 1229 418.141006623859
126 4933 143 35.5625 2915 4.3 3764.46679790547 2600.68704322719 20.425 1446.9 465.004115226337 1319.52674897119 85.0617283950617 406.008230452675 1641.30531056483 0 274 1076 94
29.6 2729 50 27.75 1994 7.95 3353.35431552968 2402.92869068447 84.0125 1411.2 453.530864197531 729.979423868313 82.962962962963 224.609053497942 1319.96397072621 0 524 622 6.11509836435297
124.8 12631 360 145.0625 4545 19.05 8123.88990272102 7690.34934625108 267.79 2641.8 849.020576131687 3378.66255144033 155.308641975309 1039.58847736626 4707.00544192156 0 1280 516 430
61.6 13819 65 7.75 1124 0 5186.04786667739 3828.55606456503 0 1638 526.41975308642 3696.44032921811 96.2962962962963 1137.36625514403 2605.30831300432 0 463 555 0
126 6783 243 520.625 6893 20.35 6982.39725453169 3302.41666666667 346.1 4124.4 1325.49794238683 1814.38271604938 242.469135802469 558.271604938272 3187.71551885907 0 1734 778 141
0 11832 149 365.875 16854 1.7 6828.20623935743 4948.56183975426 8.075 2370.9 761.958847736625 3164.93827160494 139.382716049383 973.827160493827 2092.88121598799 0 5688 782 480.705245216588
700 27387 29 110.25 415220.481560803 6.25 15430.7932858874 100.472222222222 82.4125 2839.2 912.460905349794 7325.74074074074 166.913580246914 2254.07407407407 6549.32332520173 0 10714 1543 29.2652851975086
501.6 15132 134 109.875 2687 12.4 10335.7955878079 8224.95640903768 195.885 2952.6 948.905349794239 4047.65432098765 173.58024691358 1245.43209876543 5133.35034715706 0 995 2454 146
35.2 17912 117 320.3125 7188 30.1 11219.0689248496 10516.2763917525 142.975 2803.5 900.987654320988 4791.27572016461 164.814814814815 1474.23868312757 4282.38768999812 0 2369 1724 193.122415706504
30.4 23953 92 65.9375 306178.831660951 0 73911.8104572017 8260.8621297088 0 1894.2 608.75720164609 6407.18106995885 111.358024691358 1971.44032921811 4878.09645336836 0 731 1147 349.712655474892
774.8 27459 0 271.5 387691.357513306 8.95 88134.3060751163 9885.67458344468 116.7925 1828.05 587.497942386831 7345 107.469135802469 2260 8583.2197410396 0 589 1084 0
193.6 4279 128 330.75 3791 8.15 12367.3713100831 2783.52777777778 92.2175 2865.45 920.897119341564 1144.58847736626 168.456790123457 352.181069958848 2311.47644961531 0 1490 1220 1036.13015529854
28.8 5885 89 263.875 3835 18.8 6773.85522346644 6922.60769775208 314.4 2317.35 744.748971193416 1574.17695473251 136.234567901235 484.362139917695 3023.73240758116 0 1471 813 746.909217655364
64.4 5759 1357.37388844927 541.59651073201 149962.009640026 28.65 7660.15730878353 6735.51381211564 136.0875 1188.6 381.991769547325 1540.47325102881 69.8765432098765 473.991769547325 1836.29348845937 0 1127 436 401.512393411605
1062 20926 390 8016.125 850866.924218345 6.3 134736.719154212 713.861111111111 139.1475 7100.1 2281.82716049383 5597.48971193416 417.407407407407 1722.30452674897 10049.9628448114 0 4103 2335 512
46.4 7136 126 578.186733602817 2876 8.15 5819.53349808933 4863.06359463196 113.5575 2136.75 686.707818930041 1908.80658436214 125.617283950617 587.325102880658 2960.52955526365 0 3156 861 569.479425580362
0 8535 150 0 177839.857614306 0.87 42535.6358531042 4842.55809011625 28.13 913.5 293.58024691358 2283.02469135802 53.7037037037037 702.469135802469 4447.53237005067 0 1052 925 103.461377051265
1497.6 8946 39 71.125 221353 18.15 8388.54010580049 6281.29290490607 272.0925 1348.2 433.283950617284 2392.96296296296 79.2592592592593 736.296296296296 4183.03471570651 0 1639 825 0
912 7384 318 16211 452622.697024202 19726.6 575490.619081811 324492.611111111 433434.47 4822.65 1549.9012345679 1975.14403292181 283.518518518518 607.736625514403 3950.5907299681 0 1930 2992 1058.79199606776
751.6 10704 298 32587.0625 32583 9.6 411.061728395062 0 19012.399440667 8233.05 2645.9341563786 2863.20987654321 484.012345679012 880.987654320988 8399.92831675737 0 3316 811 366.363085355334
2252.8 24546 2530 78622.3125 1436531 3652.21827956534 791927.358024691 5092463.86111111 36767.5086558707 5579.7 1793.20164609053 6565.8024691358 328.024691358025 2020.24691358025 10593.066616626 0 3255 1688 1662.03565603744
456.8 23765 314 385.375 52990.7126326518 1333.14460759284 4692.30370114284 258.055555555556 23912.2754249648 1480.5 475.802469135802 6356.89300411523 87.037037037037 1955.9670781893 5854.40795646463 0 848 720 10.9594632314428
598.8 15059 0 10585.25 136450.901059882 305.7 11617.3283637185 4850.80555555556 30907.001977649 8640.45 2776.86419753086 4028.12757201646 507.962962962963 1239.42386831276 7398.93000562957 0 2033 704 446
226.4 4285 127 370 1645 1.5 3723.66628220824 390.166666666667 8938.57192829322 2402.4 772.082304526749 1146.19341563786 141.234567901235 352.674897119342 2183.32144867705 0 0 342 119.691141270033
0 0 139.401288563883 3012.02040515338 919.59566587392 21.9413050294811 136.72424678488 0 393.652851593774 0 0 0 0 0 32.0958904109589 0 0 0 2.48907657644139
0 0 1834.71704948462 20.25 858 288.778438422278 1091.26856330634 22.7777777777778 5181.02526768506 0 0 0 0 0 517.72602739726 0 244 316 20.3752257016072
275.6 7192 677 2276.125 4018 1413.72042460016 33487.8921220387 629.916666666667 34617.1242972346 3040.8 977.251028806584 1923.78600823045 178.765432098765 591.934156378601 3322.428973541 0 1536 2149 289
1198 10601 3396 13774.125 62192 5139 388319.75308642 209619.444444444 121546.735 2192.4 704.592592592592 2835.65843621399 128.888888888889 872.510288065844 4247.36948770876 0 2485 7074 945
80.4 866 73 0 1543 1.3 2233.02394224959 46.5 5218.78453349162 1905.75 612.469135802469 231.646090534979 112.037037037037 71.2757201646091 953.488834678176 0 459 775 86.0731475231299
758 4239 669 6998.25 102399 479.464009093278 1703.84139694659 2341 8602.14896801039 1500.45 482.213991769547 1133.88888888889 88.2098765432099 348.888888888889 2596.55057234003 0 1170 519 71.9436297377876
0 2233 140 21259.0625 52703.5192890594 1325.22316815573 4638.46452055036 222406.527777778 23776.0642970732 1668.45 536.205761316872 597.304526748971 98.0864197530864 183.786008230453 1191.6956276975 0 1815 714 377.336634123712
1548.4 19798 106 31823.0625 1211799.25261307 4227.85 142175.036115781 351685.833333333 89745.3975 4164.3 1338.32098765432 5295.76131687243 244.814814814815 1629.46502057613 9150.00112591481 0 2823 1476 0
332.4 3875 328 20493.625 527957 0 378270.172839506 715413.416666667 0 1785 573.662551440329 1036.52263374486 104.938271604938 318.930041152263 1898.05967348471 0 1083 1469 148.53659858331
31.2 287 45 36 689 163.351220346739 703.166268473676 80 2908.7662030653 667.8 214.617283950617 76.7695473251029 39.2592592592593 23.6213991769547 478.000375304935 0 178 208 18.2360209049471
1894 57645 11002 103477.6875 1370753 15418.5 361058.12345679 327507.555555556 332793.5925 7867.65 2528.50205761317 15419.4444444444 462.530864197531 4744.44444444444 15751.0846312629 0 7604 1585 499.073650915095
224 5203 4719 50917.1875 0 3384.85 3545.55317920195 111.083333333333 65411.555 3436.65 1104.46913580247 1391.74897119342 202.037037037037 428.230452674897 2521.9489585288 0 915 452 8.2084910140086
794 14291 99 19841.375 13039 0 5133.26755756398 151.916666666667 0 4012.05 1289.39094650206 3822.69547325103 235.864197530864 1176.21399176955 5440.28560705573 0 1275 468 385.95034950658
758.4 6875 171 480.25 4440 1931.14130280489 6894.76235249158 973.916666666667 34544.3079914035 4296.6 1380.83950617284 1838.99176954733 252.592592592593 565.843621399177 3830.69994370426 0 3575 1393 534.260130249264
666.4 1374 113 209.625 40581.9432619861 514.170651613479 3553.26272233992 29.3055555555556 16624.8510688358 2442.3 784.905349794239 367.530864197531 143.58024691358 113.086419753086 2128.79489585288 0 1405 719 8.09962379049701
243.6 10884 4527 34532.75 444186 5959.05 757654.782670895 1675513.44444444 111661.385 1775.55 570.625514403292 2911.35802469136 104.382716049383 895.802469135803 3028.47025708388 0 1032 524 28.1962698581272
90.4 345 3067.14384928196 63 1728 251.160891500985 1712.80784093818 115.277777777778 8120.86882519851 1316.7 423.16049382716 92.2839506172839 77.4074074074074 28.3950617283951 566.616626008632 0 300 427 54.568907847628
12386.8 76021 28068 378557.1875 13735352 11787.9 5383248.34567901 10236701.8611111 268436.35 5818.05 1869.8024691358 20334.8353909465 342.037037037037 6256.87242798354 29900.4319759805 0 10111 11803 1232
1536.8 25000 9474 88067.125 2091332 3655.65 1637984.34567901 8202114.63888889 80706.675 2575.65 827.761316872428 6687.24279835391 151.41975308642 2057.61316872428 8187.41414899606 0 1937 1291 741
36.8 638 25 227.8125 26495.6605911625 643.375084587402 2151.74727784722 171.805555555556 11383.4801821969 708.75 227.777777777778 170.658436213992 41.6666666666667 52.5102880658436 366.711578157253 0 958 294 56.0088686691881
294.8 1030 75 7449 98872.6293076457 749.123282563934 33449.0753452055 3210.75 24221.6528029005 3675 1181.06995884774 275.514403292181 216.049382716049 84.7736625514403 2422.46575342466 0 1176 907 275
128.8 195 32 92.125 1244 352.749705082871 1272.51845548178 14.1666666666667 6307.64218373723 1350.3 433.958847736626 52.1604938271605 79.3827160493827 16.0493827160494 739.166823043723 0 68 517 116.880831775524
280 8530 5204.73377301727 62269.9456134914 160267 7364.6 20.9876543209877 198336.722222222 146648.7475 2467.5 793.004115226337 2281.68724279835 145.061728395062 702.057613168724 2960.34152749109 0 2048 938 290.738051205861
69.6 855 0 187.5 206586.71070741 452.952423214554 2822.5111865582 521681.5 8126.49989575101 733.95 235.876543209877 228.703703703704 43.1481481481481 70.3703703703704 1059.19872396322 0 74 278 152.725569828213
842 4182 0 24670.5 890383 0 132644.296296296 1022557.91666667 0 2528.4 812.576131687243 1118.64197530864 148.641975308642 344.197530864198 3621.59204353537 0 1275 1015 127.155651909275
1793.2 13070 0 170763.9375 535999.575240988 6061.8 275152.162409334 791775.638888889 209239.5675 2668.05 857.456790123457 3496.09053497942 156.851851851852 1075.72016460905 5227.54925877275 0 1131 666 12.94820215302
22.4 4166 78 63.1875 2121 849.456261798274 3474.28880499312 381.944444444444 15203.5265832534 2482.2 797.728395061728 1114.3621399177 145.925925925926 342.880658436214 2769.51623193845 0 816 327 81.9510664458859
755.6 2309 686 321.75 799852 1533.24019347581 260592.024227119 2293246.55555556 27508.1347043383 1631.7 524.395061728395 617.633744855967 95.9259259259259 190.041152263374 1831.02796021768 0 295 912 395.934606283049
350.4 5967 4538 95105.25 574691 8859.7 463181.280650163 2492084.16666667 216908.9825 2184 701.893004115226 1596.11111111111 128.395061728395 491.111111111111 3274.26233814975 0 2886 1164 332.283639482224
274 11676 68 18618.75 100998.829819267 30.65 8730.24611402054 2188.27777777778 717.49 5682.6 1826.27160493827 3123.20987654321 334.074074074074 960.987654320988 6920.921748921 0 6920 1306 1949.52156930777
0 473 1612.22806773703 20.625 279 132.496590070811 1581.26707778438 4.16666666666667 4284.05641228956 514.5 165.349794238683 126.522633744856 30.2469135802469 38.9300411522634 315.65321823982 0 0 140 62.0871913434375
148.4 3990 9684.8899116298 207856.789444888 2527 2.05 5285.6350019792 106.805555555556 12787.3058426614 5527.2 1776.329218107 1067.28395061728 324.938271604938 328.395061728395 3587.62994933383 0 1218 693 254.589173440506
321.6 6348 12 81266.8125 0 3.2 14092.0904458963 355.361111111111 19152.4312603441 7599.9 2442.45267489712 1698.02469135802 446.79012345679 522.469135802469 4277.95759054232 0 1732 637 498
1019.6 7367 50 69085.4375 601161 17150.25 163227.981520825 2020550.16666667 336524.88 1098.3 352.971193415638 1970.59670781893 64.5679012345679 606.337448559671 3439.76806155001 0 395 791 133.906624497396
211.2 2179 114 331.375 3447 785.088554906069 2856.97081410084 470.472222222222 14082.5070615652 3056.55 982.312757201646 582.860082304527 179.691358024691 179.341563786008 1637.28241696378 0 347 718 41.4352083015933
0 408 3979.55217697353 156 1273 623.207781829122 3861.93600589393 0 11155.3544690487 1892.1 608.082304526749 109.135802469136 111.234567901235 33.5802469135802 1108.50741227247 0 251 361 15.0975572145002
2786.4 6023 0 60852.1875 492083 7699.25 36258.024691358 1549985.41666667 201619.1325 5457.9 1754.05761316872 1611.09053497942 320.864197530864 495.720164609054 11351.9001688872 0 2317 3999 939
0 0 0 4946.70429186508 125173.303005764 247.560143394485 9516.04078523645 8450172 6565.94558715606 142.8 45.8930041152263 0 8.39506172839506 0 56.1095890410959 0 365 166 58.3990435282425
0 232 271.311996504547 46.875 5425 186.717430575256 3953.70066007194 6826.79828785028 4749.66767643463 10572.45 3397.7695473251 62.0576131687243 621.543209876543 19.0946502057613 5014.96603490336 0 2847 1639 411
18.1429879691489 40.6692340928672 40.3460407620816 1379.42974848156 750 34.637014324958 786.958443752035 1066.02740609212 913.914462857468 3413.47508905888 1097.02119264287 10.8786017120838 190.232984848324 3.34726206525656 440.710190282082 0 154.150700108683 209 62.0646622282913
193.6 1805 143.407192987247 86.25 62191.5513646752 1.05 7394.9330190166 1299396.80555556 2078.48580705214 4899.3 1574.53497942387 482.818930041152 288.024691358025 148.559670781893 2680.03377744417 0 176 227 28.6652804266353
0 0 105.520907482758 1469.19558831637 1347 3.4 1569.23207568513 2761.17371904087 1222.58470873852 0 0 0 0 0 6535.56164383562 0 219 525 37
0 145 20 69.1875 1547 80.4621643711325 1686.91144745944 2979.37463574806 2071.80706613765 10011.75 3217.57201646091 38.7860082304527 588.58024691358 11.9341563786008 5060.0319009195 0 103 372 200.693419090271
0 0 0 0 0 0 0 0 0 0 0 0 0 0 0 0 0 0 0
1439.6 6113 222 552.8125 134098 66048.55 228665.62962963 5967029.77777778 1598251.775 35913.15 11541.7530864198 1635.1646090535 2111.2962962963 503.127572016461 25248.0551698255 0 7941 1402 389.360070206536
18.586993581896 41.6645149272074 41.3334122237697 1393.97908409841 128 35.0236585573832 2124.86499329364 1092.11584050281 928.919466589845 1433.82629377002 460.802493000751 11.1448290957551 84.2931389635521 3.42917818330925 852.636626163687 0 0 33 8.26202527016507
272.8 230 95 119.9375 5634 5.5 5283.09121923843 281.694444444444 4121.10036612283 22033.2 7081.02057613169 61.522633744856 1295.30864197531 18.9300411522634 10640.3602927378 0 507 1542 240.02290917189
168.8 311 23 42.3125 1557 110.53425887413 2292.00662631134 4084.68113795703 3573.9410369302 8740.2 2808.92181069959 83.1893004115226 513.827160493827 25.59670781893 5952.6950647401 0 428 707 70
0 58 124.28234280322 22433.1088285984 53247.677400291 105.310016881414 6537.54191545399 998008.611111111 2793.09840083593 7341.6 2359.44032921811 15.5144032921811 431.604938271605 4.77366255144033 3582.5588290486 0 519 391 66.8424652510306
706.8 700 55 149.1875 1962 155.950531605696 3396.79382486769 523.583333333333 4031.52877172759 12272.4 3944.0987654321 187.242798353909 721.481481481481 57.6131687242798 6271.88590729968 0 1073 468 35.337706812743
112.4 201.252648709344 19 13 1653 169.175233756586 10263.7630318566 5275.26135807949 4486.9717891951 8444.12980779852 2713.77089649022 53.8330130292485 202.69525525026 16.5640040089995 101.533468811519 0 399 284 73.908168191308
48.6022104475538 108.946479900856 108.080695813649 5380.48879997725 46518.2241512158 91.5816329493541 3520.33466443703 2855.71970955673 2428.98558097116 0 0 29.1420625249204 0 8.96678846920626 0 0 0 129 21.6039613471803
11.4304105035289 25.6223529076943 106.418735264935 27 1161 4.05 548.401465989327 52.1111111111111 410.208304424586 595.35 191.333333333333 6.85371579835443 35 2.1088356302629 154.917826070192 0 324 909 55.0808830385835
16.8 0 63 112.5 2989 82.6720625420433 1801.08557931038 2554.11895984386 2165.44415477628 0 0 0 0 0 5175.65753424657 0 1833 2166 77.1247704270907
34.3787203012758 61 76.450761747848 2605.31998633311 510 64.7801677106317 3930.17509585661 2597.46047089578 1718.14028899261 4625.25 1486.46090534979 16.3168724279835 271.913580246914 5.02057613168724 2410.43201782807 0 140 117 83.2815383850853
333.2 40 127 35.3125 2815 233.23245036277 4980.59081599908 8632.07794195362 7541.18256172956 10395 3340.74074074074 10.6995884773663 611.111111111111 3.29218106995885 5542.06793019328 0 850 1937 274.252594509887
65.029564402846 0 0 135.3125 132990 62.7118716076245 1244.11837786736 1281857.22222222 1565.40352997626 0 0 0 0 0 4141.48088351343 0 460 285 13.4372147868853
0 67 54 58.375 1663 181.127294219802 11223.9986993988 6861.57171165648 4803.97184251477 2369.85 761.621399176955 17.9218106995885 139.320987654321 5.51440329218107 1090.52242446988 0 321 363 42.7276402180765
99.6847281111431 227.452804462509 242.677052896038 11073.4696620433 323 188.236933679842 11414.1797339133 5857.1748113387 4985.72911382664 582.75 187.283950617284 60.8412851442926 34.2592592592593 18.7203954290131 246.880579691583 0 237.086956980511 21 44.3104334800004
0 3.17705409188402 33 106.295416156245 404 0.85 90.3658916879227 86.0551447636361 53.5367759791679 104.127518896656 35.1376812737687 0.849829283837289 0 0 0 0 133 298 0.630006163222754
386.8 1811 110 606.8125 7530 5.95 6660.55053944263 195.611111111111 4858.03773309018 15460.2 4968.59259259259 484.423868312757 908.888888888889 149.053497942387 8543.20735597673 0 1534 3758 199
0 0 0 173 2173 62.6617680285307 1376.37502657898 3220.27608824628 1661.95476230078 2436 782.880658436214 0 143.20987654321 0 1143.37399136799 0 254 971 115.781811274134
124.4 0 180 82.75 3012 133.310369947628 2790.20909727377 323.555555555556 3439.56350054371 0 0 0 0 0 5449.68493150685 0 1663 900 4.48517049197092
0 32 101.34170482233 2401.54059946236 852 60.0536891100112 3652.56559448124 2243.62459509164 1585.12147279623 6676.95 2145.8353909465 8.559670781893 392.530864197531 2.63374485596708 4241.63895665228 0 919 196 96.0604153279745
0 78.0437454237806 12 27 2036 68.8544477425777 1488.54978995116 3357.60949570536 2045.14486163534 2642.11321882249 863.150633512116 20.8758989816697 25.5766464671785 6.42335353282145 9.99452054794521 0 135 189 13.30492151384
45.6 1113.44669852448 82.7835580193646 4157.98624052081 1956 71.0462307185998 1520.20701110357 131.25 1869.01238189682 5595.40199105269 1798.24794539024 297.835536642352 328.947794888459 91.6417035822621 1130.13004031378 0 47 431 165.547384101931
0 397 63.420376792861 50.9148116035695 31466.903006512 53.7389366827158 3401.19892037345 2142.78442246038 1425.29782594316 3723.3 1196.59259259259 106.19341563786 218.888888888889 32.6748971193416 1930.23906924376 0 140 88 12.6769295713912
52 0 72 413.25 1451 244.773792399295 5480.27298823428 271004.388888889 6453.74332330895 0 0 0 0 0 2996.91780821918 0 342 1194 331.210976350066
0 0 30.1999478109421 1005.46754141024 695 26.2897735917618 584.6962265797 797.946252492584 685.358045193733 111.3 35.7695473251029 0 6.54320987654321 0 54.5580784387315 0 0 113 0.89906129409677
292 81.1080337068477 15 11.625 1450 7714.65 4165.79386334707 2126.01463278866 195123.6 2791.22009623882 897.041143999933 21.6955645717905 164.09289219511 6.6755583297817 4172.36518741404 0 2437 55 16.0836295651142
0 276.089922873724 31 23723.25 1515 232.8342857947 14080.4186281892 120900 6162.6101732887 9501.25044184248 3053.50788254393 73.8512139374158 231.301240915743 22.7234504422818 425.753152202414 0 566.935771491279 235 113.153960314572
5.20777026576776 211.673712643173 11.5809431048241 575.680368018804 5131.75328311259 9.81305378031646 595.35226512499 310.992917890939 260.26797481177 517.234573483928 166.228630318174 56.6205404189556 30.4076762777147 17.421704744294 157.753186182832 0 52.3859936056389 278 5.31488375715027
72.0470191324612 161.500249670771 195.216827330075 7990.38847019715 122 137.958921261497 8236.41478925542 4233.26615511446 3621.58336425859 5531.82887724669 1786.16546474991 43.1996552617289 77.3744650476732 13.2922016189935 0 0 229.354317248947 143 100.025313297157
31.6140745155007 70.8659565495241 70.3027936317212 3523.51390249634 769 60.8707179087334 3654.12080643284 1878.38126915678 1592.32198989052 1062.6 341.497942386831 18.9559143033706 62.4691358024691 5.83258901642174 393.105989639144 0 126 433 17.0929347632267
77.4800730342534 0 172.298752013982 93.375 75095.885888694 154.246479258266 8991.00295976272 6433.82860760564 4057.04280648137 0 0 0 0 0 929.87515988012 0 154 87 211.440336922844
16.4282076716429 36.8253908705878 36.5327440824587 1816.01648222983 16086.1330993106 31.8558365997299 1189.92096055922 1226.65982116811 838.310138097944 0 0 9.85041319583623 0 0 0 0 94.0723217017864 72 7.30243254933041
252.8 204 143 258.6875 10317 68.15 5139.54401711634 6850.46303577342 4705.79217371843 7027.65 2258.54320987654 54.5679012345679 413.148148148148 16.7901234567901 3520.15349971852 0 3325 4898 488
0 11 69 166.875 2667 6915.07271664806 3206.99151289866 5351.90635769196 166376.207868492 7547.4 2425.58024691358 2.94238683127572 443.703703703704 0.905349794238683 3670.99118033402 0 637 774 93.938827930271
222.8 0 342.927484517752 9912.74319244441 1661 1217.28144187003 6218.76679347514 5068.03975873902 29600.2264975898 0 0 0 0 0 12602.4520547945 0 569 569 5.6839671506643
5.57741040642915 12.502296194914 0 13 10343.9314875838 11.0660107623977 673.165079313944 327.71186082398 357.801014650858 33.6 10.798353909465 3.34423560769303 0.946313070377451 1.02899557159786 0 0 58 35 2.47919092008954
30.922913069057 69.3166523936053 0 82.5 29650.1032829256 58.2683554582588 3535.1072340769 1816.93736797232 1545.429915115 691.95 222.378600823045 18.5414913810055 40.679012345679 5.70507427107863 134.419756915022 0 79.5460636692659 116 13.7454122463631
25.6 1245 236.482700237582 6031.52710098678 2501 103.785098822314 2322.1263649464 4290.55676932942 2752.65356644687 10049.55 3229.72016460905 333.024691358025 590.802469135802 102.469135802469 5335.52073559767 0 1467 1440 199
0 11 19 16.125 1461 91.9402292896152 5494.24389498674 2807.65530330254 2406.15350512925 6416.55 2062.14814814815 2.94238683127572 377.222222222222 0.905349794238683 3008.50853818728 0 605 248 149.163438893885
0 58.9421979824532 58.4737916867686 2906.69020761111 941 49.5474727202707 3027.34968416602 1999.94538130368 1314.12918655485 1965.6225805179 651.890747335259 15.7664315590924 7.98829646234953 4.85120971048997 0 0 202.538603581264 94 23.6881698985555
0 163.784983014626 0 0 69614.5863820492 137.679493735931 8352.93480418539 4293.15389124936 3651.62199351616 0 0 43.8107979257229 0 0 0 0 60 67 32.4783732849064
90.6405743736589 203.179473181737 201.564831250322 10019.643062187 393 172.194944019359 10362.0299114005 6411.75438011288 4543.23076193808 0 0 54.3484187523165 0 16.7225903853282 0 76.8388055612638 215.576632092096 79 58.2902552625218
0 0 14 7.5 40544.2553029141 84.4314923110625 4971.50231146793 1198106 2729.95158472435 0 0 0 0 0 3747.78082191781 0 193 168 104.817222827822
292 732 35 176.6875 3887 7120.05 4716.69968691274 6617.08078508466 185498.385 8318.1 2673.26748971193 195.802469135802 489.012345679012 60.2469135802469 5213.73691124038 0 836 961 332
402.8 0 200 99.625 94647 37500.7 96415.0617283951 4280377.80555556 786228.065 0 0 0 0 0 8447.68493150685 0 418 237 253.01692118494
0 0 50.8909734169572 2749.75375496881 0 0.3 2616.19939101334 2187.32609402414 747.08833652783 0 0 0 0 0 3143.23287671233 0 247 607 55.6574214379373
47.2 0 133.43455886592 0 1098 85.1475283015706 1862.46269672129 361147 2753.10341508412 0 0 0 0 0 4711.79452054794 0 429.068702451172 190 85.8411147771739
30.9885296620738 69.4637382311925 68.911718567471 3580.55205967678 969 58.7919974630507 3587.05296703615 2258.17358417711 1552.50922601141 266.7 85.7119341563786 18.5808353293313 15.679012345679 5.71718010133272 56.900372905391 0 73.702124067489 142 2.05152205101676
0 15 11 984.127179038725 2345 51.8209250669209 1110.92058958093 1948.88123209391 1323.44952524148 790.65 254.098765432099 4.01234567901235 46.4814814814815 1.23456790123457 437.164571214111 0 775 983 41.3634444996104
0 126 151.678779382895 32.3481103085526 2494 93.4649664405965 1900.871209719 3335.76152112795 2360.49114887912 6755.7 2171.14403292181 33.7037037037037 397.16049382716 10.3703703703704 3564.10058172265 0 744 763 0
61.1262308346962 137.020263435004 135.931380491609 4584.31789401014 411 115.180770263966 6987.95033744145 3591.59348017559 3054.89672073269 4593.26063364946 1515.42095456484 36.6515107953715 27.6361923098762 11.2773879370374 0 0 0 78 4.04671702144024
0 0 30.6863376935471 534.296322302723 868 26.0019136077348 1620.18764133007 819.269920237315 689.639081515101 1587.6 510.222222222222 0 93.3333333333333 0 766.297616813661 0 95 476 0.913541263400954
35.6 1119 136 40.0625 2267 2653 3121.88798175495 361116.823583402 58916.0925 15968.4 5131.91769547325 299.320987654321 938.765432098765 92.0987654320988 8312.46537811972 0 1743 934 148.024221740962
590.8 20242 120 200.25 641510 124165.85 343010.024691358 18935379.3055556 2931120.3375 24662.4 7925.99176954732 5414.52674897119 1449.87654320988 1666.00823045267 21399.1713267029 0 5790 1211 0
407.2 1266 146 1051.6875 59400 18012.3 85.1851851851852 4846511.86111111 430369.72 15521.1 4988.1646090535 338.641975308642 912.469135802469 104.197530864198 9312.40607993995 0 1733 1010 179.490057701751
0 21 140 2639.10125392816 2129 70.006111863192 1524.01710244772 2515.96347460911 1764.41011111815 2702.7 868.592592592592 5.61728395061728 158.888888888889 1.72839506172839 2691.05122912366 0 628 510 130.992785560275
12.1740652243861 27.2893257336828 67.0724608657922 51.6512695671039 1999 3.05 623.955586113649 43.5 437.65670540131 939.124164641555 301.815330200304 7.29961387938017 55.2101213781044 2.24603503980928 532.456406858442 0 244.954405883656 403 65.8059550914709
61.9836209834492 138.942185046144 137.83802883142 2263.7597162204 59568.491932015 116.796359126581 7085.96717403489 3641.97114662383 3097.74638311245 5342.13135495731 1720.92399632304 37.1656050534953 80.6138119303585 11.4355707856908 0 0 147.4198541748 36 27.5520750919284
23.6 5 61.7326039002218 50.5086980498891 1354 52.3088108272896 3241.10068321888 1631.10546571684 1387.36712990802 3001.95 964.765432098765 1.33744855967078 176.481481481481 0.411522633744856 1405.95796584725 0 371 652 12.3395651599123
60.7478418149659 136.172068438251 0 2281.9698212373 58195.0914259425 114.467768036333 6944.69290700608 3569.36047942165 3035.98602789672 4686.1722150116 1506.04006126181 36.424627360026 202.323286548292 11.2075776492388 69.7092260848712 0 37 124 81.0027641625753
0.393699558100881 0.882515025523338 0.875501788688932 43.5205654109134 1190 0.741852028751349 109.452175533272 23.1326019405162 19.6758653784622 28.9243108046267 9.76046702049132 0.236063689954802 0 0 0 0 0.936362389338511 74 0.175001712006321
0 0 0 0 0 0 0 0 0 0 0 0 0 0 0 0 0 0 0
0 0 0 0 0 0 0 0 0 0 0 0 0 0 0 0 0 0 0
0 0 0 0 0 0 0 0 0 0 0 0 0 0 0 0 0 0 0
0 0 151.291572984274 20.25 1017 2.4 7893.14153065543 3997.44212977643 2205.03540406176 0 0 0 0 0 1401.80821917808 0 94 531 60.5039944520664
0 0 0 0 0 0 0 0 0 0 0 0 0 0 0 0 0 0 0
0 0 0 0 0 0 0 0 0 0 0 0 0 0 0 0 0 0 0
0 0 0 0 0 0 0 0 0 0 0 0 0 0 0 0 0 0 0
0 0 0 0 0 0 0 0 0 0 0 0 0 0 0 0 0 0 0
0 0 0 0 0 0 0 0 0 0 0 0 0 0 0 0 0 0 0
0 0 0 0 0 0 0 0 0 0 0 0 0 0 0 0 0 0 0
0 0 0 0 0 0 0 0 0 0 0 0 0 0 0 0 0 0 0
0 0 0 0 0 0 0 0 0 0 0 0 0 0 0 0 0 0 0
0 0 0 0 0 0 0 0 0 0 0 0 0 0 0 0 0 0 0
0 0 0 0 0 0 0 0 0 0 0 0 0 0 0 0 0 0 0
0 0 0 0 0 0 0 0 0 0 0 0 0 0 0 0 0 0 0
0 0 0 0 0 0 0 0 0 0 0 0 0 0 0 0 0 0 0
0 0 0 0 0 0 0 0 0 0 0 0 0 0 0 0 0 0 0
0 0 0 0 0 0 0 0 0 0 0 0 0 0 0 0 0 0 0
0 0 0 0 0 0 0 0 0 0 0 0 0 0 0 0 0 0 0
0 0 0 0 0 0 0 0 0 0 0 0 0 0 0 0 0 0 0
0 0 0 0 0 0 0 0 0 0 0 0 0 0 0 0 0 0 0
0 0 0 0 0 0 0 0 0 0 0 0 0 0 0 0 0 0 0
0 0 0 0 0 0 0 0 0 0 0 0 0 0 0 0 0 0 0
120.957627567194 274.138033008287 171 75.0625 955 229.021671633373 13919.4308037463 108700.555555556 6055.53170644288 9398.87242287482 3137.76962417998 73.3291034795829 15.5606557194826 22.5628010706409 0 0 197 398 8.00771262459971
40.8944479878454 91.6687968456103 0 119.5 706 83.3578187864666 1672.24960425271 5167.95727876776 2129.81586100616 245.7 78.962962962963 24.520460061583 14.4444444444444 7.54475694202554 104.217184269667 0 126 363 18.1778167187899
0 0 0 0 0 0 0 0 0 0 0 0 0 0 0 0 0 0 0
0 0 0 0 0 0 0 0 0 0 0 0 0 0 0 0 0 0 0
0 0 0 0 0 0 0 0 0 0 0 0 0 0 0 0 0 0 0
0 478 142 174.25 5729 892.522046916614 18291.3478391331 270.833333333333 14546.0724271342 4070.85 1308.28806584362 127.860082304527 239.320987654321 39.3415637860082 1932.40495402515 0 1096 770 197
384.8 0 19 75.625 196104 0.85 12798.3161227703 1535225.30555556 4.0375 0 0 0 0 0 6663.80821917808 0 877 218 85.7947063229401
35.2 35 47 278.25 67993 1145.58576323441 24929.3305029738 1931819.22222222 19012.4512967815 10004.4 3215.20987654321 9.36213991769547 588.148148148148 2.88065843621399 4938.78025896041 0 1329 620 248
572.8 21 53 175.9375 595250 24136.05 454272.395061728 5751065.58333333 676480.905 10979.85 3528.69958847737 5.61728395061728 645.493827160494 1.72839506172839 6214.3970726215 0 807 358 10.4681802371438
0 624 41 98.1875 1994 1124.13380087148 3522.30796125766 91.3611111111111 18635.7987815485 4958.1 1593.43209876543 166.913580246914 291.481481481481 51.358024691358 2264.50516044286 0 1207 1320 155.342828122168
170 0 38.0921168865065 88.4539415567468 55612 586.663149701239 49265.4903630986 902671.555555556 9703.02200114926 0 0 0 0 0 3014.94520547945 0 391 250 16
0 523 60 79.75 3538 2252.6 3005.58337677978 28.0555555555556 39180.0771645377 12548.55 4032.84773662551 139.897119341564 737.716049382716 43.0452674897119 7427.45092887971 0 2439 383 283.539932021763
0 39.4863075791526 24.1168865064547 153.504056746773 1505 239.202037911799 5053.79629024483 82.8333333333333 3953.89513515935 3261.11339479671 1048.05525523547 10.562181039691 96.5031845613866 3.24990185836647 208.717197787431 0 313 455 33.4399648152469
48 9 0 147.8125 385687 19045.35 18791.904129562 1418859.11111111 534985.19 10860.15 3490.2304526749 2.40740740740741 638.456790123457 0.740740740740741 6001.47082004128 0 2928 174 182
200.8 179 95 199.375 6070 6.8 4227.75305590717 827.055555555556 32.3 9053.1 2909.48148148148 47.880658436214 532.222222222222 14.7325102880658 4825.82623381497 0 2007 659 132
0 25.5474915758685 0 49.875 648 153.70707183248 539.371776320817 0 2548.12564563113 2109.92802541779 678.087783986903 6.83369116226935 100.218313450546 2.10267420377519 475.203965416366 0 129 68 21.6355306887672
