296353891.48547 14268205.68 38350247.7975816 0 9514692.05044242 2340022.35318025 0 0 0 1661962.92 4268305.425 90812928.4748134 223624.8 923076 0 0 0 0
112495834.180045 0 19967504.6334474 0 7810932.38347384 0 0 0 0 1222885.38 6330336.93 29293212.1697053 131997.6 604875.6 0 0 0 0
410327880.512091 0 42225442.7289576 0 9994839.92893472 1466444.82828693 0 0 0 684924.675 2295178.05 89689933.2402562 238593.6 654091.2 0 0 0 0
0 0 0 0 0 0 0 0 0 0 0 0 0 0 0 0 0 0
0 3074449.965 0 0 349305.283476332 56973.2903135375 25609.7688840209 870052.054444312 96059.8402695066 1485061.845 8221817.655 584045.700351353 288943.2 2158228.8 0 0 0 0
22283377.3623247 365595.555 3156105.67253706 24843.9008650453 0 977907.550353678 46337.3665763487 0 173807.114464469 556104.405 6402911.73 9720850.10491595 105235.2 870004.8 0 0 0 0
72497002.6417395 5794190.595 5875156.82960616 26988.6801764289 927245.175224692 209561.986764595 0 0 353332.076564028 2217160.14 10097876.235 19163012.9790957 469929.6 2310638.4 0 0 0 0
18831004.8770575 2231374.75531565 4791896.29786875 16761.4047980762 104398.906152024 1059946.76904324 31262.3755295931 831295.488787676 99420.8494208494 82553.835 2560983.255 6549204.35339936 94348.8 482630.4 0 0 0 0
152673668.969722 0 31986190.8299926 105331.998826287 5469392.28732669 2952169.2745377 250890.080751302 0 739610.851452957 714861.78 3980727.78 58745281.5040402 135172.8 351766.8 0 0 0 0
99311242.633611 30394326.24 11824802.6192245 0 2170669.89479551 419321.033654952 0 0 90987.6041454989 11564794.38 29406401.775 34860288.9747086 1185710.4 3055222.8 0 0 0 0
84915616.7445641 21559251.525 16070646.1243696 0 2286651.74527973 269124.555474782 120972.786173916 3584982.32323883 159317.211948791 4479679.53 17138539.02 23509472.3721345 242676 1654732.8 0 0 0 0
0 0 6782958.71128928 0 0 120014.199383118 53946.9616742873 0 0 333844.08 5707100.835 13832793.1046683 154224 938498.4 0 0 0 0
120940840.276367 14509817.2346843 32997711.1722554 108993.309903358 1061951.33421584 8024613.8996139 203287.840456139 0 0 0 679481.565 66117429.6546075 79833.6 350406 0 0 0 0
126083494.208494 163589949.495 24075773.5339664 0 2536098.72500523 643694.609407108 0 0 468324.527535054 10727462.625 49975007.28 55043640.1342271 1329955.2 4397878.8 0 0 0 0
32353891.4854704 9140796.06 0 489651.768915209 10886.2258761235 210996.401168403 94843.9003530573 0 0 6237804.06 28438435.38 4129061.58062471 699904.8 3832920 0 0 0 0
61898216.8258484 24415977.09 7669831.83511731 0 503226.677349683 202481.570618004 91016.4429377974 0 0 6064531.725 12176237.07 17650835.3813035 431373.6 2112642 0 0 0 0
21976859.3781752 0 2934026.78554419 21880.6134985957 997091.2004459 90789.7244531444 40810.4191892969 0 422381.072681724 3059935.005 3658677.105 7679166.76872498 53071.2 1300244.4 0 0 0 0
174543868.116237 40660031.7 39530368.4713298 123649.598890605 4606571.7968369 872745.068462854 230623.879153932 7172460.83206233 60201.1786222313 2912971.035 3890916.465 66756586.8434589 185068.8 500094 0 0 0 0
63026341.1908149 0 11004580.3770442 0 0 235280.624573441 105759.775941573 3199781.47406847 0 762942.585 13201356.12 25320449.4920218 347004 2073405.6 0 0 0 0
17021540.3373298 0 7456598.00183433 10795.4720705715 537697.491142742 87700.9215516544 39421.987382039 0 0 425469.765 4318200.6 9962959.63661798 127461.6 582876 0 0 0 0
264260719.365983 14906863.92 34282012.9709311 147639.746071616 3645339.82442695 0 275368.875126407 8921958.48144061 0 693089.34 2119184.16 80967676.0914116 74390.4 615762 0 0 0 0
30198079.658606 1582130.64 5730805.5530608 165864.717312853 677057.932139622 24715.5049786629 71928.5955697682 0 0 1989456.705 5281631.07 19969981.2484861 300283.2 1231070.4 0 0 0 0
56143238.162975 0 16416936.7809992 45381.4814014335 0 160155.456208088 84642.8405466165 2494806.11368369 317487.353348919 0 1176618.945 26231381.1619407 0 110451.6 0 0 0 0
116685099.573257 0 27059495.9135852 0 0 0 161832.645071484 5327713.99590079 0 210466.92 2109205.125 53831024.0939263 26762.4 285314.4 0 0 0 0
74055044.7063605 99372137.715 19288449.4484769 16008.1428703618 3772991.70905037 735445.031497663 3349327.02 0 0 5509334.505 31684343.31 27678840.1821265 2039839.2 4067431.2 0 0 0 0
59897657.9963422 0 2628232.86713096 55731.4500600242 0 1113340.78439342 103946.986638328 4308482.00822559 746647.022962812 576062.475 1438795.41 18121718.825268 0 209109.6 0 0 0 0
117919198.333672 0 7805909.5845002 82953.2703063464 2110301.795854 0 154719.507044093 4701499.85962161 580338.354498217 237682.47 1463289.405 40459806.7151648 63957.6 249026.4 0 0 0 0
0 0 0 0 0 0 0 0 0 0 0 0 0 0 0 0 0 0
22630486.6896972 134784104.19 2180237.70061262 756592.949014528 0 17160.8628438648 0 11289278.985829 813355.819651129 11308061.025 23548708.23 267964.304084782 2018520 3066336 0 0 0 0
14103993.0908352 46864269.915 0 208599.364609358 147255.336841693 10643.8452813269 0 4257865.08839574 11430.6035358667 0 28548204.765 0 1294574.4 1709845.2 0 0 0 0
26112781.9548872 6671438.49 0 799790.259399772 130313.864932701 9419.28928420798 152386.336349168 0 111820.240774107 10420834.095 12216153.21 2976047.59455362 371498.4 1288224 0 0 0 0
30516841.0892095 125535353.115 0 745519.879090713 0 23277.9498680596 0 9808780.3923744 0 7152246.54 37267159.8 2229824.43248775 1708257.6 3934980 0 0 0 0
14559439.1383865 163833982.26 1856073.28603271 592486.351438882 0 15160.3562079392 245265.971833933 7442069.64447446 179974.797486596 9292295.955 13755646.155 1621094.22839834 611906.4 2151424.8 0 0 0 0
7849293.8427149 143989310.385 0 184479.19558311 0 18011.1066289402 291385.737284869 0 213817.223262568 5150089.245 27687286.2 214512.964127184 1048269.6 4792057.2 0 0 0 0
24093121.3168055 97684773.615 620187.950587448 859072.823170168 0 17002.5985169475 275069.978024493 8845960.00746145 221403.843146319 29392794 22861062 2969107.6293351 1006538.4 4130254.8 0 0 0 0
159282640.72343 404529213.645 26125294.9485218 1241726.04176305 0 45078.2916047746 729281.74294932 0 959764.275553749 18121927.56 15021169.23 31173588.9417778 1120845.6 2380719.6 0 0 0 0
60621723.2269864 152904217.38 2859891.62768039 1185574.16489312 1083593.15125758 30204.5760033204 0 13419802.2324867 291099.370046738 19174262.16 32431863.75 5739487.31347143 1312718.4 4662100.8 0 0 0 0
118978307.254623 155437985.085 5513679.89614546 821057.339378798 168192.189786107 32535.5590485103 526363.985103086 0 706376.049470113 28267884.6 25609832.55 14598747.5403947 1786276.8 4889808 0 0 0 0
70851478.3580573 371878718.31 8490462.31054575 2076246.87702415 276423.047446527 33444.7249840747 541072.575302815 0 366287.33997155 21438595.92 8671781.415 21491765.9353848 1003363.2 2341256.4 0 0 0 0
106964438.122333 360456351.975 15872925.1545163 907606.181178865 0 39880.333198594 0 20845455.8275752 1089082.50355619 32069896.935 19160654.385 38322161.350109 847778.4 1364428.8 0 0 0 0
43461897.9882138 48649609.995 0 822954.258042627 0 20224.8146692921 0 0 619821.707497872 11420551.965 32355660.21 5653622.25361082 1363521.6 4586122.8 0 0 0 0
11433397.6833977 105715175.235 0 104423.059128343 261190.870377485 18879.2832424253 0 0 312393.364042109 11486776.47 30737242.17 892969.407000384 626421.6 2948626.8 0 0 0 0
19361791.3025808 110124094.335 3748588.19335015 878119.120323247 15306.0335818296 12540.4553717043 202880.9172947 0 55451.1278195489 7075135.815 10091525.94 2342088.57572863 472651.2 1293213.6 0 0 0 0
116317008.738061 242849795.76 13484189.1262992 7431001.51136609 1718107.71267331 60955.9609491015 992460.39 0 1070082.30034546 58121528.58 69187371.21 9216083.30135506 4333694.4 8012844 0 0 0 0
29029287.746393 92349618.63 0 1259106.75179668 0 16928.8746668188 273877.265168597 0 0 6307657.305 16956194.835 2788859.04250252 1600300.8 3100809.6 0 0 0 0
22210856.533225 164180526.93 3830969.66282655 1192313.62388575 145875.426740054 19194.6733039798 1077104.93894438 7900828.23390232 491693.761430604 13072535.85 21275302.62 4035685.02899817 540237.6 1103382 0 0 0 0
59712228.2056493 68862598.98 8771272.35417228 582477.406619167 1001815.82247614 23613.8345906538 181437 0 162619.386303597 15153618.24 13525221.165 12004098.6618114 1429747.2 1417500 0 0 0 0
106364737.858159 55968778.575 19413259.9602109 0 1177214.69379224 0 0 0 800777.281040439 5955669.525 44463858.405 35549985.4396808 1303192.8 2991945.6 0 0 0 0
82035638.0816907 115478300.205 6898543.15161511 1486690.72514728 359484.950881349 454036.393702334 1289109.885 0 292293.233082707 15658013.1 33507785.16 16010200.3880937 2481645.6 6862741.2 0 0 0 0
168646235.521235 214139204.88 17666756.4779813 755575.090219302 3821849.09078241 325441.98333672 993367.575 0 726630.76610445 31161804.75 41560866.405 43808489.6186285 1712793.6 3520843.2 0 0 0 0
76455649.2582808 243766959.795 4288980.15169948 160729.157027852 248772.033721173 36240.1418999662 0 0 0 12080982.645 10025301.435 9304452.19180431 1350820.8 1371006 0 0 0 0
50290159.5204227 141729512.55 1761526.46576148 1824604.42305913 0 401749.761448283 1111301.625 0 330623.856939646 17837978.655 66605522.7 5881824.63932593 2046189.6 6434769.6 0 0 0 0
35012903.8813249 48660496.215 3872364.51418883 3068921.37811912 222601.546714972 28696.3678744621 0 0 446580.979475716 13428152.37 5972906.04 13872908.8251864 806047.2 920354.4 0 0 0 0
790489.737858159 480808.05 3592.45258370823 0 3555.6951640501 596.764775967193 4399.32747623945 0 2799.02796003404 0 0 6858.31856889753 0 82782 0 0 0 0
3354450.31497663 0 434523.469329436 239351.037907529 0 7854.26390443386 57901.338001074 0 0 1710043.725 5408636.97 840688.335687478 154677.6 276922.8 0 0 0 0
61833011.5830116 64669589.91 4369919.19703242 851207.550661608 452192.050442416 38450.7006913758 408233.25 0 729247.104247104 13097029.845 15579995.19 16411221.5155251 1280512.8 2023509.6 0 0 0 0
124171865.474497 91303634.325 19225445.4505126 0 809042.534661743 51038.1863896847 0 0 413254.419833367 24870476.775 40719905.91 28206821.8497321 802418.4 5091433.2 0 0 0 0
11009195.2855111 7272902.145 0 813192.066870239 0 16775.6013442536 0 0 139290.825197661 6390211.14 10149585.78 837395.254152413 654998.4 1710979.2 0 0 0 0
20828998.1711034 44179909.5 1524669.53518562 43320.6872089078 0 13040.5749150487 0 0 306924.405608616 3630554.37 2834045.94 6695052.48518794 244944 761821.2 0 0 0 0
58952321.6825848 25858401.24 6312891.73382104 339548.440825391 172437.817877796 36043.7314912845 265713.032473824 0 103383.458646617 5590981.155 10084268.46 15982875.9760177 742543.2 813304.8 0 0 0 0
126244437.106279 143846882.34 23307641.8542498 615897.103729064 2149485.29924058 582884.576305629 1000625.055 0 0 16989760.68 26143257.33 30707114.4168932 1139896.8 1944583.2 0 0 0 0
60946885.79557 33705551.49 9602734.6184516 618981.524320656 1573886.99226643 175650.274334485 0 0 262319.650477545 6813866.535 18848582.745 15244300.3834671 722584.8 1244678.4 0 0 0 0
2325010.16053648 381017.7 0 0 0 4372.14950832592 32231.3216811953 0 20506.8549822151 2054774.025 4247440.17 0 183708 391910.4 0 0 0 0
198533555.171713 507814040.265 36644023.3291694 96403.5655902039 6238112.24134327 1137294.24913635 7401722.415 0 1437233.2859175 30338987.955 69129311.37 45456608.8880543 3991226.4 4129574.4 0 0 0 0
33158072.5462304 48981639.705 3921978.46161383 772015.051972487 809303.80408277 483046.65206185 0 0 274334.484860801 9234236.115 25629790.62 4066737.97140734 1097258.4 1918501.2 0 0 0 0
58444929.8922983 147075553.755 5964668.77315023 362064.711144012 169411.447084233 327271.53082526 114305.31 0 365779.313147734 23739217.08 20298264.375 7177257.59790114 628689.6 3064294.8 0 0 0 0
82977875.4318228 87435397.485 2370937.0585978 2775577.55775578 0 51849.1192277213 0 0 373247.307457834 16506231.075 19926318.525 20365259.8948935 1284595.2 3555543.6 0 0 0 0
28801183.7024995 10812738.015 1880921.08307002 1633324.08007156 0 26783.384304973 119748.42 0 0 14025987.285 14428777.425 6959043.31899074 587865.6 2340576 0 0 0 0
42555095.5090429 68587721.925 5496479.66862347 147728.324234293 1122914.19912213 319629.383169635 2966494.95 0 428419.020524284 13750203.045 8520281.52 9997795.54046 477640.8 1236060 0 0 0 0
5793283.88538915 17458775.325 0 22963.5113044015 77952.7651249325 13083.0856610373 96448.015265834 0 61364.0818686273 5504798.58 9464661.105 1064590.66452208 113853.6 1037383.2 0 0 0 0
433482396.870555 768915491.04 58219123.2782763 651136.608988002 9643040.65352191 574805.082019034 1389807.42 0 3190332.24954278 60570020.895 44697004.95 73707247.7730876 3427855.2 6650683.2 0 0 0 0
103830547.652916 202773084.015 14093381.9947365 79500.9407482804 2156104.12457326 229628.124364966 2919321.33 0 1606457.0209307 10993267.83 24193716.765 20365994.7147402 1021960.8 2281834.8 0 0 0 0
27959662.670189 5367813.645 1607704.17785906 611224.206532803 126120.662651891 16563.0476143104 0 0 102011.786222313 1193855.46 7449803.22 4697077.32209876 92988 412095.6 0 0 0 0
44587228.2056493 15017540.49 3007454.3391112 1080056.13645477 392666.167351773 0 0 0 74171.9162771794 7688392.875 18349630.995 10894166.891195 586958.4 1847512.8 0 0 0 0
856152.204836415 6745827.66 0 28685.1115018044 56759.667708908 9526.17387641769 70226.5954119631 0 44680.9666154036 4364467.035 7412608.635 0 507578.4 1871780.4 0 0 0 0
35437715.9114001 67306776.705 2378285.25706448 257117.300515098 249621.159339511 22281.0120051376 503487.675 0 0 8111141.085 5666277.51 10559714.9987617 1526364 1688072.4 0 0 0 0
17294122.1296484 5339690.91 716939.230398681 90928.7190401283 0 12319.5065653678 0 0 0 2942908.14 3490847.88 10504195.2770135 128368.8 359024.4 0 0 0 0
82225055.8829506 46270063.74 9420717.02087705 453070.54069893 1436807.63603428 200847.423261239 0 0 241465.149359886 9624325.665 7910653.2 27715662.8211095 1166659.2 1462860 0 0 0 0
46390901.2395854 125080853.43 10851710.6333875 814564.634033497 1546344.84079983 220524.175842138 853661.085 0 496291.404186141 7799069.445 30479601.63 14596053.2009569 856850.4 1762236 0 0 0 0
6532310.50599472 39218514.735 3398596.22193737 1301131.98235711 0 22985.3989228482 169447.496075355 0 107809.268992655 4327272.45 9109951.77 758987.254957993 921261.6 2441048.4 0 0 0 0
59370605.567974 25466497.32 8150104.64378928 3187563.6161747 630791.472166098 656091.241617557 307421.354462266 0 661933.550091445 5395936.38 14951315.985 13026614.0862243 477640.8 800377.2 0 0 0 0
31584891.2822597 65789963.385 4371497.69892526 267234.20005552 909435.309691354 0 0 0 1071377.76874619 9038284.155 8664523.935 9598325.69937159 1067774.4 1225173.6 0 0 0 0
94468934.1597236 117057709.29 4532640.96974447 3462724.77715061 107773.636173622 64552.8368391131 898113.15 0 125101.605364763 22247804.94 67980815.16 15180588.781206 1588960.8 5459302.8 0 0 0 0
5894101.80857549 3904524.24 0 253230.930569692 41122.9451524857 6901.8079500047 50879.8685394475 0 32371.8057848482 1608439.005 2668938.27 962287.412536027 55339.2 694008 0 0 0 0
2436369.64031701 61858223.595 0 112781.838931557 245118.5310972 41139.1017921261 350173.41 0 0 6002843.145 61426403.535 0 1306368 6409821.6 0 0 0 0
36826127.8195489 64426464.33 2703783.23358834 1281422.53477684 225453.737894517 61508.2064491921 0 0 642603.129445235 25567194.855 64305808.725 2990362.9737887 1761328.8 5875707.6 0 0 0 0
26877667.140825 56520347.055 4523224.38948718 135930.415471454 911068.243572772 26145.1850044346 0 0 366973.176183702 6089025.72 4946879.805 10134716.9718891 493063.2 620524.8 0 0 0 0
809667.750457224 8365152.885 0 0 152916.811590849 21279.5879762152 156872.321954814 0 99808.4406488243 2557354.515 39219421.92 0 1149876 3412206 0 0 0 0
9012243.44645397 6583441.545 37802.3987785661 402933.283982604 100434.761960207 16856.3179505612 0 0 79061.8132083556 2937465.03 17347191.57 1168635.71170024 201852 1128103.2 0 0 0 0
261086694.777484 116769224.46 40687873.0231305 154313.562197341 3493825.33268306 0 0 0 213498.272708799 20300985.93 46283671.515 57385456.554457 1070949.6 4092152.4 0 0 0 0
78101300.548669 18774839.9701631 21428761.9374206 39812.3439530494 0 228344.196914783 302301.361099343 0 124096.508585018 273969.87 143335.23 20589597.6725262 17236.8 205934.4 0 44781.4064970937 0 0
3388030.88803089 7758246.12 0 28113.9426549769 167747.406698452 90251.4506854241 213473.568411121 1577193.96837075 87632.1708200959 1646540.775 40825139.37 0 786996 12490556.4 0 31622.9030813462 0 0
0 0 182760.019715841 5497.91721062389 32804.4118764567 17649.4279047456 41746.5461953993 271475.219962313 17137.2057654406 1308160.77 7794533.52 0 120204 2253484.8 0 6184.12384326489 0 0
15424989.8394635 27923154.3 2756935.2024973 193965.948413295 600919.668362015 603942.288152814 148385.192046432 1058853.87038818 60913.0047966548 1027840.605 11248186.815 12249419.6283989 567453.6 2236701.6 0 21981.0376606175 0 0
0 1197484.2 373804.279023382 11245.0468228384 67095.798902467 36098.8780990854 85385.4011755448 527568.97621084 35051.2155535221 1036912.455 16981596.015 0 749347.2 7104056.4 0 12648.5648131202 0 0
3851173.54196302 2875776.45 689805.327171733 0 0 39577.6984275072 93613.9247475132 635361.055583287 38429.0734711225 312978.825 23109630.69 1367526.95019827 260366.4 6800824.8 0 13867.4969992249 0 0
0 0 0 0 0 0 0 0 0 0 0 0 0 0 0 0 0 0
65480212.3552124 134657098.29 5469318.54984664 0 3057374.76485752 626052.018949666 3848292.14184395 0 0 12974559.87 73714224.36 10382351.260216 2475295.2 24661324.8 0 70823.3148719082 0 0
177402.966876651 517095.45 187232.627793275 5632.46539552523 33607.22026837 18081.3548323723 42768.1916297171 467444.205179133 17556.5972989409 2065660.245 7047013.08 118333.210863359 823737.6 2303607.6 0 6335.46527065281 0 0
5210932.73724853 8139263.82 1945911.81617529 0 0 122605.543599175 290001.353998492 0 0 9930047.01 65418924.72 1040994.78277909 1910563.2 17825119.2 0 42959.3451742559 0 0
7136379.80085349 17298203.58 770145.63040739 16882.1518109465 100730.702218834 54195.1269634448 128188.821958169 821857.495819935 52622.2746294802 1727280.24 23807255.955 1485996.23881101 861840 7102695.6 0 18989.248753683 0 0
5805349.52245479 7727401.83 0 16935.8385251189 0 54367.4721907244 128596.473584671 929436.366784469 52789.6180492512 1699157.505 22614307.68 5746672.21863884 677224.8 5125226.4 0 19049.6362197836 0 0
1554130.25807763 13390957.785 1867340.52368161 0 203594.196335261 402346.357770206 2006366.71010418 0 75091.7441779952 2141863.785 31297882.5 3286468.15644587 1104062.4 9113958 0 27097.5707451657 0 0
49477850.0304816 0 10277380.8843421 27206.5709055683 556351.459625165 0 206583.752649638 1290824.61819845 84803.8604291509 557918.775 6026429.955 21955083.4564837 136987.2 1157133.6 0 30602.2803518188 0 0
33703667.953668 6945506.16772929 4689239.2437343 0 0 47280.0406837072 111832.429536825 627045.927674647 45907.8781571858 48080.805 0 9317842.24234359 140162.4 662256 0 16566.2948669306 0 0
1348989.02662061 1633464.52601383 344548.861437471 0 20667.3726903391 11119.458737818 26301.079013521 218416.78473575 0 0 3818341.665 581106.420964682 34927.2 430012.8 0 3896.10984989781 0 0
4988747.20585247 9177990.645 0 0 0 41854.3576026824 98998.9524062326 0 40639.6593866163 2477522.235 15462061.14 2243350.56077641 596937.6 4855334.4 0 14665.207971171 0 0
485521.235521236 981574.17 346307.65399561 10417.8737452184 62160.3069167144 33443.4849676662 79104.5464857487 365378.294476372 32472.887308161 1710950.91 15449360.55 0 1021960.8 3292682.4 0 11718.1505206073 0 0
27279186.1410282 8249033.205 3259878.56421645 35622.1290518362 847601.546714972 114354.249878306 270484.403287732 0 111035.457970296 3918132.015 36286492.815 15385059.2074288 1749535.2 9005320.8 0 40068.2020441557 0 0
2986943.71062792 0 514373.892667314 9160.54415527821 0 29407.2022991547 69557.4460478135 469393.539194345 28553.7457364864 219538.77 13895352.645 3100014.42424143 211377.6 3680510.4 0 10303.8909750168 0 0
20897607.1936598 0 6260093.56706048 29128.6878327304 0 93508.9882528943 221178.687425607 1303708.49770525 90795.1680505829 226796.25 8359709.775 15186276.8311302 2575994.4 2219238 0 0 0 0
74545239.7886608 14245461.0098749 15120279.1226795 0 0 96972.914549329 229371.981844667 1287961.53386361 94158.564191166 62595.765 1085900.445 29412960.5891622 100245.6 365828.4 0 33978.0142592695 0 0
0 202542.099666468 14277.0937644201 429.49371337966 2562.65930029463 1378.76181823691 3261.21301200949 24092.5500942656 1338.74735816824 0 115212.495 0 14061.6 196182 0 483.09972880478 0 0
23590403.3732981 24757078.65 6595035.33939152 0 1145230.96216819 837887.981240602 0 2553779.85164817 0 3227764.23 56406041.745 16666666.6666667 1519560 13862696.4 0 50873.8308547984 0 0
5033555.17171307 0 1543638.7734496 10077.1950898524 0 32349.83747604 76517.7201151116 405156.8917243 31410.9796814659 576969.66 10312879.08 2678908.22100115 420487.2 2629292.4 0 11334.951044364 0 0
13493471.855314 2751492.105 960436.755144419 0 8556.57353863304 65906.0915430373 155889.001615731 0 63993.3633013289 1436073.855 19470911.655 3069560.22392954 702626.4 6796062 0 23092.6143514322 0 0
376447.876447876 7389021.825 318634.768550993 9585.39827607507 57193.1771618224 30771.0700854045 72783.4299069155 394679.221392533 29878.0313176374 1727280.24 12654323.565 0 816026.4 7258734 0 10781.7720339116 0 0
20235648.2422272 4975409.17051054 1012690.61090745 10550.4335332985 0 33869.028738727 80111.0937116776 432295.276217335 32886.0809372253 0 2056588.395 8316636.59348405 143791.2 517104 0 11867.2553751767 0 0
20633763.4627108 17960448.63 2804562.41478131 11280.8379656201 67309.3538441582 36213.7749172718 85657.1689265456 730543.38054483 35162.7778333694 506209.23 6763064.175 5069576.55325947 161028 2448986.4 0 12688.8231238539 0 0
0 3528949.65 0 8642.23538388486 51565.6089761445 27743.3261543071 65621.8463944317 304461.606500985 26938.1586468451 1208370.42 14293606.86 263990.833802802 282139.2 2264144.4 0 9720.89099365051 0 0
48635338.3458647 2049330.915 10030971.2957595 39002.4036478798 1206694.59346478 0 296151.357548917 1868040.69510923 0 1064128.005 20821710.12 24143404.1754097 614174.4 2898050.4 0 43870.3758356748 0 0
5974141.43466775 1940715.89016836 0 4115.31862094801 0 13211.0063725817 31248.2586289613 222924.619645929 12827.5962143003 0 881783.82 3434303.02337544 1814.4 173502 0 4628.9602101063 0 0
0 2028465.66 364484.509482718 10964.6828710489 65422.9518592192 35198.8530232919 83256.5537927053 476642.625063416 34177.3110280512 539775.075 13194098.64 0 1261461.6 11224558.8 0 12333.208045706 0 0
35951102.4182077 0 10075849.737506 37323.5339318448 222698.256972517 0 283403.436932528 0 116338.798199336 281227.35 2744234.625 15817786.4504663 296200.8 822150 0 10472114.4687066 0 0
0 744217.19028682 0 1578.12427709409 0 5066.0985944785 11982.944724683 109375.913259808 4919.07015401014 0 1723651.5 0 29937.6 138801.6 0 1775.09329364843 0 0
48629140.4186141 10295890.0663788 2452883.07927618 21832.5970967994 0 70087.0590937094 165778.328110482 1024466.40002607 68052.9907068854 0 2144585.34 17934040.3933191 11793.6 444754.8 0 24557.5695475763 0 0
6101681.56878683 0 2712138.40740045 9580.09588455186 0 30754.0483345621 72743.1680178784 396811.305471672 29861.5035724748 925328.7 5719801.425 4848286.91721302 364240.8 1261461.6 0 10775.8078397288 0 0
43968807.1530177 9372128.235 8550935.26237151 0 0 381020.117862223 178279.644656519 799683.821396894 73184.8555798636 0 3444581.445 22367126.8816151 198676.8 526856.4 0 26409.451841328 0 0
12242227.1895956 2347675.47931302 1999417.58723264 4978.28284134973 0 15981.2963221873 37800.8810697582 343417.828461245 15517.4867395087 0 420026.655 4239338.9887246 0 67132.8 0 5599.63281335294 0 0
17467740.2966877 0 3072254.56336733 0 0 113418.053581973 268269.999390688 1832922.22449142 217955.125341364 2166357.78 32528932.545 6527105.32689958 1947758.4 7588274.4 0 39740.1713641031 0 0
18021032.310506 0 0 22606.7462591874 0 72572.2347167043 171656.563909907 755092.805798911 70466.0415006207 1839771.18 19377471.6 10821202.0019758 373312.8 4816324.8 0 25428.3418982615 0 0
30242227.1895956 0 2241282.17898579 0 406818.260990734 83521.475946098 197555.024033056 1373671.31384498 81097.5135764444 2198109.255 30481416 12523180.8446074 722584.8 7094304 0 29264.8098063315 0 0
0 797040.669983785 0 1690.13729802181 10084.5389131964 5425.68308102486 12833.4771305929 127407.252900522 5268.21877056945 0 157850.19 274142.233906765 34020 64411.2 0 1901.08689575955 0 0
21302148.9534647 4419043.526365 4487789.74354787 9370.65141938524 0 30081.6891762861 71152.8234009108 446610.69789155 29208.6576385533 0 2363216.925 5849383.70387305 0 207522 0 10540.2221695092 0 0
2548668.9697216 23218492.89 1679798.16948212 16690.6029171707 271415.977037404 53580.216214262 126734.361216702 875707.847990177 52025.2098354823 5852250.435 24151986.255 153196.330255255 930333.6 9886892.4 0 18773.7922388302 0 0
4527027.02702703 272155.5 481345.16585075 14480.1684509343 86398.7927986678 46484.2738318236 109950.186224338 614131.589823865 45135.2060708356 560640.33 17978592.33 584998.244597033 729842.4 4480207.2 0 16287.4687888859 0 0
20743852.8754318 3757656.05276277 2588008.28441338 7968.16886149733 47543.6575742932 0 60503.5537505835 338970.910239041 24837.0690430533 65317.32 548846.925 5813078.16033769 0 379890 0 8962.69280816523 0 0
18606584.0276367 10441545.3417562 12359560.9587494 22141.4614030261 0 71078.576080281 168123.583146897 0 69015.7318626051 0 39008.955 8631955.95435408 58514.4 45586.8 0 0 0 0
72670112.7819549 0 14788086.120886 27467.0508891458 1013376.99435658 88174.7970826475 208561.617948588 1028365.0680565 85615.7859102622 37194.585 252197.43 23159943.0650697 0 1002229.2 0 30895.2713910477 0 0
5372891.68868116 0 1491412.13323645 12895.4161844362 0 41396.898048792 97916.914138359 612304.089184603 40195.4762353723 1345355.355 13771068.3 2863565.72691373 386467.2 3074047.2 0 14504.920252509 0 0
42014961.3899614 16461779.01 4330211.70976249 34126.8546422921 505556.329687173 109554.116140741 259130.550579254 1212303.00739818 106374.633834451 2491130.01 23062457.07 20024929.4436869 1572177.6 6413223.6 0 38386.2992846132 0 0
12869970.5344442 11951255.19 220282.660701018 0 488290.775447642 56937.7565679315 0 0 154782.361013221 2193573.33 24417791.46 674537.403690973 1179360 4669358.4 0 19950.2295413826 0 0
9979043.89351758 0 532091.215636966 6934.86531341263 0 22262.3223830444 52657.5181244681 346615.954579953 158173.834946318 0 6123498.75 2199288.58552623 171460.8 1455375.6 0 7800.42046679694 0 0
1197546.23044097 0 598143.35518742 13004.7780096023 0 41747.9716599172 98747.3155997503 0 40536.3609793503 2810459.13 13963391.52 1218793.97012277 415044 3508142.4 0 14627.9317575287 0 0
17926437.7159114 4428420.47542363 3205529.11111293 9390.53538759726 0 30145.5207419452 71303.8054848001 0 29270.6366829129 0 1139424.36 6526452.15370254 97524 308448 0 0 0 0
1931771.99756147 0 0 7746.7940154035 46222.7807127216 24868.7779807916 58822.6198832823 430102.275450221 24147.035682516 812837.76 4470607.68 4534627.70488546 148327.2 892911.6 0 8713.68770103437 0 0
0 4287356.31 0 13446.8649028496 80233.3825376194 43167.1601364048 102104.150598223 766575.601482271 41914.3617322796 619607.355 21860436.945 558735.238966136 782913.6 4670719.2 0 15125.1964475176 0 0
43496748.6283276 0 8710853.83344628 18523.2419873786 321883.926705218 59463.3588491772 140649.876615169 797764.945725669 357041.615008668 163293.3 1203834.495 16145488.8865302 0 126781.2 0 20835.1668532518 0 0
0 0 0 4181.59851498808 24950.3356875907 13423.7782581121 31751.5322419257 0 13034.1930288324 304814.16 8025865.695 0 171007.2 2010808.8 0 4703.51263739098 0 0
13676767.9333469 23705651.235 0 0 0 339296.03231565 3334943.80359303 1112399.63911854 72300.6212136661 7474297.215 33215671.59 698623.165331744 2047550.4 12642512.4 0 26090.3674525495 0 0
86216444.8282869 259040326.455 11096487.2889774 0 1105082.56113704 428914.19302883 5700909.50668205 0 316145.092460882 13899888.57 59757183.135 18420300.6229639 2088374.4 12897889.2 0 77161.0167153795 0 0
51007112.3755334 18383196.84 2648998.33168679 0 816815.299937295 0 251007.714466008 0 0 3961676.895 42280264.11 9150902.05940066 786542.4 10125939.6 0 37183.0231082383 0 0
7084942.08494208 1619325.225 777003.948976287 10221.0224599193 0 32811.5524676409 4296020.07385524 509415.803194175 31859.2947690006 0 12704218.74 6378453.99347371 333849.6 1851368.4 0 11496.7298115718 0 0
5914041.86141028 0 0 3689.13890227035 22011.9778787653 11842.8831486213 28012.2092976 306898.27402 11499.1786968587 3628.74 3088057.74 2009868.35838525 4989.6 461538 0 4149.58810266575 0 0
29255334.2816501 0 2083159.83420287 18783.0591720157 0 0 142622.709177989 774251.10416717 135361.127031286 0 2167264.965 13473792.7862464 39009.6 1045548 0 1667615.73423084 0 0
607523.877260719 0 565375.833136021 8412.24415156581 50193.3207397213 27005.0077115167 63875.4869574451 424254.273404584 26221.2677004186 969780.765 17096808.51 138118.915623631 297108 2992626 0 9462.19407097264 0 0
37067846.9823207 1943190.27 9730429.9784725 18408.5777706893 1386099.5959033 0 139779.21326474 0 57380.1992681553 821002.425 2435791.725 11469966.2799337 92080.8 556340.4 0 20706.1911540493 0 0
0 56261.6943517966 3965.85937900558 119.303809272128 711.849805637396 382.989393954696 905.89250333597 2832.6259908555 371.874266157844 0 0 0 0 41277.6 0 134.194369112439 0 0
0 0 0 0 0 0 0 0 0 0 0 0 0 0 0 0 0 0
0 0 0 0 0 0 0 0 0 0 0 0 0 0 0 0 0 0
0 0 0 0 0 0 0 0 0 0 0 0 0 0 0 0 0 0
27400045.7224141 1828884.96 3968326.54305364 0 123011.601135285 66182.6949942268 156543.257312585 984565.969402194 64261.9391602207 78925.095 1234678.785 23561481.2879487 0 218408.4 0 0 0 0
0 0 0 0 0 0 0 0 0 0 0 0 0 0 0 0 0 0
0 0 0 0 0 0 0 0 0 0 0 0 0 0 0 0 0 0
0 0 0 0 0 0 0 0 0 0 0 0 0 0 0 0 0 0
0 0 0 0 0 0 0 0 0 0 0 0 0 0 0 0 0 0
0 0 0 0 0 0 0 0 0 0 0 0 0 0 0 0 0 0
0 0 0 0 0 0 0 0 0 0 0 0 0 0 0 0 0 0
0 0 0 0 0 0 0 0 0 0 0 0 0 0 0 0 0 0
0 0 0 0 0 0 0 0 0 0 0 0 0 0 0 0 0 0
0 0 0 0 0 0 0 0 0 0 0 0 0 0 0 0 0 0
0 0 0 0 0 0 0 0 0 0 0 0 0 0 0 0 0 0
0 0 0 0 0 0 0 0 0 0 0 0 0 0 0 0 0 0
0 0 0 0 0 0 0 0 0 0 0 0 0 0 0 0 0 0
0 0 0 0 0 0 0 0 0 0 0 0 0 0 0 0 0 0
0 0 0 0 0 0 0 0 0 0 0 0 0 0 0 0 0 0
0 0 0 0 0 0 0 0 0 0 0 0 0 0 0 0 0 0
0 0 0 0 0 0 0 0 0 0 0 0 0 0 0 0 0 0
0 0 0 0 0 0 0 0 0 0 0 0 0 0 0 0 0 0
0 0 0 0 0 0 0 0 0 0 0 0 0 0 0 0 0 0
0 0 0 0 0 0 0 0 0 0 0 0 0 0 0 0 0 0
26646057.7118472 17285467.8946836 6717287.5894371 0 218703.988618663 131282.227014291 278320.373441588 1764177.7421112 0 222260.325 950729.88 20458881.386469 88452 423435.6 0 9694525.13358311 0 0
20746240.6015038 5844027.21830856 5905774.32321731 12392.3517886721 73941.4212000133 39781.9594376164 94097.067415959 566220.614731223 38627.4064130733 179622.63 277598.61 17133658.2869989 33566.4 371044.8 0 13939.0673294182 0 0
0 0 0 0 0 0 0 0 0 0 0 0 0 0 0 0 0 0
0 0 0 0 0 0 0 0 0 0 0 0 0 0 0 0 0 0
0 0 0 0 0 0 0 0 0 0 0 0 0 0 0 0 0 0
11414930.908352 6028244.325 913734.871556212 0 167560.788685292 0 88248.9395518248 0 1608.05767019423 2571869.475 20219339.28 3472894.67310042 337932 2960647.2 0 0 0 0
3522937.41109531 4572212.4 22066.0543558547 0 12431.414333298 0 0 0 1143.41749385021 1167547.095 21536571.9 65698.4443222529 256284 11894299.2 0 0 0 0
5101325.95001016 1594831.23 286035.429202829 23287.3754665186 0 0 0 0 2154.65286856807 2528324.595 36326408.955 515705.89106357 1344924 9105112.8 0 0 0 0
19323968.7055477 41544537.075 0 0 0 0 0 0 1778.18680917319 1317232.62 27405151.665 2515125.04184391 1999468.8 12012008.4 0 0 0 0
50060328.1853282 16029958.95 4260920.91977672 0 0 0 115061.160378589 0 2096.6255507193 2542839.555 14553968.955 17267123.3435936 234057.6 2963368.8 0 0 0 0
3007010.77016866 2111926.68 21083.5326454257 62243.6075383239 0 0 0 0 1092.50524222268 1275502.11 16451799.975 62773.1298619949 498506.4 6283267.2 0 0 0 0
2065332.24954278 9143517.615 205759.020599826 0 23224.3037809012 0 290373.52621205 0 0 2804108.835 30115820.445 104557.279885431 1607104.8 13879706.4 0 0 0 0
471448.892501524 0 167375.631740952 0 0 0 24457.8359558923 0 445.666666420714 404604.51 5413172.895 25607.1004926928 390096 1060970.4 0 0 0 0
8802453.76955903 10435349.055 0 5815.46088732779 18253.1783169951 0 0 0 1678.89210724123 2502016.23 24379689.69 377125.874639734 2390472 16552771.2 0 0 0 0
8355237.75655355 4966837.875 49036.5804380947 113691.743006076 0 0 139446.687216826 0 2540.97461228423 4300964.085 31815885.135 1838207.69496492 2133734.4 9069278.4 0 0 0 0
588980.898191424 0 5564.57171610421 0 3134.9282238983 0 15824.1273077917 0 288.344646639986 540682.26 3396500.64 16567.6971139454 70308 2177960.4 0 0 0 0
