1315.26958917625 828.563568031851 0 1139.90031061942 13656053.3838254 0
11.6513111475996 127.253025908264 16.4038196420153 0 0 6.54108696005592
0 979.786456289626 0 0 92999945.7668237 0
0 0 0 0 0 0
0 5 0 685 31 234.503423091402
135 0 0 1133 0 292.5488248467
363 791 996.75 5769 0 3958.90182056752
0 6 21 1600 0 421.578295688732
0 1247 35.25 1213 62703500 2408.85440597216
1334 5488 1897.5 0 1074 2051.84589056382
0 2127.61627187643 0 0 0 1066.99819457401
0 104 632.25 2902 0 768.611494074755
0 0 0 285 29388301 1824.78867453218
2142 15726 10460.25 654766.072758862 16350 125336
0 310.947734478879 87.4504714565284 993.005353417184 161.600871210692 164.810140333718
513 2329 224.25 14767 0 433
57 524 270 1446 1100 414.811293296063
0 3488 0 498047.121705455 4665000 2076.51719462311
200 656 279 2578 1485 1003.05961291148
0 0 181.5 2885 1551 286.456538235118
102 1193 31.5 619416.776483021 21789292 2578.60495866098
276 304 921.75 5882 18012 1106
0 0 0 0 63651156 722.481689471836
0 692 17.25 467467.029052663 9333120 1977.34104079833
931 12672 10719.75 78383 4720 2068.14748980315
0 0 37.5 752 57122282 1113.16197130313
0 0 78.0548207648963 0 33587550.8857835 856.601812203318
0 0 0 0 0 0
82.2748410634124 589.12575880694 3789.68403947233 144.048189868376 2441.93895301606 5.84796664421313
0 4699.97936278059 582.014047442452 2770.963762244 19323.7758759363 2896.83254829666
75.45147390349 1463.21852515777 210.743771937334 958.320444406396 12870.3138853402 1895.03449652513
0 12133.9777172647 1499.60246541344 8944.15570076006 42051.7664354214 6214.48747086738
0 9316.62813219235 372.066730432378 1836.33658154328 27049.9625802158 4224.37513310382
33.6204144566598 3380.12060168312 417.32496109964 1964.78935861397 757.847324036819 1501.25059507082
40.3274566914378 3747.86301180376 237.621783274164 771.39186389263 929.599578605194 1231.87229754146
5.2223206756932 197.364168424774 10.8220356189658 3937.98205590419 39.8201951521606 4.12073740816416
0 7215.7150739981 254.96750301119 3056.55130002275 26158.6511581184 146.819333353487
10.7821340122137 1310.17854463616 28.8554652048178 236.499923087572 3576.6689135468 554.745950901882
8.13389900926814 1873.95867371746 32.9033521093001 54514.2776721074 4381.50333658851 680.015401343794
0.600984716381167 25.7559197052484 0 278.486951013596 70.9173179505978 11.7228486865443
0 9938.69433114296 546.381468143552 4389.33663796167 2510.80449209428 267.536852741361
16.6904915852284 61.7302094735795 48.4703520164046 215.666381094013 1776.06917503551 69.3819853688275
0 1185.92598994534 2192.14439688537 21727.7368330927 4956.52778506279 701.345626918868
2071.05353798388 17944.4258016972 14193.2051072913 371436.759064691 1346.44607641845 14973.3893489623
0 6449.85042612276 10747.4062896856 3499.67330337273 26881.7188631943 4122.21757636618
21.1238288867276 304.748336926799 71.4442875086138 7234.29791377352 1878.26832546115 301.005540542685
36.5143538885989 137.370685660509 9.57214057659587 253.673648723459 891.786943313619 131.788456788266
3467 8130 17226.75 101529.519094922 989169 884699
2667.88614545236 15968.9484476928 22510.2893522543 364918.42676331 6808.70943192846 154055.615003482
1104.91625512083 3332.76603663802 11169.9578016526 304523.29444346 1478334.94193043 0
317 18760 6818.25 54501.0143398943 332 93445.5241425037
202 16467 0 136709.849542784 3751 241767.440514453
246.668730684989 1170.57902980359 281.379599972997 939.409058177563 324.952818866453 32979.9592739108
0 0 5430.74313903059 1462.80047187702 0 2393.76637524207
0 0.00271522868779552 0.00496229121362143 0.0807847129042706 0 0.911628817693916
1341 10985 5810.25 6904 9046 125259.638036737
349.979579581401 8121.67086092715 32739.2305258417 18362.9621071276 472067.469302649 61475.0097355627
73.6309440836369 882.273113681445 116.225589062253 1879.30142166957 297.092297639791 43949.689904783
569 6022 1655.25 258144 621 42970.3239202977
629 3863 89466.75 68803.6593958871 788399 125662.554005489
5300 19774 37472.25 708120.782039244 3317288 0
2447 5775 19293 1065502 4611432 0
0 81.7955133735979 36.3697172851615 353.344743961457 0 3911.01434050342
4128 46404 300876 1879710 3410364 970965
262 5133 90680.25 1850 150 0
3369 12869 20211 12576 1033632 185042
85.043982580918 399.606933013451 42.9035597693755 312.336694101921 53.6027399181952 7882.28570457894
0.252386219928347 9.99104912351572 1.61882098875917 118.875407155893 0.197176734319021 206.232771909588
947 7473 60849.75 106391 12017274 214001
0 735.717190082645 47.0929649265905 1181.60530179445 0 22607.6550578001
57211.8872186344 110576.638855162 1092197.09836709 10618496.9585122 53421249.0259636 584134.674459361
4842.99008049222 18552.5846265377 237047.981004361 1741633.58294369 16990421.4991479 0
247.834436431888 778.132738528769 115.803590832757 31978.9180870113 2466.54272448879 49906.453728024
710 4731 50391 85595.3490805453 7725 117574.716977043
0.472712726441511 0.837643949405324 0.813530160907154 4.0264994734393 0.400961687606639 81.9511344342719
317 11758 66030 23056 986099 277165
937 1355 0 126420.249299775 2033287 43632.9952388693
3434 4691 83840.25 770149 4881656 58565
5384 10692 214212 168720.39745483 3572186 490764
48.1539219701124 2220.74342489772 321.126467138187 807.380758365551 0 24863.6781843449
1784.59399752823 2076.51288795371 25764.5123307679 872384.560249424 5588027.23568901 63940.7557978356
1402 5756 173955.75 434248 17712428 538304
53.967439028013 316.29998208157 0 7414.96089745721 114.446995217301 13.647734901821
0 1852 0 260 0 22761.0625278664
416 7283 241655.328734065 3344 2666 109118.504501933
128 9514 121635 2919 446 160857.651543176
1732 8590 44772.75 605369 9181209 186025
11.3279342851746 372.662539861189 44.8604870112064 226.309720114806 0 4011.75461759512
219 1559 207.75 1858 0 47864.3508521097
4059 7452 149065.5 409567 2680037 448186
0 0 8547.64086078847 74691.4094428512 17989068.1578257 0
52 316 329.25 5851 120728.533826427 0
43.9762351643934 53.8495228918699 2110.42223262558 1028 20883.3228664511 0
896 1211 39.75 63116.2439012329 12583468 155
304 45 4956.04242404206 1086 49641.4842057499 0
84.8650410389953 105.530864197531 66.2573373685598 13380.1562654514 51111.2013960223 0
0 0 0 0 0 0
2954 7220 985.5 114759 19163272 4289424
54.2575160770904 66.4390970060792 2572.35984693293 82 48397.6714344426 1872
12.9669869061029 65.5686274509804 18.4836436161554 498.66026838908 11496.1895789491 0
532.282189277011 1192.93984690495 390.340272136474 1563.05087327376 57161.9831915016 0
48 311 53095.5 54774.2692252672 5166177 0
20.7210780377855 218.265883317393 7.92581234945295 169.187602178519 11917.8199388975 0
0 256.072317751783 28.5 702 96980.2640973945 0
115.518614792715 141.454180160336 5476.76096789771 48333.2980002508 54857.1864049593 0
97.0914488389266 45.4190045118191 105 985 0 0
0 0 189.75 3483 71329.0040467888 4
109.97234127408 123.831724137931 1502.24269547453 520.552696871108 14785.7146345747 0
114 2210 464.25 3825 151023.161353851 0
629.501977417435 407 0 180580 10444350 0
0 0 381.33493643975 118.134207079413 12676.7164377578 0
209.081510997705 256.023271902407 9914.84686238487 40 99333.0969289032 0
0 9.32977367392294 488.7260891742 377 3618.16902806514 0
805 3732 339.75 8550 221540.75805389 698
72 27 49.5 763 34958.5388799519 0
83 391 0 2405 101919.026356823 0
0.0208086317287171 0 1.67133496619901 0.484467631017311 16.7205660924613 0.00160066397913208
0 100.408217890538 75 1286 35061.1092280189 0
94 1326.93072775891 5005.38342509407 2455 0 0
0 0 38.25 18342.4177061607 19378.1030085672 0
154 543 333 3961 1104510 0
0 6 0 829 24255.3230591553 0
160 76.7540842004944 29.25 347 29765.9150090575 559003
0 111.785276576392 25776.3256199058 733.022054237726 0 52.6556485085701
16.1292994150347 184.750555608794 764.6933581597 7608.08054628846 7659.44074190686 0
174.816533080691 192.024066098084 7568.20365393902 655 74468.636955379 0
54.4627097087514 66.6903595146611 2582.08811864705 562 25863.1132651063 0
154.429807154529 652 100.5 65198.5097232353 74115.2346092382 0
39.9101613580588 48.8705579191811 1892.14884839583 16893.0667283622 18952.4360640889 0
231 179 299.25 6562 148535.031810308 299
47 0 168.75 1703 77099.5663832989 0
380 1072 11049.8604009805 1984 104288.818036939 0
17.0256715954485 20.8481760410199 0 7053.43152408688 8085.10768638512 49
74.0209027054892 96.639643885284 0 30788.5373714504 35150.8582825776 0
0.454643713708659 1.13518005540166 23.7386770837037 5.88112219136582 218.41663893277 0
0 12 102 707 57659.7584198959 0
0 81.5600418495176 2693.19522190829 1127 26994.0015416338 0
0 182.986021295018 0 62872.4289357871 71785.1604228912 0
180.840387482261 221.441616116002 8573.67946594187 95 85877.0239191365 0
0 397.654299540886 9.06371521428976 202737.518959564 3803064.6960902 0
155 1387 87.75 1876 104049.90706982 607000
4015 222 1044.75 206378 28300461 3035300
69 0 2701.1314435698 0 27055.4935613858 14
147.654695927097 800.061524541959 0 0 1866504.92880789 0
42.5328743600695 73.7558640689503 2136.62951084258 201.160141670505 20197.903353462 0
210 0 4876.42420027652 1997 48843.9997495286 0
0 67 242.25 1490 46029.6253499103 248
120.470261114638 147.517541222694 5711.51952478839 173 57208.6116343964 0
0 0 448.095390221067 24.168395291924 4457.45200679411 0
108 1647 387 2551 108241.570425237 170686
3131 25139 516 553364 86798827 8109976
1666 1806 1893 64507 23118070 1099811
164 522 5829.92381920281 2184 48185.1016018704 10
35.8332878869001 43.8783686039353 111.75 1557 17016.4207443234 0
65.834129078976 63.2212752989866 0 27548.17674826 31263.144015135 0
60 0 0 781 40584.5224714295 0
459.183373372636 237.780291345105 9206.27313450987 80919.701883187 92213.3071709785 0
0 0 0 340 0 0
0 0 0 0 0 0
0 0 0 0 0 0
0 0 0 0 0 0
0 0.10977298476774 1.23229053027351 181.895747292137 9167.46151741088 0
0 0 0 0 0 0
0 0 0 0 0 0
0 0 0 0 0 0
0 0 0 0 0 0
0 0 0 0 0 0
0 0 0 0 0 0
0 0 0 0 0 0
0 0 0 0 0 0
0 0 0 0 0 0
0 0 0 0 0 0
0 0 0 0 0 0
0 0 0 0 0 0
0 0 0 0 0 0
0 0 0 0 0 0
0 0 0 0 0 0
0 0 0 0 0 0
0 0 0 0 0 0
0 0 0 0 0 0
0 0 0 0 0 0
104.901696463949 99.1139613509972 331.269401166654 599.984764577026 381604.804499249 48.8226636146595
3.16900491969044 1.32887707240885 0 38.0143655227454 1504.88900779873 25.7302474062251
0 0 0 0 0 0
0 0 0 0 0 0
0 0 0 0 0 0
0 894 936.75 2352 1675 91
59 110 49.5 231090 16482376 0
0 32 262.5 92134 8764002 0
400 68 255 473931 40984698 1709057
571 2373 567 2560 1481 0
142 117 156.960897048946 69913 7168037 0
5.69932593413536 37.9095122489517 17.6436579450361 305.398986491913 0 0
0 101.727434775563 201 1023 0 0
1034 0 0 184072 20334302 2662122
1.21285333833611 1.33135718822782 1.26686704975999 9.19706195426535 3.06896087635656 0
0 0.0366052356329459 0.158646540370783 1.26370175260865 0 0
