303.238778235875 758.083011146983 0 0 1162.8844206896 0 0 4377672.03380335 0 327.811192666689 105.351823627938 215.265143771203 19.2716750538912 66.2354288526777 394.702809105131 0 379.974336187112 748.097620953184 30.7386646233239
0 98.0580832709953 2.42580821011029 32.1293243662004 0 1.80055200079036 0 35918.3357150506 42.6454668229967 111.435564651942 35.8131150360933 27.8477125629088 6.55117957977317 8.56852694243347 72.5591600996538 0 74.5936024608915 189.415191072779 9.70323284044117
0 1033.54222948426 0 0 1142.39343799783 1.47742037447716 24.0712466490425 17908995.7272707 21.8722802255521 585.900792953344 188.296551135309 269.704354719659 34.4444910613371 82.9859552983566 547.442811718437 0 195.515708624806 657.643747192529 109.876596582536
0 0 0 0 0 0 0 0 0 0 0 0 0 0 0 0 0 0 0
28.8 0 40 8.25 973 35.4756486549981 838.205199221607 16.6666666666667 574.253403934023 0 0 0 0 0 1321.34246575342 0 495 352 123.32386835472
55.6 15 0 278.0625 2001 42.976456291346 879.752046347573 520.833333333333 694.1231921966 957.774130813391 307.809048507537 4.01234567901235 56.3065332635738 1.23456790123457 443.974659981124 0 595 1525 51.5222471217218
153.6 985 94 977.5625 15891 178.603721126496 2969.06827690822 2135.27777777778 5116.13371289107 1756.65 564.551440329218 263.477366255144 103.271604938272 81.0699588477366 1244.77575530118 0 949 2516 240
0 0 0 96.3125 1556 34.13447215772 720.936715451071 234.305555555556 550.94457922122 179.13563503838 57.5705352661067 0 10.5311954755073 0 248.657264345606 0 193 412 123.240358930086
0 988 9 68.6875 2608 275.407661958311 88.641975308642 10185910.2222222 4568.12781577068 565.95 181.884773662551 264.279835390947 33.2716049382716 81.3168724279835 1614.98329893038 0 306 613 11.399644310342
286.4 6762 92 320.5 0 281.49445160887 6407.5778319702 289.361111111111 4646.02166259526 5359.2 1722.33744855967 1808.76543209877 315.061728395062 556.543209876543 3750.41170951398 0 4100 2524 380
31.3883879338307 1698.97282345991 0 0 0 59.3087294497471 5360.74680334766 0 1917.64891887516 1616.99242215375 519.668346527953 449.976921929498 95.0612829014548 138.454437516769 1178.14317362869 0 629.729532922478 2611.12152124554 100.050486539085
0 124 86 319.0625 13916 28.7946711052198 1510.8156381857 1154.11111111111 931.027699068773 1011.15 324.962962962963 33.1687242798354 59.4444444444444 10.2057613168724 361.835616438356 0 329 790 137
0 0 594.273238694851 861 864 245.086230707725 0 4473464.05555556 4065.19273936475 1510.65142746565 489.061304741496 0 23.3086419753086 0 17.7315068493151 0 69 170 178.083037993627
1008.8 12702 109 2296.125 910050.521370487 0 8145.36537964628 5978.33333333333 0 8740.2 2808.92181069959 3397.65432098765 513.827160493827 1045.43209876543 6721.95608932257 0 4684 3306 617
119.316552251532 302.211736863514 4.0277628837888 97.8213294496647 1541.21162112036 7.21443410655111 719.840321711701 34.3149602550242 284.504510189776 1411.04380180544 453.480665287268 159.960004530232 82.9537802354759 49.2184629323792 975.429177262368 0 118.70054145754 163.242860407675 18.5616469043122
1264 1598 18 372.125 27363 9.7 3164.00158223155 3636.66666666667 166.1125 5457.9 1754.05761316872 427.448559670782 320.864197530864 131.522633744856 682.465753424658 0 932 1999 275
65.6 492 150.366720130228 210.816639934886 2197 46.1042979159756 1050.62151644461 941.527777777778 757.635314957084 1004.85 322.938271604938 131.604938271605 59.0740740740741 40.4938271604938 552.980671795834 0 969 1356 156.773405410218
0 4470 0 5998.10165376551 651880.115832498 277.613693872551 6167.89469932871 881674.444444444 4606.60559786698 972.3 312.477366255144 1195.67901234568 57.1604938271605 367.901234567901 1328.7408519422 0 613 451 200.51902891017
55.6 490 37 163.875 2211 126.263048065958 2821.54162269664 0 2091.85972133108 1945.65 625.292181069959 131.069958847737 114.382716049383 40.3292181069959 1022.31750797523 0 810 2932 973
17.6 0 0 276.875 3840 74.225733603016 1160.32737260481 1840 1022.46048917291 250.775733728956 80.5942001402091 0 14.7428414890626 0 771.290847683316 0 390 948 32.5346660454681
64.8 1608 841.360041174922 496.007479412539 811570.225184871 355.576411926803 13618.1582474589 4265194.11111111 5867.93221409762 822.15 264.222222222222 430.123456790123 48.3333333333333 132.345679012346 668.546819290674 0 1046 684 97.2088603064657
30 234 197 781.75 7013 31.85 3389.128994141 5135.77777777778 581.6925 1485.75 477.489711934156 62.5925925925926 87.3456790123457 19.2592592592593 597.342465753425 0 581 1343 244
0 0 0 0 0 95.9888003222479 3803.26023935276 10717839.8055556 1592.14564197888 0 0 0 0 0 217.287671232877 0 393 70 69.7467871833842
0 244 0 4473.58584623449 485249.137612144 204.986220019904 4614.41495026061 1168593.38888889 3400.06246327436 439.95 141.390946502058 65.2674897119341 25.8641975308642 20.082304526749 248.001125914806 0 392 263 148.945816754216
1642.4 13023 347 2002.375 0 51.15 8234.50554837511 720.916666666667 2250.96313806707 7562.1 2430.30452674897 3483.51851851852 444.567901234568 1071.85185185185 8221.06886845562 0 3775 942 151.009994030978
0 0 0 105.4375 851 165.770805559281 0 9801959.83333333 2749.60479506445 1515.38359672321 487.013344821884 0 71.9012345679012 0 119.122671970692 0 207 751 171.861567347029
0 2.96473650606552 0 0 15393.6735928059 109.720545844008 34406.8770794485 6679265.15718173 1819.91115957922 857.543204669014 281.819934744723 0.811231592054076 8.25708955850734 0.249609720632023 38.1944724936592 0 259.60409384613 204.40789632277 4.54154102781494
0 0 0 0 0 0 0 0 0 0 0 0 0 0 0 0 0 0 0
20.773004762802 610.956852462115 0 14.5692279940622 1227.80492886436 0.320490312776228 1573.56718260108 493.271601795934 1.52232898568708 284.801427232075 91.5293632491874 145.562409632472 16.7431762041196 44.7884337330682 358.976618698359 0 157.236471819194 97.3244051859239 30.0204446942293
0 4549.79073376192 131.814786101121 60.7799822275711 2788.38970598525 300.218583242572 588.604197818307 2632.8730379402 2864.59433657544 1539.8824539946 494.886777297892 1174.64579308967 90.528069017907 361.429474796823 1707.86105141038 0 280.221643180005 1035.16087266824 214.775140989938
0 1480.54933641085 43.269467991671 75.2888743055076 964.04374685443 11.0769838058678 450.492315434707 3035.92067559303 110.687626069494 1352.08433580374 434.532296828949 437.039433081306 79.4876152735882 134.473671717325 970.823631593227 0 858.466244954753 591.060932766226 3.74724154157525
22.7844770990201 11236.6896756466 359.754901563475 704.145270872677 5449.28743951564 21.1855664254047 1232.13513498872 7761.88160429626 264.512289672473 3170.93966153073 1019.07525865381 3003.7354695527 186.416205851307 924.226298323907 4160.82148281843 0 1009.31236271975 1093.25517308456 343.765794827321
0 10762.8917829788 58.15434552926 80.5773191419842 1529.90662853899 0 785.917479869405 5181.80302494416 0 2122.14153658659 682.012957084461 2909.39250452351 124.758467759353 895.197693699542 3298.470289948 0 432.131521394347 671.011679183769 142.254475986959
26.2704084467908 2742.75981003065 78.231731036399 190.810572381217 1901.06325831249 9.04654996758359 514.610746516733 56.071439597419 112.252070945633 1535.03212003334 493.327979003465 594.372495636839 90.2429229884387 182.883844811335 1663.75157489815 0 640.66314717051 327.092340464944 113.645271834769
14.2225290582523 2904.94902393599 30.2736689954228 60.8394077840061 2047.84100540179 0.904146490131755 830.088838452906 1462.27488436191 12.4817930910155 584.119268422423 187.724005528664 562.667831693451 34.339757108902 173.128563597985 511.374934591822 0 230.81132871678 154.416029775311 119.524215972809
1.24891428230577 291.721889610605 0.375710728079538 4.56682867751852 4294.55218344065 0.0485832838033885 28.718956223171 0.990379237236482 0.8573977925622 29.8320795866327 9.5874212271365 99.8160559893387 1.7537965659396 30.7126326121042 80.6350281459333 0 141.332011469644 23.9936644277001 3.8356591173882
98.6823799442623 6590.36234766935 55.9367128279659 107.646864332177 1211.40552706535 6.92947338018086 647.182531018206 3916.16444037703 101.158831801366 1184.31379077778 380.614269424957 2055.89150476792 69.624561480175 632.582001467053 2238.6218926271 0 570.637958476339 801.898696585989 98.0979665266567
8.40233749599744 1282.71064878722 6.57134683844719 27.8509966967094 322.613814017442 0.367883092237856 148.213469550175 589.545269911447 5.7149655485393 142.008490139572 45.6386290082104 248.596424635998 8.34852969662385 76.4912075803072 273.943016716706 0 93.5714857508806 106.32102192462 23.7445949837205
25.4207836227666 2683.53883368201 7.53451060984063 6.38795464747358 78475.08819929 88.4412112875049 13019.4379835088 779.190701131745 420.095753615648 125.375894484837 40.2932523917564 559.778481162182 7.37071690093105 172.239532665287 407.801706086458 0 33.9871945987376 101.879686941758 50.2034330831162
0.51705560141067 35.0820281145162 0 0 353.839446085872 0.00500487731672544 70.8260974641574 11.976024511511 0.0919085315524874 1.56203946874766 0.502007589407438 6.19588826297429 0.0918306565989215 1.90642715783824 7.82109131786932 0 1.25380805882794 1.06914534403842 0.123396113153748
46.6308879959592 7304.11217815233 123.321356683528 106.159937418487 7862.69993667403 5.8770334044494 1285.71157536024 468.34282594656 27.9159086711347 3843.14629486532 1235.10874457753 2002.4257713804 225.934526447109 616.131006578585 3641.83562249458 0 1611.84866977768 1153.24737461081 700.51160692665
11.8402958207003 52.8524830634421 3.99767195767196 12.2316409547589 267.933856488913 0.554733131205041 46.7344335692766 326.493859043269 9.19127667796207 120.361368289638 38.6816860660408 66.4670496388626 7.07591818281234 20.4513998888808 111.823856640967 0 79.9983568158849 36.4731419059509 7.51583270987145
9.26516968595154 1254.98535375773 290.929554588638 1385.90045587228 28532.2915991919 106.022976842321 170.281701378623 1896.42665906316 503.609140001025 388.173916100039 124.751170371167 420.887972028214 22.8203360435061 129.503991393296 388.764646431418 0 721.720024794294 104.118491025297 30.4012921903187
665.79152865389 19431.8035550527 338.803100437131 0 470782.993264654 9.25193081962935 104630.017929763 395.487465317959 108.74927979608 8154.73000975218 2620.76371075712 5237.50554235425 479.407995870204 1611.54016687823 12364.1177950272 0 2878.95762781706 1869.49813369412 362.258699698163
0 5637.44744751635 125.929683499896 4352.30293814529 2315.70695769253 10.5441123882849 956.24115824617 4734.47863747243 129.737557262869 2128.21165114824 683.963767956713 1507.53271087707 125.115323406716 463.856218731408 2646.03011208029 0 4500.48702222246 1003.43970026901 347.932595025265
3.12609753946136 423.610632824558 10.1937963243305 10.0663738702764 9698.20489528616 40.476993040821 2127.54400620082 358.518191555458 192.2657169439 88.1967257981076 28.3446267507146 186.726856785432 5.18499269830144 57.4544174724406 206.64915939319 0 84.4046335654566 86.6472687568093 11.8715410089381
30.2824545003198 160.019333051921 0.805824048521065 4.10272917011446 1707.45851019577 16.5049369200978 28.3380062162739 147.595568086562 159.963582630066 32.4344179529729 10.4237596399913 70.3078718877672 1.9067852999984 21.6331913500822 96.6505823644466 0 36.8819468361564 19.4844122501375 3.59521498570937
1702.4 7465 318 14250 352775.50705774 18564.55 264436.948635625 0 379737.0625 4926.6 1583.30864197531 1996.81069958848 289.62962962963 614.40329218107 4622.93863764308 0 1783 1700 479.253565999171
600.389264629389 12750.4199458009 297.994671651495 23645.2647064979 38385.3136443433 24.099569083225 85.9243895390839 0 16306.0233670535 8845.04184460338 2842.61583875162 3410.70033121819 519.990702210663 1049.44625575944 9231.44912190358 0 3736.93318107932 1092.98045676203 278.77316328053
435.813538619745 4090.94937592061 293.934808250148 10701.6232279813 242902.845987746 726.207773754709 80828.1852667395 321943.87161894 7636.19226605088 725.223144980034 233.071910203264 923.108004972521 42.6351055249873 284.033232299237 1694.20006171362 0 382.463790023513 232.824251277983 154.052134986217
145.2 18707 314 3010.875 117218.123978485 1797.60817119412 8755.09331083341 93.3611111111111 24571.0970832653 2297.4 738.337448559671 5003.93004115226 135.061728395062 1539.670781893 4968.17864514918 0 1042 756 9.23327744600994
505.2 15351 0 106305.75 207185.403034793 16.75 72582.859775948 455.611111111111 24796.7538752389 10245.9 3292.82304526749 4106.23456790123 602.345679012346 1263.45679012346 7616.60574216551 0 1763 1133 296
121.63610594562 991.332922837606 65.0159320500578 127.536173795044 1112.43795547067 4.88899331557521 2340.08407508945 40.5851859297605 3518.76079398671 1012.17519726592 325.292440430356 254.704195743883 59.50471471287 78.3705217673487 845.999758391672 0 685.994873599035 374.225561642459 78.4403983761343
0 0 178.257581634041 1424.246032939 1723.43163499751 46.7444312854614 572.737967718263 0 638.806571755828 178.368146749836 57.3238802017893 0 10.4860756466688 0 82.539848118553 0 0 52.9608502954695 2.82284836134871
0.000802269836610899 0 0.0196814495461415 0.000880540064572938 0.00983269738773114 0.00518429698801208 0.0634426417048805 0.000509571796627858 0.0707514874475414 0 0 0 0 0 0.00584429987683161 0 0.00375452499755406 0.00267830936307602 0.000258874133470578
1089.6 10561 677 1732.5 4950 2845.97936496489 46091.7571349829 108587.611111111 48075.4869322991 4812.15 1546.52674897119 2824.95884773663 282.901234567901 869.218106995885 4138.28898480015 0 2133 2275 0
147.366714127749 9495.66587677725 1065.70988325774 8054.05693979544 35648.8742721425 1057.11139951179 95527.5039921822 88109.8502050229 29581.3134210838 1120.31339317731 360.045848483399 1813.31125262193 65.8620454542802 557.941923883671 2206.93375794409 0 555.763310733056 2241.25441290541 214.962093648867
20.7659778294786 908.914658328249 63.163182564664 0 1566.9660770494 6.05674353359792 2603.38469815485 26.6785131837051 3662.11188172857 1600.79731592993 514.463570081341 250.423734696027 94.1091896490259 77.0534568295467 833.464933205917 0 762.28443615711 482.808984535377 4.43833270664627
475.2 4285 669 2222.75 97368 858.147430685361 10499.4929028776 75.5277777777778 11713.2267092964 748.65 240.600823045267 1146.19341563786 44.0123456790123 352.674897119342 2242.47138299869 0 363 646 25.3903450708836
89.6 2234 140 16867.6875 87237.633320173 2543.07576753909 6917.46000665056 316319.527777778 34753.5196835786 1928.85 619.893004115226 597.572016460905 113.395061728395 183.868312757202 1337.16982548321 0 830 1144 293.573742706248
1878.8 20197 106 29908.5625 549236.604721292 3317.625 101705.016897144 666324.583333333 107269.875 5431.65 1745.62139917695 5402.48971193416 319.320987654321 1662.30452674897 12312.3126290111 0 2175 1489 430
600 4671 328 4483.3125 636663 0 317931.012345679 744401.777777778 0 1904.7 612.131687242798 1249.44444444444 111.975308641975 384.444444444444 3022.87333458435 0 1103 1821 123.25627497807
0 132.737690241719 10.7955329987125 10.9754585486911 360.810702890303 77.3164115162504 220.144201854478 674.027765856652 1059.216031655 222.423964883474 71.4825205582788 25.9250751299671 13.0760708338315 7.97694619383605 115.994998247479 0 105.556322654078 59.9751833261807 6.52030916163215
2141.2 51283 11002 101157.5625 1728944 23595.9 417481.185185185 589649.694444444 507461.19 8922.9 2867.6378600823 13717.6748971193 524.567901234568 4220.82304526749 28126.2293113155 0 4328 1088 525.399773783632
168.4 6165 4719 52347.25 0 0 4625.33682519734 78.3611111111111 0 4454.1 1431.45679012346 1649.07407407407 261.851851851852 507.407407407407 3606.18127228373 0 1021 353 8.74742869820118
549.2 11968 99 23654.5625 43587 2958.6 5935.06955333645 0 79275.655 4700.85 1510.75720164609 3201.31687242798 276.358024691358 985.020576131687 6396.81478701445 0 1118 808 288.301114165391
35.2853572910027 281.970396948104 11.6034540322336 27.1553056171022 349.257180724598 213.995732641429 587.632286793568 24.948557110241 2922.89127846866 279.510922086988 89.8291029242917 104.313245036725 16.4321529739558 32.096383088223 306.199986266424 0 116.577391972967 115.491688671705 47.7815184010387
0.518723843440587 2.01424275993037 0.336099738009096 1.04622197207699 153.286014528964 0.00148716698234113 54.9403482306204 0.0598997812331845 18.629465817958 8.94441709859251 2.87455301620453 0.824245469883554 0.525832868817902 0.253613990733401 7.17505575808387 0 1.32357861428361 1.79054904673872 0.0229519087844994
499.6 8521 4527 45198.1875 327141 3327.36 411160.232239482 1607916.36111111 107584.64 2416.05 776.469135802469 2279.27983539095 142.037037037037 701.316872427984 3235.05385625821 0 1437 519 106.221362899061
0 1227.89098156452 2386.08063043917 149.483940563041 3140.35480876615 160.526203313649 7785.30712249867 7178.32849507593 5190.34724047464 1129.49779395768 362.997527354613 326.260588961963 66.4019867112097 100.387873526758 564.271841561799 0 278.464501718711 491.12746022307 57.6458924900088
13810.9615001425 106219.697298274 27981.6125329156 398786.516244048 13872090.77609 6942.41671787604 3592277.53340812 9571648.72764548 152405.992878455 7804.70458164778 2508.27268546 28381.0419283429 458.830369291463 8732.62828564397 37959.5964530732 0 7882.66389830996 13106.5362680006 1225.21739357821
833.78313604017 18740.3317430559 7368.71402131023 81078.4099349211 1192944.55528279 3117.66447994722 879334.358813801 3539757.7079387 79293.3945747272 1856.29526271481 596.575393073149 5420.50579938037 109.129645074357 1667.84793827088 7267.06544580096 0 1962.3459442438 1202.45217193853 152.445424126747
96.924331031095 316.734120466096 24.7255946507895 0 31636.1987926691 881.756990578075 2443.23592018801 226.816121596576 12043.6513911706 542.08393712391 174.214708383933 84.1280726636741 31.8685442165732 25.885560819592 492.6440875396 0 736.822720593529 442.093632356117 8.4772986917775
479.2 3181 75 43322.3125 87275.2090718312 655.599783147714 72352.9407212427 163949.555555556 21197.7263217761 3990 1282.30452674897 850.884773662551 234.567901234568 261.810699588477 2671.35147307187 0 1131 948 109
0 0.370491040260647 0.10926268805925 0.38711428933492 3.13105890469787 1.93882288907136 5.47630232837861 0.0640211062847166 26.4763472672016 3.48838203924164 1.12109475687954 0.181753198308435 0.205078309185281 0.0559240610179802 3.72471280349512 0 0.208281999112945 1.218961863661 0.228431377880699
237.2 12135 6134.52973939413 26496.2976303029 134338 6932.45 0 146644.416666667 142112.4 2574.6 827.423868312757 3245.98765432099 151.358024691358 998.765432098765 5712.22368174141 0 1619 1487 529.262738309124
225.2 1644 0 238.25 32468.7649401207 6571.70125385795 4609.85154002858 1038657.61111111 100508.528909292 1165.5 374.567901234568 439.753086419753 68.5185185185185 135.308641975309 1167.70651154063 0 158 536 125.861631594644
2435.6 4377 0 27538.25 847956 9665.15 61925.9259259259 746229.805555556 145337.9475 2641.8 849.020576131687 1170.8024691358 155.308641975309 360.246913580247 5556.02627134547 0 1354 952 504.334021923348
1102.8 10126 0 94950.6875 500101.849308943 21778.6 320986.065931921 699118.5 374296.6325 2236.5 718.765432098765 2708.60082304527 131.481481481481 833.415637860082 7075.63370238319 0 1230 526 12.7747110467781
9.05360318195613 2446.57955004715 28.9418462374008 171.749449706883 765.103678737441 545.39967332505 1542.48669333208 82.6512339664233 7454.21346984947 871.149571745763 279.969684041358 654.268348412023 51.2139665929314 201.31333797293 679.306689550138 0 223.371685063016 174.393176045876 79.9748958452466
584.598466789003 2267.25661002509 414.634561845799 15435.3155459134 375514.455801563 1358.1215710275 118220.75638516 729459.939354067 18560.0072769642 839.000343000223 269.637578389254 514.618157824848 49.323947266327 158.344048561492 1525.32461055038 0 249.626930090838 550.025439183202 82.0155716062743
142 5929 4538 116075.875 569521 8272.2 352697.312426079 3114636.47222222 165058.975 2454.9 788.954732510288 1585.94650205761 144.320987654321 487.98353909465 5213.84650028148 0 3484 1247 305.949061649153
24.711313462862 302.573562442954 4.59117299310004 381.383845536203 10666.9176473832 0.55026558667302 837.485910045111 52.4383974211916 14.0525340145058 365.383101275875 117.426667860559 302.905166643537 21.4804880232731 93.2015897364729 502.593948482607 0 250.353962623749 111.403462332575 75.2512012333266
0 2090 2571.53412591642 6.375 2831 174.501734976128 8320.06438401695 25 5642.22276422813 718.2 230.814814814815 559.053497942387 42.2222222222222 172.01646090535 576.265715894164 0 53 138 43.4636580859622
829.2 6200 8886.35289812839 69281.3075091428 3418 11.65 6456.77193304205 550.555555555555 9796.6281682777 5987.1 1924.1316872428 1658.43621399177 351.975308641975 510.288065843621 5653.71739538375 0 1436 1155 193.534671466658
228 10408 12 88455 20341 0.65 19338.4990265959 559.944444444444 16547.4880192074 6733.65 2164.05761316872 2784.0329218107 395.864197530864 856.625514403292 4756.94989679114 0 1337 758 321
660 8173 50 44612.125 529120 2156.6 112892.283865515 1793960.94444444 54197.8675 1213.8 390.090534979424 2186.19341563786 71.358024691358 672.674897119342 4072.99981234753 0 731 955 493.241556892325
4.66922909529524 310.233092923592 7.07835261786778 11.7429249022302 204.030409669417 92.8635553667181 264.333499900426 33.9809218511771 1268.85831463006 227.010219352512 72.9564490962414 66.4346141305907 13.345691907849 20.4414197324894 153.249073443117 0 61.8424491876869 48.6791969509503 15.0045304417082
0 1117 3663.72158510773 108 1402 968.222947087323 11672.0730112588 0 13231.7213741792 1827 587.16049382716 298.786008230453 107.407407407407 91.9341563786008 1778.1617564271 0 190 606 10.8781795765171
3782.4 6995 0 39076.375 274531 7543.75 34043.4102340533 833320.5 188148.075 5975.55 1920.41975308642 1871.09053497942 351.296296296296 575.720164609053 7396.02739726027 0 3425 5261 648
0 0 0 1780.19415259725 57269.187866523 2.22814676552896 1414.95296305465 2607571.7896903 30.2147064879054 0 0 0 0 0 141.645965932241 0 353.39444048622 112.961859275654 41.6724242124388
38.8 0 302.823161385149 238.875 5911 1.3 2281.63922392107 27901.9795696088 1467.835 0 0 0 0 0 10655 0 1954 1980 384
8.74017378749196 69.4067854588811 40.9354184354762 571.281753133797 719 0 698.373294292521 4198.79599868532 0 1668.15383611837 536.110580292794 18.5656010486719 98.0690085901452 5.71249263036058 629.772916515942 0 156 208 180.863410381071
342.8 2106 159.663288061359 46.875 68530.971509745 8.35 6117.81909908639 2518338.19444444 100.4225 7336.35 2357.75308641975 563.333333333333 431.296296296296 173.333333333333 3852.69694126478 0 224 193 34.5705821258335
0 7 102.551484653975 1047.77903018406 2312 2.3 773.54310373367 8159.6932001827 10.925 8613.15 2768.09053497942 1.87242798353909 506.358024691358 0.576131687242798 3854.0915744042 0 207 264 174
0 71.1783035199077 13.6494622145274 45.4271164327241 837.394506861258 2.9346343761234 711.316705972221 6812.35727424477 34.333516017867 7460.48893356087 2397.6488048285 37.241125301365 438.594293566189 11.4588077850354 3236.52825845949 0 94.8637623909657 208.154298771543 38.866518522938
0 0 0 0 0 0 0 0 0 0 0 0 0 0 0 0 0 0 0
1253.2 6920 222 938.1875 119375 76491.25 145544.049382716 4085918.33333333 1836975.92 39559.8 12713.7119341564 1851.02880658436 2325.67901234568 569.547325102881 31028.0653030587 0 10054 1800 433.126288641305
15.0494162590193 119.50924901127 70.4853435127626 1820.01149976641 534 0 2654.74440382061 7229.76800087777 0 2872.33893446748 923.11108221177 31.9674945914919 168.861783331421 9.83615218199752 1952.90350897747 0 288 107 47.2616132748006
9.82584783570922 38.914691943128 6.70585879592224 23.3381533094925 540.139279014705 1.37293635348092 265.982818288823 1804.49972313663 20.1980466933178 1861.0875798304 598.115545938047 14.7653802294445 109.411380354521 4.54319391675217 912.607225370571 0 47.6468914447106 136.446579500186 31.2381000277996
27.23188784189 489.27806122449 19.5729193863584 96.2689785035564 1564.13155791856 0 1056.67212220248 10829.2139154654 0 9290.20108708552 2985.68092941804 122.466450338335 546.161145625251 37.6819847194877 5290.86766017018 0 117.437516318151 749.727912147033 0
152.8 56 140.148580002082 20892.738209999 58406.3029461474 0.5 5753.33996517553 1079792.75 2.375 8671.95 2786.98765432099 14.9794238683128 509.814814814815 4.60905349794239 3874.51717020079 0 921 654 44.3452224591477
7.26261614276342 118.835525260625 5.7063412550284 14.2204617866787 255.851591543637 0.186752986528202 205.803357920022 1956.12557569917 0.887076686008961 1661.86813886784 534.090485546396 27.0031838888344 97.6994790633651 8.30867196579519 919.039283845891 0 53.1208495013553 86.8401387356141 20.400120330317
0 330.0190247669 19 76.1875 2113 0.6 7654.60289946666 20333.8221613692 58.08 7931.82537582144 2549.126712982 88.2766938676893 155.751520595317 27.1620596515967 141.552892998788 0 292 414 42.1442086783116
20.1878108115222 160.313866514303 94.5514932493155 3609.89112223337 40360.9180321919 0 1613.08325026367 9698.26245090706 0 112.35 36.1069958847737 42.8823099729618 0 5.92592592592592 0 0 272 113 20.4724592746673
7.03195178167899 55.8415862813459 113.934801481073 158.532599259464 1375 2.35 323.711014708333 0 11.1625 499.8 160.625514403292 14.9370498283436 29.3827160493827 4.59601533179802 223.327116075044 0 666 673 7.13110241699322
104.8 0 63 25.5 2012 2.3 1170.4024346884 11656.0988887547 10.925 0 0 0 0 0 8930.30136986301 0 1211 2090 268.605336369218
6.58741849410725 0 30.8527884024208 800.853931428428 161.277998023222 0 1162.03260524307 3164.60828894572 0 0 0 0 0 0 2430.03368757181 0 101.358741813205 41.4394856031889 6.68030120278468
474 1639 127 65.25 5096 0 2892.78505893184 29119.5861443975 0 10470.6 3365.03703703704 438.415637860082 615.555555555556 134.897119341564 5319.82135485082 0 942 2078 59.7447360354952
15.1121752764545 0 0 21.8125 0 1 102993.735879775 1364377.58333333 4.75 0 0 0 0 0 4029.37024674037 0 93 219 15.3252571954096
0 8.49516078676241 6.71061879705273 37.5685915756297 259.974343026561 0 932.155723960985 2505.78546920501 0 437.383220705681 140.566036048857 2.19391515312881 25.7132992772299 0.675050816347325 176.661891497449 0 63.8751492904649 66.3605636597437 22.4389242870404
41.46605955098 332.287033536884 215.210154152648 7486.26932019042 575 3 7314.6883338736 19929.706675688 14.25 620.55 199.432098765432 88.8833628802364 36.4814814814815 27.3487270400727 344.054128311933 0 74 54 42.0507316699171
0 16.1596283291793 33 108.027622542361 929 0.8 161.099098432089 372.629601139918 3.8 287.693272115969 92.4587431452457 4.3225343267352 16.9131847216913 1.33001056207237 81.9936390664869 0 225 445 110.786599081278
450.4 3690 110 345.9375 6262 54.45 4220.9547307069 30948.0746878503 1495.035 17622.15 5663.39917695473 987.037037037037 1035.98765432099 303.703703703704 11041.3417151436 0 2061 4100 422
0 0 0 48 2171 0 685.261675248334 6484.8956439484 0 2775.15 891.876543209876 0 163.148148148148 0 1447.05385625821 0 319 624 84.2279911240892
0 392 180 0 4699 9.9 2180.86647442467 16878.4829518403 115.875 9915.15 3186.52674897119 104.855967078189 582.901234567901 32.2633744855967 4602.51717020079 0 1180 1165 198.389550420856
0 0.0311457174638487 0.131643530725434 1.21329645266809 1.66821115208545 0 3.38746775505801 8.91321781110536 0 9.32009354336216 2.99528775448049 0.0108931307536767 0.54791849167326 0.00335173253959283 6.36210251095896 0 0.890100457782299 0.529406154628688 0.108914997331982
0 110.522888591709 12 99.9375 2060 2.25 1058.71379918806 8102.80058446547 356.025 2656.35671446516 853.698806921981 29.563735631527 70.3108733669375 9.09653404046985 47.9927797921679 0 121 481 81.0068354936644
40.4 1336.77457076532 110.157748364737 4259.59893096456 3721 2.8 1086.29539022939 182.5 33.875 7458.42387067195 2396.98513578326 357.57344485492 438.472890692061 110.022598416898 918.985688476652 0 111 992 95.8515536845046
38 0 45.9093955661416 9.75 22342.538235284 0 1743.34355281392 4917.31625747318 0 0 0 0 0 0 3936.79452054795 0 185 247 101.940384850128
0 0 72 399.4375 3500 20.55 2986.64296297883 187229.555555556 268.945 0 0 0 0 0 3443.38356164384 0 289 1634 277.98977023241
0 0 33.6145324278302 857.639995308484 296 0 573.476286427349 3447.88375568022 0 160.65 51.6296296296296 0 9.44444444444444 0 122.741602552074 0 0 82 1.03487838921511
0 121.860965516216 15 0 287 12069.95 2706.98476414861 7372.03619246343 239188.275 2928.86114455474 941.276166386393 32.5965545619507 172.184664582877 10.0297090959848 5235.77411174961 0 2608 214 15.5619330251746
0 171.657122448784 14.1859713737512 17310.5745725636 1619.48879650663 5.07949297576252 4099.53735327468 0 72.5578114868888 5482.30291914825 1761.90021309095 49.1325196505005 142.617196411087 15.1176983540001 250.072338717264 0 117.606278808195 133.62269810114 95.7728169849275
3.52136924390033 27.9636224147697 16.4926610122063 737.424990039346 8195.24377780159 0 633.620384636 1691.67243703343 0 672.090253057451 215.996083679055 7.47998130436225 23.9700722292371 2.30153270903454 15.0752214386897 0 0 122 3.57102060792395
32.9828054911132 261.920478953154 189.478043203999 5928.70799637243 1752 0 5818.22688619966 16853.3353995042 0 6195.02700815196 2023.12121262741 70.0610334648356 54.2946107857486 21.5572410661032 0 0 216 328 109.447863588839
12.7753824866426 101.450869623954 59.8346944213378 2343.43491234548 451 0 2268.71182088989 6137.31788072168 0 1140.3 366.469135802469 27.1370638911811 67.037037037037 8.34986581267112 501.297650334515 0 0 201 1.84210898410909
25.7459062931226 0 120.583351399465 152.895824300268 51063.5801688055 0 4586.95803668318 12400.8820201372 0 0 0 0 0 0 1059.62153563706 0 0 91 187.108923993607
11.0563737747079 87.8000118982255 51.7835569235941 1977.04971113718 22043.5690879178 0 883.446526775292 5311.50284810692 0 213.15 68.5020576131687 23.4855998904719 12.5308641975309 7.22633842783749 71.8844168788712 0 50 94 11.2122688260492
68 262 143 539.5 10199 48.75 2925.78591220909 29883.334841492 675.7975 9158.1 2943.22633744856 70.082304526749 538.395061728395 21.5637860082305 4702.51904672546 0 3044 3962 435
0 33 69 102.0625 3881 1.2 1479.15855359873 11678.7110516557 5.7 6516.3 2094.20576131687 8.82716049382716 383.086419753086 2.71604938271605 2970.70294614374 0 501 745 65.5053518441087
135.2 801 359.134227694376 8187.94884454874 3446 0 2093.58487431546 21336.9558368721 0 13677.3 4395.6049382716 214.259259259259 804.074074074074 65.9259259259259 8360.79789829236 0 675 674 6.37696616390237
4.10189015517546 32.5736097357231 0 0 8006.34328113173 0 723.580884940484 1970.55577947949 0 0 0 8.71310548486419 0 0 0 14.9634671820366 0 22 4.15972687355775
14.3786792601812 114.18284474179 0 0 28180.2669211653 0 2536.42517711745 6907.54467953807 0 510.3 164 30.5427362478039 30 9.39776499932427 185.358993946757 0 0 533 14.5814188732913
0.222580308356245 0.655395019981555 0.691479794951819 15.4808410427026 5.62352521490969 0.00935849023770577 4.19147835451335 39.1304583244493 0.302591184352487 33.8081783141336 10.8652581687594 1.20203497677424 1.98754722599257 0.369856915930536 20.6945344404844 0 7.07648000556851 3.80241360108586 0.460898618313438
0 6 19 49.9375 2023 4.05 3487.82246785918 9550.18834528128 54.48 6343.05 2038.52674897119 1.60493827160494 372.901234567901 0.493827160493827 3279.47494839557 0 993 294 186.850970482545
0 86.6630893494769 51.1130115301711 1971.32389004397 1946 0 1956.22028359561 5476.64085261628 0 2082.89958960634 669.401396620498 23.1814848054156 103.286988530907 7.1327645555125 108.040715209228 0 231 94 11.0670811321597
0 166.821523902209 0 0 47813.8456111329 0 4280.07932740952 11656.1053930429 0 0 0 51.5392037565685 0 0 0 0 0 8.50297865370026 24.6053500993863
33.1083235259835 262.917232968496 155.065918617411 5920.27755185142 849 1.05 5840.3684958751 16058.9122783514 4.9875 271.95 87.3991769547325 70.3276549092684 0 15.2098765432099 0 0 638 191 33.5751514300575
0 485.823714585519 8.22214217098943 32.851862692123 122416.851114412 0 2042.28825534244 747965.663091045 0 3198.00219740634 1027.77260508454 119.235562611923 188.007183856928 36.6878654190534 1545.05960417407 0 93.9673390970221 146.236671469741 1.66938070572231
59.2 1166 35 58.3125 2384 9300.6 1816.93689156274 18785.4994677819 217854.58 10826.55 3479.43209876543 311.893004115226 636.481481481481 95.9670781893004 6773.95045974855 0 595 939 265
974.8 0 200 290.0625 185447 29435.7 194607.407407407 4219314.97222222 869118.5775 0 0 0 0 0 10304.8493150685 0 926 471 30.2795896660196
0 0 52.2657984736586 2055.83626055354 0 1.3 2079.63859631855 5360.96695445292 6.175 0 0 0 0 0 2811.91780821918 0 180 1019 93.707596497041
131.185878192794 0 124.88755694631 0 0 0.623324713635354 868.986172470085 603307.040024078 2.96079238976793 0 0 0 0 0 3986.69028594727 0 561.951203369719 255.083652041545 65.0554580819181
8.96660566898854 116.322673047382 41.995933253781 1702.01164679086 222.859920955336 0 1609.44444640783 4497.79522364945 0 279.843040669755 89.9358390551436 19.0465804981403 16.4516778759409 5.86048630712008 83.8935148330558 0 0 80.2462028813055 1.29291352936613
0 0 11 931.372149710091 2137 0.66 738.838880081821 7044.79900678059 21.34 0 0 0 0 0 1795.20547945205 0 809 1161 14.0424344206333
0 110 168.59100316213 44.625 2766 6.3 1236.90279309586 12278.1440811076 91.1325 6510 2092.18106995885 29.4238683127572 382.716049382716 9.05349794238683 3507.55488834678 0 663 618 0
25.6841278853348 203.960790389208 120.294006469426 3106.12766025164 104 0 4530.72687983771 12338.7035563296 0 4888.61255946235 1575.43008179388 54.5574130670722 66.7686592272256 16.7868963283299 0 0 33 17 3.70344784401177
0 0 6.59504167302213 171.683338044375 104.391246017105 0 254.477237797692 676.461500729401 0 349.049529599195 112.177391444774 0 20.5202545325805 0 153.122396927799 0 21.8061713902398 132.460892168372 0.203039150344779
0 1318 136 166.0625 1772 3154.1 1681.36753145539 17571.6961139891 74244.45 15995.7 5140.69135802469 352.551440329218 940.37037037037 108.477366255144 10328.0457872021 0 741 1155 129.318801070064
1398 28529 120 513.375 559011 133493.7 351857.728395062 18155983.2777778 3089464.09 27666.45 8891.43209876543 7631.21399176955 1626.48148148148 2348.0658436214 24947.3706136236 0 4293 2034 0
424 2044 146 442 65049 19665.6 0 3862413.66666667 472082.74 15904.35 5111.33333333333 546.748971193416 935 168.230452674897 9984.37943328955 0 2508 1502 162.896293224015
121.6 11 140 1458.96474338937 2102 5.95 953.37684948592 8007.64773305044 84.17 4243.05 1363.62962962963 2.94238683127572 249.444444444444 0.905349794238683 3162.58997935823 0 66 963 74.6319464404144
249.880622807446 78.463230145146 86.2768176995241 0 2512 1.4 742.314553853388 4452.0767797611 6.65 2861.27049284513 919.553911084856 20.9881068289485 168.21108129601 6.45787902429185 1437.57401926531 0 87 480 83.4247075624719
8.4964209803857 60.5613027993379 39.7937794479315 502.765258019792 16669.7765764749 0 1498.78411640484 4081.69668967492 0 1621.63105635158 521.15910884119 18.0478290362086 45.4818647459435 5.55317816498726 41.7332064590844 0 0 42.2654989278849 8.61622065539161
0 6 63.9727861985581 53.638606900721 1906 0.75 2587.67910635705 6561.76702184312 3.5625 3452.4 1109.53086419753 1.60493827160494 202.962962962963 0.493827160493827 1919.40551698255 0 231 543 40.8515026588061
98.6089270069974 249.422118057664 0 3798.46017707162 61686.0423845683 8.3 5623.25852529533 15088.9078691676 100.675 5994.72314269846 1926.58160964638 66.7178505092518 130.977603452044 20.5285693874621 95.7231099656668 0 46 59 31.8517933923153
0.0911966972104513 0.724204089271395 0.42712823005714 16.3073723402003 348 0 16.0872632798147 43.8110656207488 0 16.576996335904 5.59388353721865 0.193717143220743 0 0 0 0 0 51 0.0924825721350397
0 0 0 0 0 0 0 0 0 0 0 0 0 0 0 0 0 0 0
0 0 0 0 0 0 0 0 0 0 0 0 0 0 0 0 0 0 0
0 0 0 0 0 0 0 0 0 0 0 0 0 0 0 0 0 0 0
0 0 13.6953033145832 0.899419729206963 209.218866240143 0.244457669989585 515.816877964599 1431.64975072232 3.86589049248624 16.7568814164559 5.38531952243536 0 0.985119424835737 0 20.6427151460949 0 9.7783067995834 83.4846005058771 12.4138953802799
0 0 0 0 0 0 0 0 0 0 0 0 0 0 0 0 0 0 0
0 0 0 0 0 0 0 0 0 0 0 0 0 0 0 0 0 0 0
0 0 0 0 0 0 0 0 0 0 0 0 0 0 0 0 0 0 0
0 0 0 0 0 0 0 0 0 0 0 0 0 0 0 0 0 0 0
0 0 0 0 0 0 0 0 0 0 0 0 0 0 0 0 0 0 0
0 0 0 0 0 0 0 0 0 0 0 0 0 0 0 0 0 0 0
0 0 0 0 0 0 0 0 0 0 0 0 0 0 0 0 0 0 0
0 0 0 0 0 0 0 0 0 0 0 0 0 0 0 0 0 0 0
0 0 0 0 0 0 0 0 0 0 0 0 0 0 0 0 0 0 0
0 0 0 0 0 0 0 0 0 0 0 0 0 0 0 0 0 0 0
0 0 0 0 0 0 0 0 0 0 0 0 0 0 0 0 0 0 0
0 0 0 0 0 0 0 0 0 0 0 0 0 0 0 0 0 0 0
0 0 0 0 0 0 0 0 0 0 0 0 0 0 0 0 0 0 0
0 0 0 0 0 0 0 0 0 0 0 0 0 0 0 0 0 0 0
0 0 0 0 0 0 0 0 0 0 0 0 0 0 0 0 0 0 0
0 0 0 0 0 0 0 0 0 0 0 0 0 0 0 0 0 0 0
0 0 0 0 0 0 0 0 0 0 0 0 0 0 0 0 0 0 0
0 0 0 0 0 0 0 0 0 0 0 0 0 0 0 0 0 0 0
0 0 0 0 0 0 0 0 0 0 0 0 0 0 0 0 0 0 0
20.5306083193276 139.389088983454 61.8109922178988 377.824208279291 496.29527669693 2.6748616515348 3708.06761893042 128661.347477422 38.9102003350627 3887.01506666697 1300.06032477099 44.5773587619368 0 13.0663912507406 0 0 161.576102464332 257.365067012538 62.602536607618
0.508266120589903 0.784998433682972 0 0 38.5321864985738 0.142195478395605 40.6124058450224 244.172004503424 0.675428522379124 1.72725684051132 0.555105079059096 1.07964283672855 0.0698460645678302 0.332197795916476 0 0 4.210101419164 18.0671901961475 3.10840905195967
0 0 0 0 0 0 0 0 0 0 0 0 0 0 0 0 0 0 0
0 0 0 0 0 0 0 0 0 0 0 0 0 0 0 0 0 0 0
0 0 0 0 0 0 0 0 0 0 0 0 0 0 0 0 0 0 0
0 803 142 261.0625 9793 9.95 14940.612453351 1761.83333333333 443.9675 5972.4 1919.40740740741 214.794238683128 351.111111111111 66.0905349794239 2643.84612497654 0 1265 703 189
0 0 19 33.625 285972 4.1 204485.945367311 2497154.11111111 50.8325 0 0 0 0 0 9045.42465753425 0 958 288 156.540544233414
52 61 47 284.125 53676 15.735 3073.22444480588 1865275.16666667 508.765 9716.7 3122.74897119342 16.3168724279835 571.234567901235 5.02057613168724 4612.59748545693 0 2405 848 163
413.2 12 53 132.0625 447744 26922 673862.12345679 5910382.83333333 759142.925 11871.3 3815.19341563786 3.20987654320988 697.901234567901 0.987654320987654 7829.98010883843 0 1058 445 103.544378135335
93.6 1575 41 125.6875 3656 5.85 2168.49697831661 265.611111111111 27.7875 4525.5 1454.40329218107 421.296296296296 266.049382716049 129.62962962963 2281.91780821918 0 864 1747 9.39602987625878
0 0 40.3140432363749 33.3429783818126 73808 0.35 56135.2336794061 828956.25 1.6625 0 0 0 0 0 3830.82191780822 0 634 368 17
1.63217527522421 16.6728110599078 3.65412375050197 6.69922687592028 217.846677592426 0 102.859058242519 4.75374432356969 0 803.496136188502 258.227251293189 15.2806532968522 47.2366923097297 4.70173947595452 496.870156965633 0 145.495027332487 51.401340757061 8.11705490130842
0 38.1931429831331 22.9876326453518 0 958 2 2796.82081279046 33.75 9.5 3086.0172527836 991.782930543817 10.2162728144183 113.202210454063 3.14346855828256 159.784546567943 0 75 531 29.9936423780623
524 16 0 140.3125 248123 27627.4 11536.5447770518 2750610.63888889 689884.98 11807.25 3794.60905349794 4.2798353909465 694.135802469136 1.31687242798354 6684.63914430475 0 4221 244 0
0.0125739853438557 0.0319969370453427 0.0179898886696731 0.0672608798090474 1.23278079199549 0.00089002607102593 0.4891192034275 0.327037239289741 0.00422762383737317 2.02693022477452 0.651413985622225 0.0296324676917617 0.119161094930895 0.00911768236669589 0.983409816831517 0 0.291057461950395 0.187284209413754 0.0295412908680947
0 0 0 0.0158240778574347 0.0865866795438505 7.80060176070726e-05 0.0407986497770394 0 0.00463244307418001 0.492984419504881 0.158435126001961 0.00112491918764934 0.0212259055179308 0.000346128980815183 0.0595067851932731 0 0.0122580884811114 0.0252962371382935 0.00471163351216019
