1446 2099 0 0 3133 25.1 0 6497786.25 119.225 1566.6 503.473251028806 561.460905349794 92.0987654320988 172.757201646091 1686.63689247514 0 533 3110 97
22.8 613 12 29.5625 0 2.65229798975168 0 0 32.9568309026409 331.8 106.633744855967 163.971193415638 19.5061728395062 50.4526748971193 270.312629011072 0 369 1544 0
0 1800 0 0 0 11.1477020102483 12.3456790123457 30088871.7777778 52.9515845486795 2126.25 683.333333333333 481.481481481481 125 148.148148148148 1695.75717770689 0 138 1503 21
0 0 0 0 0 0 0 0 0 0 0 0 0 0 0 0 0 0 0
0 5 40 10.5 685 44.7200475866549 5188.7232486163 10.8055555555556 481.707532172887 2490.6 800.427983539095 1.33744855967078 146.41975308642 0.411522633744856 1240.09757928317 0 381 341 49.1699002069045
54 0 0 10.5 1133 56.9279801576091 1319.08572747202 0 611.758901522611 107.79972758406 34.6446312439463 0 6.33743254462432 0 236.582181673762 0 316 1791 115.865408887077
145.2 791 94 561.1875 5769 237.79240199403 4172.79242536256 0 3219.06151043091 1492.05 479.514403292181 211.584362139918 87.7160493827161 65.1028806584362 987.742916119347 0 1053 2671 241
0 6 0 26.75 1600 80.4364340298635 3225.5866876915 0.416666666666667 866.378859988221 732.845096513076 235.521449790602 1.60493827160494 43.0831920348663 0.493827160493827 285.1059184451 0 62 645 87.4626690357519
0 1247 9 10.8125 1213 454.748582241998 23929.6775286861 10801933.6111111 4904.25872474723 567 182.222222222222 333.559670781893 33.3333333333333 102.633744855967 1963.50985175455 0 76 586 57.1257986139421
533.6 5488 92 717.375 0 369.170350994924 42971.2145998039 263.833333333333 4004.69096291351 5085.15 1634.2633744856 1467.98353909465 298.950617283951 451.687242798354 4181.54362919872 0 3556 2932 0
0 2142 0 0 0 16.3056975248805 24052.4568090635 28.1944444444444 527.217553304469 1176 377.942386831276 572.962962962963 69.1358024691358 176.296296296296 2738.93488459373 0 279 2622 119
0 104 86 224.5625 2902 13.75 2528.63221784917 268.333333333333 317.013287313128 1071 344.197530864198 27.8189300411523 62.962962962963 8.559670781893 470.68643272659 0 426 872 20
0 0 581.726067455529 0 285 344.487429616931 18121.9286139428 4979925.13888889 3715.14183493489 728.056467932752 233.982482345623 0 20.1481481481481 0 33.6496681557012 0 0 111 149.170601982373
856.8 15726 109 5176.5625 654766.072758861 1880.04 11010.4484300461 2396 60787.96 7889.7 2535.58847736625 4206.54320987654 463.827160493827 1294.32098765432 7312.92400075061 0 1975 2719 345
0 3088 17 213.8125 4965 3.85 4141.42005079577 148.055555555556 236.40621783351 4550.7 1462.50205761317 826.008230452675 267.530864197531 254.156378600823 5768.87145805967 0 633 933 67.3631299053661
205.2 2329 18 100.5625 14767 21.6 3754.07224793348 0 310.2025 2358.3 757.909465020576 622.98353909465 138.641975308642 191.687242798354 1579.26590354663 0 3293 1856 133
22.8 524 173.238075429268 135 1446 78.3089451386856 1905.45049406932 183.333333333333 844.526717441809 711.9 228.79012345679 140.164609053498 41.8518518518518 43.1275720164609 327.458810283355 0 1048 1377 33.9094883663303
0 3488 0 1000.37482188552 498047.121705455 392.009267108402 45945.9094534959 804050 4227.64345722592 462 148.477366255144 933.004115226337 27.1604938271605 287.078189300412 1545.93657346594 0 577 360 169.748598438714
80 656 37 147.25 2578 175.870268080328 3879.3086448242 280.75 1914.00950289415 1265.25 406.625514403292 175.473251028807 74.3827160493827 53.9917695473251 1065.49859260649 0 666 3219 0
0 0 0 90.75 2885 54.0778655253756 1393.18939300055 331.416666666667 583.205433013085 105.554813978829 33.9231618509269 0 6.20545643614517 0 281.57048885827 0 260 1012 161.416900185044
40.8 1193 831.035857115203 15.75 619416.776483021 486.794447271722 57073.837036349 3717513.05555556 5249.85895155665 832.65 267.59670781893 319.115226337449 48.9506172839506 98.1893004115226 1036.7397260274 0 300 691 266.627949449653
110.4 304 197 558.9375 5882 46.7 6599.00933154993 3002 711.855 1633.8 525.069958847737 81.3168724279835 96.0493827160494 25.0205761316872 830.386188778383 0 856 1286 108
0 0 0 0 0 136.391607217343 15985.9395203837 11329659.1666667 1470.92207826168 537.6 172.77366255144 0 31.6049382716049 0 230.534809532745 0 173 82 59.0605531719365
0 692 0 1881.56285622895 467467.029052663 370.561904210695 43109.8289370524 1598700 3999.8432923952 337.05 108.320987654321 185.102880658436 19.8148148148148 56.9547325102881 240.98967911428 0 422 293 159.270610333747
372.4 12672 347 4242.4375 78383 23.15 7310.99238633272 857.888888888889 721.450766277265 6080.55 1954.1646090535 3389.62962962963 357.469135802469 1042.96296296296 7100.17151435541 0 2449 1150 665.32761196943
0 0 0 36.875 752 210.145049447899 11054.7824311124 9775582.27777778 2266.31974779605 410.183009028643 131.824443426803 0 24.1142274561224 0 172.751961821253 0 0 778 26.2929213208316
0 0 0 93.75 0 267.257419377539 31324.2217003502 9917679.72222222 2882.25094462906 521.66088496264 167.651156444979 0 21.3333333333333 0 46.8378112208052 0 339 335 4.18785813289849
0 0 0 0 0 0 0 0 0 0 0 0 0 0 0 0 0 0 0
489.6 8356 0 28189.5 2143 4.65 45111.8735997796 5352.81144272615 65.2725 2347.8 754.534979423868 2235.14403292181 138.024691358025 687.736625514403 4981.38337399137 0 1698 1592 134.961328150261
0 4929 143 660.375 2978 246.995492099847 873.036276444294 3001.05242436258 3101.42593554559 1794.45 576.699588477366 1318.45679012346 105.493827160494 405.679012345679 2493.08650778758 0 392 1582 157
34.8 1914 50 209.75 1105 1.4 559.232690299771 2199.30987216739 543.183489639686 1528.8 491.325102880658 511.975308641975 89.8765432098765 157.530864197531 883.048977294051 0 535 788 74.3245618699298
0 12137 360 755.6875 8951 8.45 1660.29148359135 5924.65910202294 1588.4414171666 2597.7 834.847736625514 3246.52263374486 152.716049382716 998.930041152263 4037.60630512291 0 1735 1789 417
0 10351 65 351.1875 2047 2.45 1184.60971313355 4469.93303821355 1165.20577467998 1342.95 431.59670781893 2768.78600823045 78.9506172839506 851.934156378601 2983.11540626759 0 700 996 231
43.6 8530 243 729.75 6370 16.75 1228.97471453678 586.25 1339.41402961215 3120.6 1002.89711934156 2281.68724279835 183.456790123457 702.057613168724 3604.24845186714 0 1116 993 320
78 13128 149 416.75 3730 3.85 1636.35195944739 6622.47447767094 1481.05392451298 1905.75 612.469135802469 3511.60493827161 112.037037037037 1080.49382716049 3370.35954212798 0 1787 1306 391.003538619718
153.6 21776 29 417.4375 289561.902336931 13.2 2762.77299092787 600.166666666667 198.8775 1863.75 598.971193415638 5824.85596707819 109.567901234568 1792.2633744856 5324.48526928129 0 5187 1788 23.0022590913337
0 20248 134 304.375 6995 14 2312.42772090785 8822.71915892214 214.48 2262.75 727.201646090535 5416.1316872428 133.024691358025 1666.50205761317 5161.22462000375 0 1021 2578 0
73.2 16171 117 298.9375 4014 11.6 2532.73254035778 8989.42910967386 2393.44359614353 2285.85 734.625514403292 4325.57613168724 134.382716049383 1330.94650205761 5329.40551698255 0 1862 2376 213.256527581177
37.6 19155 92 225.5625 629998.245040809 643.139359048312 118246.83479134 7209.16172379368 8015.54600757822 1357.65 436.320987654321 5123.76543209876 79.8148148148148 1576.54320987654 5098.33927566148 0 441 2296 458.653548512262
249.2 19598 0 0 288688.490326652 33.2 39603.7210037548 10617.272569085 3262.32797365269 2055.9 660.724279835391 5242.2633744856 120.864197530864 1613.00411522634 7626.63088759617 0 1540 1818 0
0 10502 128 303.9375 4561 13.45 1858.51596236738 679.194444444444 195.19 2371.95 762.296296296296 2809.17695473251 139.444444444444 864.362139917695 3129.42278100957 0 1937 1785 524.14682800296
137.6 5285 89 690.75 4445 13.45 1113.28642324756 5196.13056197267 474.55 1841.7 591.884773662551 1413.68312757202 108.271604938272 434.979423868313 1872.98555075999 0 1479 783 763.431633397832
0 6573 1152.67183679707 3984.29421492185 91449.343822662 245.017514380809 723.345477974981 6035.85148219059 3043.49645593524 1171.8 376.592592592592 1758.20987654321 68.8888888888889 540.987654320988 1857.86751735785 0 4329 564 82.6378074694885
951.2 20776 390 7614.6875 426486.615075961 6.5 59535.3143182558 440.055555555556 4230.94669653974 7098 2281.15226337449 5557.36625514403 417.283950617284 1709.95884773663 10871.0212047288 0 4743 3083 374
0 6454 126 3230.13787872763 3502 12.85 1024.19489837734 4196.55426446288 1122.37735396304 1768.2 568.263374485597 1726.37860082305 103.950617283951 531.19341563786 1859.68999812348 0 671 1185 110.140285162458
125.6 9085 150 565.5 107535.880786846 345.733167748972 14699.4930945928 3998.60421840398 4369.49882530881 1189.65 382.329218106996 2430.14403292181 69.9382716049383 747.736625514403 2612.40195158566 0 1904 2430 105.368651515043
765.6 15569 39 250.9375 13297 563.419335401021 2259.8539190951 6756.75810654627 7027.68663424106 1067.85 343.185185185185 4164.54732510288 62.7777777777778 1281.39917695473 4823.55751548133 0 2749 874 121
1386.8 8130 318 8407.1875 101529.519094922 16875.4 115292.03004125 162991.416666667 374855.8075 3897.6 1252.60905349794 2174.69135802469 229.135802469136 669.135802469136 5161.67386001126 0 2111 3203 447.696987107386
1067.2 15970 298 11115.8125 364934 13.95 272.049382716049 1413.52777777778 37492.6059468587 5747.7 1847.19341563786 4271.81069958848 337.901234567901 1314.40329218107 8096.34452993057 0 2927 1544 225.367533417452
3894.8 24701 2530 56666.125 2683591 11219.9508900971 569272.098765432 2105154.52777778 53294.7667279613 3516.45 1130.11522633745 6607.2633744856 206.728395061728 2033.00411522634 16191.773691124 0 2303 2949 2466.69290617944
126.8 18760 314 4141.5625 54501.0143398943 3894.43919446808 2106.4594163147 175.111111111111 59657.7119520039 1010.1 324.625514403292 5018.10699588477 59.3827160493827 1544.0329218107 6101.49371364234 0 1165 1065 6.89776878150323
80.8 16467 0 0 136709.849542784 31.65 61309.8477865277 1101.80555555556 58929.2793247549 5601.75 1800.28806584362 4404.75308641975 329.320987654321 1355.30864197531 12182.8436854945 0 1692 1431 281
200.4 2245 127 359.875 1908 2.05 1476.87029038727 200.5 16263.1946273676 1867.95 600.320987654321 600.514403292181 109.814814814815 184.77366255144 1584.19027960218 0 729 631 246.702041326034
0 0 202.482911924899 1798.57711475134 1470.98797889096 100.248493451827 608.002838240527 0 1536.09811149651 69.3 22.2716049382716 0 4.07407407407407 0 126.203790579846 0 0 31 4.05008217077427
0 58 1657.355532923 53.625 1746 821.250206978473 4976.60201748071 0 12579.862623224 311.85 100.222222222222 15.5144032921811 18.3333333333333 4.77366255144033 370.821167198349 0 227 114 1.45536347625477
536.4 10985 677 2997.0625 6904 5216.5480611588 32306.684769847 1868.72222222222 79932.6688049172 3201.45 1028.88065843621 2938.37448559671 188.20987654321 904.115226337448 5101.99474573091 0 1745 3280 302
453.2 18444 3396 38524.9375 59447 2610.65 309113.777777778 257593.083333333 73062.3125 1881.6 604.707818930041 4933.58024691358 110.617283950617 1518.02469135802 6062.324638769 0 2723 8995 388
34.4 1080 73 126.9375 2195 1.85 1309.38121865141 57.8333333333333 12465.748717875 1474.2 473.777777777778 288.888888888889 86.6666666666667 88.8888888888889 1430.24957778195 0 252 669 3.79168517360428
227.6 6022 669 1566.8125 258144 1790.58702443283 10853.465748236 145.083333333333 27430.880282784 637.35 204.831275720165 1610.82304526749 37.4691358024691 495.637860082305 5522.51717020079 0 655 1195 3.17400057012417
251.6 3863 140 30703.1875 68803.6593958871 5233.32785190825 2705.83091767121 131399.833333333 80189.7839394595 1495.2 480.526748971193 1033.31275720165 87.9012345679012 317.942386831276 2039.51510602364 0 890 1243 211.428691813859
2120 19774 106 19585.0625 708120.782039244 0 49271.6145199344 552782.444444444 0 3396.75 1091.64609053498 5289.34156378601 199.691358024691 1627.48971193416 13425.7905798461 0 1653 1818 203
978.8 5775 328 8344.25 1065502 0 280925.777777778 861572.166666667 0 1500.45 482.213991769547 1544.75308641975 88.2098765432099 475.308641975309 7529.17432914243 0 1976 2206 469.956608887839
0 406 45 101.875 1297 600.764559047162 315.331308039831 111.111111111111 9188.57166188014 646.8 207.868312757202 108.600823045268 38.0246913580247 33.4156378600823 450.386939388253 0 0 416 24.153984840663
1651.2 46404 11002 99599 1879710 16554.05 329498.962962963 548005.333333333 392722.4875 4868.85 1564.74897119342 12412.5925925926 286.234567901235 3819.25925925926 23637.4738224808 0 2782 1563 22.0018252812502
104.8 5133 4719 37966.0625 1850 0 2040.26088791614 68.5 0 3531.15 1134.83950617284 1373.02469135802 207.592592592593 422.469135802469 3464.19328204166 0 1773 762 157.657170489961
1347.6 12869 99 10243.25 12576 2896.05 2447.41899002545 215792.333333333 72385.16 3811.5 1224.93827160494 3442.32510288066 224.074074074074 1059.17695473251 5390.20228936011 0 1807 861 858.727065852533
557.2 5594 171 531.6875 5116 5402.96910709267 3176.59698825066 217.611111111111 82637.3683876815 2387.7 767.358024691358 1496.33744855967 140.37037037037 460.411522633745 3161.09363858135 0 1719 3275 212.109085753033
38.4 2582 113 593.9375 45216.5696296955 1176.66959643882 19869.5860547653 113.916666666667 38045.650284855 2212.35 711.004115226337 690.658436213992 130.061728395062 212.510288065844 2688.29686620379 0 705 771 287.794308923327
378.8 7473 4527 26126.4375 106391 3210.015 154319.93039088 2014754 103790.485 1633.8 525.069958847737 1998.95061728395 96.0493827160494 615.061728395062 3750.88309251267 0 1062 830 152.866586525182
0 761 2009.88250453881 24.75 1242 356.447802906086 6363.00642323023 0 11525.1456272968 664.65 213.604938271605 203.559670781893 39.0740740740741 62.6337448559671 511.556014261587 0 361 631 39.9818350899059
22955.6 110805 28068 439613.0625 10651369 10696.2 2923259.45679012 9085874.58333333 243705.0775 5180.7 1664.97119341564 29639.1975308642 304.567901234568 9119.75308641975 44061.8915368737 0 6736 15814 1283
2500.8 25119 9474 122728.5625 2248341 0 1066013.97530864 3668397.86111111 0 1647.45 529.456790123457 6719.07407407407 96.8518518518518 2067.40740740741 8612.50853818728 0 2022 2134 165
100.8 790 25 123.4375 32516.4148854738 2113.33166790568 1351.26476450432 435 32382.3797471394 628.95 202.131687242798 211.316872427984 36.9753086419753 65.0205761316872 542.891724526178 0 623 726 68.7482968092935
284 4731 75 20978.25 85595.3490805453 57.6 32527.4971604031 1218.25 29059.0688669328 3315.9 1065.66255144033 1265.49382716049 194.938271604938 389.382716049383 2770.08294239069 0 1287 1320 246
44.8 522 32 137.6875 954 808.626106592419 486.080579796764 27.3611111111111 12390.5007693734 834.75 268.271604938272 139.62962962963 49.0740740740741 42.962962962963 478.839181835241 0 192 536 140.434214374053
126.8 11758 6609.68284107515 27278.1585794624 23056 6760.7 0 167932.861111111 131439.1625 1670.55 536.880658436214 3145.14403292181 98.2098765432099 967.736625514403 4469.34997185213 0 1081 1879 606.804120362493
374.8 1355 0 245.5 126420.249299775 1817.13455573869 1066.75646388639 338881.166666667 27843.7796249434 717.15 230.477366255144 362.448559670782 42.1604938271605 111.522633744856 1558.73709889285 0 662 751 358.222948749962
1373.6 4691 0 37067.5625 770149 1133.8 136197.679012346 819181.944444444 24973.1125 1387.05 445.769547325103 1254.79423868313 81.5432098765432 386.090534979424 6798.71683242635 0 1789 1269 10.1116692042348
2153.6 10692 0 86507 168720.39745483 7741.8 174737.821558085 584534.277777778 192557.37 1789.2 575.012345679012 2860 105.185185185185 880 6572.12685306812 0 1185 987 721.857876294841
48 5589 78 322.5625 2012 2580.39990931612 1423.73556728869 47.5 39539.2218987408 1445.85 464.666666666667 1495 85 460 2205.06248827172 0 500 611 71.576709322856
1187.6 3132 686 22229.5 1451372 4430.17208002902 275575.224518177 1522200.38888889 67883.1045875743 822.15 264.222222222222 837.777777777778 48.3333333333333 257.777777777778 2697.07149559017 0 298 813 178.980853846043
560.8 5756 4538 63183.9375 434248 9678.35 200515.779882462 3038272.27777778 222483.045 1269.45 407.975308641975 1539.670781893 74.6296296296296 473.744855967078 4919.62507036968 0 1203 1718 242.194269693217
311.6 16304 68 0 107032.215038421 17.85 4678.81223732923 535.944444444444 217.3475 3925.95 1261.72016460905 4361.15226337449 230.802469135802 1341.89300411523 8209.08951022706 0 2511 2061 239.016073229282
0 1852 1914.58704335119 0 260 341.415937917996 5749.00047292791 0 11039.1153260152 279.3 89.761316872428 495.390946502058 16.4197530864198 152.427983539095 496.761869018578 0 0 103 48.6812446090488
166.4 7283 9224.8440065536 78153.5671053976 3344 2.85 2423.1094729032 388.111111111111 26488.3123417187 3093.3 994.123456790123 1948.12757201646 181.851851851852 599.423868312757 5173.45017826984 0 1796 1461 410.016036879464
51.2 9514 12 43453.75 2919 2.15 3404.64283721088 148.611111111111 39028.4054992201 4267.2 1371.39094650206 2544.89711934156 250.864197530864 783.045267489712 4487.4475511353 0 2339 1008 0
692.8 8590 50 21697.6875 605369 3566.25 98366.4076536706 1494340.25 78990.4375 717.15 230.477366255144 2297.7366255144 42.1604938271605 706.995884773663 5984.6631638206 0 535 920 343.740891087869
72.8 4822 114 303.1875 3636 2676.87476267731 1480.92744619884 422.083333333333 41060.5907176019 2209.2 709.991769547325 1289.8353909465 129.876543209877 396.872427983539 2192.91124038281 0 1658 1015 278.704367048002
87.6 1559 4068.19455342514 103.875 1858 1993.35309082538 12105.6015002934 56.9444444444444 30543.9594444777 1213.8 390.090534979424 417.01646090535 71.358024691358 128.312757201646 1215.66672921749 0 878 786 90.5354975953872
1623.6 7452 0 60265.375 409567 7153.4 269372.52508999 449041.527777778 176642.405 4958.1 1593.43209876543 1993.33333333333 291.481481481481 613.333333333333 7015.36573465941 0 3466 4776 463
0 0 0 8226.91778076366 143777.7029764 0 5830.05157496447 5929801.02777778 0 0 0 0 0 0 112.534246575342 0 175 243 85.9450806347295
20.8 316 288.609818801795 93.0075905991023 5851 1.35 4366.8106969234 20972.9373189733 6.4125 12899.25 4145.55555555555 84.5267489711934 758.333333333333 26.0082304526749 6942.42109213736 0 2659 3056 519
17.5904940657573 53.8495228918699 39.0713888802982 1055.21111631279 1028 0 1327.71526890385 3614.39491593532 0 1109.77947612101 356.660462637362 14.404193366138 65.242767555615 4.43205949727325 679.465515244307 0 269 198 97.8903974839234
358.4 1211 135.358566535945 19.875 63116.2439012329 1.75 6466.70812283857 2191677.88888889 54.2125 6417.6 2062.48559670782 323.930041152263 377.283950617284 99.6707818930041 3390.87108275474 0 139 348 37.7285946232089
121.6 45 115.876107236456 2478.02121202103 1086 0.75 1786.71959525142 8602.73270844695 3.5625 10332 3320.49382716049 12.037037037037 607.407407407407 3.7037037037037 5192.15612685307 0 115 486 0
48.8 176 20 72.3125 19235 2.6 4671.45792180389 12728.2871547001 12.35 12230.4 3930.60082304527 47.0781893004115 719.012345679012 14.4855967078189 5625.34659410771 0 39 292 18.3601275450163
0 0 0 0 0 0 0 0 0 0 0 0 0 0 0 0 0 0 0
1181.6 7220 222 808.875 114759 75423.65 0 3244374.38888889 1756709.995 37583.7 12078.633744856 1931.27572016461 2209.50617283951 594.238683127572 27317.5267404766 0 10304 2893 350.759604354765
21.7030064308362 66.4390970060792 48.2059572039829 1286.17992346647 82 28.08 2276.29059939634 7606.74395653055 907.92 1369.23676032219 440.04473582763 17.7717749193216 80.4959882611518 5.46823843671434 1943.931318055 0 280 100 13.4364825538386
68.4 1292 95 230.9375 6576 3.2 5521.02890526995 21114.2920778474 15.2 25473 8186.50205761317 345.59670781893 1497.53086419753 106.337448559671 13233.4817038844 0 365 2506 383.059685663619
252 1315 23 282.5 1850 2.4 2510.01054804663 11742.0707492239 11.4 10948.35 3518.57613168724 351.748971193416 643.641975308642 108.230452674897 5857.23212610246 0 120 1186 64
19.2 311 117.46843771293 23955.1407811435 54774.2692252672 1 5583.31698885322 864640.416666667 4.75 10808.7 3473.69547325103 83.1893004115226 635.432098765432 25.59670781893 4853.28804653781 0 580 996 70.7420656181069
80 1104 55 99.125 1633 4.3 4067.49143173433 16322.3454266995 20.425 17155.95 5513.5720164609 295.308641975309 1008.58024691358 90.8641975308642 9024.18427472321 0 934 972 58.9838583765195
0 256.072317751783 19 43.625 702 0.7 8567.80558013232 16784.9233448765 3.325 6394.8155926936 2055.16315344258 68.4967105097362 155.121619938125 21.0759109260727 134.884916041915 0 393 546 50.5740217143886
46.2074459170858 141.454180160336 102.634359321736 4320.7776116945 48333.2980002508 0.45 3487.69802893664 9494.44381588954 2.1375 243.6 78.2880658436214 37.8375379029704 14.320987654321 11.6423193547601 0 0 90 194 28.6073518386017
38.8365795355706 45.4190045118191 113.954490449259 143.27275477537 985 0 710.485780934724 0 0 685.65 220.353909465021 12.1491164332026 40.3086419753086 3.73818967175466 186.405999647313 0 477 878 93.1854298031765
0 0 63 277.4375 3483 1.7 2542.92771438958 12375.306652914 17.12 0 0 0 0 0 8251.19178082192 0 2057 2583 36.9275941206462
75.8848532013861 156 47.7214028968967 652.015079737904 898 0 2292.07655840586 4437.25240203119 0 3983.7 1280.27983539095 41.7283950617284 234.197530864198 12.8395061728395 2148.55920143281 0 191 206 13.3014223689324
45.6 2210 127 249.0625 3825 9.75 5437.48169554024 26473.1799565409 46.3125 12678.75 4074.69135802469 591.152263374486 745.37037037037 181.893004115226 6688.57008819666 0 836 2772 201.583384236526
251.800790966974 407 0 1.25 180580 0 172805.614013903 1725372.5 0 4397.4 1413.23456790123 108.868312757202 258.518518518518 33.4979423868313 2140.51442856239 0 103 327 38.926305283143
0 0 54 1789.3125 931 0 8882.06307250014 17290.8676233841 0 0 0 0 0 0 3406.52054794521 0 138 981 52.0984634054093
83.6326043990821 256.023271902407 206.761809607705 7852.40135499046 40 0 8771.69307410692 17197.6030384351 0 531.3 170.748971193416 68.4835912496151 31.2345679012346 21.0718742306508 133.374893282922 0 0 102 51.7775283125628
0 9.32977367392295 33 146.18152229355 377 3.05 145.130637717156 634.383664012534 14.4875 192.276380256231 61.7937024535018 2.49561847244852 11.3037260585674 0.767882606907238 66.9457335771801 0 168 621 1.8868309000265
322 3732 110 362.4375 8550 41.4 8148.36421759659 33477.3830630403 562.565 19062.75 6126.37860082304 998.271604938272 1120.67901234568 307.160493827161 12459.3533495965 0 1256 5282 583
28.8 27 0 36.375 763 1.2 2222.58623047227 6054.47223587258 5.7 3504.9 1126.40329218107 7.22222222222222 206.049382716049 2.22222222222222 1680.57121411147 0 202 820 18.2304505032327
33.2 391 180 559.25 2405 2.7 3689.65847234858 14253.9203273365 12.825 8899.8 2860.21399176955 104.588477366255 523.20987654321 32.1810699588477 4459.02645899794 0 742 1250 120.660837209612
15.6 157 89.4631562985406 1566.22656721361 908 0.6 2775.74777952709 5428.94471745103 6.4275 5957.7 1914.68312757202 41.9958847736625 350.246913580247 12.9218106995885 4297.59504597485 0 998 543 118.295479339279
0 100.408217890538 12 54.75 1286 1.6 1262.39301406095 6068.22466669741 7.6 2188.71399521152 703.407985919437 26.8581652793619 66.0075540830833 8.26405085518827 34.419465226053 0 169 288 118.603372091959
37.6 1326.93072775891 93.5477666720206 3963.11847452115 2455 7.65 1790.0663629909 0 36.3375 6092.72058016744 1958.07598500384 354.940318124812 358.184631403142 109.212405576865 1885.10731443322 0 127 1195 26.0746390642217
0 0 36.2552168183219 18.434891590839 18342.4177061607 0 1732.7160651474 3426.54466024762 0 0 0 0 0 0 2832.01369863014 0 172 308 10.105443736003
61.6 543 72 313.25 3961 0.95 5087.80392731063 184085 4.5125 3995.25 1283.99176954733 145.246913580247 234.876543209877 44.6913580246914 1928.35166072434 0 546 1845 73.7789661567415
0 6 45.3801900072128 659.278044925493 829 0 909.610860658255 4198.0060793016 0 371.7 119.456790123457 1.60493827160494 21.8518518518519 0.493827160493827 63.3972602739726 0 0 332 1.10921499435711
64 76.7540842004944 15 14.625 347 7608.25 2641.6955889523 5153.75542536558 207836.6025 1581.81730830215 508.363783189403 20.5309278725602 92.9933749736714 6.31720857617238 5355.39737604233 0 3515 185 15.5225606573406
0 330.800316890639 31 27903 1587 3.05 11444.1712252462 0 56.62 8753.63091980085 2813.23823407278 88.4856814728046 236.872401902005 27.2263635300937 242.542702679691 0 75 452 81.8666790308375
6.4517197660139 184.750555608794 14.33033381452 603.289053715303 7608.08054628846 0 676.679938335676 1325.66277184416 0 480.537241548804 154.4348571703 49.4188728994716 16.3991312256137 15.2058070459912 13.9112190668093 0 0 389 3.99430467638495
69.9266132322764 192.024066098084 174.326154773176 5949.83111280419 655 1.2 6592.32968057349 12903.8752562636 5.7 3957.40493197818 1271.82913745722 51.3644621250018 72.0967846832853 15.804449884616 0 0 146 178 46.8344834639757
21.7850838835006 66.6903595146611 48.3882647650648 2037.08516765067 562 0 2284.89918247527 4476.27543248081 0 1242.15 399.201646090535 17.838985055362 73.0246913580247 5.48891847857293 521.540354238567 0 0 215 16.1827405046079
61.7719228618117 652 137.205629983749 50.25 65198.5097232353 0 6494.86493353264 12800.8775623159 0 312.9 100.559670781893 174.40329218107 18.3950617283951 53.6625514403292 972.639642438735 0 0 235 38.2434280013168
15.9640645432235 48.8705579191811 35.4588206304377 1492.77180984593 16893.0667283622 0 1204.95377608894 3280.20540565791 0 144.9 46.5679012345679 13.0723714598633 8.51851851851852 4.02226814149638 0 0 25 113 9.88346363011756
92.4 179 143 400.8125 6562 14.1 5410.87102012409 25682.9967411976 206.4575 9167.55 2946.2633744856 47.880658436214 538.950617283951 14.7325102880658 4599.22649652843 0 2517 5731 344
18.8 0 69 131.6875 1703 4.15 2787.23284968702 13344.0584402539 19.7125 0 0 0 0 0 6666.58904109589 0 327 855 3.52582379060528
152 1072 344.16176451516 8574.70641781477 1984 0 3919.77691693099 18134.5077175543 0 12867.75 4135.43209876543 286.748971193416 756.481481481481 88.2304526748971 8583.51172827923 0 900 971 4.69695500412093
6.81026863817938 20.8481760410199 0 0 7053.43152408688 0.735 736.063631668767 1399.3353597672 23.765 0 0 5.57667260356499 0 0 0 0 0 40 4.21628478227042
29.6083610821957 96.639643885284 0 0 30788.5373714504 2.05 3113.43307489302 6096.25804366913 9.7375 443.1 142.40329218107 25.8501105042941 26.0493827160494 7.95388015516741 268.772129190716 0 0 466 18.3307427197472
68.4 2049 265.790234870304 6850.36572915918 2212 0 3032.72338141569 14422.7289716697 0 12097.05 3887.74485596708 548.086419753086 711.172839506173 168.641975308642 7206.67629949334 0 2115 1732 0
0 12 19 58 707 3.05 5081.10289150682 10035.1762186971 14.4875 7430.85 2388.12345679012 3.20987654320988 436.851851851852 0.987654320987654 3824.8440607994 0 531 465 190.630149393005
0 81.5600418495176 50.4704090153165 2124.74082527117 1127 0.4 2395.21826290302 4675.38930693021 1.9 1760.10600304433 565.662129138292 21.8164720996652 69.9292146625911 6.71276064605084 0 0 137 415 14.0676549031033
0 283.047215917519 0 0 96139.5741362471 0 9697.56883841154 18998.2076579621 0 0 0 75.7122182495422 0 0 0 0 0 18 57.2427854978274
72.3361549929044 221.441616116002 160.670532121953 6764.02758919501 95 0 7586.88019245456 14863.2227080887 0 257.25 82.6748971193416 59.2333541051035 15.1234567901235 18.2256474169549 0 0 50 111 44.783817747617
0 597 14 33.9375 352296.585684741 0 76833.2871540768 1089354.22222222 0 5859 1882.96296296296 159.691358024691 344.444444444444 49.1358024691358 2962.35391255395 0 150 428 2.65325070962301
62 1387 35 181.4375 1876 7400.35 3808.84550633843 18073.2504459819 217500.825 10263.75 3298.55967078189 371.008230452675 603.395061728395 114.156378600823 5670.80015012197 0 465 1908 0
1606 222 200 814.6875 206378 36710 188909.827160494 4705283.58333333 1084805.25 9906.75 3183.82716049383 59.3827160493827 582.407407407407 18.2716049382716 6246.7205854757 0 782 422 99.6817915888354
27.6 0 50.6191336046202 2137.00194367263 0 0.9 2408.90772102881 4682.64744081945 11.945 0 0 0 0 0 2074.53424657534 0 0 895 12.8718400261913
61.6 847 132.416126370858 0 0 0 1841.57103334614 281646.388888889 0 7194.6 2312.1975308642 226.56378600823 422.962962962963 69.7119341563786 3107.52936761118 0 361 401 122.307786350454
41.1035243211398 125.829619429308 91.2977075628777 4069.08131225384 486 0 4351.08778926278 8445.71896491272 0 719.25 231.152263374486 33.6581286539301 42.2839506172839 10.3563472781324 331.426220807199 0 0 439 2.2315637321721
84 0 11 1230.10605006913 1997 0.6 1730.55165643968 8477.7075587839 2.85 0 0 0 0 0 3447.04109589041 0 547 1484 137.471548535581
0 67 136.031498938031 177.046750530985 1490 1.05 1646.19887571756 7918.69967379985 70.115 6746.25 2168.10699588477 17.9218106995885 396.604938271605 5.51440329218107 3293.31469318822 0 461 887 0
48.1881044458554 147.517541222694 107.033728624687 2855.75976239419 173 0 5054.14443397018 9901.41829254876 0 3040.17437527748 977.049965795623 39.4594246068934 54.0314780886672 12.1413614175057 0 0 23 17 2.61619479058116
0 0 36.5766538339138 982.649257216196 106 0 1727.15361562477 3383.61331521254 0 0 0 0 0 0 1917.02739726027 0 178 800 54.8940326796679
43.2 1647 136 424.25 2551 2468.8 3961.193826529 18818.3621496026 64844.955 19733.7 6342.00823045267 440.555555555555 1160.12345679012 135.555555555556 10874.1835241133 0 1010 1367 194.271956841967
1252.4 25139 120 274.5 553364 109937.9 366226.962962963 14201973.9722222 3011079.23 25604.25 8228.68312757201 6724.42386831276 1505.24691358025 2069.05349794239 27647.3893788703 0 6617 1900 280
666.4 1806 146 1239.75 64507 15991.85 0 3717561.72222222 418626.7425 16290.75 5235.51440329218 483.086419753086 957.716049382716 148.641975308642 11026.2529555264 0 1697 910 168.506765439261
65.6 522 140 1664.4809548007 2184 4.8 1801.57631550168 8354.50190550053 48.025 4278.75 1375.10288065844 139.62962962963 251.543209876543 42.962962962963 2276.68493150685 0 363 1369 53.0262510942565
14.33331515476 43.8783686039353 71.8366572457833 49.5191713771083 1557 1.75 710.370124184535 2368.72510337825 8.3125 904.284946407053 290.618716854314 11.7370121780074 53.1619604001795 3.61138836246381 792.691401027751 0 75 535 186.778174299879
73.3534834193498 224.555948788162 162.93018636589 2342.79574307164 76736.5937169409 0 7713.58131430127 15072.257581051 0 4627.85127560728 1487.29690221359 60.0664060544467 78.5056832273117 18.4819710936759 19.6616006491025 0 0 182 45.4136528673282
24 0 75.9310991906287 0 781 0 3608.58596348431 7024.19306661449 0 4632.6 1488.82304526749 0 272.345679012346 0 2325.68211671983 0 221 830 41.1643321436708
183.673349349054 237.780291345105 0 4603.13656725493 80919.701883187 0 8146.6646342448 15959.8791222925 0 4900.39043968415 1574.88542447227 63.6037816355219 174.009852564189 19.5703943493913 24.4738087277362 0 62 83 48.088111974382
0 0 0 3.75 340 1.5 0 0 7.125 23.1 7.4238683127572 0 1.35802469135802 0 4 0 40 199 11
0 0 0 0 0 0 0 0 0 0 0 0 0 0 0 0 0 0 0
0 0 0 0 0 0 0 0 0 0 0 0 0 0 0 0 0 0 0
0 0 0 0 0 0 0 0 0 0 0 0 0 0 0 0 0 0 0
0 4 177.46201801108 6.375 1882 3.9 8490.88711346687 16416.5604052613 18.525 148.05 47.5802469135802 1.06995884773663 8.7037037037037 0.329218106995885 208.860574216551 0 119 1030 44.3376533080949
0 0 0 0 0 0 0 0 0 0 0 0 0 0 0 0 0 0 0
0 0 0 0 0 0 0 0 0 0 0 0 0 0 0 0 0 0 0
0 0 0 0 0 0 0 0 0 0 0 0 0 0 0 0 0 0 0
0 0 0 0 0 0 0 0 0 0 0 0 0 0 0 0 0 0 0
0 0 0 0 0 0 0 0 0 0 0 0 0 0 0 0 0 0 0
0 0 0 0 0 0 0 0 0 0 0 0 0 0 0 0 0 0 0
0 0 0 0 0 0 0 0 0 0 0 0 0 0 0 0 0 0 0
0 0 0 0 0 0 0 0 0 0 0 0 0 0 0 0 0 0 0
0 0 0 0 0 0 0 0 0 0 0 0 0 0 0 0 0 0 0
0 0 0 0 0 0 0 0 0 0 0 0 0 0 0 0 0 0 0
0 0 0 0 0 0 0 0 0 0 0 0 0 0 0 0 0 0 0
0 0 0 0 0 0 0 0 0 0 0 0 0 0 0 0 0 0 0
0 0 0 0 0 0 0 0 0 0 0 0 0 0 0 0 0 0 0
0 0 0 0 0 0 0 0 0 0 0 0 0 0 0 0 0 0 0
0 0 0 0 0 0 0 0 0 0 0 0 0 0 0 0 0 0 0
0 0 0 0 0 0 0 0 0 0 0 0 0 0 0 0 0 0 0
0 0 0 0 0 0 0 0 0 0 0 0 0 0 0 0 0 0 0
0 0 0 0 0 0 0 0 0 0 0 0 0 0 0 0 0 0 0
0 0 0 0 0 0 0 0 0 0 0 0 0 0 0 0 0 0 0
110.009705765859 336.771107555098 171 714.125 1573 2.3 11609.3309367933 173102.611111111 52.89 7331.30319274434 2409.71449302484 90.08280654766 44.5785096662471 27.7177866300492 0 0 203 992 5.9725698374666
45.8164980504475 140.257377158932 0 0 1374 61.1 1970.10534572067 9414.11406640719 805.975 0 0 37.5174054128831 0 11.5438170501179 0 0 101 986 28.3653132894133
0 0 0 0 0 0 0 0 0 0 0 0 0 0 0 0 0 0 0
0 0 0 0 0 0 0 0 0 0 0 0 0 0 0 0 0 0 0
0 0 0 0 0 0 0 0 0 0 0 0 0 0 0 0 0 0 0
0 894 142 532.6875 2352 1.4 14863.7392079396 289.972222222222 35.3675 4628.4 1487.47325102881 239.135802469136 272.098765432099 73.5802469135802 2146.30287108275 0 726 791 0
23.6 110 19 30.375 231090 0 48537.7374329192 2737081.55555556 0 6567.75 2110.74074074074 29.4238683127572 386.111111111111 9.05349794238683 3189.8573841246 0 935 410 71.58975969473
0 32 47 181.625 92134 1.35 54077.7077845001 1464015.16666667 6.4125 8963.85 2880.79835390946 8.559670781893 526.975308641975 2.63374485596708 4951.67461062113 0 1704 707 0
160 68 53 114.75 473931 26901.55 454670.320987654 6761549.5 670011.0475 11039.7 3547.9341563786 18.1893004115226 649.012345679012 5.59670781893004 8777.58603865641 0 887 611 85.091148952787
228.4 2373 41 357.75 2560 2 2152.23433381392 241.861111111111 9.5 5673.15 1823.23456790123 634.753086419753 333.518518518518 195.308641975309 3657.80559204354 0 798 1769 260.880788166942
56.8 117 36.9842912769994 54.7480786237369 69913 0 31813.1019681203 1175524.69444444 0 3333.75 1071.39917695473 31.2962962962963 195.987654320988 9.62962962962963 1727.1484331019 0 501 314 0
37.6 816 60 147.25 5037 3201.5 1551.10718619712 289.166666666667 15207.125 12467.7 4006.86419753086 218.271604938272 732.962962962963 67.1604938271605 9822.03265152937 0 2389 923 165.910857497225
0 101.727434775563 24.2220465714825 62.1389767142588 1023 0 3505.73374104906 0 0 5378.97289202182 1728.69205230566 27.2110422239161 100.664408660447 8.37262837658956 154.48681299356 0 55 388 26.3479594917943
413.6 0 0 23.5 184072 41597.5 10880.4179341798 3340502.44444444 1040740.835 0 0 0 0 0 16215.2876712329 0 4013 297 0
197.6 1048 95 273 3746 11.45 2372.71838847587 272.611111111111 54.3875 10049.55 3229.72016460905 280.329218106996 590.802469135802 86.2551440329218 6687.92006004879 0 2436 971 137
0 94.6245341111651 0 68.75 693 0 429.243880367026 0 0 5139.71827634635 1651.80050425397 25.3110893712993 186.384812007311 7.78802749886133 641.956992137082 0 223 221 22.4362259875328
