130.546080271065 2057.04068011831 4102.13083091763 0 8729153.58993464 0
7.26862269704002 184.285366874117 24.3881419440159 0 1681804.88780423 0
316.195424631293 1410.43419918749 21347.1370289763 42092.9240240864 117680468.311914 0
0 0 0 0 0 0
160 180 0 212 0 7899.21806226074
388 0 37.5 868 75 10078.9680713142
0 1955 1798.5 1179 0 20494.5493488319
34 0 0 869 600 7274.9842871433
0 1342 3803.25 2708 40739607 39612.6590000266
0 8731 13056 0 63 48382.3410748157
344.797106668405 2781.55701144953 16627.3996773281 0 0 23417.1063404482
415 157 550.5 1654 0 13238.3191291255
0 0 0 0 24847626 38229.0393469246
1543 22309 4994.25 886152.113760768 75 0
0 610.012823966809 220.600076174737 560.436536115218 0 5492.40442779354
2145 3858 2920.5 1864 0 34
466 897 667.5 987 105 10825.683439655
131 4484 11511.9093652755 569461.666577028 3911460 40144.8204050658
410 1546 891 1352 0 22472.8382545491
163 144 0 962 0 10054.0494023481
394 2096 650.25 790871.867900795 8410610 56305.3919675716
0 352 14259 2988 1478 961
45 3 72.75 0 63884924 16353.4044469195
63 440 10439.0906347245 516470.35176141 10222371 36403.6412575758
2143 16200 19146 267961 4312 38100.8785703996
41 0 0 123621 70359693 26696.3414691461
0 0 226.925884415029 0 38188748.3788775 22941.0051399864
0 0 0 0 0 0
275.998763223349 851.741642341069 0 81.8440888434518 329.27396666407 0
3602.79256804172 6864.87090119649 88.6159586297732 875.08259146901 1739.03598702267 0
180.154475411395 2383.69784389607 95.1058213640255 1854.89146770665 1128.89585201829 43.7268144202416
501.532919896217 18333.1890002949 328.943653139103 1510.59317705793 6114.4180104417 23.97766947711
357.720201416676 12670.7886011862 288.411912392195 1272.58961653983 2474.02651460162 67.0725377656268
190.321374246647 5258.78507408085 204.698740164278 1192.12987675029 1193.08307228074 117.560782088914
105.067996657614 4944.14884567449 50.5134599315454 514.756210730986 192.62466053896 0
39.2493294332336 124.497348709475 3.51004427447901 3552.06259797495 4.88104316287469 0
323.568379630092 7447.6516155701 218.220535099364 507.509060556759 1879.34067949089 17.9760210905606
50.6817024274452 1703.7074358401 12.9984625157768 141.602599015192 402.480821850132 0
36.6276428171165 1819.76598316798 23.4242134821082 13805.8955534427 311.960534083564 0
1.30379240966844 18.4479282163496 0 234.486420624481 5.50030995781346 0.178761403412066
712.899467366395 15766.7939240164 379.84325477066 2858.35063843928 669.48880967832 11.5761753834868
48.8061764749467 73.5482395188961 24.4969462691559 64.2458226867327 115.375585665998 0
33.8324390684689 861.442223110756 3181.27810435301 14520.6506908514 316.12249995317 0
1744.49544229629 17373.2106103779 6766.11292809911 312295.206664848 3608.94124385362 39.9834530870102
441.691862285167 9100.16285931046 15281.0040567658 2049.57015734588 10931.8368885893 276.806891070116
73.3860687394617 447.563419401296 22.4730894392121 7917.85925227938 172.37612242025 17.7702841223215
37.8170764157105 71.2647773453459 136.001725542054 71.3781436715342 90.3587434394054 0
4824 7280 34669.5 2151336.83864118 0 2097185
2552.75028953356 15948.4885485412 46787.9231974144 4051.60367144143 1924.8117145915 31111.7877197998
1466.37147536756 3169.87525013255 15942.1483103252 289685.555675464 882473.763488509 2468.81956269488
2290 17729 2266.5 55175.7026251812 0 16534.611803586
9070 24863 83911.5 169140.009159176 3050 50508.7228395143
988.243808441663 1259.76219063261 1275.32516553285 2307.05864006818 0 7915.32461855241
9.98696487376509 0 0 1407.1326784506 0 390.375916226756
0.118942399909735 0.230156535206593 0.156200048893319 0.481411136393554 0 1.78794018822275
2357 12547 10352.25 22726 0 28464.5830590853
1378.60914300026 7385.1469109641 6191.4037893326 159536.563350154 513147.066895462 30265.3334822532
432.023651393481 1621.67356792997 447.984039324516 1039.83020547945 1033.70841284837 9099.53758168785
1154 6434 3274.5 32319 1514 9556.10299459286
704 3974 19782 80926.9805717614 312128 24166.4787193615
6283 18844 26564.25 448908.675609668 2585293 195726
2332 6385 9140.25 678007 3198810 158126
31.961086334914 210.339522090425 47.3753897838391 288.153101208477 0 752.8060661488
4640 47213 275729.25 1394573 4148649 1101663
1457 5586 66786.75 7519 323 141719
1366 11461 27099.75 13730 0 170400
118.004070624468 300.756628057719 196.128371906109 147.438343896748 33.639169454034 1656.42269118521
1.46440265271037 5.07423756019262 3.91382614712603 162.48866168858 0 47.5080971007571
1442 7882 98929.5 351582 13315371 258386
262.384753203001 1390.93763919822 53.6054872135164 630.099586544842 0 5689.70676177187
60445.6330368758 107388.339004166 902820.362712155 7475925.62223618 50736239.1309244 502901.925613137
7263.59348350291 16659.5159167846 308400.56225372 1794088.0330922 10214753.5746241 254725.657354585
805.272250349518 1465.6402785653 300.507618971672 36787.6878632955 0 10533.0030273127
3618 6821 39804 272165.885774024 590399 28334.1324583182
1.79946731461147 1.66367713004484 2.55663754030186 4.86616513247044 0 32.2334967705032
1634 13584 63880.5 4933 1416212 385428
572 2087 0 25246.4941138746 0 7539.12796981741
4170 5120 89119.5 684823 3065925 275079
3717 8360 232943.25 330971.125118694 4452123 491308
341.944089883638 2005.12418226293 134.565056548326 430.044978924246 144.823379244835 4924.14030769544
1496.69837897682 1986.93216390297 31827.5222357702 469483.902663804 2214037.17213366 269541.586298343
5173 8606 144991.5 252833 13422689 177048
302.162431703738 440.676215612237 179.178977028748 9155.49052034176 41.6263128546356 10.0349147060282
91 2059 35.25 201 0 4636.6536541541
813 12316 549.75 2099 569 28572.7989027478
2330 12364 87470.25 11197 1642 31211.3068988434
3164 9115 46326 219036 5595314 231410
33.9407195478246 523.161546085233 125.018058008359 157.83664325954 210.284892850653 958.99490603382
429 3440 172.5 445 0 9651.92646913242
10531 10189 187434.75 1462744 1535464 1446262
0 0 10543.4549963649 87414.7016668385 16431864.0196584 5139.60439318084
244 641 73.5 1109 0 9391.61569785705
244 0 3216.2193851964 196 0 1567.80631086185
320 2296 122.25 90376.7583652661 15341012 5313.7604485102
1111 20 9087.96900056256 343 0 4384.85144919208
200.071686414072 281.331922099915 46.5684097687927 0 0 3617.6128515475
0 0 0 0 0 0
8576 9501 537 88863 10667775 5017653
0 0 4796.70595920788 74 0 2338.24406034278
151.940690257082 139.750608272506 158.026069943398 94.342765327994 135.66133058668 1008.52551324928
271.486980172947 1171.52722818918 477.833895443717 745.538549267506 0 5049.60432820112
319 0 52263.75 86984.0335001088 4567894 5114.2829774519
72.4050015212863 180.922595777952 0 89.5786622042268 0 884.917289573523
811 0 0 229 52 5290.21290443683
52 0 5093.20335268132 42578.2254926569 0 2482.77726189655
33 0 0 488 1831554 1323.51266462868
507 1419 165 667 0 6485.85975436903
49.9423786933701 198.577079697499 2925.49901133283 252.517645078837 0 1420.5499753303
4091 3064 245.25 990 0 9575.86592578972
1498 538 50.25 134199 11308734 3140.48452739406
50.5970982142857 66.014598540146 0 100.545515682234 0 809.9702561561
201 0 10310.8963267905 93 0 5021.85210042828
0 10 1395.18239231779 500 0 555.803238559312
1498 5245 462.75 1986 492 16027.4870097532
516 7 0 900 0 3332.11281709457
851 693 0 1225 10 8026.73525333088
0.411286458862643 0 10.8304590635676 0.136064693157566 0 5.2795098952354
6 0 61.5 540 0 2497.66364033374
271 611 7409.42381851563 381 329000 3575.30210847296
244 451 27.75 34662.9535538785 0 2018.8635775086
498 808 753 194 1150004 8034.04311183641
61 7 0 242 0 2105.74589529654
493 0 21 138 0 636440
92.6980924750923 0 56640.025931987 0 993521.634695915 3553.80840479929
0 186 1760.66148821023 15019.4634293268 0 858.267382260326
0 0 9057.88432290054 263 0 4415.43517518254
0 0 4230.9178619243 229 0 2062.44006711564
0 575 0 86025.2020771629 0 5056.49676297301
0 0 2694.29513451282 22338.1240273757 3 1313.38457029903
759 443 353.25 1600 0 14181.9469089265
762 550 0 568 0 5293.05484941121
3595 1388 15332.8588498489 528 67 6496.92792730672
0 0 0 10728.2839867695 0 630.776453597505
0 0 0 35114.9246108108 0 2056.07952360157
1.60946449313093 6.50581890434289 31.1288250976617 7.42472063123323 0 15.7555954490631
463 9 195 520 0 5284.52901448809
0 8 3838.36419678251 156 0 1871.08243884126
0 0 0 64864.4440304786 0 3813.74728899579
42 0 8972.09996467648 298 0 4385.61798484535
433.761849965723 992.764841942945 0 144229.067211563 4650090.93624523 2837.54639817507
857 1667 309 958 0 564124
2043 252 3198.75 264624 42916313 2484375
797 854 5916.62214391934 0 1049000 2896.16815684832
198.539301404831 596.030915807894 0 73231.2692795249 1613417.64377811 4436.15234872706
0 0 3045.24479513168 38.2140824822546 0 1484.46154820845
309 1325 6197.46951275353 824 105 3044.49163353024
416 0 41.25 1098 59 4847.14014986094
4 0 8413.80758801443 140 0 4101.46792087097
0 15.0372340425532 661.891728361027 54.0867227779491 0 322.178816408356
467 980 127.5 1323 0 327047
6044 30084 2423.25 804025 104985748 8898161
4120 2256 1893.75 0 19608058 1322334
702 884 8633.17834428653 1624 228 3713.7454279388
588 0 0 724 0 1952.01020525433
0 0 0 31949.0458864792 0 1877.39276074457
262 3 10.5 82 0 3185.14366270562
189 0 12853.7727694944 106605.308858062 0 6265.8120149248
0 0 522.752459563297 0 0 45.3357888768857
0 0 0 0 0 0
0 0 0 0 0 0
0 0 0 0 0 0
161.786641874112 0 0 112.696019686198 0 889.000635815689
0 0 0 0 0 0
0 0 0 0 0 0
0 0 0 0 0 0
0 0 0 0 0 0
0 0 0 0 0 0
0 0 0 0 0 0
0 0 0 0 0 0
0 0 0 0 0 0
0 0 0 0 0 0
0 0 0 0 0 0
0 0 0 0 0 0
0 0 0 0 0 0
0 0 0 0 0 0
0 0 0 0 0 0
0 0 0 0 0 0
0 0 0 0 0 0
0 0 0 0 0 0
0 0 0 0 0 0
0 0 0 0 0 0
16.7835229897674 0 1868.69270742887 81.2475090186467 968417.668271074 2919.37677680935
0.24584580452059 0 0 23.2324285271958 0 132.377726789599
0 0 0 0 0 0
0 0 0 0 0 0
0 0 0 0 0 0
0 1120 0 1973 0 9965.59885144696
202 0 139.5 279473 16823002 0
363 0 740.25 100556 5155147 10379.700558186
1298 213 527.25 728225 41650710 1305000
795 2831 0 1514 825 10476.4365124432
75 141 1642.70350081383 71560 6109684 5682.2834197897
27.5006596698501 30.7509096923586 31.2562563648517 107.51909892948 0 558.31630548342
15 145.254843308172 82.5 542 0 2126.61987607171
1396 13 599.25 168184 18946253 3315909
0.526056500654299 9.10932209766007 0.741133971870636 1.67799685496553 0.074029273013185 0.00448662260685969
0.0505164693886598 0.84135683823973 0.243050937624684 0.24686350135213 0 2.10355469896845
