0 2304.40120684551 350.236483927228 1613.7593583508 31696.2153010138 2.79741600580853 0 1818087.81298773 114.551046733257 652.469309194782 209.690312968733 571.685921187044 38.3579840796462 175.903360365244 1032.95161724109 0 267.059981354521 573.283786790362 16.7844960348512
14.7667808476708 136.74440613184 1.53023635727158 5.04499799037975 42140.4139247235 0.38601712608706 0 369710.497546619 21.5571131435873 82.8095816331994 26.6133086181554 37.9345225142345 4.86828816185769 11.6721607736106 82.8490352848343 0 43.4204566375812 159.335860700904 13.3895681261264
166.042056595069 1419.07702666867 2069.73843677123 11249.007359231 44088.4801732153 4.06788389223062 0 19284257.6624768 227.1708361976 872.654969127135 280.453488020478 399.757478792046 51.3024673208192 123.002301166783 796.221294372751 0 175.196466559435 569.78310295456 17.887927516579
0 0 0 0 0 0 0 0 0 0 0 0 0 0 0 0 0 0 0
64.8 400 8 77.875 477 3.48118785849246 9877.67113485619 0 112.558407424589 2318.4 745.086419753086 106.995884773663 136.296296296296 32.9218106995885 930.748503392525 0 344 303 0.618596746539203
33.2 0 22 136 723 4.20407567216984 2604.05654908578 0 135.931780066825 353.171598190146 113.502140119898 0 20.7625866072984 0 656.024611195853 0 256 1668 13.7470517647201
354.4 2866 264 1651.5625 1025 9.69665547791112 5969.53145487393 0 313.525193785793 2423.4 778.831275720165 766.625514403292 142.469135802469 235.884773662551 1499.11249319924 0 3089 2853 90
28 0 20 72.875 523 3.17435941465656 2130.78335877695 0 102.637621073895 266.668270299132 85.7017368784199 0 15.6771469899549 0 442.240079663631 0 190 567 0.564074243066848
35.2 1472 833 5387.25 47844 16.7409105567654 65779.0758008066 6797942.38888889 541.289441335414 483 155.22633744856 393.744855967078 28.3950617283951 121.152263374486 1674.70212438215 0 244 367 32.9748101008842
633.2 9943 1048 8403.75 754976 22.1691440545708 62903.6763351038 0 716.802324431123 5989.2 1924.80658436214 2659.65020576132 352.098765432099 818.353909465021 4855.76797507858 0 2815 2409 259
111.66724477329 3120.43545453243 864.931378375572 3258.79793820298 1654911.50615186 0.734652926140067 30295.1088086006 30.8826322655176 179.589181086517 2461.23423315445 790.990425705134 827.446947318362 144.693370555817 254.599060713342 1582.16769612625 0 1468.32631504528 2246.0788795189 110.687707538437
115.2 125 224 1024.625 734 2.25 3550.52409299053 0 112.136022556922 1398.6 449.481481481481 33.4362139917695 82.2222222222222 10.2880658436214 914.835170981513 0 500 967 56
33.6 0 325.490053522825 2342.81747323859 35460 17.2411285854876 99910.5645959328 4062275.69444444 557.463157597432 1448.37472299725 465.478061084751 0 85.1484258081862 0 1934.80120065978 0 0 103 3.06369735940229
600.4 27890 357 4007.875 305886.827030469 12695.15 18509.9748997768 0 298689.3775 9536.1 3064.70781893004 7460.28806584362 62.3914789841522 2295.47325102881 5817.59227666213 0 3472 2886 418
219.170260866197 755.337278106509 38.8092726603704 227.126800071979 656.693745279426 0.472349700142666 1550.37453530117 0 45.0249939181542 1257.34383694733 404.084635036963 404.452385887925 71.8173112398404 124.446887965515 595.300088021112 0 360.262392919623 170.556540375838 0.445572613205572
484.8 4740 179 3026.625 469 1.95 7790.25967813887 0 20.95 3893.4 1251.25925925926 1267.9012345679 228.888888888889 390.123456790123 4800.86436986136 0 2920 2013 342
188 1358 102.924830571945 987.475084714027 851 5.45190312061561 3458.05552100723 15.5 176.278200899905 2097.9 674.222222222222 363.251028806584 123.333333333333 111.769547325103 1033.58308738159 0 599 1382 0.968786997413071
9.2 4088 871 3198.76129059673 174830.877001985 17.2176342932167 48854.0510256365 718419.444444444 556.703508814007 504 161.975308641975 1093.49794238683 29.6296296296296 336.460905349794 1705.51118914809 0 775 384 3.05952249342212
329.6 1933 156 527.75 700 10.7309303294471 6621.57865669557 0 346.96674731879 2614.5 840.246913580247 517.057613168724 153.703703703704 159.094650205761 1750.58549555152 0 1217 2438 472
62 0 119 599 788 4.94291856492668 3283.8820218832 45808.8333333333 159.821033599296 415.239540252589 133.449509311042 0 24.4114956056784 0 659.45038405634 0 761 1103 0.878341953081501
318 1745 477.58511590523 992.769942047385 256875.928842185 25.2975668679216 71780.3968618849 1907100 817.9546620628 1011.15 324.962962962963 466.769547325103 59.4444444444444 143.621399176955 2815.67978076639 0 672 493 66.495302522005
326.4 227 1295 6619.5625 8653 22.35 4882.57806670384 28.4722222222222 507.4475 2092.65 672.534979423868 60.7201646090535 123.024691358025 18.6831275720165 1321.51568336589 0 322 1193 125
77.2 65 217 1578.0625 48140 7.05424891959635 20016.0272193303 8050022.97222222 228.087381733615 893.55 287.168724279835 17.3868312757202 52.5308641975309 5.34979423868313 885.588741842016 0 0 112 1.25351908840384
11.6 878 254 3315.11370940327 165587.367125361 16.3073181329904 46271.0810668264 2096720.66666667 527.26995296669 406.35 130.592592592593 234.855967078189 23.8888888888889 72.2633744855967 1672.66651743486 0 514 321 2.89776201454871
633.2 16143 1613 7873.9375 302114 5.15 10012.5367606002 63.3333333333333 312.035592061951 5168.1 1660.92181069959 4318.08641975309 0 1273.85682015856 2581.54886996217 0 1595 760 2.89199820703878
50.4 0 375 2838 274629 12.5659397541251 145292.415424451 14590136 406.298718716712 1055.62634257602 339.256751288393 0 62.0591618210475 0 1566.12257348372 0 310 386 47.232930185065
4.2883631700478 0 687.329319199328 3389.59372232528 28727.8639973494 8.74312321440675 24808.1112867135 6476913.9770273 282.694317265818 734.483163385042 236.047891034973 0 43.1794922624951 0 1045.55516587001 0 25.0154518252788 167.365284831032 105.189070312349
0 0 0 0 0 0 0 0 0 0 0 0 0 0 0 0 0 0 0
14.0699821091281 911.660971286778 57.6093755649339 237.63001895061 74.5736748598964 0.436224839013322 6618.59478614572 37.9351905073058 6.69639748904418 203.135366700537 65.2835589631354 240.816969230733 11.942114444476 74.0975289940715 260.447081137509 0 145.339037633169 108.917725677453 13.6198351316098
87.8774923078584 6899.53178359892 28.6155699741976 131.077772139873 3768.02440757015 0 2154.49821576613 262.266849145707 0 1606.99502477679 516.455387151468 1772.11024436653 94.4735464301465 545.264690574316 2029.7463007327 0 1938.47409502629 1247.08500113358 228.924559793581
121.035822315229 2612.73398756951 113.689717492628 575.390219252354 487.116712641492 4.63504232854561 1563.98459872854 238.848895458226 22.0164510605916 849.393370113193 272.977685084389 765.183263206557 49.9349423934858 235.441004063556 1718.038315329 0 427.648245029963 866.665461809189 79.8882572930317
280.538732882187 22718.9200751004 170.840895024409 292.352730447471 2208.94280057876 0.999069561546249 4966.87671338932 590.307807002821 4.74558041734468 2330.92919404355 749.113046880546 6071.71163988272 137.032874429368 1868.21896611776 3677.00296200569 0 1275.81183009456 1676.43872427461 277.741338109857
220.713364274089 13031.1856402405 88.5357498506274 407.186198018826 4462.55951267304 12.162486848167 2798.66902072303 557.364141521374 57.7718125287932 1261.09785506931 405.291099806717 3432.99145765943 74.1386158183019 1056.30506389521 2008.32096906789 0 3368.82999684155 813.813458222938 213.737820346464
16.2678703863578 6083.19100532195 15.8865921741776 48.2555237290644 634.510491436653 1.0644016756699 1471.76915090551 133.888668490152 5.05590795943202 774.662007597247 248.960551138445 1401.23011822373 45.5415642326424 431.147728684224 1095.62223146986 0 339.01987699695 421.630156302673 152.511284872105
10.0064758721538 5229.18687192253 10.1989081004644 35.2872598664653 535.538891388536 0.0769728913242596 833.949590230976 76.7737389350115 0.365621233790233 255.59810725362 82.1440125212495 995.448749442291 15.0263437538871 306.29192290532 534.303042901617 0 172.804141022963 195.70357619193 1.97380940668099
1.90073563166062 113.52293100867 1.86628120933444 3.99904584134789 3641.91624220423 0.0983386637226225 104.522914113764 1.02206810673593 1.42508515344313 29.6501838130684 9.52896363970843 66.0724989461078 1.74310310482471 20.3299996757255 86.588418499174 0 38.9765652564847 25.0512362329892 2.88651254546397
46.3196078333516 7686.20483056414 52.6739222653638 200.66256101091 597.807213011668 0.627070503159093 2295.26543019075 255.573683256549 12.6480120487189 623.308080140138 200.318489404238 2754.65448659361 36.6436261105313 847.585995874957 1623.46111307497 0 436.859117200834 548.895713765259 61.4529093095911
11.9624126117853 1993.83378283201 2.07756708979819 7.04595943941425 95.513413312564 0.191354863534044 358.953229273755 42.9595899927106 0.908935601786707 90.4725794788958 29.0760396522416 398.266731229241 5.31878774126371 122.543609608997 258.230921481361 0 69.9812072353074 109.673673214083 22.0337574746261
4.31628653944443 1602.86097441192 1.29184632342527 3.10138106322317 13646.2529238375 0 3302.08708055232 44.6493322794806 0 94.3921712142765 30.3357164004337 348.563967324201 5.54921641471349 107.25045148437 276.314021821639 0 83.6660471818367 150.994037920354 26.5047946854716
0.346253066174241 12.1886599012998 0.991931483063694 4.67481714921589 252.612966301831 0.00218594107433233 61.1266709668092 0.805482074283663 0.0103832201030786 1.62400848882397 0.521923167092163 3.66032684422151 0.0954737500778346 1.12625441360662 5.8934468167319 0 1.85173497230108 1.96540390816636 0.0971529366369925
104.957323476947 18579.3386820442 36.6578887143748 96.1063727149893 1589.79475266552 1.30231973064226 5385.44710227454 137.440285976629 20.3258346108389 2238.54291478176 719.421983194608 5009.11748126748 131.601582291697 1541.26691731307 4215.30912638989 0 2062.48858082456 1834.82379828266 342.830011510013
9.4045747745955 90.2054894878522 2.25259276038216 8.24190840712742 84.6130155618547 0.107936736434978 152.947773022364 18.5254201803717 3.36973798248418 79.875531412676 25.6703647887103 112.839177040457 4.6957984369592 34.719746781679 120.164121955578 0 89.7752073043972 40.8751727977679 0.373046348695484
7.73312892993575 717.451796641752 19.5651685705786 180.853208875701 15027.3893990168 0 449.720555850475 68.6793955962236 0 292.819760137598 94.1062917157871 245.379659487185 17.2145655577659 75.5014336883645 380.295117293906 0 362.248758311678 167.953893947042 1.07019112455985
784.371044906913 19440.3282072557 462.417327006292 2308.01223424134 307789.537780894 4.30256723436305 74478.1634861894 152.78701155471 20.4371943632245 4648.20680219022 1493.83875281049 5340.83857183854 273.263186489725 1643.33494518109 7410.52863147637 0 1089.11449387008 2355.54691012603 209.478525955858
133.506861541399 10377.3919125722 97.9316798731819 1186.61321406667 915.361415957496 3.6474554238481 3175.75825712873 366.569727206402 17.3254132632785 2094.33892528791 673.077765524625 2775.40946871635 123.123981498407 853.972144220415 2401.95488136959 0 1116.2212899831 1227.14390698232 7.17671453954687
5.56157846171402 407.434319526627 6.46868083113796 12.932714621449 7878.75999675898 0 1906.4831746321 25.3450752215501 0 87.7510013437819 28.2013800125029 173.34877432822 5.15878902667736 53.3380844086831 193.629886951985 0 188.186565328853 134.801360308657 6.65801163110099
12.7807319846153 72.4603250355801 2.09624331755618 39.9000858739387 65.4282005176626 0 86.674075426888 10.6649538049539 0 33.060298018852 10.6249047130937 54.786652728805 1.94358013044397 16.8574316088631 71.9484308083486 0 28.8604004225159 16.0076762431563 4.42540255928527
1752 8094 3689 15325.4375 356697.789110817 40468.65 46500.0825368755 107781.166666667 1035150.2425 4347 1397.03703703704 2165.06172839506 255.555555555556 666.172839506173 6757.69979152608 0 1678 2850 215.902336482004
1006.30156341033 18379.3176671493 2731.73278143583 15049.902815953 3307.67644252918 1.84981905038664 140.18381805933 400.877452766221 15916.8677351163 5946.61830078886 1911.12169572678 4915.98002334982 349.595432145142 1512.60923795379 5410.73538254984 0 2327.77229691897 1543.84898043079 82.7501833557955
470.60712542797 3098.40169513489 895.328255793409 5949.55302766225 162746.417411983 339.289125873125 81019.8328674058 171533.106627808 3655.24342312125 299.974910585954 96.4058109662875 709.383645919692 17.6352093231014 218.271891052213 928.362818782654 0 280.176870293526 256.660016521901 20.8015249623216
304 15877 913 5602.4375 149530.671351666 937.668779612151 4502.15407554028 0 16444.3438476842 1252.65 402.576131687243 4246.9341563786 73.641975308642 1306.74897119342 2077.98796013367 0 1373 724 239.151141575044
1517.6 29779 3196 6483.875 466606.859628406 1.25 60828.1243881003 62.0833333333333 23529.3119624563 5979.75 1921.7695473251 7965.57613168724 351.543209876543 2450.94650205761 9206.72847503362 0 3553 1384 320
367.939921457919 1271.96243954229 163.05527230557 898.569603782729 4988.79748032787 12.1424138950957 3047.10096352945 38.4785111528258 3946.29187895621 1550.75971745936 498.382507668695 335.137557947782 91.1675318906149 103.119248599317 1499.53050373212 0 1007.57254892773 345.439285097211 29.222055930336
3.19582875960483 0 40.1463712833067 0 5630.55468074021 35.3077752430643 734.014242239861 0 619.20926580691 93.3281867453348 29.993773517999 0 5.48666588743885 0 101.465478582039 0 0 44.9413419319429 2.16468938163756
0.0586719822479643 0.337637494021999 0.131967628345055 0.312498659453288 1.57445888259962 0.116062379040093 2.41282376522446 0 2.03544120292135 0.119459540778908 0.0383918571188339 0.0443913102999216 0.00702290069246961 0.0136588647076682 0.306085921284292 0 0.343663613968445 0.102487917708784 0.00850599535690614
577.2 14104 1373 8139.8125 15123 1469.58983246649 30551.3406000621 976.25 25772.8966193539 2469.6 793.679012345679 3772.67489711934 145.185185185185 1160.82304526749 3639.1940776466 0 2145 3485 532
602.582350970179 8651.87824014665 101.584764148229 534.456347030573 56554.1429156471 510.218135726881 122317.262510007 94614.1670594615 15459.9789116669 1006.94454496533 323.611415587524 1703.7858494495 59.1972101684495 524.241799830614 1732.40338389644 0 700.415405078843 2481.03470847252 56.2756505934793
104.945016532829 1837.74578018996 30.6089631554086 360.256564566604 1429.8758502598 2.62362541332074 2384.89529473693 29.7344213509684 4121.61948548314 1366.38411525744 439.127953953008 495.465721058801 80.3282842596966 152.450991095016 1549.02955357704 0 414.532815304676 557.083129428436 45.9835730305503
530.8 5129 193 1167.125 59449 483.646827718592 10054.5462668116 2.77777777777778 8481.9447002767 835.8 268.609053497942 1371.95473251029 49.1358024691358 422.139917695473 1159.36555433213 0 94 1231 34.1411467437481
404.8 3580 2544 18400.0625 218572.753339058 1370.61410229279 6473.66876193989 100505.861111111 24037.1121132031 1817.55 584.123456790123 957.61316872428 106.851851851852 294.650205761317 3843.66665189176 0 355 973 84.0311736757955
1650 19102 1215 18047.9375 310310.703765387 4479.3 9611.04017183085 518139.916666667 114775.185 2829.75 909.423868312757 5109.58847736626 166.358024691358 1572.18106995885 5186.85642174661 0 1245 1772 424
1035.6 6604 710 8628.8125 684487 2175.95 237345.481481481 831125.638888889 58865.275 1789.2 575.012345679012 1766.50205761317 105.185185185185 543.539094650206 3613.53750499418 0 3092 1970 72.119547761065
10.8718025958133 244.152294650687 6.29155242813269 17.4276002259275 189.753221232482 50.1962922801091 237.753382510723 0 880.31627807252 206.111257545627 66.2399495149574 41.8038705780372 12.1170639356629 12.8627294086268 163.368307814733 0 16.1063742160197 82.2935057599755 3.07749157652385
1808.8 43918 11069 80739.4375 1435310 23690.1 415425.728395062 606837.277777778 542447.9525 3745.35 1203.67901234568 11747.6131687243 220.185185185185 3614.65020576132 7601.38356438342 0 2713 1592 1081.11312218196
267.6 4846 1087 9782.125 2577 6807.85 3816.04176282863 43.75 121177.8025 2906.4 934.057613168724 1296.25514403292 170.864197530864 398.847736625514 2595.79908658436 0 524 726 152.60197214214
378 13181 105 2250.125 1218 2825.75 5637.96460133426 0 60316.415 2894.85 930.345679012345 3525.78189300411 170.185185185185 1084.85596707819 3210.41472267457 0 1388 922 73.3045174532109
43.8911068114539 304.839090751839 58.2678470900232 264.912630974508 218.654601451221 95.7855591754914 459.198339064036 11.0313634397874 1679.83695839378 216.832479772461 69.6855314181532 132.954537935793 12.7473533081987 40.9090885956286 277.212222901151 0 95.6447020389498 104.588449473157 5.87253038272731
0.576158420738507 4.51993081533325 0.438120465769907 1.27066188167428 413.883044470007 0.0271574672275182 53.9549061306055 0.127535067090555 21.1181016300016 9.50301295205576 3.05407431733714 2.65288993345229 0.558672131220209 0.816273825677626 8.21121377448554 0 0 2.37365266043833 0.293567424390275
667.2 7963 1904 22220.125 394995 5175.4 4437.24459603969 2257904.16666667 106301.24 1139.25 366.131687242798 2130.02057613169 66.9753086419753 655.390946502058 2571.37108805974 0 1687 722 109.19572655088
16.5518697361033 2012.00228946845 360.765989685235 280.018137154816 596.243489357358 0.846402429687101 6596.0475649472 0 2558.21205342092 759.364046500944 244.044098816686 521.986866502276 44.6422131981743 160.611343539162 954.571335219912 0 295.300403246389 425.082109131744 19.4524755828261
24186.2271781805 107645.792996708 28819.8973274447 316984.981257313 10094836.3600021 5792.53622202318 2079936.39819758 8598809.10195448 221148.202321016 5160.69929472612 1658.54337514224 28750.3425445819 303.392080818702 8846.25924448675 14374.8603091442 0 5758.19834200207 16462.247501559 1085.45577193011
2906.06322805779 15019.7847299108 11109.3474484895 65976.1251151757 1671707.630575 7492.10136250466 592170.392340834 2090651.80203058 144758.366467094 1452.24932070811 466.723277672213 4276.97142770012 85.3762093302828 1315.99120852311 3216.57081199519 0 1205.51400733204 1366.66643141406 57.1074124174165
130.489371954447 1992.20539620326 64.6568960134649 477.089520584203 96812.1386226249 607.084279454801 3095.74054153915 436.352410595922 10646.7260646213 804.390565403879 258.514702579338 527.237115640413 47.289274862074 162.226804812435 1714.13261535291 0 923.80989304087 837.60069835625 67.3445111359848
1085.6 7001 135 11098.625 229694.690563478 5.55 7038.47759934383 136.527777777778 11629.5595331215 2900.1 932.032921810699 1872.69547325103 170.493827160494 576.213991769547 4276.98484137407 0 574 1799 295
0.304135320779403 2.62651886591345 0.367496845941778 0.988439792533059 3.48488388393066 1.88863590815578 9.65163825302401 0 33.1219071724274 5.24918555207701 1.68698105142197 2.32025733192345 0.308594094772311 0.713925332899524 5.74405501186729 0 3.11738703798888 3.11738703798888 0.337841086946521
260.8 14243 995.592416063378 22917.3287919683 3180 2666.45 76585.7283950617 409363.222222222 84413.2475 1297.8 417.086419753086 3809.85596707819 76.2962962962963 1172.2633744856 2104.18450265034 0 867 1988 298.876356626665
713.2 2145 332 2256.3125 82190.7794971954 515.397457992137 2499.18975451364 89565 9038.7706210617 471.45 151.514403292181 573.765432098765 27.716049382716 176.543209876543 1523.0474256543 0 727 547 15.2817095567884
1165.2 3786 3612 25968.25 540737 3054.9 58532.7407407407 520755.944444444 83035.515 1798.65 578.049382716049 1012.71604938272 105.740740740741 311.604938271605 4294.02829124951 0 926 809 72.5046676497959
1078.4 8111 1806 22285.5625 204351.772214448 9320.95 26639.8462917763 879053.194444444 284083.565 2040.15 655.662551440329 2169.60905349794 119.938271604938 667.572016460905 3801.28624444784 0 1896 613 262.673037711295
160.914865827594 1928.66013976337 22.9303683804322 79.4768579501603 302.117660591308 273.658458482993 1313.82400182202 15.1416418886382 4799.27868557483 592.206934962004 190.323216409502 535.348196882699 34.8152225139332 164.722522117754 776.45939534155 0 139.593646105438 203.155018107338 60.7500102508244
889.239021252085 2351.12620301917 903.755298060308 9223.83544407956 1058876.93443346 671.379456437665 13957.3246850014 321070.337310463 11774.3011967392 852.450795550602 273.960279189298 527.486870577561 50.1146852175545 162.303652485404 1831.90191133415 0 129.358757041016 612.259094411323 41.161697965824
1046.8 8608 4500 58129.5 407499 6885.85 23261.1677145871 1440370.36111111 164099.495 1142.4 367.144032921811 2302.55144032922 67.1604938271605 708.477366255144 3445.03921728405 0 637 1460 68.5997625912588
69.1888785805264 416.011768050606 23.117470174628 121.297031509116 24010.3706212871 0.61696142266692 716.20006106602 19.3925759092628 9.24996137791223 346.070758495226 111.220075236561 401.899786981912 20.3451357140051 123.661472917512 525.40126083645 0 250.426871441549 157.51099453388 81.0202055575716
0 2855 319.24166748766 31.5 191 1.2 5836.83962365436 4.58333333333333 2268.04541345141 679.35 218.329218106996 763.683127572016 39.9382716049383 234.979423868313 790.753285321866 0 178 127 26.2429730613722
214.4 15955 1622.40182226465 0 2686 4.3 6882.64690363146 128.333333333333 11509.2327452764 2859.15 918.872427983539 4267.79835390946 168.086419753086 1313.16872427984 4378.68163476345 0 1407 1527 87.4797867190065
124.8 15988 587 8703.5625 20778 2.65 8612.25982432327 0 14877.4958764069 3814.65 1225.95061728395 4276.62551440329 224.259259259259 1315.88477366255 5037.5877773875 0 2006 1185 397
744.8 7722 459 17480.875 206326 5606.6 4544.25483344267 855041.805555556 145113.94 522.9 168.049382716049 2065.55555555556 30.7407407407407 635.555555555556 2385.9243689814 0 387 650 194.048222364356
6.07489690457441 639.816154106117 1.84460432325134 9.31140890674582 200.01659545122 57.5699065564366 277.716770146054 6.56713298416796 1009.63086249355 130.736331410439 42.0159873629472 149.701406826501 7.68585134688058 46.061971331231 167.074671108355 0 82.5767868708849 54.2928539143644 7.63328429697734
65.6 3936 674.876507937586 76.5 727 593.537779315874 12339.0720691429 10.6944444444444 10409.1546416831 1197 384.691358024691 1052.83950617284 70.3703703703704 323.950617283951 1664.5172286714 0 842 380 7.62764358337335
3934 11066 9145 43445.8125 905943 15770.1 236172.339607816 478614.194444444 363238.9875 5378.1 1728.41152263374 2960.04115226337 316.172839506173 910.781893004115 10284.7376756862 0 4175 5535 583
0.829057934997394 6.86345421759166 227.990932124283 1328.8374621577 71704.4561143492 0 2170.7378587978 2008055.32307675 0 108.813853968408 34.9705507560629 1.94043909683032 6.39705196757248 0.597058183640098 1809.50404012499 0 53.8887657748306 127.467657505849 26.0553511188427
467.2 675 1032.82341861317 177 1184 0 4332.00289099511 0 0 16014.6 5146.76543209876 180.555555555556 941.481481481481 55.5555555555556 8146.51277559545 0 1771 2758 565
18.2796362467866 0 190.965501360038 873.954712534123 279 0 823.365951580811 0 0 914.081233074604 293.76704335535 0 53.7378737845153 0 1386.71520611439 0 0 283 9.72895133081838
141.6 1859 510.273203158155 25.875 71542.331856398 0.9 6078.27016227317 2327938.47222222 4.275 5575.5 1791.85185185185 497.263374485597 327.777777777778 153.004115226337 4019.60944511725 0 87 269 25.9964397945721
61.2 84 473.982249426562 2169.18248371407 304 1.4 2000.54324671025 0 6.65 9593.85 3083.26748971193 22.4691358024691 564.012345679012 6.91358024691358 4262.1573564831 0 452 591 27
71.749846162288 411.930272108843 9.65863313723108 56.7013507832985 444.987026679575 0 1526.27889436602 0 0 6272.55782514629 2015.87200337839 138.959964403814 368.75707378873 42.7569121242504 2897.68405110855 0 197.312076946292 155.228032562642 7.84390975427472
0 0 0 0 0 0 0 0 0 0 0 0 0 0 0 0 0 0 0
1359.2 10416 150 861.3125 216922 110319.6 77823.5061728395 1253824.08333333 2601541.3975 38972.85 12525.0781893004 2786.17283950617 2291.17283950617 857.283950617284 21996.2538034055 0 9594 2690 102.809990210116
27.1187236503856 0 283.306548785978 1296.5540458351 93 0 3374.68973797685 0 0 1356.0836779841 435.817603741706 0 79.7227323917755 0 1890.01436207462 0 217 154 14.433369405526
15.9692766290606 287.733881163085 14.1087783810147 49.6132866145573 55.3498228793654 0.104653026452582 460.480999269002 1.00130982099692 0.497101875649763 2014.97774320396 647.572702107484 76.0181974497354 118.458421117223 23.3902145999186 908.750561231522 0 56.6676758050646 163.103679745357 5.58953857209251
87.4137645138902 1632.57487453456 61.3577385530191 397.774654386524 598.448080133556 0.546336028211814 2135.62107746233 0 2.59509613400611 8998.40653973851 2891.90412015896 406.941650643367 529.00685124859 125.212815582575 4438.20382750839 0 637.952377558102 894.310052334415 36.1422295586277
51.6 297 526.264933768011 15560.430033116 73784.4360687445 0 6268.76039065946 777638.027777778 0 9085.65 2919.94238683128 79.4444444444444 534.135802469136 24.4444444444444 4173.3157105588 0 221 550 26.8111564197782
25.8240971750884 187.294590758555 2.5442460271023 11.8135173602172 102.405902590868 0 392.150686602052 0.41226208772491 0 1436.46540536429 461.650649578177 38.1396963167727 84.4482895569835 11.7352911743916 678.943089535936 0 59.365740632387 72.6170220235448 4.62767687247408
205.6 0 34 108.75 112 0 6259.81645077642 0 0 2515.44158876169 808.41156291773 0 147.880163948365 0 2441.87874924305 0 112 524 26.7729036622521
0 0 0 0 0 0 21.7283950617284 0 0 407 137.341563786008 0 0 0 103.013698630137 0 87 232 0
14.3568971722365 0 149.985045077284 134.319977461358 322 0.65 665.730706907115 276003.111111111 3.0875 1234.8 396.839506172839 0 72.5925925925926 0 813.021560595015 0 96 681 7.64115609110147
72.4 1105 184 723.9375 560 0 2830.0900929343 0 0 8138.55 2615.56378600823 295.576131687243 478.456790123457 90.9465020576132 4765.80958740796 0 2713 2322 34.1093798951628
14.2914730613871 156.387417218543 149.301566042979 683.27947353161 199.208364451083 0 1778.44975680298 0 0 2185.37187306062 702.333896104138 29.2698779275196 128.475712701976 9.00611628539064 1175.16477504262 0 128.503423829008 98.7624567419453 7.60633548626432
1016.8 3561 24 114.5625 742 0.6 4302.8680561726 0 2.85 13137.6 4222.15637860082 952.530864197531 772.345679012346 293.086419753086 7287.00941621735 0 1873 2009 51.7741006601349
37.0901221079692 676 118 335 119321 0 71973.0826790541 1502487.36111111 0 7434 2389.13580246914 180.82304526749 437.037037037037 55.6378600823045 2876.2345980708 0 91 374 19.7404361865229
10.4307864010989 68.7199230028874 43.850818452381 233.030449612237 81.6040378891941 0 933.187906800398 0 0 426.922746394231 137.20425320136 23.3204732510288 25.0983390002487 7.17553023108579 385.289582146629 0 30.7474673763736 66.943853021978 3.99119528887255
53.0496555269923 0 554.204357675347 6282.63542830095 106 0 6601.5691010444 0 0 805.35 258.82304526749 0 47.3456790123457 0 2123.03029771208 0 0 87 28.2345616603567
11.2 0 36 143.033365135265 792 1.1 241.408353224389 0 5.225 266.777795208571 85.7369359478848 0 15.6835858441253 0 421.326533127125 0 138 608 2.83942837005536
949.2 5910 57 358.3125 1654 0.6 7222.29009458218 61.5277777777778 2.85 24424.05 7849.39094650206 1580.86419753086 1435.86419753086 486.41975308642 14985.3159037883 0 1703 6231 217
45.6 4 31 109.0625 464 0 1644.38431034439 0 0 5499.9 1767.55555555556 1.06995884773663 323.333333333333 0.329218106995885 2955.43077233609 0 357 599 19.0384645308675
162.8 730 64 1219.5 888 0 3606.74331828368 5.27777777777778 0 9556.05 3071.11934156379 195.267489711934 561.79012345679 60.082304526749 6018.08934454157 0 863 1388 30.7599652982212
0.160803728277124 0 0.63174140652388 2.89116817122665 0.446848821847007 0 7.52517458839877 0 0 10.2605148158365 3.29751994865213 0.0194387222968745 0.603204868655877 0.00598114532211523 6.00168502546688 0 1.89562856603609 0.850404332234789 0.0321847734484034
18.4 0 26 69.6875 632 0 973.261969827708 0 0 1100.34018061564 353.626865806319 0 64.687841306034 0 999.471212884967 0 68 488 166.371072455435
21.6 0 360.367194640722 4085.2362001338 139 0 1506.10202138807 106047.361111111 0 1724.94449149631 554.36193730236 0 101.407671457749 0 2004.89769360691 0 23 1038 18.359310309526
32.4 483 251.046459606787 79.875 35197.7117618616 0 2990.41414545789 0 0 4108.65 1320.43621399177 129.197530864198 241.543209876543 39.7530864197531 2291.22538578627 0 629 321 12.7898430339199
216.4 737 54 544.75 572 0 3485.06926968849 232087.388888889 0 6157.2 1978.79835390946 197.139917695473 361.975308641975 60.6584362139918 4359.11526744407 0 650 2039 42.1565520968489
46.4 59 196.866897828914 1794.76401389249 667 0 925.764083889977 0 0 1126.65 362.082304526749 15.7818930041152 66.2345679012346 4.8559670781893 946.245613925152 0 116 371 50.0305815051559
81.2 0 10 39.0625 164 12766.85 6043.27895887108 0 276685.1375 2428.42826865112 780.447258590602 0 142.76474242511 0 4491.38302113539 0 7817 284 25.8467842695136
36.3449946734025 0 4035.57933280179 23578.9300197319 44.9723418938567 0 4502.6565111431 215682.405785109 0 1809.34529584061 581.486632408114 0 106.369505928314 0 1759.21855893644 0 0 171.62914151329 9.40569234898475
7.63112082262211 0 79.721543369728 903.748564652914 11177.2773419449 0 949.626739863109 0 0 381.597545876216 122.637659266509 0 22.4337181585077 0 357.642662994165 0 0 168 4.06150330786458
44.1891323907455 0 461.639373329828 5233.28956514563 139 0 5498.95391581339 0 0 2209.69695889491 710.151481988566 0 129.905758900347 0 1940.07112397987 0 0 218 23.5187348684921
27.9395861182519 0 291.882015529814 3308.86660535017 150 0 3476.8389461148 0 0 1632.75 524.732510288066 0 95.9876543209876 0 1415.47452095587 0 237 309 63.0106139171124
49.2050938303342 860 514.040612511054 94.125 72070.5376263577 0 6123.14677291443 0 0 725.55 233.17695473251 230.041152263374 42.6543209876543 70.7818930041152 1864.80081848581 0 42 204 26.1883746832121
17.2734177377892 0 180.453638899852 2045.67937659951 25300.3176317421 0 754.177611738442 0 0 180.6 58.0411522633745 0 10.6172839506173 0 640.162767979244 0 0 40 9.19341272545223
285.2 521 90 511.4375 2432 10.05 7023.5132635599 0 47.7375 17850 5736.62551440329 139.362139917695 1049.38271604938 42.880658436214 10893.7679396188 0 2514 6162 285
290 727 186 355.75 335 0 2401.61580544655 0 0 8637.3 2775.85185185185 194.465020576132 507.777777777778 59.8353909465021 4466.30546778767 0 456 907 77.8672867940547
920.4 2547 753.798016819121 8545.2921123097 295 0 3350.14397553013 0 0 13374.9 4298.41975308642 681.296296296296 786.296296296296 209.62962962963 7010.22932134743 0 555 1011 14.7750415557739
7.49367994858612 0 10 33.3125 10975.9681498973 1.15 932.523416227108 0 5.4625 367.5 118.106995884774 0 21.6049382716049 0 340.470020488986 0 113 30 3.98835329785843
19.2606362467866 0 6 46.5 28210.9899864852 0 2396.81897743043 0 0 270.9 87.0617283950617 0 15.9259259259259 0 781.342677594626 0 0 129 10.2510679159999
0.316209396403252 2.261076703192 1.58405828575365 17.9573844354351 3.83894741058197 0 6.64765647910262 0 0 28.5770366884287 9.18407606682796 1.87408861178237 1.68001391466365 0.57664264977919 16.1092606193307 0 9.51986622341491 4.45896583490207 0.496014739456082
37.6 38 44 154.0625 796 0 5657.90498776999 0 0 7627.2 2451.22633744856 10.1646090534979 448.395061728395 3.12757201646091 3731.6467977593 0 1746 484 414.899210967742
3.2 0 156.558252304894 1774.79373610375 120 0 1864.8899212282 0 0 749.386456169668 240.837505020234 0 44.055641162238 0 714.654049280989 0 0 221 7.97603549470762
3.92346542346542 0 15.6938616938617 66.3719567469567 61229.9135769427 0 5202.12225511927 0 0 116.723096348096 37.5124197552181 0 6.86202800400331 0 1554.19396838682 0 35.9650997150997 78.4693084693085 22.2492015653735
39.6674537275064 0 414.401856058869 4697.79016778189 180 0 4936.27025931156 0 0 306.6 98.5349794238683 0 18.0246913580247 0 1475.96455278818 0 0 53 21.1121666493906
5.6195867202037 908.644395145504 7.02448340025463 27.5491458353736 39904.885012827 0.234149446675154 3390.33779873527 658361.543978988 1.11220987170698 4415.59026540006 1419.08054776721 185.862145660715 259.587905079368 57.1883525109893 2179.41991491426 0 437.859465282538 251.125281559103 25.7652831498853
410.4 1364 62 241.125 461 6400.25 3191.87783880082 0 182294.875 12549.6 4033.18518518519 364.855967078189 737.777777777778 112.263374485597 6965.05784466331 0 344 1343 281
572 457 414 2781.75 357899 29750 175273.87654321 7436170.58333333 822840.31 11736.9 3772 122.242798353909 690 37.6131687242798 5813.49051951339 0 1234 675 26.8755821166644
15.2 1552 269.88350637128 3059.48456586399 194 1.25 3214.79719866414 0 5.9375 2517.9 809.201646090535 415.144032921811 148.024691358025 127.736625514403 1577.48851050119 0 196 523 14.9658069466659
31.8430183895671 1166.99164345404 458.24789430723 9258.80071140648 49016.188397555 1.29482153090107 1924.57749081401 253499.946180465 6.15040227178009 7172.448066838 2305.07835187426 307.098275298759 421.660674123339 94.4917770150028 3576.96388995526 0 0 375.018680431347 142.840889618004
11.9665041611999 0 125.012852324795 1417.18513059547 116.340651112642 0 1489.12756045893 0 0 352.65229117374 113.335245448743 0 20.7320570942822 0 530.953228916094 0 0 223.340082062955 8.9322602202918
166 1117 10 884.393353146036 876 0 1598.02271035783 0 0 3573.15 1148.33744855967 298.786008230453 210.061728395062 91.9341563786008 2232.28679344847 0 465 1422 18.5103080366029
49.6 13 497.943499821396 100.5 754 0 2354.73070306773 0 0 9273.6 2980.34567901235 3.47736625514403 545.185185185185 1.06995884773663 4471.01736781191 0 297 849 150
32.7664087403599 0 342.307340714764 1566.57150858189 265 0 4077.49511931308 0 0 1638.49864956037 526.580008873017 0 96.3256113792104 0 1487.74272065252 0 129 32 71.5307253926384
9.13656193539858 23.0483028720627 38.9787151323082 178.386313422025 22.4104349358833 0 464.306492455615 0 0 661.808156700304 212.691627863707 9.51060124593813 38.9070050970196 2.92633884490404 323.587419228533 0 36.8479266734235 145.883312034548 9.45241349384305
53.6 1589 82 185.5625 678 3177.65 3785.15684562023 0 100032.525 18575.55 5969.8024691358 425.041152263374 1092.03703703704 130.781893004115 9260.00244492707 0 1551 1401 44.7953212651442
1272 26953 486 4673.4375 1406465 193517.6 440846.864197531 19353085.4722222 5174408.9475 26908.35 8647.79423868313 7209.65020576132 1581.91358024691 2218.35390946502 20486.8617368163 0 8578 2541 103
1146.4 2774 267 1625.875 139289 47100.25 60894.4691358025 2887545.08333333 897644.41 15899.1 5109.64609053498 742.01646090535 934.691358024691 228.312757201646 8459.22380910295 0 5216 954 51.6499469734272
162.4 873 63 851.106520102167 775 0 1463.9355757846 0 0 4637.85 1490.51028806584 233.518518518519 272.654320987654 71.8518518518519 2227.25025592756 0 201 948 17.3016551189783
15.1626285347044 0 158.402438701418 4.875 558 6.4 767.958796914559 4.44444444444444 30.4 758.213894441755 243.674463430233 0 44.574596968945 0 973.31076119705 0 0 712 56.6338402542322
15.1676121771374 0 158.454502307224 7191.41847942613 22215.9512160199 0 1887.47766390807 0 0 758.463103668838 243.754554187124 0 44.5892477171569 0 690.359647722112 0 0 34.685148031379 8.07264207470424
38.4 123 326.592238064387 22.5 266 0 3890.30002667318 0 0 4564.35 1466.88888888889 32.9012345679012 268.333333333333 10.1234567901235 2852.05302881342 0 396 587 16.6386073218583
53.0736131105399 0 15 1285.73242068268 77736.7449768347 0 6604.55041433875 0 0 2653.96931650294 852.931545966064 0 156.024063286475 0 2539.20408258153 0 66 99 28.2473125795321
1.19409640102828 0 12.4746036964859 141.416042750547 70 0 148.594931039386 0 0 59.7113145976168 19.1899972447759 0 3.51036534965413 0 51.4280486204636 0 0 129 0.635532655741533
0 0 0 0 0 0 0 0 0 0 0 0 0 0 0 0 0 0 0
0 0 0 0 0 0 0 0 0 0 0 0 0 0 0 0 0 0 0
0 0 0 0 0 0 0 0 0 0 0 0 0 0 0 0 0 0 0
28.3687153220544 35.7810785522902 80.6163017385357 889.035740268105 40.9481872577075 0.0590031516681664 960.284918779634 0 0.280264970423791 35.8090127474102 11.5082854998536 10.6375640929316 2.10517417680248 3.27309664397895 287.200361345929 0 31.5076829908009 84.020487975469 3.66366725929262
0 0 0 0 0 0 0 0 0 0 0 0 0 0 0 0 0 0 0
0 0 0 0 0 0 0 0 0 0 0 0 0 0 0 0 0 0 0
0 0 0 0 0 0 0 0 0 0 0 0 0 0 0 0 0 0 0
0 0 0 0 0 0 0 0 0 0 0 0 0 0 0 0 0 0 0
0 0 0 0 0 0 0 0 0 0 0 0 0 0 0 0 0 0 0
0 0 0 0 0 0 0 0 0 0 0 0 0 0 0 0 0 0 0
0 0 0 0 0 0 0 0 0 0 0 0 0 0 0 0 0 0 0
0 0 0 0 0 0 0 0 0 0 0 0 0 0 0 0 0 0 0
0 0 0 0 0 0 0 0 0 0 0 0 0 0 0 0 0 0 0
0 0 0 0 0 0 0 0 0 0 0 0 0 0 0 0 0 0 0
0 0 0 0 0 0 0 0 0 0 0 0 0 0 0 0 0 0 0
0 0 0 0 0 0 0 0 0 0 0 0 0 0 0 0 0 0 0
0 0 0 0 0 0 0 0 0 0 0 0 0 0 0 0 0 0 0
0 0 0 0 0 0 0 0 0 0 0 0 0 0 0 0 0 0 0
0 0 0 0 0 0 0 0 0 0 0 0 0 0 0 0 0 0 0
0 0 0 0 0 0 0 0 0 0 0 0 0 0 0 0 0 0 0
0 0 0 0 0 0 0 0 0 0 0 0 0 0 0 0 0 0 0
0 0 0 0 0 0 0 0 0 0 0 0 0 0 0 0 0 0 0
0 0 0 0 0 0 0 0 0 0 0 0 0 0 0 0 0 0 0
27.899747123281 0 175.464103983932 2879.68540547868 84.6805023574628 0 3471.88132903691 103431.904013439 0 1395.13909952128 448.369218736996 0 82.0187595250603 0 1231.74320022009 0 32.804158570909 251.371401142198 28.1816055739386
1.43888525030771 0 97.0271441841263 599.566699349778 16.2667973991124 0 63.804992758088 0 0 12.1755134688822 3.91296141269192 0 0.715785624272912 0 53.84419341193 0 6.0641965115079 17.2092063164413 0.765816364280057
0 0 0 0 0 0 0 0 0 0 0 0 0 0 0 0 0 0 0
0 0 0 0 0 0 0 0 0 0 0 0 0 0 0 0 0 0 0
0 0 0 0 0 0 0 0 0 0 0 0 0 0 0 0 0 0 0
166 1533 611 3257.1875 830 0 16948.0012817711 0 0 5741.4 1845.16872427984 410.061728395062 337.530864197531 126.172839506173 3208.44542108264 0 737 989 56
52 138 20 60.125 288524 3705.9 11631.9679001231 2553761.30555556 69287 8008.35 2573.72016460905 36.9135802469136 470.802469135802 11.358024691358 3352.88002775859 0 1886 282 28.6036018654011
199.6 15 79 421.0625 126892 0 30946.2317944706 737638.305555556 0 9678.9 3110.60082304527 4.01234567901235 569.012345679012 1.23456790123457 4186.35152115386 0 909 723 118
568.4 339 114 761.125 756368 29170.85 378514.913580247 6482971.02777778 618693.055 11072.25 3558.39506172839 90.679012345679 650.925925925926 27.9012345679012 4755.99971881381 0 2623 564 55.9240460014635
236.8 3306 249 1444.8125 3545 0 2788.95851105032 0 0 5304.6 1704.79012345679 884.320987654321 311.851851851852 272.098765432099 3126.11589331357 0 476 2381 150.98389708852
66.8 340 16.6373928617117 51.7258788305934 35666 0 9825.95809433425 394388.888888889 0 3970.05 1275.89300411523 90.9465020576132 233.395061728395 27.9835390946502 2080.76732574667 0 879 368 198
6.56623680222853 48.9669682305912 3.57387427427568 14.3106406321632 29.196735596625 0.0272583631088823 148.765783569568 0.201913800806535 0.129477224767191 662.805271234545 213.012080114571 27.9339018745436 38.9656244112019 8.59504673062881 510.275105274658 0 117.453257929162 57.3637108091367 2.43864842902835
3.6 61.9494246951743 7.09281054112831 40.1410947294358 585 0 4188.97718695866 0 0 1585.93465996909 509.687015941467 16.5708337661989 93.2354297453902 5.09871808190735 749.931825918286 0 76 323 10.3009083852222
315.6 54 286 1588.0625 215467 40431.25 15761.1074127936 3145235.72222222 1042763.0075 11019.75 3541.52263374486 14.4444444444444 647.839506172839 4.44444444444444 6016.30093943193 0 9743 329 131
0.394822789403653 13.0959091297293 0.14357192341951 0.485326379801401 1.8036222879576 0.00173856626015813 4.45881329158963 0.0782043246056794 0.0197803974179927 10.7539296435994 3.45609339907957 0.561058619201436 0.632212207148702 0.17263342129275 6.17286382866577 0 3.27635615865929 1.1272639299735 0.130112055598931
0.0346943299197588 0.370852415457346 0.0362193554107372 0.149226127144567 0.134392871392472 0 0.619578851994195 0 0 1.53382547962092 0.492940189413738 0.0160263645727081 0.0901719858683667 0.00493118909929481 0.916411136594389 0 0.47466418406703 0.226847541783039 0.00996245062504814
