1597.13804491629 1299.03527881444 0 791.855224044202 12874884.1194309 0
9.37269768828845 96.9635740808535 25.2488998949811 0 0 2.29535453590738
0 1380.97734334605 0 24940.5059977479 111315902.664505 0
0 0 0 0 0 0
161 25 124.5 1284 14 7831.3709625984
128 0 168 835 0 10310.39550676
185 1281 1098 8887 0 34083.736934508
67 0 35.25 1142 304 9101.88035307439
0 1364 1830 3946 50524965 67235.3226075731
1110 6393 11373.75 0 513 64772.0519208993
166.521329925082 3236.09208259226 19130.3621966873 0 0 36973.7015809921
55 290 621.75 1730 1120 19120.8381688359
0 0 3970.5 396 39855335 59571.4496932086
1145 15549 9369.75 740447.623357451 2048 0
0 528.997467535966 187.85475236755 708.26922605176 0 7405.38804418681
0 2527 0 1691 0 0
195 571 227.25 805 0 11726.0330504168
21 3856 10846.8143856001 522597.96550703 4933000 63631.2226445791
270 703 156 1172 200 30476.3897793626
55 0 0 1475 0 10904.5517947039
293 1970 274.5 621788.516196757 22385016 75518.5396390128
698 503 1308.75 6226 1294 286
0 0 0 0 58143551 22210.7445394889
23 585 9359.68561439992 449320.894938762 9025694 54665.2159980013
1337 13667 21625.5 268229 1828 51405.6551069933
41 0 0 27976 53098623 32475.181070001
0 0 86.2139678978359 0 34508164.2000127 28184.9466488254
0 0 0 0 0 0
106.009560084031 630.998956530928 0 56.0168086923456 271.812693000885 0
84.9236270201993 5559.11605336058 182.078102497112 2580.01671218975 1841.86461603672 89.5390415321666
94.4499191477219 2388.29366236116 73.4610482260059 787.082659564349 1093.11214411992 0
330.692024871808 14055.3782365084 1105.22070246054 3172.04585790934 4760.88391454828 199.81391230925
270.973052573132 10761.6884131347 1451.44971724816 685.034185712935 2086.64889931735 268.290151062507
1963.58279272835 3747.12456557527 272.375622826275 1199.11997730692 453.403340651028 5.08370949573683
28.479969789976 3987.88019545392 62.2037178014173 961.198980411692 197.050601790105 13.8551204383667
15.1599458235167 163.599185901237 13.2649525955771 4194.11116060715 68.1623321686148 3.70385040006374
140.463792707637 6592.86746124699 142.031468965534 1024.63320216196 2084.59706337605 32.6076661642728
11.9186743572633 1261.94261012149 34.5668892769712 135.479243382103 307.926810041392 8.25559554104016
10.8667073088126 2192.78257463849 23.823166023166 14113.1758794241 408.207788806495 0
0.460504919659345 25.4372688533658 0 260.061092121332 6.30765060136913 0.0077722349309594
307.733328944357 10813.8495041775 1896.32223000743 3870.30130321242 829.62590248322 17.3642630752302
22.9952177622345 60.6702987222215 24.7081268404418 97.1899918073217 270.327125593182 16.0497234177229
50.9903188817639 1011.40243902439 3166.43800810452 15669.6582743133 376.502657487562 0
1694.08152318658 18359.9865153888 19819.1892513796 320912.479100643 730.132621588882 53.8907411172746
431.69883372668 7853.68844305825 20090.9558561186 2751.08076215173 2809.1838525112 0
84.2415561112565 489.966170441019 64.1849279020672 9010.00027137871 209.285228790339 0.594821225851767
53.5918367346939 83.2084417399531 59.2982768769302 115.187511590966 158.735336325716 5.86524645417235
3259 8166 54622.5 434005.700381258 1485200 1753276
1806.82325624251 18037.4215586298 35227.0540835926 38977.1872449305 775.924098972989 74053.0100118252
958.790004727365 3135.23833142349 15235.8831815642 209341.856316762 1080648.60240952 760.753341387362
899 18173 1033.5 214120.143272201 957 38594.3295579626
8912 19812 122570.25 501784.437178879 1899 91340.7856443964
805.859795650022 1030.8946593419 582.092453868974 1220.68430300492 679.479569394945 16855.389883919
0 0 129.580869237102 7018.36675702707 0 1265.75833011547
0.108129454463396 0.158692405553404 0.0461900821783854 0.581078285725032 0 3.72154251034598
770 10968 10489.5 5711 2259 53673.0240746266
613.260294928942 7531.16768981107 14861.317097688 9778.11073542701 461519.785041004 52603.3036509049
424.152775153519 1183.45294751103 230.879036372225 883.287222484648 0 17688.1345599841
741 5641 1082.25 113844 1190 22212.7072246803
639 3026 19647.75 299850.253845955 990140 54898.0628539052
7271 16771 35992.5 734565.874359802 2722429 175225
1759 5952 43364.25 788324 4048257 350531
9.81482178788699 200.903730445247 47.7528829295271 289.914735888354 1510.97923114035 2231.41964047419
2491 44562 284966.25 1173886 3692710 1410314
697 5328 109810.5 1581 400 157716
766 11838 43845 20820 1965156 214241
100.45029767524 343.728099236577 189.670852769843 298.881350823739 13.6158543028233 4699.54325840397
1.03228383715649 4.47030497592295 2.70974507253579 539.232842468455 1.6534546345152 97.6255114586798
821 8200 104407.5 241345 11873576 281079
242.635363176969 1163.64755011136 21.8653961002501 1226.3430759022 5172.45929253229 12525.8393855565
56581.251009536 109446.454971362 841237.193954695 7063200.25230926 55559436.4364874 550848.370973242
6548.57738830402 16995.8562054386 227400.347232841 1177213.76415927 12224132.6410633 0
123.435892389342 1051.84745787354 322.549742612626 136298.562927426 1171.66132775915 23698.4744595209
777 5150 41769.75 299537.140520031 0 55118.7365224232
0.361160693425541 1.07324364723468 1.52067660389701 3.23143778328116 0 60.8328572915012
423 12296 53836.5 23482 1446104 391938
995 2042 0 116808.287598005 0 21385.8372042823
3314 5429 119979.75 131286 4416767 218399
3628 8982 231514.5 704630.790975389 3946140 1533876
52.6996185585372 1974.7036805279 0 308.554255224412 0 10137.8500397421
1302.36757654416 2440.35850349459 30664.6104233212 966753.598073025 3358445.41432215 137590.934803832
1527 6292 105192 300957 13283321 350422
108.005415317474 382.362795715497 377.758789155818 31185.1295691094 60.2094882361693 10.7039090197634
18 1863 96.75 899 0 9050.08302657252
1545 8314 424.5 3463 1693 47533.5097506956
558 10780 64464 2309 2298 60400.0190398651
2747 8404 67596 326185 7719646 262873
6.57908875292977 356.382556987116 23.3342446891294 163.001535364643 761.391177827378 1633.63267206853
113 1903 420 1511 0 25812.4269743712
12438 10414 138801 815031 2633566 1268281
0 1.46570827042086 17822.1699324362 82202.5037911574 19715721.0472863 0
137 344 0 2783 2000 22
178.97011608035 36.7096140980304 3612.82112949439 405 0 0
646 1887 62.25 69408.2618191314 12840063 0
281 77 9450.39359230579 875 0 0
167.646275167654 166.166807790008 0 0 55.1921893556062 0
0.248813515002662 0.147391173291967 14.3731839578194 66.2944923801512 0 0
2239 7930 582.75 107546 16840594 4660827
91.8899412594204 54.4334026863894 5351.69650042217 398 0 0
43.4891465480729 155.793795620438 20.1166373069963 154.033750786133 0 0
179.870630826659 1151.62483512342 418.577449306897 875.818679071861 0 22.6939580949523
111 0 60204.75 59410.2236870499 7320534 0
9.64693285276289 143.624706802189 0.318030753387788 132.30079340932 381.636904065345 0
217 166.022338790904 78 986 0 4
142.70232627637 84.5334438571082 8243.4701618081 38301.9630829036 0 0
50.9756688861703 30.1967666281917 135 1612 0 0
650 1860 138.75 791 0 24
48.3484059463552 251.638161721931 2844.70336072995 222.215527669377 0 0
1586 2249 372.75 674 0 0
537.340717774395 554 0 141387 13984279 0
14.4007125686813 41.3868613138686 441.459681919643 132.071399954212 0 0
297.783124924123 176.399598585492 17247.7562255177 107 0 0
0 13.228357802954 1464.74326021429 279 0 0
1427 4086 244.5 3571 706 0
0 0 33 636 0 0
417 432 0 1265 122 0
0.533435444765458 0 11.1271132321432 0.756086760841476 0 0
0 75.5057344929753 54.75 670 0 0
336 1078.112936428 10250.3259719186 1106 353150 50
190 0 101.25 26659.376990965 0 0
164 891 535.5 980 767500 0
0 4 6 399 0 0
40 58.0905461736963 0 279 0 373700
30.7463970090653 100.949786554189 47003.7838783325 0 0 0
23.2485128080612 343.771862754468 1342.99437605875 8887.39163177038 0 0
275.332751842063 148.883508921548 14518.7124453923 151 0 0
203.819258318469 70.9780618884127 6936.58639968739 254 0 0
199.089689113848 500 195.75 53512.9524185553 0 0
81.1598584249307 48.0771583381733 4688.35294224121 21854.4347332506 0 0
292 214 86.25 3892 530 70
233 442 165.75 1109 0 0
364 1459 19615.2447266234 1204 327 121
24.655864252295 14.6055440784008 0 6721.36985429561 0 0
106.647692868016 63.1755416522692 0 28415.4767964423 0 0
0.346176953578724 4.56713028668748 35.2163397789791 2.8159170104538 3.38168382264589 0
410 0 43.5 1178 0 0
0 72.7646027393232 6315.66686346557 689 0 0
0 160.222214226582 0 78908.2521161138 0 0
286.881982798069 169.942022805637 16572.2811033657 75 0 0
67.9033395357947 409.190439475713 0 30168.8407038617 4114292.02578102 0
0 903 75.75 1458 0 627000
3004 285 1934.25 248956 41709142 2590905
0 0 5212.97415670161 0 1297277 0
152.501202528348 560.912891308575 29852.8297402192 51272.0552425027 1790327.67085453 0
73.5398311184476 56.4675504044259 4355.48551385455 162.622151007817 0 0
370 840 8192.9134600335 687 0 0
0 0 0 1275 1136 251
208.289627478264 111.538270388696 10935.4069600798 1382 0 0
8.18842814964967 4.10106382978723 853.316410878365 42.4505354073944 0 0
115 928 348 1471 0 168676
6495 24014 1217.25 1101858 78941536 8442171
2461 2549 4914 58092 21241969 1219638
787 599 11263.6781946637 2014 0 0
227.038481149784 48.5976334188606 0 951 0 0
85.8768483262411 48.3769713308444 0 21829.1334971485 0 0
162 4 45.75 768 0 0
347.887946507784 206.080496107162 20096.4061450236 92880.1305647726 0 0
2.27042332439929 1.34494445628919 131.155303615102 120 0 0
0 0 0 0 0 0
0 0 0 0 0 0
0 0 0 0 0 0
360.627262995833 0 0 93.933017455721 0 0
0 0 0 0 0 0
0 0 0 0 0 0
0 0 0 0 0 0
0 0 0 0 0 0
0 0 0 0 0 0
0 0 0 0 0 0
0 0 0 0 0 0
0 0 0 0 0 0
0 0 0 0 0 0
0 0 0 0 0 0
0 0 0 0 0 0
0 0 0 0 0 0
0 0 0 0 0 0
0 0 0 0 0 0
0 0 0 0 0 0
0 0 0 0 0 0
0 0 0 0 0 0
0 0 0 0 0 0
0 0 0 0 0 0
159.446026060822 90.1198363698541 9488.22142293112 214.371361823847 976711.398733949 0
7.2728625046908 7.03294622508383 0 23.9289916400041 0 28.9688306326762
0 0 0 0 0 0
0 0 0 0 0 0
0 0 0 0 0 0
41 1100 0 3099 70 6348.42628643046
151 0 236.25 243312 15882252 0
238 18 396 88419 7710015 5414.06553373124
784 78 0 529194 40332493 1238940
1277 2260 338.25 2251 0 7163.40153888826
184 0 1358.89285714286 81187 5220375 3171.72996517469
28.7121424746893 21.882236189216 22.987886221824 114.848569898757 0 306.763854183669
10 125.358159392789 12.75 561 0 1263.039717802
859 6 339 228305 19627735 2325372
0.379119610279644 9.38514784440599 0 2.23433805821613 0.934339157878531 0.0762725843166148
0.0285942279558452 0.773747046387265 0.198729884293124 0.545196613024782 0.357427849448065 1.33130554006138
