0 2306.62291527943 3751.61460538982 31696.2153010138 10854829.9539093 362.785957435365
36.916952119177 134.877782072756 3.72995112084949 42140.4139247235 2207343.64664641 73.7729915289082
415.105141487671 1418.21731289792 18591.3439603927 44088.4801732153 115799519.588268 777.426553490348
0 0 0 0 0 0
162 400 121.5 477 0 232.079190566164
83 0 174 723 0 280.271711477989
886 2866 2180.25 1025 0 646.443698527408
70 0 115.5 523 0 211.623960977104
88 1472 10479 47844 40533412 1116.06070378436
1583 9943 16335 754976 0 1477.94293697139
279.168111933225 3120.48207536683 6513.43284315783 1654911.50615186 0 711.793724899736
288 125 1396.5 734 0 374.272257966687
84 0 4964.25 35460 23618813 1149.40857236584
1501 27890 6733.5 305886.827030469 0 734373
547.925652165493 747.309876609731 455.562136475434 656.693745279426 0 167.165656770305
1212 4740 6058.5 469 0 10
470 1358 1623.75 851 93 363.460208041041
23 4088 5340.94084775901 174830.877001985 4305800 1147.84228621445
824 1933 777 700 0 715.395355296474
155 0 762 788 266700 329.527904328446
795 1745 3008.25 256875.928842185 10906800 1686.50445786144
816 227 9812.25 8653 0 1217
193 65 2582.25 48140 48644803 470.283261306423
29 878 5058.55915224099 165587.367125361 12281400 1087.15454219936
1583 16143 13449.75 302114 0 1084.99213221423
126 0 4764 274629 88000458 837.729316941675
10.7209079251195 0 6268.15750021986 28727.8639973494 38747818.1161147 582.87488096045
0 0 0 0 0 0
35.1749552728202 927.033721222048 398.10709712811 74.5736748598964 232.335962899165 10.5247897666706
219.693730769646 6931.5107565964 166.154922430825 3768.02440757015 1628.01193537413 0
302.589555788072 2505.48703322109 1341.32003234091 487.116712641492 1192.89138716416 0
701.346832205467 22718.9949867296 627.915219431818 2208.94280057876 3809.02709204149 0
551.783410685223 12880.8165485318 745.175894576114 4462.55951267303 2166.11241903959 0
40.6696759658946 5866.93662988029 67.2002848967712 634.510491436653 432.11530713763 0
25.0161896803844 5523.67963757938 56.8637234657968 535.538891388536 259.783508219376 0
4.75183907915154 115.539448861663 8.90431476992067 3641.91624220423 4.12017466983834 2.02419731166274
115.799019583379 8490.62615225629 243.303355225728 597.807213011668 1784.94831516916 27.5911021390001
29.9060315294634 2010.79416660456 6.64274740553894 95.513413312564 274.537135602473 0
10.7907163486111 1711.66403814188 4.50246439193808 13646.2529238375 304.787577552014 0
0.865632665435603 16.4788856498785 12.5436585315437 252.612966301831 5.64208317749045 0
262.393308692367 18436.5401875192 137.467082678906 1589.79475266552 440.859345854455 32.7991635865459
23.5114369364887 89.8756287432514 11.1925702781488 84.6130155618547 116.995412966896 9.66737726330675
19.3328223248394 699.323070771691 391.280776803023 15027.3893990168 335.635110782421 0
1960.92761226728 19540.7149258674 4312.34579625933 307789.537780894 486.755081059254 0
333.767153853498 10378.6237882492 2623.93359044384 915.361415957496 2250.77308553209 0
13.903946154285 415.261098946317 19.0156910639487 7878.75999675898 175.971249172084 0
31.9518299615382 66.244877115273 83.5003588159879 65.4282005176626 67.1068346200453 0
4380 8094 26853.75 356697.789110817 580326 2683291
2515.75390852582 18379.4105913968 36081.9704555281 3307.67644252918 1994.80486784937 65564.1008418045
1176.51781356992 3127.80665537863 11136.0179066847 162746.417411983 1036256.3213844 1781.42980340848
760 15877 9405.75 149530.671351666 0 31078.3110984279
3794 29779 15577.5 466606.859628406 0 96979.1214946651
919.849803644798 1252.33142662967 1383.8634774931 4988.79748032787 0 15797.6863791868
7.98957189901207 0 0 5630.55468074021 0 1170.24907627959
0.146679955619911 0.370982908346701 0.601881452507663 1.57445888259962 0 3.84679835892975
1443 14104 14957.25 15123 0 48708.4256120502
1506.45587742545 8594.19895981697 1008.8492592931 56554.1429156471 553766.831493835 43764.563390769
262.362541332074 1816.34300204954 486.026607817666 1429.8758502598 131.181270666037 16893.5878105426
1327 5129 1894.5 59449 0 16030.1024204127
1012 3580 34664.25 218572.753339058 674411 45427.9510986459
4125 19102 26205.75 310310.703765387 3103779 297822
2589 6604 14471.25 684487 5077747 157500
27.1795064895332 244.151108818979 30.9544379464128 189.753221232482 0 1663.71753159375
4522 43918 142119.75 1435310 3789602 1308833
669 4846 20314.5 2577 0 233003
945 13181 3868.5 1218 0 138028
109.727767028635 325.211936858695 455.480361402166 218.654601451221 43.3838494942899 3174.73874732624
1.44039605184627 6.63121990369181 2.49593628358986 413.883044470007 0 86.0210543972792
1668 7963 47674.5 394995 13409190 235608
41.3796743402583 2015.49972160356 560.036274309632 596.243489357358 0 10516.1700220161
60465.5679454512 107629.883167144 638265.935312623 10094836.3600021 51078824.5217742 685027.250357921
7265.15807014448 15042.5802183761 144754.969358349 1671707.630575 12535135.697622 303436.715559999
326.223429886118 1996.52555211468 758.249053248816 96812.1386226249 0 20121.3418960854
2714 7001 20770.5 229694.690563478 0 47739.5238479236
0.760338301948507 2.04633781763827 1.93886266996869 3.48488388393066 0 62.5973857523608
652 14243 34216.5 3180 2183974 243637
1783 2145 5153.25 82190.7794971954 537390 17082.4526603563
2913 3786 55935 540737 2795618 222738
2696 8111 38240.25 204351.772214448 4989005 806328
402.287164568986 1868.41970533022 249.518613823914 302.117660591308 0 9070.19929891295
2223.09755313021 2325.10401534877 15602.0709001279 1058876.93443346 1940569.2477465 22252.3561261086
2617 8608 108336 407499 8340005 406944
172.972196451316 446.642348000308 205.548502895145 24010.3706212871 35.9770275386493 13.9745478869134
0 2855 63 191 0 9305.75428227387
536 15955 0 2686 0 47292.2999805212
312 15988 19136.25 20778 0 61246.6840264203
1862 7722 31663.5 206326 5119105 378768
15.187242261436 631.456888007929 13.5117266678161 200.01659545122 0 1908.11031013363
164 3936 153 727 0 19672.3535595146
9835 11066 91019.25 905943 2831759 880095
2.07264483749348 6.83997192863067 4681.12052835778 71704.4561143492 11648586.2829856 0
1168 675 354 1184 0 0
45.6990906169666 0 1747.90942506825 279 0 0
354 1859 51.75 71542.331856398 13711009 0
153 84 4338.36496742813 304 0 0
179.37461540572 412.949195596952 58.4692255985953 444.987026679575 0 0
0 0 0 0 0 0
3398 10416 1535.25 216922 7934301 6406207
67.796809125964 0 2593.10809167019 93 0 0
39.9231915726515 278.740875912409 86.5131685341342 55.3498228793654 0 0
218.534411284726 1637.42415677407 572.392054172685 598.448080133556 0 0
129 297 34628.25 73784.4360687445 4592627 0
64.5602429377209 187.185301016419 37.9251673414937 102.405902590868 0 0
514 0 165 112 0 0
0 0 0 0 0 0
35.8922429305913 0 209.25 322 1624700 0
181 1105 1329.75 560 0 0
35.7286826534677 156.771378708551 1366.55894706322 199.208364451083 0 0
2542 3561 146.25 742 0 0
92.7253052699229 676 936 119321 8964869 0
26.0769660027473 68.6715328467153 420.442425738324 81.6040378891941 0 0
132.624138817481 0 5072.63884469002 106 0 0
28 0 510.13346054106 792 0 0
2373 5910 443.25 1654 0 0
114 4 122.25 464 0 0
407 730 2022 888 0 0
0.402009320692809 0 5.7823363424533 0.446848821847007 0 0
46 0 108.75 632 0 0
54 0 3298.44506736511 139 616781 0
81 483 159.75 35197.7117618616 0 0
541 737 1161 572 1169242 0
116 59 54 667 0 0
203 0 80.25 164 0 640825
90.8624866835063 0 41109.7684069118 44.9723418938567 1353070.91912282 0
19.0778020565553 0 729.692201180453 11177.2773419449 0 0
110.472830976864 0 4225.39048089375 139 0 0
69.8489652956298 0 2671.5994371706 150 0 0
123.012734575835 860 188.25 72070.5376263577 0 0
43.183544344473 0 1651.69422735807 25300.3176317421 0 0
713 521 933.75 2432 0 0
725 727 1011 335 0 0
2301 2547 6899.52189695146 295 0 0
18.7341998714653 0 59.25 10975.9681498973 0 0
48.1515906169666 0 42 28210.9899864852 0 0
0.790523491008131 7.69798467215441 14.4989036648358 3.83894741058197 0 0
94 38 152.25 796 0 0
8 0 1432.97947968104 120 0 0
9.80866355866356 0 27.464257964258 61229.9135769427 0 0
99.1686343187661 0 3793.02494331392 180 0 0
14.0489668005093 907.867386276022 29.4150242385662 39904.885012827 3818630.93409069 0
1026 1364 382.5 461 0 501000
1430 457 3315 357899 44703867 2227692
38 1552 2470.24683043376 194 0 0
79.6075459739177 1167.67431460237 16139.2310373869 49016.188397555 1505631.9039106 0
29.9162604029997 0 1144.24407171431 116.340651112642 0 0
415 1117 3325.57341258414 876 0 0
124 13 201 754 0 0
81.9160218508997 0 3133.14301716379 265 0 0
22.8414048384965 25.0620567375887 356.77262684405 22.4104349358833 0 0
134 1589 224.25 678 0 288020
3180 26953 7761.75 1406465 118325515 13756667
2866 2774 2383.5 139289 17566149 1856462
406 873 3108.42608040867 775 0 0
37.9065713367609 0 9.75 558 0 0
37.9190304428436 0 23030.8488981243 22215.9512160199 0 0
96 123 45 266 0 0
132.68403277635 0 5074.92968273074 77736.7449768347 0 0
2.98524100257069 0 114.18019076634 70 0 0
0 0 0 0 0 0
0 0 0 0 0 0
0 0 0 0 0 0
70.9217883051361 36.1742930482191 1396.4275905305 40.9481872577075 0 0
0 0 0 0 0 0
0 0 0 0 0 0
0 0 0 0 0 0
0 0 0 0 0 0
0 0 0 0 0 0
0 0 0 0 0 0
0 0 0 0 0 0
0 0 0 0 0 0
0 0 0 0 0 0
0 0 0 0 0 0
0 0 0 0 0 0
0 0 0 0 0 0
0 0 0 0 0 0
0 0 0 0 0 0
0 0 0 0 0 0
0 0 0 0 0 0
0 0 0 0 0 0
0 0 0 0 0 0
0 0 0 0 0 0
69.7493678082026 0 6281.51956169868 84.6805023574628 611413.44353721 0
3.59721312576927 0 1383.98895654866 16.2667973991124 0 0
0 0 0 0 0 0
0 0 0 0 0 0
0 0 0 0 0 0
415 1533 5124.75 830 0 0
130 138 94.5 288524 15793753 140540
499 15 548.25 126892 4180861 0
1421 339 1078.5 756368 39571559 1408536
592 3306 2363.25 3545 0 0
167 340 162.178301045797 35666 2410000 0
16.4155920055713 39.9206086668872 24.1690819565423 29.196735596625 0 0
9 61.9494246951743 42.75 585 0 0
789 54 2726.25 215467 19108174 2716149
0.987056973509133 13.2254909337145 1.43431716463046 1.8036222879576 0.280413912928731 0.0134598678205791
0.0867358247993971 0.350843633972206 0.213741853969943 0.134392871392472 0 0
