0 336.773546020842 0 104.623483957287 1003.17132033751 17.686856003245 0 4087836.3393619 571.875010771587 260.942161710333 83.861482501459 95.6030268770124 15.3405150917303 29.4163159621577 562.664735641515 0 321.743297899472 800.564102084772 10.9460504204193
0 99.7833733116125 2.38884409806205 9.72956294106523 0 7.00362159940482 0 121536.590787688 126.57188308931 52.6740123622682 16.9283520035508 26.0388922005838 3.0966497567471 8.01196683094885 50.1814155964455 0 57.133188011984 219.375516338698 0
0 585.918100453297 0 242.986552553831 980.772055484023 22.2953855480163 0 16904986.9775005 761.531916814718 391.536560732598 125.831855693016 158.765333871582 23.0180223828688 48.8508719604868 355.239858017168 0 84.397145381921 334.830504881216 21.0441991992504
0 0 0 0 0 0 0 0 0 0 0 0 0 0 0 0 0 0 0
0 0 40 0 849 6.01764003677865 2965.07314745971 11.5277777777778 764.352653008453 0 0 0 0 0 1775.58904109589 0 210 164 84.3663103396109
0 96.7519373225455 0 58.5 3800 26.6380948348857 225.927800618771 583.333333333333 1518.13693225323 761.530841321009 244.740462427289 25.8801478434793 44.7695967854796 7.96312241337823 185.455129477979 0 482 1450 1.44247628124402
108 246 94 547.8125 8800 46.3343825291035 223.577122789565 795.138888888889 3011.94470694744 2043.3 656.674897119341 65.8024691358025 120.123456790123 20.2469135802469 1096.00525426909 0 1366 2819 249
0 51.782137494752 0 76.375 2347 11.7958578827343 84.0883332825256 99281.1666666667 989.574803897706 182.957252951348 58.7987252283384 13.8511890418061 10.7558643710375 4.26190432055572 145.274401161936 0 294 398 18.757973432588
0 0 9 47.25 2017 46.1628308130263 12398.3423191041 9379925.25 5802.15232804562 0 0 0 0 0 794.479452054794 0 156 562 6.11574288547885
106.4 4572 92 611.625 0 68.0895789676005 22313.687669289 23641.0833333333 5905.08298987456 5159.7 1658.22222222222 1222.96296296296 303.333333333333 376.296296296296 3268.05104147119 0 1946 2360 394
0 2337.67993047556 0 0 0 199.952400741276 13572.9445435893 897.247479744372 6465.12762396793 1286.67278732775 413.510360810798 617.079549092363 75.6421391727069 189.870630489958 1304.42237976546 0 661.639132993729 3203.46876078177 0
0 60 86 154.25 3430 7.3 104.960489135075 0 1542.17763938187 768.6 247.012345679012 16.0493827160494 45.1851851851852 4.93827160493827 261.808219178082 0 408 554 41
0 336.72037800027 601.096974263394 12.375 226 47.767438013953 12769.5191434978 7137511.94444444 6003.83353438596 1230.81178290602 404.280848552648 90.0692369136526 0 12.4444444444444 0 0 0 113 121.976268464781
628 10229 109 2796.8125 772686.181752639 4318.5 945.399480309188 2669.52777777778 20512.875 8069.25 2593.29218106996 2736.15226337449 474.382716049383 841.893004115226 6788.51904672546 0 2757 3004 608
28.1804665913842 137.10042293088 4.53662814444631 79.6578530068956 974.841330097787 42.7423226834191 64.6776505913295 51.3854678060488 1382.00176676389 1416.14850436078 455.121212453788 74.4518772821926 83.2538803269124 22.9082699329823 1068.28701625493 0 252.716873693568 150.776170683069 29.5969628374886
103.6 1824 18 380.8125 5167 86.35 199.924306396038 2781 410.1625 2377.2 763.98353909465 487.901234567901 139.753086419753 150.123456790123 1467.69900544192 0 1024 1874 258
0 310 161.671356624499 350.97682168775 1805 9.58940369760471 252.528263944589 329.333333333333 1205.28095891654 996.45 320.238683127572 82.9218106995885 58.5802469135802 25.5144032921811 515.243009945581 0 820 1683 75.4869670316949
70 3627 0 5935.69690285228 562482.616884179 54.190707261705 26646.1327073175 1685791.66666667 6811.16674951 799.05 256.798353909465 970.185185185185 46.9753086419753 298.518518518519 1152.11747044474 0 552 403 138.37837095888
0 144 37 128.625 5338 27.8508397271731 504.35529254176 121 3164.58304178362 1319.85 424.172839506173 38.5185185185185 77.5925925925926 11.8518518518519 703.677613060612 0 974 2815 480
0 254.297493755737 0 195.0625 2923 47.3131577689698 443.982705926384 1076.41666666667 1992.80548890949 898.509867536238 288.762724428656 68.0219633503001 52.8224495906078 20.9298348770154 262.343952503539 0 332 772 23.6538836043382
0 1247 823.231669112107 0 674028.860683786 64.70463577191 31582.0790154448 5197174.83333333 8132.65015310529 505.05 162.312757201646 333.559670781893 29.6913580246914 102.633744855967 699.987614937136 0 693 501 122.572197781421
24.4 337 197 952.6875 6229 42.15 660.686983827048 0 605.095 1526.7 490.650205761317 90.1440329218107 89.7530864197531 27.7366255144033 731.582660911991 0 434 1233 0
0 0 0 0 7224 19.888900536615 9702.9129040089 7817077.22222222 2499.81269602351 185.85 59.7283950617284 0 10.9259259259259 0 90.4053293300807 0 127 44 50.7871883481556
0 311 0 4165.17809714772 395469.340679396 38.0265284177389 18635.4575126905 1186172.91666667 4779.5099758964 226.8 72.8888888888889 83.1893004115226 13.3333333333333 25.59670781893 168.112591480578 0 615 207 97.1024244111831
2004.4 10815 347 2554.125 0 4.9 454.36687197166 329.138888888889 4808.49218927562 7421.4 2385.08641975309 2892.9012345679 436.296296296296 890.123456790123 6607.27340964534 0 3551 755 513.39993858791
0 172.174924748628 0 14.75 655 24.4248806512106 11899.6345719565 8540471.5 3069.93474266462 954.830454923895 306.863011184634 46.0550210232957 38.7674959054627 14.1707756994756 68.0832236158149 0 0 306 101.235856368435
0 163.679188049586 0 214.276714092939 0 25.1728446555502 84237.3649589041 4619052.66865719 2804.12268746965 549.827952499617 176.703476797839 41.6259579092312 9.26224368495445 12.8079870489942 0 0 272.03958317715 157.880115236739 2.92466745210374
0 0 0 0 0 0 0 0 0 0 0 0 0 0 0 0 0 0 0
6.73939177909664 394.428794676614 0 8.79088173614453 206.138076482085 0.685535297367624 1321.85851042033 313.250607056485 6.90958188525905 180.991550375163 58.1669885587432 103.601544622349 10.640302785136 31.8773983453381 199.69812322661 0 105.115412263036 83.8331224343094 28.5224297828343
117.796480556159 4666.32401585566 133.689656504212 33.2471217442731 2725.21222873971 4.02003862215463 3519.37253939507 2431.36333904894 19.0951834552345 1352.69625171989 434.72895410947 1233.61592879775 79.5235891663664 379.57413193777 1534.44435795771 0 256.160600574505 1005.94454824148 87.8799140657059
25.8864340944567 2124.25622976737 43.7270846190148 24.2685319635532 1743.83613460631 6.95260645442335 2932.64815825409 2101.46132382036 73.4724339310996 1234.15323628707 396.631649522007 638.397440752587 72.5545700345134 196.429981770027 1154.36352483992 0 458.259846807275 543.964932660544 5.34790847263322
124.713265487017 12630.8234735091 359.749804289473 144.961683290949 4541.84127915459 19.0367604769846 8118.24389603642 7685.0046450875 267.603889140772 2639.96398047758 848.430516947527 3376.31442122453 155.20070431967 1038.86597576139 4703.73412922435 0 1279.11041525146 515.641386148244 429.701155123537
55.1457038752327 12138.451881757 58.1894602579566 6.93797410767944 1006.2300512299 0 4642.66655744438 3427.40939945178 0 1466.37439850051 471.262789249624 3309.13642512223 86.2066077895653 1018.19582311453 2332.33053137367 0 414.488001529752 496.848468356399 0
41.0404011067121 2771.72754636037 79.1493449915162 169.576657350651 2245.17051451243 6.62835049620311 2274.28876200306 1075.65479858326 112.730816055818 1343.38912955971 431.737835092676 590.976146252003 78.9764332486602 181.838814231386 1038.29463101641 0 564.794091420943 253.408190960492 45.9261631432255
0 3044.85919075144 29.7968016061417 73.1671462258195 3370.43821657659 0.339963508257993 1365.49467543592 989.60614345558 1.61482666422547 474.129106899338 152.375413543977 632.919716608708 27.8735512580446 194.744528187295 418.531317973254 0 1137.47790292439 156.383213798677 96.1307303540295
9.48334174899727 279.350936087799 0.392881301029887 1.49362632546707 5625.25389689188 0.0846726941874756 209.050694554576 1.36116059944933 1.11649414555605 38.4644341339329 12.3616837114736 99.2464328699954 2.26128360575737 30.5373639599986 88.7278161679531 0 145.149319283938 20.903994741004 0.396475287014065
203.605717683116 5560.39741384424 54.392277052507 44.5996376204792 1090.68692865736 5.03331518993348 4195.4287848517 3338.61274436695 79.5121730629129 1198.49729272561 385.172557332942 1642.9935465667 70.4583946340748 505.536475866676 2083.69115141903 0 403.88295274063 996.109312588449 59.2632272363136
1.84564147025108 1475.01088379881 6.13466056873229 16.7949441318125 376.888377504681 1.57823318904993 588.249399582602 551.39988128525 7.49660764798718 146.995905166162 47.2414823579279 251.220942174515 8.64173457766974 77.2987514383123 224.538417964582 0 124.21376826775 90.3944856452519 10.1259869108805
2.34580852674397 2480.34585130103 7.09915738356728 5.08805097803225 23626.2142769331 0 5703.38668413118 637.447395464712 0 146.165477347317 46.9745998137565 494.408552180987 8.59291460007741 152.125708363381 376.417113637863 0 56.4074352976922 88.5079730320833 26.9854910895815
0.675665021795739 25.7707354857747 0 0.236761813910097 338.086589473732 0.00780485537567354 76.8575991677798 8.62081121952598 0.10184900239814 1.59415261111732 0.512328097635196 6.40521371333209 0.0937185544454627 1.97083498871756 7.48500432809387 0 0.513637968298516 0.94530315388046 0
186.49470313992 4021.48195660661 123.302283067716 318.611172848805 3651.86683679462 7.85088755470222 11913.4774849954 2681.36976548754 88.8330335062272 2760.28536731552 887.099353791387 1102.58103462703 162.27427203501 339.255702962163 2226.64315230333 0 1435.31563883513 1175.22488548917 998.103232059508
1.26157359740916 66.2781028965982 3.8986128531047 11.5589490630674 167.990789793894 0.823527209419869 296.726281340187 303.242329746717 13.7721784383833 101.510679720699 32.6234596790017 68.956252907656 5.96770603884178 21.2173085869711 132.453505938709 0 64.4366236732249 35.6131713435295 32.718088494984
14.9244732513255 1164.68184355143 314.566619413181 125.51308443216 34753.1677265153 6.63953662500737 1775.21448533983 1560.93161060331 31.537798968785 275.453865008159 88.5252476216698 356.999252008724 16.1936428576225 109.845923694992 425.554550467315 0 261.178281898196 101.041464869222 93.0490834712294
925.902307742495 18186.3774554863 340.020621487357 6988.84052415471 741826.411219891 5.49264080864192 117469.905087135 622.378201681167 121.315434431826 6190.20619133944 1989.40586984062 4880.15879646394 363.915707897674 1501.58732198891 8762.03746773749 0 3577.19130759647 2035.76449018712 446.386046670581
46.3700401836312 7135.36251563337 125.918643602102 577.813406698385 2874.14300793369 8.14473766156453 5815.77590854289 4859.92358402237 113.484177546394 2135.37033108564 686.264421512925 1907.57409525113 125.536174666999 586.945875461885 2958.61798367248 0 3153.96221593836 860.444064614363 569.111720860185
0 427.52583484834 10.8133934247201 0 12820.3489798646 0.0627176818633763 3066.36376700163 349.09657206992 2.0278717135825 65.8535659565451 21.1639914106867 164.581627906696 3.87146184341829 50.640500894368 320.619448576903 0 75.8379325520366 66.6825927857737 7.45845716212421
31.4527775420271 146.923216554729 0.819082748490289 1.49377590990697 4648.88265709156 0.381188509874327 176.177140658464 131.920478374949 5.71451981393831 28.3150605516566 9.09988228585476 50.2572995061325 1.66461261326611 15.4637844634254 87.8526044095176 0 34.4224775583483 17.326750448833 0
912 7384 318 16211 452622.697024202 19726.6 575490.619081811 324492.611111111 433434.47 4822.65 1549.9012345679 1975.14403292181 283.518518518518 607.736625514403 3950.5907299681 0 1930 2992 1058.79199606776
751.529594154704 10703.4387878152 297.972084962881 32584.0099192642 32579.9477998173 9.59910072363645 411.023222343363 0 19010.6184613513 8232.2787721599 2645.68629949877 2862.9416664426 483.967006005873 880.905128136184 8399.14145665416 0 3315.68937495609 810.924029882204 366.328766432091
258.0785260719 3497.23561375055 289.834282209653 9006.89387711484 164567.561761627 418.394491514148 90722.4100297524 583387.592041003 4212.04920154604 639.204879227352 205.427396028387 752.171796747962 37.5781822003147 231.43747592245 1213.53116965567 0 372.889560708467 193.375600146203 190.401150740894
456.8 23765 314 385.375 52990.7126326518 1333.14460759284 4692.30370114284 258.055555555556 23912.2754249648 1480.5 475.802469135802 6356.89300411523 87.037037037037 1955.9670781893 5854.40795646463 0 848 720 10.9594632314428
598.8 15059 0 10585.25 136450.901059882 305.7 11617.3283637185 4850.80555555556 30907.001977649 8640.45 2776.86419753086 4028.12757201646 507.962962962963 1239.42386831276 7398.93000562957 0 2033 704 446
114.478081787779 2176.37684864695 64.2169451724733 187.088737904056 831.786415816681 0.758467856367795 1882.85412193035 197.28591686189 4519.7463262946 1214.76211875866 390.399740302607 579.567241961152 71.4145866407207 178.328382141893 1103.98609262661 0 0 172.930671251857 60.5212555635311
0 0 139.080924027579 3005.09834201913 917.482300623712 21.8908807035362 136.410034481866 0 392.748179803686 0 0 0 0 0 32.0221293635919 0 0 0 2.48335631466008
0 0 0.613911058622961 0.00677581261950287 0.287093690248566 0.0966275845581237 0.365147224815696 0.00762162736350117 1.73361266127129 0 0 0 0 0 0.173235286413997 0 0.0816443594646271 0.105736137667304 0.00681771414489724
275.6 7192 677 2276.125 4018 1413.72042460016 33487.8921220387 629.916666666667 34617.1242972346 3040.8 977.251028806584 1923.78600823045 178.765432098765 591.934156378601 3322.428973541 0 1536 2149 289
342.865363126341 4710.13130690355 971.928859079345 3942.12885632105 17799.2342767558 1470.77220459622 111136.388273044 59992.6936041623 34786.4486081771 627.460786409174 201.653084403497 811.560149778618 36.8877593421031 249.710815316498 1215.58921680719 0 711.202360074256 2024.56559161581 270.457235521196
70.1369896903507 744.657098186367 63.6815951168607 0 1346.03700363447 1.13405580345094 1947.97981611774 40.5643037388222 4552.60991320477 1662.48219032818 534.287829147211 202.076610244551 97.7355785025386 62.1774185367849 831.776574224971 0 400.408933679987 676.07172898037 75.0859634383805
758 4239 669 6998.25 102399 479.464009093278 1703.84139694659 2341 8602.14896801039 1500.45 482.213991769547 1133.88888888889 88.2098765432099 348.888888888889 2596.55057234003 0 1170 519 71.9436297377876
0 2233 140 21259.0625 52703.5192890594 1325.22316815573 4638.46452055036 222406.527777778 23776.0642970732 1668.45 536.205761316872 597.304526748971 98.0864197530864 183.786008230453 1191.6956276975 0 1815 714 377.336634123712
1548.4 19798 106 31823.0625 1211799.25261307 4227.85 142175.036115781 351685.833333333 89745.3975 4164.3 1338.32098765432 5295.76131687243 244.814814814815 1629.46502057613 9150.00112591481 0 2823 1476 0
332.4 3875 328 20493.625 527957 0 378270.172839506 715413.416666667 0 1785 573.662551440329 1036.52263374486 104.938271604938 318.930041152263 1898.05967348471 0 1083 1469 148.53659858331
7.7305850473102 93.7124450031427 11.1498822797743 8.91990582381947 170.717086461434 40.4743750471916 174.227135924215 19.822012941821 720.72001652365 165.464253031851 53.1768322500952 19.0215870076991 9.7274693140418 5.85279600236897 118.436620318622 0 44.1039787955518 51.5372336487347 4.51843302981474
1894 57645 11002 103477.6875 1370753 15418.5 361058.12345679 327507.555555556 332793.5925 7867.65 2528.50205761317 15419.4444444444 462.530864197531 4744.44444444444 15751.0846312629 0 7604 1585 499.073650915095
224 5203 4719 50917.1875 0 3384.85 3545.55317920195 111.083333333333 65411.555 3436.65 1104.46913580247 1391.74897119342 202.037037037037 428.230452674897 2521.9489585288 0 915 452 8.2084910140086
794 14291 99 19841.375 13039 0 5133.26755756398 151.916666666667 0 4012.05 1289.39094650206 3822.69547325103 235.864197530864 1176.21399176955 5440.28560705573 0 1275 468 385.95034950658
52.2147989521808 288.585711881644 11.7731152700724 33.0645532658028 305.687905258021 132.956427840467 474.694923600228 67.0528256146863 2378.3281865946 295.815012101714 95.0689045359222 126.612058968392 17.3906532687663 38.9575566056592 263.738432761931 0 246.133842634555 95.9061378433384 36.7830765943186
2.2720006229817 5.28438829444373 0.385258208878949 0.714688071117254 138.358644017167 1.75299525928081 12.1143684255311 0.09991332604899 56.6801800500794 8.32669135880582 2.67602857700207 1.25304674733162 0.489517422622329 0.385552845332806 7.25783812961885 0 4.79015737588428 2.45133320516783 0.0276145712754
243.6 10884 4527 34532.75 444186 5959.05 757654.782670895 1675513.44444444 111661.385 1775.55 570.625514403292 2911.35802469136 104.382716049383 895.802469135803 3028.47025708388 0 1032 524 28.1962698581272
85.8078643338371 329.69629057187 2911.33919592422 59.7997284627405 1640.22112354945 238.402430352678 1625.80069518978 109.42190172856 7708.34524806992 1249.81432487128 401.664803603545 87.59611410131 73.4752689518681 26.9526504927108 537.833656790323 0 284.760611727336 405.309270691908 51.7969185999439
12347.6253350872 75866.1429684836 27979.2317551933 377359.95730571 13691912.3858899 11750.6194245063 5366223.21004396 10204327.1262949 267587.389488677 5799.64975464238 1863.88900599912 20270.5241594342 340.955305975448 6237.08435674898 29805.8684564753 0 10079.0228116275 11765.6716690376 1228.10365976907
1201.2749994741 18174.8906308403 7405.56958941802 68839.6899649013 1634737.66736086 2857.52274325058 1280368.06610759 6411371.19893138 63086.2252525906 2013.31595028336 647.038635795552 5227.23684869584 118.360726060162 1608.38056882949 6399.88022353557 0 1514.10051664584 1009.13978677841 579.219660730288
36.0000862629906 632.973340874076 24.4565803417056 222.860588363792 25919.7300781731 629.390177842536 2104.97520702867 168.071054903832 11136.0399057645 693.344052687352 222.826620891095 166.948870250293 40.7609672361759 51.3688831539363 358.74044693746 0 937.176158694157 287.609384818457 54.7914158582413
294.8 1030 75 7449 98872.6293076457 749.123282563934 33449.0753452055 3210.75 24221.6528029005 3675 1181.06995884774 275.514403292181 216.049382716049 84.7736625514403 2422.46575342466 0 1176 907 275
0.532278537060543 0.924014215603317 0.13224311479765 0.380715529710423 5.14095108775866 1.45777249200348 5.25880638095019 0.0585451289468764 26.066945293952 5.5802461847271 1.79337717870908 0.215558317908979 0.328056800983369 0.0663256362796857 3.05467884482455 0 0.281016618945007 2.13655282344954 0.483021414191735
280 8530 5204.73377301727 62269.9456134914 160267 7364.6 20.9876543209877 198336.722222222 146648.7475 2467.5 793.004115226337 2281.68724279835 145.061728395062 702.057613168724 2960.34152749109 0 2048 938 290.738051205861
69.6 855 0 187.5 206586.71070741 452.952423214554 2822.5111865582 521681.5 8126.49989575101 733.95 235.876543209877 228.703703703704 43.1481481481481 70.3703703703704 1059.19872396322 0 74 278 152.725569828213
842 4182 0 24670.5 890383 0 132644.296296296 1022557.91666667 0 2528.4 812.576131687243 1118.64197530864 148.641975308642 344.197530864198 3621.59204353537 0 1275 1015 127.155651909275
1793.2 13070 0 170763.9375 535999.575240988 6061.8 275152.162409334 791775.638888889 209239.5675 2668.05 857.456790123457 3496.09053497942 156.851851851852 1075.72016460905 5227.54925877275 0 1131 666 12.94820215302
8.69326101628958 1424.6599103139 30.2711767531512 24.5225638601249 823.143152479919 329.667187755983 1348.34372445438 148.229587021307 5900.36718554997 963.321986367589 309.59201599899 432.475042364979 56.6326858534738 133.069243804609 1074.82712022731 0 316.68307987912 126.906087157442 31.8045540704186
445.624531082195 1533.4695088733 404.577062364195 189.756078448513 471722.700417093 904.247541363195 153687.398888261 1352470.77948028 16223.2657868801 962.315441194835 309.268532933476 364.257210074087 56.5735121219774 112.079141561258 1079.87159366118 0 173.979932066235 537.863383201379 233.507375945073
350.4 5967 4538 95105.25 574691 8859.7 463181.280650163 2492084.16666667 216908.9825 2184 701.893004115226 1596.11111111111 128.395061728395 491.111111111111 3274.26233814975 0 2886 1164 332.283639482224
20.2751017187323 323.009559356623 5.03177706888247 1377.72646031258 7473.58229218457 2.26799951707717 646.009591209248 161.925381508343 53.0919077816542 420.493770171052 135.138111518817 231.107291736726 24.7203862534422 71.1099359189926 512.125519878686 0 512.057313480393 96.6397184111839 144.258204819626
0 473 1612.22806773703 20.625 279 132.496590070811 1581.26707778438 4.16666666666667 4284.05641228956 514.5 165.349794238683 126.522633744856 30.2469135802469 38.9300411522634 315.65321823982 0 0 140 62.0871913434375
148.4 3990 9684.8899116298 207856.789444888 2527 2.05 5285.6350019792 106.805555555556 12787.3058426614 5527.2 1776.329218107 1067.28395061728 324.938271604938 328.395061728395 3587.62994933383 0 1218 693 254.589173440506
321.6 6348 12 81266.8125 0 3.2 14092.0904458963 355.361111111111 19152.4312603441 7599.9 2442.45267489712 1698.02469135802 446.79012345679 522.469135802469 4277.95759054232 0 1732 637 498
1019.6 7367 50 69085.4375 601161 17150.25 163227.981520825 2020550.16666667 336524.88 1098.3 352.971193415638 1970.59670781893 64.5679012345679 606.337448559671 3439.76806155001 0 395 791 133.906624497396
13.5988122756573 172.323681936041 7.34026798970138 21.3366781148008 221.946524214918 50.5505297250696 183.955538721539 30.292913972118 906.748910515356 196.806106350191 63.2494639259872 37.5293789878476 11.5700238889001 11.54750122703 105.421857152107 0 22.3427455475998 46.2308106719789 2.66794327318241
0 408 3979.55217697353 156 1273 623.207781829122 3861.93600589393 0 11155.3544690487 1892.1 608.082304526749 109.135802469136 111.234567901235 33.5802469135802 1108.50741227247 0 251 361 15.0975572145002
2786.4 6023 0 60852.1875 492083 7699.25 36258.024691358 1549985.41666667 201619.1325 5457.9 1754.05761316872 1611.09053497942 320.864197530864 495.720164609054 11351.9001688872 0 2317 3999 939
0 0 0 2576.92692469868 65207.547437084 128.963520225905 4957.26857098241 4402016.87029179 3420.45147058296 74.3899661542591 23.9074161263933 0 4.37330782799877 0 29.2296248578187 0 190.142420492329 86.4757309636345 30.4222890161559
0 232 271.311996504547 46.875 5425 186.717430575256 3953.70066007194 6826.79828785028 4749.66767643463 10572.45 3397.7695473251 62.0576131687243 621.543209876543 19.0946502057613 5014.96603490336 0 2847 1639 411
18.1429879691489 40.6692340928672 40.3460407620816 1379.42974848156 750 34.637014324958 786.958443752035 1066.02740609212 913.914462857468 3413.47508905888 1097.02119264287 10.8786017120838 190.232984848324 3.34726206525656 440.710190282082 0 154.150700108683 209 62.0646622282913
193.6 1805 143.407192987247 86.25 62191.5513646752 1.05 7394.9330190166 1299396.80555556 2078.48580705214 4899.3 1574.53497942387 482.818930041152 288.024691358025 148.559670781893 2680.03377744417 0 176 227 28.6652804266353
0 0 105.520907482758 1469.19558831637 1347 3.4 1569.23207568513 2761.17371904087 1222.58470873852 0 0 0 0 0 6535.56164383562 0 219 525 37
0 69.0677112479015 13.7236418123232 47.4752233945054 1061.5236941832 55.2116961636846 1157.52842370205 2044.39351628636 1421.63690399566 6869.88354572632 2207.84029296319 26.6142642142275 403.873224322535 8.18900437360847 3472.10326835739 0 70.6767553334643 255.259737709211 137.712229884267
0 0 0 0 0 0 0 0 0 0 0 0 0 0 0 0 0 0 0
1439.6 6113 222 552.8125 134098 66048.55 228665.62962963 5967029.77777778 1598251.775 35913.15 11541.7530864198 1635.1646090535 2111.2962962963 503.127572016461 25248.0551698255 0 7941 1402 389.360070206536
18.586993581896 41.6645149272074 41.3334122237697 1393.97908409841 128 35.0236585573832 2124.86499329364 1092.11584050281 928.919466589845 1433.82629377002 460.802493000751 11.1448290957551 84.2931389635521 3.42917818330925 852.636626163687 0 0 33 8.26202527016507
19.1794962456285 6.82156313399672 6.67907677175478 8.43233442434041 396.104405600699 0.386683392048961 371.433387847127 19.8048296907501 289.73837609938 1549.06772976239 497.838737372198 4.32541467349942 91.0680617144265 1.3308968226152 748.081929203445 0 35.6451781397861 108.411961916272 16.8750677614629
143.976272892149 275.577263248724 19.6176201215605 36.0900239736317 1328.02758822912 94.2790913483005 1954.9441439598 3483.98795139759 3048.35728692838 7454.86623419406 2395.84178406393 70.9554823326795 438.263740987305 21.8324561023629 5077.29175998084 0 365.058322262083 603.028583736665 59.7058003699668
0 58 124.28234280322 22433.1088285984 53247.677400291 105.310016881414 6537.54191545399 998008.611111111 2793.09840083593 7341.6 2359.44032921811 15.5144032921811 431.604938271605 4.77366255144033 3582.5588290486 0 519 391 66.8424652510306
70.3045437512349 68.6944937833037 5.47078368183067 14.8395007369657 195.157774250032 15.5122113360229 337.874985956897 52.0802028377911 401.01130576724 1220.72083012543 392.314748462808 18.6248153777251 71.7648930114892 5.73071242391541 623.856928653797 0 106.730016192806 46.5513956926683 3.51499908699038
112.4 201.252648709344 19 13 1653 169.175233756586 10263.7630318566 5275.26135807949 4486.9717891951 8444.12980779852 2713.77089649022 53.8330130292485 202.69525525026 16.5640040089995 101.533468811519 0 399 284 73.908168191308
48.6022104475538 108.946479900856 108.080695813649 5380.48879997725 46518.2241512158 91.5816329493541 3520.33466443703 2855.71970955673 2428.98558097116 0 0 29.1420625249204 0 8.96678846920626 0 0 0 129 21.6039613471803
11.4304105035289 25.6223529076943 106.418735264935 27 1161 4.05 548.401465989327 52.1111111111111 410.208304424586 595.35 191.333333333333 6.85371579835443 35 2.1088356302629 154.917826070192 0 324 909 55.0808830385835
16.8 0 63 112.5 2989 82.6720625420433 1801.08557931038 2554.11895984386 2165.44415477628 0 0 0 0 0 5175.65753424657 0 1833 2166 77.1247704270907
19.7971652529413 48.8697427521437 44.0245695817602 1500.28709196349 293.686157905807 37.3039971831946 2263.21181137101 1495.76114903841 989.400039641985 2663.47431736046 855.986259155625 9.39615602434056 156.582852284566 2.89112493056633 1388.05983962562 0 80.619729621202 67.3750597548617 47.9581079074523
333.2 40 127 35.3125 2815 233.23245036277 4980.59081599908 8632.07794195362 7541.18256172956 10395 3340.74074074074 10.6995884773663 611.111111111111 3.29218106995885 5542.06793019328 0 850 1937 274.252594509887
65.029564402846 0 0 135.3125 132990 62.7118716076245 1244.11837786736 1281857.22222222 1565.40352997626 0 0 0 0 0 4141.48088351343 0 460 285 13.4372147868853
0 8.76599863356866 6.93416037565227 7.49595577645743 213.546457494624 23.258624194964 1441.27790810637 881.09701254935 616.879836965095 304.313332708139 97.8000912485496 2.30134647431532 17.8902605942469 0.708106607481637 140.034396009617 0 41.2197311219329 46.6129669696625 5.48667240269097
99.6847281111431 227.452804462509 242.677052896038 11073.4696620433 323 188.236933679842 11414.1797339133 5857.1748113387 4985.72911382664 582.75 187.283950617284 60.8412851442926 34.2592592592593 18.7203954290131 246.880579691583 0 237.086956980511 21 44.3104334800004
0 3.17705409188402 33 106.295416156245 404 0.85 90.3658916879227 86.0551447636361 53.5367759791679 104.127518896656 35.1376812737687 0.849829283837289 0 0 0 0 133 298 0.630006163222754
386.8 1811 110 606.8125 7530 5.95 6660.55053944263 195.611111111111 4858.03773309018 15460.2 4968.59259259259 484.423868312757 908.888888888889 149.053497942387 8543.20735597673 0 1534 3758 199
0 0 0 173 2173 62.6617680285307 1376.37502657898 3220.27608824628 1661.95476230078 2436 782.880658436214 0 143.20987654321 0 1143.37399136799 0 254 971 115.781811274134
124.4 0 180 82.75 3012 133.310369947628 2790.20909727377 323.555555555556 3439.56350054371 0 0 0 0 0 5449.68493150685 0 1663 900 4.48517049197092
0 0.0930909090909091 0.184895581209842 4.38155491576836 1.55445416540965 0.109566557729193 6.66402089527384 4.09344084208418 2.89201722543236 12.1819398353661 3.91502671565754 0.015616920072123 0.716163423595891 0.00480520617603785 7.73877153090605 0 1.67669410564726 0.357597437113017 0.175259991475998
0 78.0437454237806 12 27 2036 68.8544477425777 1488.54978995116 3357.60949570536 2045.14486163534 2642.11321882249 863.150633512116 20.8758989816697 25.5766464671785 6.42335353282145 9.99452054794521 0 135 189 13.30492151384
45.6 1113.44669852448 82.7835580193646 4157.98624052081 1956 71.0462307185998 1520.20701110357 131.25 1869.01238189682 5595.40199105269 1798.24794539024 297.835536642352 328.947794888459 91.6417035822621 1130.13004031378 0 47 431 165.547384101931
0 397 63.420376792861 50.9148116035695 31466.903006512 53.7389366827158 3401.19892037345 2142.78442246038 1425.29782594316 3723.3 1196.59259259259 106.19341563786 218.888888888889 32.6748971193416 1930.23906924376 0 140 88 12.6769295713912
52 0 72 413.25 1451 244.773792399295 5480.27298823428 271004.388888889 6453.74332330895 0 0 0 0 0 2996.91780821918 0 342 1194 331.210976350066
0 0 30.1999478109421 1005.46754141024 695 26.2897735917618 584.6962265797 797.946252492584 685.358045193733 111.3 35.7695473251029 0 6.54320987654321 0 54.5580784387315 0 0 113 0.89906129409677
292 81.1080337068477 15 11.625 1450 7714.65 4165.79386334707 2126.01463278866 195123.6 2791.22009623882 897.041143999933 21.6955645717905 164.09289219511 6.6755583297817 4172.36518741404 0 2437 55 16.0836295651142
0 98.8882246525817 13.9616162330317 10684.3520096861 682.317696549774 104.862675617988 6341.46455765186 54450.3033088235 2775.48381397528 4279.12298073959 1375.22274905211 33.2607195915393 104.172230964181 10.2340675666275 191.748455517859 0 255.33353775287 105.838058540724 50.961682876121
5.20777026576776 211.673712643173 11.5809431048241 575.680368018804 5131.75328311259 9.81305378031646 595.35226512499 310.992917890939 260.26797481177 517.234573483928 166.228630318174 56.6205404189556 30.4076762777147 17.421704744294 157.753186182832 0 52.3859936056389 278 5.31488375715027
72.0470191324612 161.500249670771 195.216827330075 7990.38847019715 122 137.958921261497 8236.41478925542 4233.26615511446 3621.58336425859 5531.82887724669 1786.16546474991 43.1996552617289 77.3744650476732 13.2922016189935 0 0 229.354317248947 143 100.025313297157
31.6140745155007 70.8659565495241 70.3027936317212 3523.51390249634 769 60.8707179087334 3654.12080643284 1878.38126915678 1592.32198989052 1062.6 341.497942386831 18.9559143033706 62.4691358024691 5.83258901642174 393.105989639144 0 126 433 17.0929347632267
77.4800730342534 0 172.298752013982 93.375 75095.885888694 154.246479258266 8991.00295976272 6433.82860760564 4057.04280648137 0 0 0 0 0 929.87515988012 0 154 87 211.440336922844
16.4282076716429 36.8253908705878 36.5327440824587 1816.01648222983 16086.1330993106 31.8558365997299 1189.92096055922 1226.65982116811 838.310138097944 0 0 9.85041319583623 0 0 0 0 94.0723217017864 72 7.30243254933041
252.8 204 143 258.6875 10317 68.15 5139.54401711634 6850.46303577342 4705.79217371843 7027.65 2258.54320987654 54.5679012345679 413.148148148148 16.7901234567901 3520.15349971852 0 3325 4898 488
0 11 69 166.875 2667 6915.07271664806 3206.99151289866 5351.90635769196 166376.207868492 7547.4 2425.58024691358 2.94238683127572 443.703703703704 0.905349794238683 3670.99118033402 0 637 774 93.938827930271
222.8 0 342.927484517752 9912.74319244441 1661 1217.28144187003 6218.76679347514 5068.03975873902 29600.2264975898 0 0 0 0 0 12602.4520547945 0 569 569 5.6839671506643
5.57741040642915 12.502296194914 0 13 10343.9314875838 11.0660107623977 673.165079313944 327.71186082398 357.801014650858 33.6 10.798353909465 3.34423560769303 0.946313070377451 1.02899557159786 0 0 58 35 2.47919092008954
30.922913069057 69.3166523936053 0 82.5 29650.1032829256 58.2683554582588 3535.1072340769 1816.93736797232 1545.429915115 691.95 222.378600823045 18.5414913810055 40.679012345679 5.70507427107863 134.419756915022 0 79.5460636692659 116 13.7454122463631
0.0916498025812941 2.28860294117647 0.846624718385379 21.5932917214517 8.95375610374284 0.371557961638483 8.31337589516235 15.3604953465967 9.8546935913887 35.9780966222986 11.562625604658 1.19225184443982 2.11511443987646 0.366846721366098 19.1015399252316 0 5.25196329635775 5.1553013951978 0.712434012253029
0 11 19 16.125 1461 91.9402292896152 5494.24389498674 2807.65530330254 2406.15350512925 6416.55 2062.14814814815 2.94238683127572 377.222222222222 0.905349794238683 3008.50853818728 0 605 248 149.163438893885
0 58.9421979824532 58.4737916867686 2906.69020761111 941 49.5474727202707 3027.34968416602 1999.94538130368 1314.12918655485 1965.6225805179 651.890747335259 15.7664315590924 7.98829646234953 4.85120971048997 0 0 202.538603581264 94 23.6881698985555
0 110.948989702215 0 0 45897.079246662 90.7724510486753 5507.11180765925 2830.48761194101 2407.52395044729 0 0 28.8845738911824 0 0 0 0 39.5581572471976 44.173275592704 21.4130766256251
90.6405743736589 203.179473181737 201.564831250322 10019.643062187 393 172.194944019359 10362.0299114005 6411.75438011288 4543.23076193808 0 0 54.3484187523165 0 16.7225903853282 0 76.8388055612638 215.576632092096 79 58.2902552625218
0 0 7.88051104201547 4.22170234393686 22822.1036860649 47.5259505322266 2798.42706149489 674406.254464642 1536.67240054199 0 0 0 0 0 2109.60201072693 0 108.638473650642 94.5661325041856 59.0009487062891
292 732 35 176.6875 3887 7120.05 4716.69968691274 6617.08078508466 185498.385 8318.1 2673.26748971193 195.802469135802 489.012345679012 60.2469135802469 5213.73691124038 0 836 961 332
402.8 0 200 99.625 94647 37500.7 96415.061728395 4280377.80555556 786228.065 0 0 0 0 0 8447.68493150685 0 418 237 253.01692118494
0 0 50.8909734169572 2749.75375496881 0 0.3 2616.19939101334 2187.32609402414 747.08833652783 0 0 0 0 0 3143.23287671233 0 247 607 55.6574214379373
45.1255120441394 0 127.569974432383 0 1049.74178441663 81.4052079216361 1780.60556891223 345274.222419594 2632.10172279957 0 0 0 0 0 4504.70636412069 0 410.210697038636 181.649306957341 82.0683105669431
13.0046768167876 44.7671112559917 28.9195595477442 1502.6179967089 406.6514924356 24.6727074423319 1505.34617388111 947.667345907401 651.527547758077 111.923584140944 35.9699545348125 7.79765161751571 6.57986973197789 2.39927742077406 23.8788664211759 0 30.9299058283985 59.591859572606 0.860943760382361
0 15 11 984.127179038725 2345 51.8209250669209 1110.92058958093 1948.88123209391 1323.44952524148 790.65 254.098765432099 4.01234567901235 46.4814814814815 1.23456790123457 437.164571214111 0 775 983 41.3634444996104
0 126 151.678779382895 32.3481103085526 2494 93.4649664405965 1900.871209719 3335.76152112795 2360.49114887912 6755.7 2171.14403292181 33.7037037037037 397.16049382716 10.3703703703704 3564.10058172265 0 744 763 0
61.1262308346962 137.020263435004 135.931380491609 4584.31789401014 411 115.180770263966 6987.95033744145 3591.59348017559 3054.89672073269 4593.26063364946 1515.42095456484 36.6515107953715 27.6361923098762 11.2773879370374 0 0 0 78 4.04671702144024
0 0 6.62575559150112 115.364592554823 187.417472585279 5.61430061145441 349.828885774177 176.895734811084 148.906006513357 342.792603083397 110.166543025039 0 20.1524164070192 0 165.458021418593 0 20.512280985716 102.777323675798 0.197250685125541
35.6 1119 136 40.0625 2267 2653 3121.88798175495 361116.823583402 58916.0925 15968.4 5131.91769547325 299.320987654321 938.765432098765 92.0987654320988 8312.46537811972 0 1743 934 148.024221740962
590.8 20242 120 200.25 641510 124165.85 343010.024691358 18935379.3055556 2931120.3375 24662.4 7925.99176954732 5414.52674897119 1449.87654320988 1666.00823045267 21399.1713267029 0 5790 1211 0
407.2 1266 146 1051.6875 59400 18012.3 85.1851851851852 4846511.86111111 430369.72 15521.1 4988.1646090535 338.641975308642 912.469135802469 104.197530864198 9312.40607993995 0 1733 1010 179.490057701751
0 21 140 2639.10125392816 2129 70.006111863192 1524.01710244772 2515.96347460911 1764.41011111815 2702.7 868.592592592592 5.61728395061728 158.888888888889 1.72839506172839 2691.05122912366 0 628 510 130.992785560275
12.1740652243861 27.2893257336828 67.0724608657922 51.6512695671039 1999 3.05 623.955586113649 43.5 437.65670540131 939.124164641555 301.815330200304 7.29961387938017 55.2101213781044 2.24603503980928 532.456406858442 0 244.954405883656 403 65.8059550914709
22.1133278620204 44.6302605645088 49.1752091123831 807.620787739758 21251.7044251173 41.6683656339792 2527.99550676118 1299.31263697575 1105.15456045145 1905.86319837129 613.958267563479 13.2592319825547 28.7598501852491 4.07976368693992 0 0 52.5936290428895 12.8433897600997 9.82950108625477
23.6 5 61.7326039002218 50.5086980498891 1354 52.3088108272896 3241.10068321888 1631.10546571684 1387.36712990802 3001.95 964.765432098765 1.33744855967078 176.481481481481 0.411522633744856 1405.95796584725 0 371 652 12.3395651599123
60.7478418149659 136.172068438251 0 2281.9698212373 58195.0914259425 114.467768036333 6944.69290700608 3569.36047942165 3035.98602789672 4686.1722150116 1506.04006126181 36.424627360026 202.323286548292 11.2075776492388 69.7092260848712 0 37 124 81.0027641625753
0.393699558100881 0.882515025523338 0.875501788688932 43.5205654109134 1190 0.741852028751349 109.452175533272 23.1326019405162 19.6758653784622 28.9243108046267 9.76046702049132 0.236063689954802 0 0 0 0 0.936362389338511 74 0.175001712006321
0 0 0 0 0 0 0 0 0 0 0 0 0 0 0 0 0 0 0
0 0 0 0 0 0 0 0 0 0 0 0 0 0 0 0 0 0 0
0 0 0 0 0 0 0 0 0 0 0 0 0 0 0 0 0 0 0
0 0 14.0538384977332 1.88107125840168 94.4715787552843 0.222941778773532 733.212922064818 371.332024565256 204.831048016726 0 0 0 0 0 130.21734078455 0 8.73188633529668 49.325868553644 5.62036172751983
0 0 0 0 0 0 0 0 0 0 0 0 0 0 0 0 0 0 0
0 0 0 0 0 0 0 0 0 0 0 0 0 0 0 0 0 0 0
0 0 0 0 0 0 0 0 0 0 0 0 0 0 0 0 0 0 0
0 0 0 0 0 0 0 0 0 0 0 0 0 0 0 0 0 0 0
0 0 0 0 0 0 0 0 0 0 0 0 0 0 0 0 0 0 0
0 0 0 0 0 0 0 0 0 0 0 0 0 0 0 0 0 0 0
0 0 0 0 0 0 0 0 0 0 0 0 0 0 0 0 0 0 0
0 0 0 0 0 0 0 0 0 0 0 0 0 0 0 0 0 0 0
0 0 0 0 0 0 0 0 0 0 0 0 0 0 0 0 0 0 0
0 0 0 0 0 0 0 0 0 0 0 0 0 0 0 0 0 0 0
0 0 0 0 0 0 0 0 0 0 0 0 0 0 0 0 0 0 0
0 0 0 0 0 0 0 0 0 0 0 0 0 0 0 0 0 0 0
0 0 0 0 0 0 0 0 0 0 0 0 0 0 0 0 0 0 0
0 0 0 0 0 0 0 0 0 0 0 0 0 0 0 0 0 0 0
0 0 0 0 0 0 0 0 0 0 0 0 0 0 0 0 0 0 0
0 0 0 0 0 0 0 0 0 0 0 0 0 0 0 0 0 0 0
0 0 0 0 0 0 0 0 0 0 0 0 0 0 0 0 0 0 0
0 0 0 0 0 0 0 0 0 0 0 0 0 0 0 0 0 0 0
0 0 0 0 0 0 0 0 0 0 0 0 0 0 0 0 0 0 0
43.533706766524 81.656205929435 61.5443937418514 27.0156494458931 343.712842242503 82.4269002012941 5009.72473712408 39122.2794799363 2179.4387582315 3382.73628726805 1129.31069720324 26.3917848964001 5.60041592094284 8.12054919889234 0 0 70.9020208604954 143.243676662321 2.88204572362549
1.60247458323251 1.70701976425489 0 4.68268242068463 27.6650526276431 3.26642839044353 65.5281491617657 202.509646026234 83.4581698044254 9.6279085419432 3.09421320963881 0.96084960064832 0.566014611519295 0.295646030968714 4.08381570470979 0 4.93738899586831 14.2243825833349 0.712309144732254
0 0 0 0 0 0 0 0 0 0 0 0 0 0 0 0 0 0 0
0 0 0 0 0 0 0 0 0 0 0 0 0 0 0 0 0 0 0
0 0 0 0 0 0 0 0 0 0 0 0 0 0 0 0 0 0 0
0 478 142 174.25 5729 892.522046916614 18291.3478391331 270.833333333333 14546.0724271342 4070.85 1308.28806584362 127.860082304527 239.320987654321 39.3415637860082 1932.40495402515 0 1096 770 197
384.8 0 19 75.625 196104 0.85 12798.3161227703 1535225.30555556 4.0375 0 0 0 0 0 6663.80821917808 0 877 218 85.7947063229401
35.2 35 47 278.25 67993 1145.58576323441 24929.3305029738 1931819.22222222 19012.4512967815 10004.4 3215.20987654321 9.36213991769547 588.148148148148 2.88065843621399 4938.78025896041 0 1329 620 248
572.8 21 53 175.9375 595250 24136.05 454272.395061728 5751065.58333333 676480.905 10979.85 3528.69958847737 5.61728395061728 645.493827160494 1.72839506172839 6214.3970726215 0 807 358 10.4681802371438
0 624 41 98.1875 1994 1124.13380087148 3522.30796125766 91.3611111111111 18635.7987815485 4958.1 1593.43209876543 166.913580246914 291.481481481481 51.358024691358 2264.50516044286 0 1207 1320 155.342828122168
170 0 38.0921168865065 88.4539415567468 55612 586.663149701239 49265.4903630986 902671.555555556 9703.02200114926 0 0 0 0 0 3014.94520547945 0 391 250 16
0 41.3276734693878 3.61215181864251 4.80115179227901 212.996552239287 135.612219777902 180.943724341947 1.6890154337171 2358.73978307398 755.454461730442 242.78763810267 8.42216056754131 44.4123728236591 2.59143402078194 447.151339677181 0 146.833971427818 23.0575691090014 17.0698213518364
0 39.4863075791526 24.1168865064547 153.504056746773 1505 239.202037911799 5053.79629024483 82.8333333333333 3953.89513515935 3261.11339479671 1048.05525523547 10.562181039691 96.5031845613866 3.24990185836647 208.717197787431 0 313 455 33.4399648152469
48 9 0 147.8125 385687 19045.35 18791.904129562 1418859.11111111 534985.19 10860.15 3490.2304526749 2.40740740740741 638.456790123457 0.740740740740741 6001.47082004128 0 2928 174 182
0.186845584994368 0.0281778827233373 0.0883980606298056 0.185519614084921 5.64817082129389 0.00632744012929135 3.93394916804134 0.76958007520229 0.0300553406141339 8.42396297565992 2.7072896884347 0.0445532352362048 0.495235918616104 0.0137086877649861 4.4904597895335 0 1.86752534404231 0.613203389000441 0.122826778980361
0 0.0177536425127648 0 0.149533530021529 1.94281157802408 0.460839319105434 1.61712612946836 0 7.63970371387691 6.32591450089377 2.03301974945439 0.0204885406029286 0.300471141515072 0.00630416633936265 1.42474037952758 0 0.386763415995535 0.20387528905191 0.0648669128377042
