10209.1558432796 8016.06702758542 11151.6686062076 12377.6448066663 16072.1543759809
9982.23656510237 8393.04414182396 10655.7964189694 11423.6493848002 13242.0628447428
6225.33341877902 5875.81581844555 6251.59682019693 6701.07982116696 7141.9499738445
5062.00651211632 5395.10414898782 5484.32871984547 5892.4252792511 5460.62846483103
6216.42539564168 5764.96394358721 6144.12580906349 6480.72374524299 6545.8997057832
5140.05524090988 2835.16753842056 4389.99325410815 5213.41540118798 6559.90482568618
7245.05807145969 7829.84671133753 5685.48646007631 8890.73753309607 11474.165390899
8621.09530703816 7580.11270607818 7538.08242869547 6764.18761901914 6764.18761901914
3593.18810912044 3519.77319911021 3370.39748180326 4369.30037543371 4653.93286153858
1466.17267598873 1466.17267598873 1466.17267598873 1466.17267598873 1466.17267598873
1466.17267598873 1466.17267598873 1466.17267598873 1466.17267598873 1466.17267598873
684.213913968097 622.634655775061 830.831180446987 886.05701315677 1041.9600432806
0 0 0 0 0
0 0 0 0 0
1760.79830560089 1760.79830560089 1760.79830560089 1888.594613489 1888.594613489
1594.79894690286 1574.88874933907 1574.88874933907 824.666416014585 824.666416014585
0 0 0 0 0
