41369.292927893 45382.5169974791 51421.2724805288 167370 176754
46399.104731429 48815.1726138049 50651.5557259825 545053 556491
68748.3978565641 78860.4733944859 88555.7858711095 203095 224697
601032.167792577 596368.971368377 611672.583523232 635737 697079
76843.307062663 76870.5897582213 76951.0882103245 73966 71363
467031.485853313 495122.103740703 518923.359352627 550476 571359
736827.126677451 765668.255027099 791077.586230471 818218 828956
67438.9401314992 77206.8824103327 84276.4302859726 89746 91492
28884.1538323957 30360.6369657034 32003.8447179074 32636 33122
143074.375549561 154614.33728206 162757.647844562 167085 167687
78484.8422501312 85617.0980061091 92909.0230692112 101780 102509
115343.426457192 126421.118232165 139493.336197405 150700 159718
30325.3396008419 30841.8451116755 31806.9271786386 32483 32093
182220.286565825 203416.689312075 222519.35123664 239705 251037
10542.3750346719 10744.5701098126 10789.679214798 29976 29276
207381.11526156 223544.545980401 236645.442804041 248609 251948
231436.584656748 257637.402175167 277408.249960196 299223 319409
19434.2795634289 20061.5620714792 20578.691840859 19987 19486
843551.330199709 898464.959888385 947982.59786804 1005310 1047239
779974.473490854 814035.449127173 844993.276918291 882787 910946
39458.6978869501 42966.8131836539 46666.7052055275 48506 49648
84354.6200427578 91313.9318291357 100922.246566268 108847 112627
24740.5013890186 25488.8651133842 26364.0019841454 26044 25922
34337.5141646907 36191.6454798131 38267.601219962 37995 37057
129123.872042673 135401.729532595 143176.985389316 149090 150247
81528.109606192 87435.6441488282 94478.0423915117 100593 102471
26068.34180251 28752.5226827806 30238.0881457872 51578 51721
689169.762290231 657088.501617817 641711.814773268 623035 610853
4096.6007377044 4067.23127884135 4027.11513899252 48221 46669
180786.354687223 177707.677970625 177736.120300646 198689 193255
84454.6983157185 82912.5875178975 81887.8611644832 89162 84825
51087.8617553524 50795.3899254588 50337.1956508502 49898 47842
44750.8727505396 44785.9755426057 45124.5256577109 49028 47834
9545.69380193875 9592.41997158975 9584.93291613929 47217 45061
3780.59793409058 3757.70641186446 3760.38829141139 64232 62193
1580.81295480756 1600.64843572146 1613.85490546031 64780 63503
33039.1901784438 33466.3251009457 34419.4602522423 72438 70993
9219.3446334477 9037.77202612156 9026.42436365494 233778 229980
32081.2845849316 31980.2893512567 32282.3134704258 467138 461843
178.222767087626 183.782004866558 190.741181738382 108641 109652
59996.2921788467 60450.4864006949 60735.6692167736 61763 59955
2071.53490237644 2081.36684308352 2119.53940322016 32038 31260
6808.59136294455 6805.87396952966 6648.48241698844 18505 17910
86153.2892439867 86104.6407637348 86219.7173968258 98903 96379
51889.0550709604 51591.7041825588 51262.5927795676 50297 48659
18292.2132788496 18623.3395027411 19106.8097085339 102800 102731
658.078431849743 676.90172640856 686.836650136925 25341 25021
87306.5519234438 93229.5214138389 98282.3798619848 101265 102629
49502.8141545493 50079.513873287 49968.201088689 49592 48359
37162.1883240668 39078.7558207524 41016.5088653256 413552 417601
130025.326772461 129191.968811419 128160.80536009 126569 123173
62301.571072858 62812.6200965376 62743.0053724556 63005 60996
66108.1097085731 64022.4396288473 62129.3313602217 141563 133035
5913.08403122336 5754.72509772019 5313.40571562382 4974 4611
170.247740043065 175.734579267698 185.161584019212 64799 63885
132255.51209601 139498.411055344 148620.545077649 155905 162549
78279.1578449758 83958.511739054 90104.8197851406 506049 519057
74081.0901862775 75201.8624301676 74413.9241008091 81407 79803
37714.9719959496 38199.6425937609 38862.0063774203 39739 38830
63625.9421679933 64536.0055699113 66102.0927286545 67045 65638
208356.841367973 218238.207949877 229115.109278942 239315 249328
248982.143063102 256479.658358746 264675.991683739 270058 275796
11400.5185918094 11217.3530158436 10702.340057825 31619 30274
126922.021383188 133456.367255607 143615.12201863 151518 154731
14040.2638360671 14282.6527816064 14572.7154899538 14701 14469
44980.6930686526 45470.7553633674 45633.6023654915 45948 45447
6750.4605048096 6730.7715297361 6703.497818928 88243 84809
95.4019839772925 95.0041955262746 94.2447619769818 44805 43829
22274.1636722242 23301.1196718217 24213.2060075042 24609 24628
182861.424928172 181590.194407057 182075.794060416 214232 210603
454769.730611282 478796.821314446 503108.187199969 526949 541352
100918.497885521 104860.661005554 110505.880098298 135531 139473
273064.701467405 271083.17627701 271790.663650505 321232 318031
119647.968302274 119261.568284239 117295.003190367 117237 114146
1144.51168905231 1123.35697109713 1092.62701951766 43151 41427
46686.8758870355 46813.5544683224 46912.1658298008 46755 46270
18021.3942415052 18177.3360595617 18192.7815426174 18429 18255
96321.2998465954 95643.4526790668 95629.2955733481 94413 91766
42894.1430252993 44097.1305985035 45281.2097437218 45807 46043
11080.4070416476 11258.6731530012 11063.3513842381 17556 16839
77192.7042049999 76638.5412864366 76115.3564836375 147131 142550
36811.2741186276 37493.4727015583 38557.7385520221 39886 40621
10904.6307613002 10916.3331448112 10759.8602718742 77028 74273
6438.71291381798 6549.02675933521 6484.84473339854 6405 6136
41711.4693497459 42493.0482852498 43052.46660129 42923 40939
41251.9613316689 41447.416895452 41751.0694972552 42486 40729
40266.4609844109 42581.3833189391 44254.3795113857 45195 44744
3591.89121508867 3857.2662277062 4059.06417929186 52244 51193
27936.6894907658 27976.8851556041 28074.3863770428 28391 27409
367078.09868517 390247.894223629 416712.736814206 437551 445924
17682.7273936897 18146.359142487 16895.0408881184 33276 32729
76256.5276597671 83598.6582751427 93514.9922762586 101504 108107
13192.8057110299 13791.3095317837 15477.8335031118 16035 15143
10341.5466751935 11356.4995565632 11984.8143431462 12741 12974
31221.9389880342 32319.8903797559 32551.7945034864 32640 31893
9196.74059611547 9664.58236209339 10103.5452339483 15240 15715
179734.4001159 188716.239200358 197597.493552294 221614 235193
62810.0256001125 67755.9281326153 71854.5126026353 73599 75324
4982.80838257234 4994.13003228518 4835.32680420693 4642 4270
7736.16460333678 8576.12142958994 9150.21893554509 75755 78445
25241.8003532908 27150.8984758991 28311.2635558584 33121 33355
14799.7656352291 15929.5079555387 16691.0944014028 17071 17046
6940.17725236981 7190.53200471113 7451.6225788899 54843 55440
21386.0346825529 23555.8568629168 26788.4510662737 28950 30441
6552.97118221353 6805.24696777599 6965.84072673837 7123 7024
241607.892738493 267727.364936154 295536.336958024 323942 343500
12578.3599615269 13023.303421237 13719.3774359179 14255 14468
4247.90975113596 4453.10377236002 4496.23343744255 5139 5070
32230.2402055263 36644.544100429 42840.6515683227 47850 51261
8681.76484292697 9247.82208249208 9766.65800831898 9845 9840
3666.11630689285 3942.00131784401 4212.96146106899 28222 28678
9529.7228945602 10147.6301495389 10724.4364256967 11133 10960
904326.234497611 970600.026653897 1025372.67614918 1120654 1149346
53092.83154349 57015.6771272428 62035.692108379 66567 69555
17863.0722332784 21296.7790869085 24134.8989626531 25889 26517
55196.94196499 63066.7571156646 72620.5963275062 80247 86568
552.654008849095 559.761700654019 570.251177160142 17024 16759
33252.6821481662 35055.7938604364 36090.6632561701 36849 37332
16057.8934283499 17839.2398585957 20266.9816277003 21438 22893
13658.6002058751 15758.9224605069 17326.7947889194 18831 19608
79222.5440422319 88811.9589000585 95566.9789064645 100340 105729
248006.87530089 270173.077745383 292403.895258627 315575 328008
2549.96143961052 2477.70716233298 2370.86698077611 2234 2215
13924.6441304533 15158.9874643218 16521.1917535239 35352 36758
43704.6649030676 51384.3574956068 60746.9401149263 69460 75429
6467.71938925362 6631.50026214412 6787.55314816755 7008 7010
15650.6318457399 17964.5584655484 21318.7200482048 24615 26379
12541.4156579362 13775.544478639 15177.3381744629 15977 16706
11466.9176301155 11634.4964841475 11545.7145263514 11125 10724
144139.137345661 197567.330662487 268716.606000938 337902 397192
24079.082682669 27180.3815306087 30950.0574719134 33357 35803
12411.2108323425 12741.7733647856 13137.7656440174 13135 13218
8742.38595627406 8949.38635429782 8837.53318104394 8911 8704
9286.9891164965 9859.96924387115 10359.4155356295 10851 10614
4681.77750791609 4975.70874395568 5287.85935646693 95698 98230
14140.3332426381 14764.0503640212 15055.5787526883 14802 14800
12656.3158732636 14569.8464611033 17073.0065544195 19148 21629
6130.73258830067 6069.25374329571 5904.31188353938 12209 11867
12139.2048603851 12692.1568570116 12728.8661793324 12421 12270
8386.35745723083 8518.97861132594 8553.59473203188 15758 15439
24651.0505337795 27521.6279250604 31338.3563807985 34263 35882
22919.9795345902 23544.2268005379 23980.3233271431 23841 23801
20370.5859858711 23636.4459689699 26486.0922968866 28186 28722
18166.4532198059 19552.464721693 21296.4421971956 23187 22698
14256.4682245851 15271.2101670362 15880.1013391162 37155 38049
260584.081401842 304244.290014054 364678.563489124 429716 463400
6921.86020197757 7109.43759040069 7305.77501047588 7414 7409
8502.60612085952 9062.57355262739 9289.19203152899 9076 8882
8757.58426093702 9097.40297183088 9441.98337879906 92771 93900
20201.5134768062 21245.4813004072 21999.8683018285 22384 22736
64969.1621814211 69783.3577984319 74098.9039145107 77149 80448
34086.8140394263 36505.1971577665 39968.6224735055 42532 43319
79916.3973937556 96096.7739186681 111982.244500848 125867 132889
83376.9881283868 100101.912237423 118424.030159516 133449 146868
2579.05763372639 2676.78741468081 2721.36941001744 6844 6508
30118.1312634905 32964.684424114 35976.8633973822 37898 39478
16336.145650271 16854.4166382613 17222.1817504663 17515 17723
51344.1826130281 57249.1995016032 61763.2226510306 65872 68117
117920.185381875 125069.507998833 130662.815688535 147379 158772
6280.25858841686 6322.77717052796 6471.24742452459 6751 6504
38102.7542941489 39061.1760784945 38373.9660781967 44610 47456
57310.261563927 63123.444647872 66689.4439714945 228134 240416
13940.2912008443 14235.6425709707 14450.8546081873 17390 17382
6694.76816644939 6412.14237990844 6236.2719845214 5846 5660
21468.6034403405 22264.5702480906 22811.6673684829 22904 23274
10248.5198524309 10886.1408054117 11874.3629400834 13126 14273
18981.481719317 20046.0340610934 22520.6025436129 27190 28718
138109.288235136 140038.899971727 135681.564924459 137222 135007
37093.2563329734 41655.8425596645 45828.6394423846 51336 53807
21322.7228703629 21155.8483751627 21267.7600363853 22306 22533
5486.95443432736 5492.84329568344 5562.47921231575 7027 7139
63997.7401928492 65781.5813194255 70812.7558651998 77326 80567
32939.8034766455 35626.9756781661 36968.2830523679 40284 41171
8408.65753251901 10107.4909837196 11923.113078069 15404 17209
177766.511056224 180923.254245012 181208.83872125 180148 179738
238073.439701811 231820.598539561 235944.768042199 246247 244908
23244.2010745224 22147.4168477178 21710.7667321004 31995 30966
10309.3894638329 10567.2671679014 10831.3878182967 12115 12041
99112.3370543239 97152.3447226682 94698.132461396 96516 94964
194011.821685168 193724.724177884 196850.47028283 210922 227620
24355.0841097601 24148.5738409137 24094.3626198537 23808 24395
25392.4577168893 28615.1698326461 33023.4979511563 85320 90228
139186.939297074 143274.059078664 145406.906264913 445189 450417
20363.6373006339 20986.873656264 21773.725681285 21065 22196
11126.5722622795 11646.7924326774 12617.9838027478 14519 14990
23593.8927340364 24630.8699923933 25968.228746528 27012 28148
70882.2978710338 81526.6261618871 95653.2407861662 107024 115234
11062.5082127097 11452.2824233004 11771.9985950607 11801 11625
19111.1741975857 20976.7993724316 22859.2301734996 23668 23398
12154.4447432188 12932.7980669883 13610.4100360968 13857 13859
40122.6665608265 44244.1407032609 49871.753419634 54736 56586
27145.8958059795 27489.3015695404 28060.1350454435 27895 27227
2193.60093260967 2262.40082360907 2177.28677876451 13503 13397
14154.9250425707 15524.4895422401 16828.6884093916 17434 17740
8231.96310944099 8173.80805405411 7920.89401856512 7474 6978
73.4613302738586 75.7881052348573 81.045580307943 33905 33846
18.1131143344448 17.7283713807125 17.5093533596137 7079 6994
