0 0 0 0 0 0
0 0 0 0 0 0
1055859.77943123 1144824.64913583 1014617.82813799 801759.945787853 802699.313229187 800014.547299482
1082890.32472169 1494183.02469538 1480147.79219858 1464870.98209866 1686697.86554703 1809657.41850871
511490.09512242 463962.931039243 418038.889252032 477741.14770202 521003.994221086 538517.167769492
39637.4187725076 37169.2683237505 35212.826947008 27646.1581203119 29846.2806565341 27865.3716812684
285280.853677455 322226.975753626 273550.668191716 354366.345563821 421380.6429038 540803.262722057
29065110.7063948 29099342.9542416 30004271.5318461 29804065.1910733 31572755.0361418 31946684.4722864
16680906.3974268 14471082.4682183 13805270.4804489 11858652.1990665 11795237.5574075 11223105.7527642
0 0 0 0 0 0
630598.643084046 617158.293281785 594450.13415962 566268.288312855 598857.724580835 517981.405128634
575138.115746652 542936.820357153 491544.274284937 475134.079462935 463335.000601126 405442.430894171
0 0 0 0 0 0
0 0 0 0 0 0
0 0 0 0 0 0
0 0 0 0 0 0
0 0 0 0 0 0
1537365.98408749 1537365.98408749 1640584.54380598 1607759.32091188 1308107.25750094 1171045.38774333
0 0 0 0 0 0
