7201770037.25264 3664606913.81102 633136287.099596 60207434.7513267 171167733.938281 319357939.401354 147085403.378954 0 5760392.55547733 2889038606.41638 2545466264.50773 2733572274.94277 578699614.059099 2012220663.05944 0 0 575963926.923674 104720713.986123 1084514709.8848
37092899813.686 18874651149.2873 3260984555.78478 310099924.562706 881603768.721616 1644861192.40745 757567112.441772 0 29669048.4203985 3216280384.15962 2833791558.5114 14079333553.2001 644248994.418169 2240145158.60921 0 0 423298789.666796 76963416.3030539 797052979.553889
10055877859.4825 5116914222.15377 884052273.05878 84068028.6874408 239002608.673185 445921546.43432 205376295.499673 0 8043273.20379843 0 0 3816904563.00362 0 0 0 0 36431453.2090276 6623900.58345956 68598822.0107855
45579521965.4269 23193052604.9432 4007077309.56288 381048836.679737 1083309165.44907 2021195086.5527 930893702.440718 0 36457140.0716401 0 0 17300596506.8786 0 0 0 0 199505577.097056 36273741.2903738 375660215.773349
7115091256.26115 3620500581.83165 625516010.239408 59482792.4725709 169107600.048127 315514223.655909 145315118.657201 0 5691061.84897622 0 0 2700671653.10695 0 0 0 0 0 0 0
173943830.326453 88510985.484377 15292094.9054332 1454185.81273819 4134201.88585777 7713429.18994762 3552543.09933602 0 139130.344359892 0 0 66023773.2554888 0 0 0 0 8674155.52595894 1577119.18653799 16333052.8597108
846598669.239137 430790114.162058 74427860.8360017 7077639.78509653 20121494.4408457 37541882.7745964 17290514.1542992 0 677158.621635542 0 0 321343036.262568 0 0 0 0 117968515.153042 21448820.9369167 222129518.892067
73989213518.7503 37649269833.0712 6504686443.7998 618556371.862651 1758535186.26256 3281004898.10822 1511119247.04674 0 59180855.8915918 0 0 28084049014.8216 0 0 0 0 26022466.5778768 4731357.55961397 48999158.5791325
22516039187.7015 11457243490.4305 1979474681.606 188236079.913627 535148912.710166 998459523.321241 459856492.124651 0 18009631.4995848 0 0 8546401807.70139 0 0 0 0 126642670.679001 23025940.1234546 238462571.751778
15625789005.1151 7951152859.04653 1373725345.64772 130632978.711767 371385212.408642 692915734.934738 319133416.791042 0 12498410.5564223 18507365542.742 16306419211.337 5931072969.22008 3707186630.54509 12890413884.117 0 0 0 0 0
8138610278.67754 4141316279.43966 715497643.959517 68039502.0648124 193434040.743055 360901527.644538 166218966.947194 0 6509731.61024591 3584008758.41862 3157788672.67237 3089168259.92465 717908192.945194 2496268642.53699 0 0 34696622.1038358 6308476.74615196 65332211.4388433
1162795618.92539 591686327.447457 102225994.0284 9721074.26277754 27636690.7156548 51563436.611286 23748364.8842206 0 930071.245284406 348560993.596647 307109170.626183 441361755.357014 69819805.1152536 242773368.308051 0 0 26022466.5778768 4731357.55961397 48999158.5791325
0 0 0 0 0 0 0 0 0 1240062395.81128 1092590797.30253 0 248395306.407949 863705722.309352 0 0 124907839.573809 22710516.2861471 235195961.179836
235277065.858612 119720285.116957 20684143.918352 1966937.08878406 5591936.70477564 10433212.7452471 4805182.88679381 0 188188.216457342 186797339.015541 164582890.553226 89303998.9938831 37417135.1519767 130104687.606732 0 0 0 0 0
6129711564.38015 3119092009.64491 538887356.967541 51244931.0583178 145687634.11536 271818184.168496 125190209.265199 0 4902898.13199155 15191304604.9172 13384713274.4423 2326651573.03159 3042950721.52897 10580771387.7392 0 0 0 0 0
128658266.035197 65467512.6798945 11310860.5857779 1075594.48822501 3057879.34573851 5705269.4706184 2627653.043618 0 102908.328652007 18420085.1716408 16229518.459752 48834754.1169467 3689703.61146775 12829622.9463223 0 0 0 0 0
0 0 0 0 0 0 0 0 0 849810572.394035 748748783.919592 0 170224464.697545 591894614.928242 0 0 582903251.344441 105982409.335353 1097581152.17257
0 0 0 0 0 0 0 0 0 3682559146.2715 3244619179.91327 0 737648694.60868 2564909167.57174 0 0 440647100.718714 80117654.6761299 829719085.27331
0 0 0 0 0 0 0 0 0 32772851.21664 28875414.4643179 0 6564687.75064629 22826350.6963989 0 0 36431453.2090276 6623900.58345956 68598822.0107855
