0 0 0 0 0 0 0 0 0 0.911920020903797 2.60167128357827 0 0.122460255635934 1.50766970966678 0 0 0.321137774843261 0.0306540603259476 7.69304474940987
5.86391778517596 0.558747166413273 0.591789398538085 0.0212035075734824 0.112047949199091 0.250768977816003 0.0475764902956533 0 0.00634239832073523 1.29346617098373 3.69020716311626 6.1376790253563 0.173697467238534 2.13847675428608 0 0 0.0222022074729579 0.0021193016224187 0.531866971141938
0 0 0 0 0 0 0 0 0 0 0 0 0 0 0 0 0.182937532682073 0.0174622190287433 4.38237646118308
1.43894413888674 0.137110715000556 0.145218933429526 0.00520311915419999 0.0274953956861236 0.0615360862928824 0.0116747734821247 0 0.00155635826156679 0 0 1.50612228606467 0 0 0 0 0.00278047034852657 0.000265408533268445 0.0666078066526499
0.0487991135215558 0.00464985482446199 0.00492482996830533 0.000176454106459217 0.000932455193462415 0.00208688188757756 0.000395928223407913 0 5.27809950601475e-05 0 0 0.0510773354078064 0 0 0 0 0 0 0
0.0455858944879784 0.00434368118836237 0.00460055036055589 0.000164835336106408 0.000871056890104548 0.00194946937906898 0.00036985799361116 0 4.93055856582225e-05 0 0 0.0477141049211649 0 0 0 0 0.00916613162266643 0.00087494892761816 0.219580087663529
0.0117545227163441 0.00112003723464562 0.00118627207666398 4.25035139593444e-05 0.000224605837331153 0.000502679224757268 9.53695048995987e-05 0 1.27136613896008e-05 0 0 0.0123032911054047 0 0 0 0 0.00140472122311364 0.000134087025842665 0.03365092516797
0.0444123324372173 0.00423185757580583 0.00448211391488764 0.000160591819614043 0.000848632424778979 0.00189928229141625 0.000360336379297172 0 4.80362639772736e-05 0 0 0.0464857542778254 0 0 0 0 0.000487322095667767 4.65171091319233e-05 0.0116740881423187
0.128097672994084 0.0122058689142127 0.0129276786668015 0.000463192029455445 0.00244769488283884 0.0054780649548911 0.00103931158644577 0 0.000138550112032887 0 0 0.134078005445492 0 0 0 0 0 0 0
0.891559804038824 0.0849528476429206 0.0899766435209385 0.0032238165250099 0.0170359563845583 0.0381273320860421 0.00723360864166257 0 0.000964308779748895 1.90707149139307 5.44079855815726 0.933182917900624 0.256097527193817 3.15294527571919 0 0 0 0 0
0.445216194437106 0.0424227105830012 0.0449314321205893 0.00160986993617969 0.00850720684778571 0.0190395592292182 0.00361223071845456 0 0.000481544685210367 0.459173898109159 1.31000473451094 0.466001434272084 0.0616617155614878 0.759148348297784 0 0 0.00987469182362061 0.000942584219527422 0.236554065067002
0 0 0 0 0 0 0 0 0 0.235849909617447 0.672870342815923 0 0.0316719005629896 0.389928674233356 0 0 0.279188877467642 0.0266498473946386 6.68813417837366
0.345863717084027 0.0329558460683744 0.0349047324003641 0.0012506184795297 0.00660877618366487 0.014790775378206 0.00280614128340358 0 0.000374085302488795 1.43512445003069 4.09435255770066 0.362010614702828 0.192720527010644 2.37267919698598 0 0 0 0 0
0.769501021343033 0.073322398263235 0.0776584125627148 0.00278246069122878 0.0147036528319105 0.0329075187647387 0.00624329317286353 0 0.000832290315854701 1.27257590121154 3.63060806042449 0.805425732711848 0.170892146905649 2.1039390467675 0 0 0 0 0
0.321098166971837 0.0305960447449599 0.0324053811914491 0.00116106802050165 0.00613555517298269 0.0137316828202604 0.00260520771002407 0 0.000347298947495771 1.33236245237417 3.80117669554432 0.336088866983366 0.178920785570376 2.20278364954748 0 0 0 0 0
1.4678773347284 0.139867633119817 0.148138885446624 0.00530773952229326 0.0280482522193495 0.0627734071783331 0.01190952096011 0 0.00158765233140924 0.55773311959849 1.59119024464646 1.53640624906682 0.0748970730294597 0.922095481205922 0 0 0 0 0
0 0 0 0 0 0 0 0 0 0.495886384040177 1.41474398598701 0 0.0665917755547834 0.819844792871844 0 0 0.439674068676237 0.0419688883736408 10.5326515609454
0 0 0 0 0 0 0 0 0 1.64287344449106 4.68705211543614 0 0.220618801405926 2.71614886426142 0 0 0.0743032220594266 0.00709258028749072 1.77997749597505
0 0 0 0 0 0 0 0 0 0.20416839398068 0.582484248023616 0 0.0274174413835901 0.337549890582407 0 0 1.55553291368136 0.148482687215039 37.2637081388862
