8.0540535916374 1.43889072072697 0.642220248925912 0.121133409620813 0.309004635233262 0.230642751100271 0.125540533910522 0 0.0125064390489766 10.3285987242615 3.91816059838033 11.4958346880775 2.08509731678112 5.8001433605771 0 0 1.68592298516534 0.875205921260695 3.17704407529238
33.8165842608336 6.04147572970184 2.69649250712291 0.508603289838738 1.29741889167506 0.968400562274771 0.52710749870639 0 0.0525108313584881 14.6500709900603 5.55751389410606 48.2676031336107 2.95749932082021 8.22691579501339 0 0 1.53714735627512 0.797972671290364 2.89668326731206
4.70984826433708 0.841434302178376 0.37555746188062 0.0708363773054842 0.180699684744662 0.134875233767931 0.0734135747937349 0 0.00731351357147907 0 0 6.72253250325593 0 0 0 0 0.20081478212213 0.104248110937718 0.378426191104854
8.48892487399377 1.51658231363404 0.676896345878584 0.12767389765937 0.325689058852876 0.243096096213509 0.132318980607978 0 0.0131817128257227 0 0 12.1165418035295 0 0 0 0 0.105505075574725 0.0547703944240375 0.198819446805918
0.287262263238067 0.05132061765984 0.0229059367565328 0.0043204402609822 0.0110212043982829 0.00822628728834277 0.00447762825128162 0 0.000446064574239761 0 0 0.410019557572431 0 0 0 0 0 0 0
0.675342047545034 0.120652711640543 0.0538509376613585 0.0101571815916859 0.0259104090486828 0.0193396711366816 0.01052672424592 0 0.00104867990493665 0 0 0.963939517927532 0 0 0 0 0.0644122214837259 0.0334380384751582 0.121381859338743
0.0840312055751194 0.0150125300977738 0.00670054416052453 0.00126383396013538 0.00322397060455518 0.00240638930590699 0.00130981527413708 0 0.00013048474768388 0 0 0.119940702770396 0 0 0 0 0.0487664593863421 0.0253159215393579 0.0918981425780672
0.286516228110198 0.0511873353305614 0.0228464488402834 0.00430921985156879 0.0109925817538051 0.00820492318983616 0.00446599961643296 0 0.000444906121201309 0 0 0.408954715328224 0 0 0 0 0.000610428471626245 0.000316889097292313 0.00115032428897086
0.706273291866132 0.126178709192928 0.056317356738593 0.0106223892099117 0.0270971279797159 0.020225444642408 0.0110088572342849 0 0.00109671034295267 0 0 1.0080887736242 0 0 0 0 0.0391033432672928 0.0202995497835673 0.0736884461180138
5.24828154935949 0.937627684645276 0.418491464541855 0.0789344435681448 0.201357404356629 0.150294268758022 0.0818062681509153 0 0.00814959977136044 21.5998944222717 8.19393390273971 7.49105731684831 4.36050263012368 12.1296690448649 0 0 0 0 0
3.0196928756131 0.539480897256073 0.24078656644024 0.0454163471683986 0.115854592340204 0.0864745018623228 0.0470687029254294 0 0.00468901832670899 5.20070053240419 1.97288910664876 4.31011411978401 1.04989718499046 2.92051317595659 0 0 0.101781778274119 0.0528375351696246 0.191803064839762
1.31911150487273 0.2356648465732 0.105184316118782 0.0198395096875423 0.0506094930655072 0.0377752026392975 0.020561318685684 0 0.00204833348161774 2.67128588006834 1.01335402426934 1.88281436454597 0.539268798177079 1.50009129748524 0 0 0.353272516621868 0.183392836497691 0.665725757210116
0 0 0 0 0 0 0 0 0 16.254522572114 6.16616363824268 0 3.2813997624926 9.12791402715075 0 0 2.08452391039817 1.08212989884058 3.92818912702962
4.52976681343527 0.809261989723602 0.361197990229577 0.0681279423653631 0.173790616855423 0.129718267678055 0.0706066004873971 0 0.00703388075504324 14.4134633832828 5.46775664562518 6.46549589847027 2.90973389792088 8.09404607317114 0 0 0 0 0
1.89018569210648 0.337689664201747 0.150721063857986 0.0284284969172629 0.0725195249407015 0.0541289703572954 0.0294627938934331 0 0.00293510489849763 15.0906184867033 5.7246358715537 2.69792868882659 3.04643533505486 8.47431030668811 0 0 0 0 0
8.64084887820106 1.54372417920799 0.689010577636507 0.129958843050345 0.33151782830035 0.24744672163335 0.134687057798551 0 0.013417622393132 6.31700308745721 2.39635920204573 12.3333882917787 1.27525200072064 3.54738570977642 0 0 0 0 0
0 0 0 0 0 0 0 0 0 5.61651390052804 2.13062817646427 0 1.13383996961236 3.15401795339533 0 0 3.0495369589091 1.58309295681073 5.74671169023604
0 0 0 0 0 0 0 0 0 18.6075315531245 7.05877911524583 0 3.75641605886032 10.4492732727693 0 0 3.99364630908841 2.07320436810601 7.52584219845506
0 0 0 0 0 0 0 0 0 2.31245434387258 0.877231049206325 0 0.466829284040399 1.2985853228807 0 0 2.04428072327835 1.06123862683849 3.85235269776512
