7084355214.73517 3111731261.53333 864006342.737339 78268745.0507211 255309590.795673 504219843.392174 162287022.372817 0 4869487.91552002 4136417501.60607 5171984023.91748 2386892890.06104 918463959.405833 2951822402.19572 0 0 526678803.464696 95759782.4481265 275151059.868152
22917603294.0281 10066325085.0434 2795025659.52554 253196232.405591 825916225.494434 1631130850.10246 524991969.738254 0 15752596.9421796 4865666775.01717 6083803391.78138 7721502197.68448 1080388904.06892 3472227883.80003 0 0 388663574.845935 70666104.5174427 203048221.890654
2385806339.95295 1047941265.92557 290972395.90341 26358654.034424 85980900.435959 169806688.489166 54653584.5723581 0 1639902.96774048 0 0 803836625.533908 0 0 0 0 34900402.6392268 6345527.7525867 18232901.5575281
33557420045.1152 14739756808.5797 4092655278.57421 370746112.307874 1209359344.66651 2388406081.69955 768726808.942092 0 23065959.6297256 0 0 11306317214.0037 0 0 0 0 182433922.886868 33169804.1612486 95308349.0507153
6442764949.56437 2829919237.04945 785758140.643647 71180384.3785699 232187635.008005 458555483.938051 147589598.180791 0 4428485.74266649 0 0 2170725406.09817 0 0 0 0 38073166.5155202 6922393.91191276 19890438.062758
256453233.866875 112644485.031614 31276977.7855874 2833323.87642137 9242191.87380579 18252728.088622 5874780.4762202 0 176275.170478936 0 0 86405379.4587838 0 0 0 0 7931909.69073337 1442165.39831516 4143841.26307458
571141533.589531 250868132.802552 69656290.8923157 6310035.24320992 20583088.6237694 40650261.8646636 13083598.4405328 0 392578.676755378 0 0 192431579.786951 0 0 0 0 109460353.732121 19901882.4967492 57185009.4304292
25444293287.407 11176148068.5447 3103180193.59939 281111384.726391 916974362.575892 1810964750.88037 582872889.462857 0 17489337.4098841 0 0 8572805978.73154 0 0 0 0 25382111.0103468 4614929.27460851 13260292.0418386
6190639586.77197 2719175725.54473 755008989.025092 68394875.3035628 223101413.149754 440610786.490079 141813959.727889 0 4255185.36880041 0 0 2085778192.46869 0 0 0 0 115805881.484707 21055614.8154013 60500082.4408888
13647319918.6851 5994447023.03886 1664424017.95212 150777109.696514 491829045.591893 971330389.787571 312630132.995872 0 9380593.91559705 28151016551.7528 35198721552.2057 4598116539.17974 6250745751.21658 20089074971.2238 0 0 0 0 0
2569038778.60941 1128424258.40856 313319382.241013 28383026.4143401 92584324.1090933 182848020.935563 58851037.4061484 0 1765849.24213297 2179678414.29632 2725368493.78507 865572124.644395 483983076.139851 1555457970.67248 0 0 31727638.7629335 5768661.59326063 16575365.0522983
265277225.23251 116520333.84942 32353149.7556646 2930812.31532547 9560195.35562709 18880764.2908751 6076918.74297364 0 182340.411142227 237317675.273731 296730981.491206 89378398.4018183 52694809.3571954 169354188.7486 0 0 23795729.0722001 4326496.19494547 12431523.7892237
85292060.203533 37463673.411503 10402200.1674492 942316.17593594 3073798.57850592 6070552.35584047 1953853.81773123 0 58626.1761108539 1194945509.02877 1494104277.37265 28736985.3582478 265329692.438116 852734744.881223 0 0 112633117.608414 20478748.6560752 58842545.935659
234934191.886451 103192463.835746 28652520.3442037 2595579.10509789 8466677.71114641 16721138.0358321 5381826.47526118 0 161483.885781736 374671740.522874 468472115.168563 79155086.8425744 83193364.8246336 267372535.948235 0 0 0 0 0
3465356477.83968 1522122727.84149 422634083.970243 38285644.1345224 124886276.520715 246642276.903347 79383707.7902621 0 2381940.34323845 13866367032.801 17337860294.706 1167563523.81629 3078934455.37737 9895290508.89992 0 0 0 0 0
0 0 0 0 0 0 0 0 0 0 0 0 0 0 0 0 0 0 0
0 0 0 0 0 0 0 0 0 1644548318.95965 2056266716.04526 0 365161002.214938 1173579448.28188 0 0 526678803.464696 95759782.4481265 275151059.868152
0 0 0 0 0 0 0 0 0 2466695716.7568 3084241577.15665 0 547713356.734951 1760278712.99157 0 0 387077192.907788 70377671.4377797 202219453.638039
0 0 0 0 0 0 0 0 0 89474657.4871755 111874949.491796 0 19867251.8309005 63850735.1583549 0 0 33314020.7010802 6057094.67292366 17404133.3049132
