273530.039059891 249946.62538968 274730.474543742 215707.891928878 229261.590727411
23262.087530515 26932.7157203545 24097.0443774531 28979.5340876316 24607.1281617628
250922.985574186 184041.277960184 205728.556344898 198148.770100702 156789.079447476
11052.9296181308 8058.34878543019 6084.81572868305 4343.16686451017 3272.96064704621
24636.3663595535 16196.2429026902 14211.4579690935 13246.4461479743 8878.70767720941
34726.7816442731 27193.9894275259 27191.7333041822 20651.7407618117 20409.1640010209
1548.61165050556 1638.37078199697 1815.37098529068 1884.77893928477 1355.41116332516
5527.15562155298 5111.17864091247 4568.28167473634 4683.22723939818 4546.02940282151
1096.15846367527 1151.47792084449 1079.75732789201 1065.15222460442 1316.99800359871
89050.5191335816 91296.3803384633 81669.5192847607 66992.4369065222 72001.8848062204
157807.975828682 153898.614363417 153319.734117738 141343.864354267 131933.649509525
273996.996224612 292794.382306882 258430.200688611 307784.404531751 364439.88088009
268253.39777081 244527.872446677 144024.671660653 51496.6382592487 55669.3403874171
1723786.9195486 1701030.6030242 1756861.46804282 1780683.94639037 1714553.66425499
12694.2724786679 12840.9979812693 11085.1701330505 10769.5883209012 9640.14201092673
5560.87789602815 4934.34789086727 4823.99673224917 6520.48870074351 7195.15027499017
2165.06442288451 2304.04890897181 1287.09440935646 1071.76708419954 853.214123474114
393.648076888094 418.91798344942 234.017165337538 194.866742581735 155.129840631657
1131.0874231517 4338.42262903573 19096.7231990801 37231.1994373183 30658.871114984
