1.60870091419893 0.199568623480867 0.218082772897539 0.0128493926711986 0.0443575501605992 0.115752424311852 0.0229024860245919 0 0.00144821305106791 10.2128701949594 4.53727999588246 2.20846782432512 1.25619689089775 6.12565291826041 0 0 1.13731108637015 0.590407394563741 22.0081513179443
28.305690212928 3.51148406929503 3.83724740623275 0.226089837560842 0.780487573773503 2.03670690744788 0.402977749808034 0 0.0254818466403746 14.4859217946939 6.4356720418734 38.8588118082191 1.78178803538145 8.68861812805127 0 0 1.02649034138827 0.532877499627792 19.8636547470784
4.01646137212273 0.498265190392927 0.544489672093309 0.0320812208556525 0.110747986284797 0.289000358534403 0.0571808902645895 0 0.00361576954850849 0 0 5.51390605281953 0 0 0 0 0.131012453115629 0.0680119292130315 2.5352271047549
8.61447999274419 1.06867591046998 1.16781787547099 0.0688075919569385 0.237531554195646 0.619846072408447 0.122641198187666 0 0.00775507879901211 0 0 11.8261895168635 0 0 0 0 0.0127576955660689 0.00662284742500845 0.246874665912586
0.290370696021839 0.0360221589934982 0.0393639650463956 0.00231931682294828 0.00800654279504196 0.0208933256126014 0.00413390130439675 0 0.000261402618668805 0 0 0.39862869078461 0 0 0 0 0 0 0
0.496892036322794 0.0616423219706596 0.0673609321381786 0.00396889243584623 0.0137010635296159 0.0357533568346713 0.0070740700258013 0 0.000447320894532291 0 0 0.682146733862416 0 0 0 0 0.0350267129689136 0.0181832662953377 0.677803292721234
0 0 0 0 0 0 0 0 0 0 0 0 0 0 0 0 0.030239161238806 0.01569792523326 0.585159191928215
0.287536789762383 0.0356705965829333 0.0389797878946708 0.00229668118322201 0.00792840201825445 0.0206894147943074 0.00409355601837785 0 0.00025885142969749 0 0 0.394738228153599 0 0 0 0 0.000374107834710946 0.000194208985232458 0.00723937534261168
0.762223077057328 0.0945581673579327 0.103330408246788 0.00608820666023923 0.0210171748369852 0.0548449797330786 0.0108514909240415 0 0.000686181874005613 0 0 1.0464003133096 0 0 0 0 0 0 0
5.305072616319 0.658124844811211 0.719179641397647 0.042373918355265 0.146279536865417 0.381721058942227 0.0755263768313285 0 0.00477582584307906 21.3578747561675 9.48868007091196 7.28294618063482 2.62704757357273 12.8103975993478 0 0 0 0 0
2.81954592871851 0.349780928741273 0.382230400330875 0.0225209375296615 0.077744811890981 0.202877535424476 0.0401408432470036 0 0.00253826126162728 5.14242840469128 2.28463077327463 3.87074838325835 0.632525671071957 3.08441515096214 0 0 0.0473341719708268 0.0245723843564401 0.915965413269968
0.510897228413295 0.0633797467973734 0.0692595393305416 0.00408075798587982 0.0140872360028084 0.0367610860670724 0.00727345681876781 0 0.000459928895055668 2.64135500614258 1.17347689754343 0.701373437740287 0.3248902495707 1.58427784674329 0 0 0.166190713660258 0.0862738677471284 3.21596300054153
0 0 0 0 0 0 0 0 0 16.072396027943 7.14049621618408 0 1.97692651861417 9.64018123725872 0 0 1.44977914794481 0.752617590463151 28.0547329995736
4.57878291289438 0.568024419628724 0.620720523825351 0.0365727271518657 0.126253171699318 0.329461628253708 0.0651864561937062 0 0.00412199254313372 14.2519652978186 6.33173200220629 6.28587616780981 1.75301106883142 8.54829163114371 0 0 0 0 0
1.9106391798237 0.237025806177218 0.259014890005283 0.0152611046949997 0.0526830515913761 0.137478082530917 0.0272010705829306 0 0.00172002923084074 14.9215331024854 6.62920142539559 2.62297678536273 1.8353688172813 8.94989665483772 0 0 0 0 0
8.73435053633693 1.08354654252442 1.18406806859558 0.0697650500342842 0.240836807274862 0.62847123442705 0.124347751236254 0 0.00786299076955765 6.24622315917993 2.77501455016559 11.9907510188011 0.768293923513102 3.74646836714137 0 0 0 0 0
0 0 0 0 0 0 0 0 0 5.55358272168517 2.46729462996771 0 0.683098209920227 3.33102443842689 0 0 2.14240255950359 1.11217619209203 41.4577157284129
0 0 0 0 0 0 0 0 0 18.3990403223125 8.17415633453033 0 2.26310692363434 11.0356964195228 0 0 2.3614846229118 1.22590731790503 45.6971813067569
0 0 0 0 0 0 0 0 0 2.28654405851451 1.01584475454533 0 0.281248021601638 1.37146316533852 0 0 7.15971372598596 3.7167912785173 138.547900361694
