2.07612389642975 0.20903323453067 0.219360651791112 0.0326130856138131 0.0935282448263191 0.133856619182459 0.0240279681149353 0 0.00205175454611778 0.884665550211251 2.67312204083471 1.22144164793344 0.465992819990238 1.19811155923479 0 0 0.518046253380449 0.049449869640861 0.0563352874602922
7.91646033601729 0.797063851977796 0.836443288463442 0.124356835900243 0.356632203761122 0.510408178574308 0.0916209561790043 0 0.00782353765664783 1.25480846521921 3.79155282423112 4.65747462145829 0.660963609485522 1.69939987653617 0 0 0.460974461852962 0.0440021077223281 0.050128977192445
1.1026678050409 0.111021417506397 0.11650649984753 0.017321413038613 0.0496745808905317 0.0710937264957742 0.0127616983294933 0 0.00108972479231176 0 0 0.648730253155141 0 0 0 0 0.0554353583708749 0.00529155693540169 0.00602835524609821
1.94353989872431 0.195684097740214 0.205351992575854 0.0305303711497944 0.087555408321344 0.125308359745214 0.0224935105255326 0 0.00192072680711703 0 0 1.1434387807031 0 0 0 0 0.0364469483293437 0.00347902688598281 0.00396344785390447
0.0647395897092396 0.00651826505266985 0.00684030400099412 0.00101697099360082 0.00291648307054014 0.0041740392375622 0.000749262026212721 0 6.39796823918628e-05 0 0 0.0380881079770684 0 0 0 0 0.0013194248637771 0.000125945100633269 0.000143481742215309
0.163968020036502 0.0165090174275056 0.0173246557250068 0.00257571481382869 0.00738666952778347 0.0105717220700901 0.00189767978880323 0 0.000162043378579843 0 0 0.0964669637232052 0 0 0 0 0.0173159376706159 0.00165288495946788 0.00188303326190113
0.0258096059873803 0.00259862401795094 0.00272701065750441 0.000405433842928505 0.00116270861859916 0.00166405608347515 0.000298706830931562 0 2.55066552189786e-05 0 0 0.0151845117355236 0 0 0 0 0.0158729287501793 0.00151514319888076 0.00172611228851296
0.0652116114425339 0.00656579026532646 0.00689017722640859 0.00102438581370186 0.00293774739118633 0.00420447250481955 0.00075472495796581 0 6.44461635777007e-05 0 0 0.0383658115403128 0 0 0 0 0.000224796510712191 2.14578487498001e-05 2.44456474077453e-05
0.166817828087934 0.0167959485667343 0.017625762876038 0.00262048142632427 0.00751505182018939 0.0107554614277168 0.00193066197118225 0 0.000164859735847896 0 0 0.0981435853586581 0 0 0 0 0.010707172705243 0.00102204830368229 0.00116435868091083
1.1931871608503 0.120135302166657 0.126070661660902 0.0187433491310571 0.0537524283090895 0.0769298979111974 0.0138093218354473 0 0.00117918164029322 1.85007501924713 5.59022142318785 0.701985317229035 0.974517064902774 2.50557542958715 0 0 0 0 0
0.701943023354508 0.0706746937792858 0.074166421083087 0.0110265711772053 0.0316221488781695 0.0452572797444929 0.00812392006694198 0 0.000693703681056783 0.445450609594893 1.3459819276641 0.412972676956287 0.234638712541624 0.603278294601142 0 0 0.0298203567434 0.00284648859823363 0.00324283470509759
0.352557810747544 0.0354970624182614 0.0372508169154179 0.0055382041917156 0.0158825363436797 0.0227309153823576 0.00408031902618199 0 0.000348419519766884 0.228801084827815 0.691349654877004 0.207419602506298 0.120519740720411 0.309867638038131 0 0 0.105510324235733 0.0100714400406836 0.0114737910120227
0.202622864606931 0.0204009562490434 0.0214088782102039 0.00318292990225957 0.0091280491115952 0.0130639658220737 0.00234505066798018 0 0.000200244496159213 1.39223301616925 4.20679742826102 0.119208687920836 0.733351252496838 1.88551534466599 0 0 0.603528635353042 0.0576095515564267 0.0656311264511012
1.02983415668627 0.103688207227174 0.10881098774304 0.0161772953809719 0.0463934649096308 0.0663978285543073 0.0119187599174992 0 0.00101774605858641 1.23454254103897 3.73031692712723 0.605880184513155 0.650288642933242 1.6719535291418 0 0 0 0 0
0.429730241838807 0.0432671203205585 0.0454047593721256 0.00675047823110871 0.0193591121113196 0.0277065532706995 0.00497347223192356 0 0.000424686107998324 1.29254225698676 3.90556995808924 0.252822298159116 0.680839681330397 1.75050313480102 0 0 0 0 0
0 0 0 0 0 0 0 0 0 0 0 0 0 0 0 0 0 0 0
0 0 0 0 0 0 0 0 0 0.481065872799223 1.45359767582892 0 0.25339886086131 0.651512408069341 0 0 0.708551952417836 0.0676345045489753 0.0770519575415127
0 0 0 0 0 0 0 0 0 1.59377303533449 4.81577453516001 0 0.83951137351576 2.15846304400006 0 0 1.15020811197906 0.109792592507092 0.12508015298764
0 0 0 0 0 0 0 0 0 0.198066431766301 0.598481249979218 0 0.104330427540829 0.268243384563722 0 0 0.339160941803634 0.0323744535358014 0.0368822842113662
