338521107.828897 269777761.841528 30923178.4031133 2220385.75238266 9569095.94345993 12382302.0613889 13420059.8473816 0 329071.676524591 3664010177.08357 4588304883.62803 106126380.020341 222500187.520994 3844551655.36886 0 0 249293135.861752 45326024.7021366 6089280882.4651
19152850238.4969 15263488600.0648 1749571861.71241 125625004.773919 541400395.084173 700565995.753156 759280264.964988 0 18618220.2304272 4712243551.58858 5900968899.00245 6004419269.21373 286155065.952247 4944435978.93641 0 0 191880171.239045 34887303.8616446 4686901042.86707
0 0 0 0 0 0 0 0 0 0 0 0 0 0 0 0 77809675.7386679 14147213.7706669 1900593729.98153
43976068087.8905 35045865527.9428 4017119664.03181 288442382.971035 1243087077.93148 1608540637.32915 1743352044.94933 0 42748526.2158486 0 0 13786498997.4415 0 0 0 0 18130409.8808547 3296438.16015539 442856791.452007
7435116098.71387 5925270045.95759 679181936.520776 48767493.2850553 210171057.738939 271958974.689115 294751791.57042 0 7227573.29801547 0 0 2330909176.23456 0 0 0 0 0 0 0
179205517.106648 142814324.414657 16370040.2963115 1175422.64789316 5065665.76539038 6554914.28027428 7104280.08456049 0 174203.19912975 0 0 56180936.3444912 0 0 0 0 3777168.72517805 686757.950032373 92261831.5525015
0 0 0 0 0 0 0 0 0 0 0 0 0 0 0 0 51369494.6624215 9339908.12044028 1254760909.11402
29041098446.8405 23143734199.1923 2652842164.1227 190482778.573143 820915006.226858 1062254745.26411 1151282062.4092 0 28230449.2482277 0 0 9104385453.96502 0 0 0 0 57412964.6227064 10438720.8404921 1402379839.59802
6726887083.23303 5360860813.41951 614486732.323806 44122165.1828193 190151297.545717 246053631.135897 266675327.345303 0 6539113.6891528 0 0 2108879353.27787 0 0 0 0 0 0 0
12004309230.9967 9566598956.15363 1096567946.19696 78737179.3583192 339330056.855509 439089260.607199 475889226.936708 0 11669222.6062322 22802981735.3196 28555333473.6443 3763351394.83937 1384730791.38249 23926582334.8911 0 0 0 0 0
2066119999.14179 1646553837.18708 188735638.216082 13551838.5787809 58403745.1291876 75573786.4871369 81907607.5290687 0 2008446.6117316 1766625677.69238 2212280215.59443 647728697.34131 107279872.480821 1853674893.17279 0 0 8309771.19539172 1510867.49007122 202976029.415503
78536374.3583839 62588024.2252493 7174129.64584033 515126.066399635 2220015.48472633 2872674.96065075 3113433.16476028 0 76344.1208851858 229834622.199891 287813425.318035 24621156.3114416 13956906.2493699 241159558.662305 0 0 8309771.19539172 1510867.49007122 202976029.415503
250999946.151674 200029487.465131 22928307.6727468 1646327.78103067 7095104.29625156 9180984.81531986 9950440.96555294 0 243993.568429007 924902936.656221 1158221854.2088 78688492.546945 56165530.9070484 970476866.690236 0 0 0 0 0
258698989.66484 206165089.291037 23631598.813491 1696826.39434683 7312735.88360771 9462597.63106189 10255655.6842951 0 251477.701908194 379933158.374779 475776289.303539 81102142.9775245 23071769.6999191 398654092.746523 0 0 0 0 0
3939102787.73472 3139190759.93312 359828605.768623 25836875.4703407 111348012.38461 144083070.274139 156158638.069644 0 3829147.21825185 14515093696.3349 18176716786.9121 1234908871.92068 881441620.855422 15230314546.3686 0 0 0 0 0
49616103.0881045 39540580.8761943 4532324.78559716 325435.802488451 1402515.94305501 1814839.78794151 1966941.07822892 0 48231.1260604523 16741612.7680545 20964904.5474587 15554650.1818671 1016648.91751501 17566543.7513059 0 0 0 0 0
0 0 0 0 0 0 0 0 0 1040690928.50456 1303218888.27438 0 63196856.8733538 1091970228.94031 0 0 249293135.861752 45326024.7021366 6089280882.4651
0 0 0 0 0 0 0 0 0 2342392700.69557 2933292034.83024 0 142243823.014547 2457812424.02311 0 0 16619542.3907834 3021734.98014244 405952058.831006
0 0 0 0 0 0 0 0 0 45672596.3331966 57194108.824878 0 2773507.9209839 47923080.8189374 0 0 77809675.7386679 14147213.7706669 1900593729.98153
