9.16900143533644 1.41012690105014 1.18507079053001 0.181007044273955 0.471435926188988 0.744957718688739 0.145540835439037 0 0.0119575372472671 9.45338015149111 5.13036922594746 12.1124752188847 2.11370770541899 5.43454291714245 0 0 1.58004107281037 0.82023990118571 0.336145618364631
34.96228539566 5.37694966090967 4.51878903987218 0.690197289766118 1.79763058315869 2.84059551655417 0.554961220284255 0 0.0455952409667002 13.4086621053501 7.27690903402054 46.1860343721244 2.99808025883395 7.70834860179539 0 0 1.40597210865153 0.729876231267189 0.29911334078517
4.86982626831945 0.748944481340448 0.629413018008693 0.0961361894392398 0.250388340908838 0.395660824446652 0.077299429881502 0 0.00635086921970939 0 0 6.43315964244135 0 0 0 0 0.169077843031168 0.0877726507538852 0.0359704422090623
8.58345696597487 1.32007434583669 1.10939061400364 0.169447696788019 0.441329409008779 0.697383740741118 0.136246406611798 0 0.0111939132199724 0 0 11.3389566493092 0 0 0 0 0.111163192404498 0.0577076681881275 0.0236493979132663
0.285916169062888 0.0439718637066593 0.0369539587147241 0.00564432681543217 0.0147007452147513 0.0232299513249555 0.00453838713020277 0 0.00037287083716548 0 0 0.377702254370474 0 0 0 0 0.00402424583452016 0.00208908936764708 0.000856137620580969
0.724148984388336 0.111368939186633 0.0935944677774064 0.0142955662295966 0.0372330454479205 0.0588352373162114 0.0114945175778938 0 0.000944381840755642 0 0 0.956618524933453 0 0 0 0 0.0528136098953784 0.0274169013118085 0.0112358240946063
0.113985641584645 0.0175301771589339 0.0147323626606924 0.00225021276508829 0.0058607174283566 0.00926103939638586 0.00180930994735689 0 0.000148651689555768 0 0 0.150577821231634 0 0 0 0 0.048412432688047 0.025132137187784 0.0102994962615207
0.288000807632642 0.0442924662223104 0.0372233931013637 0.00568548007171115 0.0148079295708485 0.0233993228322201 0.00457147688825005 0 0.000375589469452837 0 0 0.380456112922525 0 0 0 0 0.000685629357672184 0.000355927808627636 0.00014586412237609
0.736734887454597 0.113304561142078 0.0952211646648981 0.0145440269948838 0.0378801657380429 0.0598578094798219 0.0116942953683039 0 0.000960795449780209 0 0 0.973244810802475 0 0 0 0 0.0326568767509911 0.0169530234499681 0.00694758270415982
5.26959629397611 0.810426254616152 0.681082306499512 0.104028127426572 0.270943027658227 0.428141107977374 0.0836450351175667 0 0.00687221988213897 19.7695755888132 10.728990116291 6.96126562684635 4.42033469354837 11.3650996013474 0 0 0 0 0
3.10006382554041 0.476767663981344 0.400675593120557 0.0611989641488248 0.159393743271346 0.251872190396198 0.0492077444054771 0 0.00404287521648147 4.76000670559447 2.58326561783655 4.09526015767729 1.06430321115079 2.73642446541819 0 0 0.0909520880673699 0.0472155648437166 0.0193495893309792
1.55703764998915 0.239461264313461 0.201243270793526 0.0307377836981939 0.0800570805676646 0.126505293278519 0.0247150752443024 0 0.0020305739754156 2.44492806737462 1.32686758762531 2.05688482910267 0.546668304076373 1.4055360409237 0 0 0.321806488918985 0.167058013373244 0.0684626767448631
0.894864386276668 0.137623748101655 0.115659011849978 0.0176656922488553 0.0460105959992579 0.0727054234245525 0.0142043069031942 0 0.00116701631094939 14.8771566363833 8.07386409451247 1.18213774743955 3.32642505782321 8.55255421128101 0 0 1.84076233782678 0.955587005975649 0.391612727642915
4.54816346801509 0.69947504118656 0.58783889549065 0.0897861814098389 0.233849636966922 0.369526551528091 0.0721936315002808 0 0.00593138025541756 13.1921040113321 7.15938250241222 6.00823521364714 2.94965942896555 7.5838540572901 0 0 0 0 0
1.89786226679599 0.291877654919227 0.245294010769939 0.0374660688816006 0.0975810137926182 0.15419641436733 0.0301250318047941 0 0.00247505237134507 13.8118787537781 7.49573555441158 2.50712248629715 3.08823659689266 7.94014909491768 0 0 0 0 0
0 0 0 0 0 0 0 0 0 0 0 0 0 0 0 0 0 0 0
0 0 0 0 0 0 0 0 0 5.14058513117637 2.78980632723105 0 1.14939780565324 2.95521073593933 0 0 2.1610834548744 1.12187392466157 0.459759399155514
0 0 0 0 0 0 0 0 0 17.0307777607199 9.24263879346544 0 3.80795922783598 9.79062421797866 0 0 3.50813474153613 1.82116284396684 0.746337637858124
0 0 0 0 0 0 0 0 0 2.11650298159469 1.14863060507375 0 0.473234820672403 1.21673159265916 0 0 1.03444087250108 0.537004824522421 0.220071979603696
