7467040882.69151 4568525293.31894 379380027.516284 74427238.5704276 185308267.328994 148158841.020445 191491726.004199 0 7372693.50474264 4612600917.56353 4016389712.65085 2185585106.46633 938571727.68344 3263547060.21136 0 0 575963926.923674 104720713.986123 832194709.884799
25271890098.3224 15461984330.6049 1283995964.60147 251895901.338026 627168143.287419 501437451.084891 648095802.653731 0 24952575.3116423 5273733469.11195 4592066218.42154 7397022124.14275 1073098935.26643 3731317247.48253 0 0 423298789.666796 76963416.3030539 611612979.553889
2318804818.79848 1418703691.5127 117812162.780548 23112534.4240467 57545379.7556795 46009046.944172 59465582.6845454 0 2289506.3111211 0 0 678708655.327673 0 0 0 0 36431453.2090276 6623900.58345956 52638822.0107855
43562303819.6139 26652524066.9923 2213282112.87372 434204396.359377 1081078189.9405 864350490.038846 1117152146.10293 0 43011886.4310713 0 0 12750582717.7407 0 0 0 0 199505577.097056 36273741.2903738 288260215.773349
7609208773.30429 4655507220.21154 386603191.163029 75844287.6636258 188836423.380789 150979694.720648 195137611.326579 0 7513065.07899416 0 0 2227197309.91111 0 0 0 0 0 0 0
246807969.453518 151003385.243909 12539641.3001509 2460042.19237361 6124990.86330611 4897091.53643498 6329372.61289108 0 243689.507248657 0 0 72240105.6414696 0 0 0 0 8674155.52595894 1577119.18653799 12533052.8597108
551647867.410905 337512178.500857 28027726.9678229 5498513.81285858 13690150.0998348 10945635.6234037 14146969.8554768 0 544677.699353844 0 0 161466018.730649 0 0 0 0 117968515.153042 21448820.9369167 170449518.892067
33146628777.7046 20279949492.4706 1684090007.71734 330386840.865183 822594176.607719 657685712.532147 850042909.310439 0 32727815.2795396 0 0 9701939406.0163 0 0 0 0 26022466.5778768 4731357.55961397 37599158.5791325
6207481232.94665 3797894703.67776 315385229.297587 61872660.6569001 154049992.470372 123167026.882278 159190409.441974 0 6129048.61322538 0 0 1816914992.77117 0 0 0 0 126642670.679001 23025940.1234546 182982571.751778
15102801690.9407 9240277722.99708 767332255.319968 150536181.8949 374803627.987214 299665373.451771 387310262.355885 0 14911975.1290392 29940736907.9053 26070685466.892 4420554133.85345 6092339153.11534 21183927606.72 0 0 0 0 0
2793549670.46009 1709164651.45152 141932656.790978 27844522.4886366 69327040.9608159 55428795.4238742 71640380.2361454 0 2758252.6778872 2317533028.40479 2017975537.09249 817665344.257598 471571466.360956 1639720894.34269 0 0 34696622.1038358 6308476.74615196 50132211.4388433
263691771.0402 161333323.944919 13397461.313616 2628330.3735165 6543993.25891463 5232094.98886021 6762356.48938765 0 260359.979025775 257220690.354098 223973101.745133 77181954.2088078 52339248.9522151 181990994.415808 0 0 26022466.5778768 4731357.55961397 37599158.5791325
0 0 0 0 0 0 0 0 0 1273221481.56244 1108648624.03371 0 259075022.320587 900840609.75861 0 0 124907839.573809 22710516.2861471 180475961.179836
278433203.599616 170352506.85358 14146433.3867413 2775264.63237568 6909828.85141349 5524590.18170786 7140399.46637475 0 274915.150985974 426760278.418205 371598502.155326 81496736.4573582 86837153.0466627 301945101.459676 0 0 0 0 0
4107748481.35106 2513224867.85159 208703522.100339 40943712.6449248 101941286.469573 81504743.8150753 105342914.153365 0 4055846.35511692 15797082053.2109 13755197768.5361 1202328210.46434 3214389204.70731 11176887317.1682 0 0 0 0 0
145221089.702842 88849951.6546951 7378288.38397229 1447481.65418842 3603926.76767588 2881434.38346138 3724184.39329397 0 143386.195632809 51139306.3151802 44529190.2480226 42505867.556592 10405822.6450956 36182521.6984764 0 0 0 0 0
0 0 0 0 0 0 0 0 0 1403383410.30043 1221986205.34743 0 285560362.916399 992933896.708025 0 0 582903251.344441 105982409.335353 842221152.172568
0 0 0 0 0 0 0 0 0 2683842371.68965 2336936813.88864 0 546108067.150399 1898895230.42133 0 0 440647100.718714 80117654.6761299 636679085.27331
0 0 0 0 0 0 0 0 0 53871125.8943865 46907902.8769353 0 10961693.1112381 38115362.1752666 0 0 36431453.2090276 6623900.58345956 52638822.0107855
