0.40390284213168 0.0939903128696899 0.0579053680864805 0.00399747390612058 0.0176508765524611 0.0213225333141636 0.00973225725070923 0 0.000617480382538696 9.07564218265213 4.95135225925296 0.617477742689801 0.546782256029338 7.55822330206557 0 0 0.807194024081056 0.419035149113117 25.7151739396222
25.2029765394154 5.86486501972873 3.61321456835402 0.249436821343377 1.10139018904641 1.33049647296755 0.607279339433847 0 0.0385299185134191 12.872879061893 7.02299160141284 38.5297537905134 0.775555240433444 10.7205740962607 0 0 0.685212033630466 0.355711164999422 21.8291341420539
0 0 0 0 0 0 0 0 0 0 0 0 0 0 0 0 0.475149455708201 0.246662285750159 15.1370680856605
7.80689817475418 1.81670621111334 1.11923280865509 0.077265788912537 0.341167680853542 0.412135863003432 0.188111430377183 0 0.011935064497061 0 0 11.9350134723358 0 0 0 0 0.00873466398434463 0.00453438840717344 0.278264453106284
0.263429882369306 0.061301517296688 0.0377665188565319 0.00260719651118572 0.0115120961006114 0.0139067910815405 0.00634748537349068 0 0.000402727506642529 0 0 0.402725784904004 0 0 0 0 0 0 0
0.424586939284771 0.0988036109207401 0.0608707353338735 0.00420218684699705 0.0185547881058472 0.0224144725248226 0.0102306517493221 0 0.000649101908535273 0 0 0.649099133498195 0 0 0 0 0.0242861180409181 0.01260754761687 0.773694714169107
0 0 0 0 0 0 0 0 0 0 0 0 0 0 0 0 0.018591360698483 0.00965125282161686 0.592274050442844
0.248761765897279 0.0578881695491488 0.0356636302535069 0.00246202443826986 0.010871087704289 0.013132442972277 0.00599404918043069 0 0.000380303118335511 0 0 0.380301492465612 0 0 0 0 0.00133461815022881 0.000692834558861953 0.0425175817117601
0.691503441219428 0.160916482903806 0.0991371119983961 0.00684389084186251 0.0302192522641048 0.0365053265890439 0.016662149105413 0 0.00105715970493664 0 0 1.05715518537301 0 0 0 0 0 0 0
4.81286395088722 1.11997872101049 0.689994299508837 0.0476334802593631 0.21032599575817 0.254077073059746 0.115968557773675 0 0.00735783154635901 18.979623295765 10.3546172043767 7.35780009019614 1.14346963392653 15.8062898659318 0 0 0 0 0
2.57441923603761 0.599080878401038 0.369080575627821 0.0254793297941689 0.112504175236198 0.135906792919123 0.0620320227113527 0 0.0039357320842155 4.56980645596762 2.49312622343733 3.93571525819432 0.275318157472933 3.80574916312212 0 0 0.0280988960644105 0.0145868586126721 0.895160244317076
0.386351130565889 0.0899059373977057 0.0553890740356613 0.00382376255360394 0.0168838527491693 0.0203959566339724 0.00930933927556697 0 0.000590647598905249 2.34723368215709 1.28056842273468 0.59064507377173 0.141414315629493 1.95478357947873 0 0 0.110937114833085 0.0575903055144431 3.53417780507027
1.86705929129246 0.434474503840276 0.26767020239567 0.0184785052730288 0.081591981113083 0.0985643817904186 0.0449878025846152 0 0.00285433120332893 14.2826955187861 7.79213804399877 2.85431900050713 0.860492769632291 11.8946736675829 0 0 0 0 0
4.15395995761099 0.966648300872149 0.595530794218937 0.0411122299857598 0.181531365386515 0.219292711867042 0.100091909983231 0 0.00635050937036938 12.6649741917229 6.90956599164232 6.350482220705 0.763029548954732 10.5474302676801 0 0 0 0 0
1.73336862599003 0.403363983812207 0.24850369407598 0.017155353043602 0.0757495923420228 0.0915066853165367 0.0417664537575687 0 0.00264994699370784 13.2599839878113 7.23418248035441 2.64993566466834 0.798877237979608 11.0429562938547 0 0 0 0 0
7.92397086166872 1.84394964028438 1.13601688720448 0.0784244710564664 0.34628385070639 0.418316275732739 0.1909323600346 0 0.0121140433998073 5.55069097164193 3.02826243363673 12.1139916099124 0.334413727526348 4.62263286719499 0 0 0 0 0
0 0 0 0 0 0 0 0 0 4.93517773668075 2.69245998735358 0 0.297330763207712 4.11003151275796 0 0 1.54539062553903 0.802251964077637 49.2322633156747
0 0 0 0 0 0 0 0 0 16.3502622947183 8.92013000546422 0 0.985057930254915 13.6165497695625 0 0 0.151646015360066 0.0787233413071381 4.8310611152928
0 0 0 0 0 0 0 0 0 2.03193179917132 1.10855076720696 0 0.122418252162072 1.69219918145966 0 0 4.52516016742889 2.34912686287292 144.160235753181
