0.904637791728936 0.0932545669621596 0.0484162492450382 0.00715911834620205 0.0188400012931151 0.036836973977927 0.00933201658276385 0 0.000784480206942147 0.952722563374698 2.3373976505922 0.40264654310992 0.280076392866982 1.36574971031297 0 0 0.3728888807771 0.0355939386196323 2.87599715759604
8.02904314251468 0.827673736628568 0.429714696358425 0.0635402042558577 0.167212982445 0.326943729316461 0.0828255954313751 0 0.00696259374036261 1.3513404441288 3.31536178598366 3.57365842481035 0.397259991183819 1.93717761188075 0 0 0.336554210291237 0.0321256291641636 2.59575707958203
1.13320429196076 0.116816339636324 0.0606491370875197 0.0089679468520392 0.0236001309265461 0.0461442329695882 0.0116898512763059 0 0.000982687596729852 0 0 0.504379537276776 0 0 0 0 0.042954902660862 0.00410024070853683 0.331300246067945
2.31903440926635 0.239057611326591 0.124114810362137 0.0183523637157834 0.048296248143531 0.0944313967082849 0.023922577368687 0 0.00201101104764849 0 0 1.03218237926969 0 0 0 0 0.0041828510052685 0.000399272141411993 0.0322612666184352
0.0779896640634686 0.00803956281315992 0.00417400980630833 0.000617194240518985 0.00162421400613521 0.00317574973311981 0.000804521815226738 0 6.7630767101747e-05 0 0 0.0347125323754647 0 0 0 0 0 0 0
0.148012413787141 0.0152578564359598 0.00792163005215819 0.00117133995141193 0.00308250892527646 0.00602708563022404 0.00152685894016949 0 0.000128352817071493 0 0 0.0658790593247788 0 0 0 0 0.0114841681865291 0.00109621605416868 0.0885744702094125
0 0 0 0 0 0 0 0 0 0 0 0 0 0 0 0 0.0099144790946905 0.000946382095402275 0.0764678572231814
0.0773839599166877 0.007977123814445 0.00414159249718481 0.000612400821861003 0.00161159960177035 0.0031510853778416 0.00079827352315483 0 6.71055149856439e-05 0 0 0.0344429386407363 0 0 0 0 0.000122658306462605 1.17082928896123e-05 0.00094603234080575
0.204722868166605 0.0211038523845448 0.0109567757415594 0.00162013488136234 0.00426356176610492 0.00833634304943949 0.00211186976497019 0 0.000177530763642086 0 0 0.0911203974855948 0 0 0 0 0 0 0
1.42487116243957 0.146882812596432 0.0762591591612533 0.0112761387742819 0.0296743898920903 0.0580209476240989 0.0146986135641925 0 0.00123561411494892 1.99240064717308 4.88813089011428 0.63419796649974 0.585715514524461 2.85615215941287 0 0 0 0 0
0.776959867512053 0.0800928909385246 0.0415829218531333 0.00614870138371905 0.0161809787767652 0.0316379115300226 0.00801492313725607 0 0.000673760971766068 0.479718970099748 1.17693653615577 0.345818191158001 0.141025272099659 0.687688178733407 0 0 0.0155194006461727 0.00148139733440739 0.119697192506706
0.206273769883324 0.0212637270540709 0.0110397800608104 0.00163240840015055 0.00429586087036037 0.00839949597838346 0.00212786847812476 0 0.000178875668432492 0.246402672725319 0.60452124308647 0.0918106905737782 0.0724361681172331 0.353223899414036 0 0 0.0544887585771337 0.00520119968236276 0.420257945107376
0 0 0 0 0 0 0 0 0 1.49933701799841 3.67845473387522 0 0.440767249392598 2.14933410492503 0 0 0.475337425555675 0.0453731178939508 3.66615674339274
1.22979951520082 0.126773856110016 0.0658189171332245 0.00973238168018375 0.0256118246092446 0.0500776036041329 0.0126863033738566 0 0.00106645265873567 1.3295154694482 3.26181666539581 0.547373244895609 0.390843999353729 1.90589100863077 0 0 0 0 0
0.513171989537623 0.0529003233105923 0.0274649845255088 0.00406113810261492 0.0106873281603697 0.0208964332439283 0.00529375354419193 0 0.000445010447529495 1.3919770833763 3.41505920972119 0.228408463030558 0.409206137707695 1.99543116901682 0 0 0 0 0
2.34592909502914 0.241830049419851 0.125554214973755 0.0185652027548111 0.0488563573045471 0.0955265519722438 0.0242000162020203 0 0.00203433347442055 0.582688081413334 1.42955966918561 1.04415297385398 0.171295592528803 0.835296768425646 0 0 0 0 0
0 0 0 0 0 0 0 0 0 0.518074103118312 1.27103654097583 0 0.15230071336319 0.742671144208233 0 0 0.702427068689702 0.0670498565567443 5.41764143988432
0 0 0 0 0 0 0 0 0 1.7163814407589 4.21094881277843 0 0.504572832838979 2.46047227767933 0 0 0.774257253413705 0.07390637418949 5.971649397068
0 0 0 0 0 0 0 0 0 0.213303613490781 0.523316424112119 0 0.062705879915741 0.30577563661539 0 0 2.34744712327409 0.224074498130708 18.1052629943635
