0 0 0 0 0 0 0 0 0 9.52609142398634 5.00704777848622 0 0.570849158348382 7.02801163917906 0 0 0.979470213271946 0.50846814350183 30.1708647150869
37.7685658397339 5.72882356211281 2.41595437943031 0.172245273579956 0.749817406818607 0.798853410705365 0.442214949902309 0 0.0556268190762116 13.5117956796394 7.10199005341764 49.0871327595452 0.80969170336492 9.96852256357804 0 0 0.0677167327925215 0.0351534951655166 2.08589537113734
0 0 0 0 0 0 0 0 0 0 0 0 0 0 0 0 0.557959474680323 0.289651093413282 17.1869645436651
9.21723903567182 1.39809216980198 0.589602186881561 0.0420356405929743 0.182989375373205 0.194956379126969 0.107920457337279 0 0.0135754608844614 0 0 11.9794815122287 0 0 0 0 0.00848043456300603 0.00440241138516707 0.26122493615287
0.310790892954265 0.0471414826287462 0.0198804641432793 0.00141737609551348 0.00617011570962653 0.00657362437075873 0.00363890913255902 0 0.000457743321424008 0 0 0.403929391643828 0 0 0 0 0 0 0
0.464777301013848 0.0704984977317341 0.0297305637870658 0.00211963815906036 0.0092271999967688 0.00983063359378971 0.00544186590922504 0 0.000684539702776531 0 0 0.604062785314662 0 0 0 0 0.0279567014491326 0.0145130417358885 0.861157231606049
0.101596776529649 0.0154104344254832 0.00649887470533983 0.000463336750525509 0.00201699561063153 0.00214890159694644 0.00118955042227284 0 0.000149635163027438 0 0 0.132043522081692 0 0 0 0 0.00428439973049659 0.00222414193659659 0.131973431047339
0.292127203567673 0.0443105309858491 0.0186865977332811 0.00133225948563091 0.0057995864383562 0.00617886350040715 0.00342038448690247 0 0.000430254809490354 0 0 0.379672526752794 0 0 0 0 0.00148633239178669 0.000771593318140632 0.045783866529688
0.815826094004945 0.123746391900459 0.0521862183761081 0.0037206122507229 0.0161965537377696 0.0172557639732417 0.00955213647296742 0 0.00120157621873802 0 0 1.06031465306505 0 0 0 0 0 0 0
5.67814961427442 0.861274887627192 0.363216079897712 0.0258954612650314 0.112728014014877 0.120100117253762 0.0664828698518532 0 0.00836297048241663 19.9216345322512 10.4710916039877 7.37978998533274 1.19380003817985 14.6974738255812 0 0 0 0 0
3.02342076064726 0.458599465102143 0.193400158707157 0.0137884487929678 0.0600238177983736 0.0639492110155668 0.035399857804414 0 0.00445299618623199 4.79661859881185 2.52117027125657 3.92948614717383 0.287436427825518 3.53877470210607 0 0 0.0301178100620429 0.0156349287207326 0.927726397989285
0 0 0 0 0 0 0 0 0 2.46373338653975 1.29497295698785 0 0.147638739489704 1.81765491698269 0 0 0.851526076276308 0.442049055990433 26.2297696250291
2.20273045381335 0.334115258131238 0.140902789615492 0.0100456530769518 0.043730695091978 0.0465905627277525 0.025790768477012 0 0.00324425579059266 14.9915852294164 7.87978827601097 2.86284956327563 0.898367801611881 11.0602586929607 0 0 0 0 0
4.90078389327256 0.743362254202041 0.313490068959335 0.0223502493061283 0.0972950120961733 0.103657839296402 0.05738104838404 0 0.00721803999970483 13.293571915318 6.98728857033014 6.36946159448361 0.796614687131293 9.80752482722055 0 0 0 0 0
2.04500407563906 0.31019095569715 0.130813454062778 0.00932633470847873 0.0405993613693426 0.0432544483595924 0.0239440220922383 0 0.00301195105496997 13.9181136944706 7.31555652291389 2.65785539701639 0.834040230632265 10.2682895519833 0 0 0 0 0
9.34859006006429 1.41801579747268 0.59800436142984 0.0426346729530456 0.185597080545566 0.197734621072423 0.109458386707375 0 0.0137689191084342 5.82618712791791 3.06232598633605 12.1501961006463 0.349133119799553 4.29835376594649 0 0 0 0 0
0 0 0 0 0 0 0 0 0 5.18012426747134 2.72274625041034 0 0.310417929727217 3.82171155239111 0 0 1.34100590946252 0.696150608737375 41.3073387309763
0 0 0 0 0 0 0 0 0 17.1617710671057 9.02046850821446 0 1.02841576186819 12.6613446628117 0 0 0.226624827281251 0.117646768260759 6.98078094906208
0 0 0 0 0 0 0 0 0 2.13278219840027 1.12102035275515 0 0.127806554515275 1.5734908943293 0 0 4.74437538672815 2.46292711332882 146.142175648603
