8098130987.77829 3557022000.00477 987646204.301713 89469052.6459517 291844556.918752 576374026.239384 185510399.317365 0 5566314.75808328 2350244418.62824 2938636291.12072 2728458792.8774 521856121.502874 1677176958.76894 0 0 526678803.464696 95759782.4481265 275151059.868152
38231591076.78 16792839083.5527 4662716109.23353 422386874.199642 1377809493.93644 2721084175.06678 875801803.884807 0 26278788.2731037 2691902256.83952 3365829358.5973 12881159985.7502 597718969.178121 1920990176.44492 0 0 388663574.845935 70666104.5174427 203048221.890654
11585993281.4322 5089030179.45231 1413025092.42456 128003343.538962 417541909.458651 824618125.550174 265409665.930393 0 7963724.65286373 0 0 3903605077.59763 0 0 0 0 34900402.6392268 6345527.7525867 18232901.5575281
40022233191.5629 17579360492.7557 4881102412.27026 442170087.620041 1442341563.79028 2848530817.60798 916821482.900768 0 27509600.3759215 0 0 13484471197.9731 0 0 0 0 182433922.886868 33169804.1612486 95308349.0507153
6829653662.79302 2999856185.04211 832942999.678914 75454773.9512032 246130526.924607 486091789.004826 156452369.083206 0 4694416.77754732 0 0 2301077695.17164 0 0 0 0 38073166.5155202 6922393.91191276 19890438.062758
215826264.666026 94799500.3729279 26322121.9078475 2384472.59805085 7778056.52661669 15361155.9656795 4944105.81920635 0 148349.899996132 0 0 72717157.8788527 0 0 0 0 7931909.69073337 1442165.39831516 4143841.26307458
982186151.159585 431415317.070974 119787198.499812 10851301.9360693 35396523.2878438 69905832.2611455 22499728.0706605 0 675113.464654455 0 0 330922585.02835 0 0 0 0 109460353.732121 19901882.4967492 57185009.4304292
64606587296.8575 28377788986.9867 7879404619.77318 713780768.533065 2328325001.42813 4598290506.54712 1479995053.92792 0 44407851.7478457 0 0 21767542591.4879 0 0 0 0 25382111.0103468 4614929.27460851 13260292.0418386
25071062256.1194 11012210118.9884 3057661022.33196 276987886.744231 903523673.136707 1784400513.70696 574322986.064618 0 17232794.0913374 0 0 8447055297.41654 0 0 0 0 115805881.484707 21055614.8154013 60500082.4408888
16065490974.7819 7056604162.66677 1959343607.23891 177493332.717771 578976322.103644 1143440595.19688 368025122.149692 0 11042743.0284523 15785465688.6393 19737411980.3043 5412857630.75337 3505057531.5048 11264794047.1979 0 0 0 0 0
8439807528.39521 3707099959.18993 1029316997.09928 93243933.1025011 304158069.599193 600692413.245488 193337458.620664 0 5801168.84643985 3057854044.14146 3823398449.89788 2843577992.97099 678976126.461321 2182139995.93534 0 0 31727638.7629335 5768661.59326063 16575365.0522983
1223120535.58056 537243304.693848 149171500.954078 13513171.8362368 44079438.9845585 87054026.260206 28019005.78186 0 840721.630508552 291732067.244568 364768205.933632 412099283.784153 64777162.7170269 208185283.810694 0 0 23795729.0722001 4326496.19494547 12431523.7892237
213054973.959351 93582239.0039863 25984135.9266878 2353855.06982033 7678183.34481669 15163912.9246745 4880621.63422643 0 146445.031282255 1055768938.64328 1320084368.05309 71783442.1230002 234426461.842282 753415825.027237 0 0 112633117.608414 20478748.6560752 58842545.935659
225874390.252452 99213037.746387 27547589.0076953 2495485.40809823 8140175.97912494 16076318.34193 5174286.31304401 0 155256.559054526 148771188.317761 186016573.254495 76102617.6410615 33033651.6115182 106165812.882074 0 0 0 0 0
5883642905.83532 2584330543.40725 717567743.987453 65003141.7973616 212037710.863548 418760693.758728 134781339.860957 0 4044168.7578862 12096565688.4546 15124983022.3047 1982343487.01012 2685961853.00854 8632328234.50445 0 0 0 0 0
0 0 0 0 0 0 0 0 0 0 0 0 0 0 0 0 0 0 0
0 0 0 0 0 0 0 0 0 903386566.5179 1129552538.55253 0 200590970.915268 644673006.014217 0 0 526678803.464696 95759782.4481265 275151059.868152
567954916.645889 249468443.591395 69267651.8182254 6274829.1444788 20468247.7041312 40423458.5145249 13010600.0434238 0 390388.330248446 3070361446.14274 3839037123.53423 191357930.443351 681753311.781593 2191065504.3992 0 0 387077192.907788 70377671.4377797 202219453.638039
0 0 0 0 0 0 0 0 0 49378673.3117346 61740796.0853496 0 10964205.5673765 35237515.0757117 0 0 33314020.7010802 6057094.67292366 17404133.3049132
