1462254738.94428 621232543.684798 126306454.531346 7740415.61083379 26080209.0591734 72900678.9140632 34250142.5975765 0 837025.484302395 4471631460.20863 4559979689.96453 411653681.490627 554386399.723866 3379226110.88996 0 0 380934704.157627 69260855.3013868 5651958822.39823
21549655051.9331 9155276893.2093 1861413373.12288 114072659.113073 384351299.359273 1074357594.34366 504753883.711242 0 12335477.5170137 5312307080.42982 5417264953.33418 6066654872.5881 658612146.988001 4014527349.80457 0 0 287968496.595349 52357908.4718817 4272611728.83676
1980788175.68286 841529211.092627 171096270.017046 10485261.7731163 35328570.5615458 98752152.3756415 46395662.5790882 0 1133844.97098531 0 0 557631117.927958 0 0 0 0 23808419.0098517 4328803.45633667 353247426.399889
49860404567.8221 21182975259.9636 4306835707.03075 263935033.753353 889290860.389078 2485789409.40782 1167871726.40911 0 28541148.2482362 0 0 14036691798.1574 0 0 0 0 27209621.7255448 4947203.95009906 403711344.457016
8077885284.75215 3431854306.49632 697750551.428958 42760120.856755 144074032.637062 402722799.088697 189206925.114413 0 4623952.08066856 0 0 2274084759.35457 0 0 0 0 0 0 0
218232979.141089 92715328.688633 18850500.6159358 1155211.82017986 3892318.874422 10880000.534182 5111633.73659004 0 124921.164685851 0 0 61436907.6013094 0 0 0 0 5668671.19282184 1030667.48960397 84106530.0952117
0 0 0 0 0 0 0 0 0 0 0 0 0 0 0 0 77093928.222377 14017077.858614 1143848809.29488
35471177000.9049 15069774731.3681 3063924831.77916 187765951.362675 632650171.765861 1768414775.05747 830835310.721576 0 20304450.5975711 0 0 9985839136.18936 0 0 0 0 17006013.5784655 3092002.46881191 252319590.285635
7623837396.98981 3238954043.11748 658530860.520579 40356627.6316011 135975810.405095 380086251.299993 178571839.114818 0 4364045.4836654 0 0 2146261282.6426 0 0 0 0 0 0 0
15008602219.5891 6376339146.46109 1296411140.50774 79447729.4709791 267687614.987975 748253544.487815 351543922.218616 0 8591240.77834996 29105657328.9385 29680712166.0322 4225218898.71453 3608477291.06771 21995237777.4836 0 0 0 0 0
2565784332.66001 1090062275.11068 221626993.928799 13581926.9882435 45762335.3950195 127917123.341331 60097927.4867521 0 1468709.12192139 2254133801.57268 2298669835.62961 722319126.975803 279464247.863451 1703456080.29126 0 0 15872279.3399011 2885868.97089112 235498284.266593
104041643.314859 44201638.0622578 8986895.88122137 550742.315030939 1855646.44534544 5186993.91493443 2436949.61261869 0 59555.6332039046 259102076.850163 264221284.463646 29289784.0288883 32123100.6678795 195804263.224555 0 0 12471076.624208 2267468.47712873 185034366.209466
0 0 0 0 0 0 0 0 0 1182958361.98629 1206330654.1992 0 146661466.438074 893965395.067058 0 0 81628865.1766344 14841611.8502972 1211134033.37105
286622329.948462 121770245.887048 24757827.2931031 1517229.45261125 5112084.84198876 14289550.16433 6713505.80096054 0 164068.672952432 429739413.532134 438229987.225372 80689864.8903621 53278470.8238031 324755441.052956 0 0 0 0 0
4651543068.92932 1976187770.71405 401790397.725432 24622848.2810054 82963120.2105124 231902580.782728 108952297.548798 0 2662641.45796855 17498558589.3242 17844286247.8765 1309501537.54976 2169445980.29104 13223716358.1507 0 0 0 0 0
68184115.5839496 28967723.9095133 5889598.8950475 360931.223965765 1216105.4716281 3399317.63244865 1597064.87484251 0 39030.0272916815 23487703.3085601 23951761.4553033 19195179.5072178 2911971.47861721 17749732.0634335 0 0 0 0 0
0 0 0 0 0 0 0 0 0 1267781157.16807 1292829335.21011 0 157177673.879093 958066251.058348 0 0 374132298.726241 68024054.313862 5551030986.28397
0 0 0 0 0 0 0 0 0 2932931716.20244 2990879095.68289 0 363620631.362485 2216425822.44159 0 0 287968496.595349 52357908.4718817 4272611728.83676
0 0 0 0 0 0 0 0 0 48750528.3697903 49713716.6198646 0 6044019.9842192 36840929.278906 0 0 116774626.57213 21231750.2858418 1732594519.96136
