0 0 0 0 0 0 0 0 0 3721801245.97584 4490237414.69993 0 224800078.882064 3459533809.77774 0 0 292740453.463246 53225536.9933175 6913905257.68246
29539452512.5676 15344459756.4474 1203974065.84155 89279800.5932543 379335294.98691 432905187.420629 569032925.981422 0 27663980.4536892 5090441832.18576 6141459702.32783 7872865128.21377 307467177.796561 4731729198.11202 0 0 19516030.2308831 3548369.13288783 460927017.17883
0 0 0 0 0 0 0 0 0 0 0 0 0 0 0 0 91370505.1718616 16612819.1221567 2157976489.51907
60180506985.6034 31261153779.6889 2452847413.10071 181889073.976226 772816976.216239 881954519.793049 1159286549.48814 0 56359621.703704 0 0 16039329592.9776 0 0 0 0 20403122.514105 3709658.63892819 481878245.232414
9013786742.71379 4682269851.41061 367385464.190192 27243195.6088971 115751889.83417 132098421.17297 173636984.036748 0 8441497.69390843 0 0 2402357568.73541 0 0 0 0 0 0 0
200112514.172589 103949740.408235 8156220.13345178 604818.432364053 2569774.76349419 2932679.4535627 3854865.26592464 0 187407.287872172 0 0 53334056.6782095 0 0 0 0 4435461.41610979 806447.53020178 104756140.267916
913387767.843042 474465186.507298 37228015.1120627 2760615.74745335 11729405.5536325 13385837.2174492 17595035.448617 0 855396.400644136 0 0 243436424.657129 0 0 0 0 14193476.5315513 2580632.0966457 335219648.857331
35959605133.312 18679449579.8827 1465647746.17914 108684017.564251 461780644.548312 526993504.472881 692707466.986378 0 33676514.9288766 0 0 9583966431.26482 0 0 0 0 67419013.5248688 12258002.4590671 1592293332.07232
7962520085.4918 4136182583.60581 324537757.685113 24065855.8295906 102251891.912491 116691947.776751 153385920.084523 0 7456976.39160497 0 0 2122173614.66329 0 0 0 0 0 0 0
15512308482.8002 8057969021.012 632253326.519149 46884274.7676595 199203628.15619 227335249.636606 298821187.729825 0 14527425.6006338 26215915686.5751 31628686675.2375 4134345836.65264 1583464436.92546 24368535737.9178 0 0 0 0 0
2658356054.56695 1380900254.67656 108349731.46878 8034593.67964359 34137676.6448316 38958613.9263568 51209213.2847447 0 2489575.92904603 2031515813.13154 2450960626.26688 708505977.606453 122705347.453983 1888359204.62592 0 0 9758015.11544154 1774184.56644392 230463508.589415
0 0 0 0 0 0 0 0 0 248280837.465737 299543106.163203 0 14996381.6331005 230785013.6977 0 0 65644828.9584249 11935423.4469863 1550390875.96516
321961519.590731 167244994.753466 13122562.7699517 973093.873541906 4134516.98051691 4718395.23502871 6202102.2721458 0 301520.049534048 1055505820.31875 1273434934.48322 85809295.8606515 63753482.7859729 981126564.928238 0 0 0 0 0
312342871.467446 162248525.74388 12730524.2619948 944022.549824644 4010997.67284968 4577432.47795757 6016813.54740557 0 292512.093358819 408110903.332182 492373108.17458 83245730.4269947 24650258.6243426 379352193.979513 0 0 0 0 0
4913911670.01851 2552563214.74667 200282053.637296 14851766.594031 63102731.2402977 72014125.9074701 94659084.6399489 0 4601925.3854726 16109572270.7171 19435697761.3994 1309657442.48483 973032378.107012 14974364897.0678 0 0 0 0 0
103847228.033332 53944114.5938006 4232623.11000759 313867.015884385 1333569.70183645 1521896.98491385 2000459.96105466 0 97253.9245695786 31174800.5541241 37611426.9925859 27677399.2306541 1882985.4579895 28977978.5115291 0 0 0 0 0
0 0 0 0 0 0 0 0 0 1097466559.76703 1324059261.19138 0 66287948.4692549 1020130420.10765 0 0 217337609.38938 39515928.9798872 5133050873.12788
0 0 0 0 0 0 0 0 0 1931937284.5991 2330822229.56969 0 116690716.475701 1795797763.69503 0 0 19516030.2308831 3548369.13288783 460927017.17883
0 0 0 0 0 0 0 0 0 58384990.0728704 70439674.1135886 0 3526504.91159382 54270723.714499 0 0 99354335.7208592 18064424.6765199 2346537542.00132
