1.48891350224768 0.144833599474281 0.167940010589174 0.0149455389125042 0.047934170387349 0.0756190450745502 0.0134762395788501 0 0.0014193066567243 0.9699178591212 2.07289828028346 1.2273719034403 0.454088436278039 1.26314376273831 0 0 0.552761634480439 0.0527636105640419 0.693883876670217
6.47111557434914 0.629475761911091 0.729900841411796 0.064956298319376 0.208331482029559 0.328655479019178 0.0585704298407596 0 0.00616859031585181 1.37573022923969 2.94019622332633 5.33440352839909 0.644078447119113 1.79164146936025 0 0 0.503982739762335 0.0481074433409502 0.632651536262764
0.901798962992194 0.0877222146317852 0.101717210009573 0.00905215210440999 0.0290325697778593 0.0458006300082204 0.00816223296981009 0 0.000859639777105721 0 0 0.743389530726476 0 0 0 0 0.0658409121711901 0.0062848143436136 0.0826503587279363
1.63554479180808 0.159097112721041 0.184479091122935 0.0164174065801742 0.0526548268978144 0.0830661654598979 0.0148034076009607 0 0.00155908291977986 0 0 1.3482460339388 0 0 0 0 0.0345918280572868 0.00330194722365011 0.0434232592427671
0.0554877542003707 0.00539755409259967 0.0062586671515251 0.000556979561483724 0.00178637607909171 0.00281811601522129 0.000502222773967532 0 5.28936965004212e-05 0 0 0.0457408105895512 0 0 0 0 0 0 0
0.127896853500451 0.012441126785365 0.0144259548313336 0.00128381359823269 0.00411751895488997 0.00649563451143646 0.00115760159106036 0 0.000121917663634087 0 0 0.105430573561123 0 0 0 0 0.0211187611422052 0.00201588174539232 0.0265104647966379
0.014298925020185 0.00139092349969283 0.00161282815669181 0.000143530930422448 0.000460340447741778 0.000726214823081856 0.000129420371969985 0 1.36304489377747e-05 0 0 0.011787184945721 0 0 0 0 0.0159890030774892 0.00152622302103306 0.0200710591101866
0.0553194585797216 0.00538118318826066 0.00623968447169095 0.000555290229804337 0.00178095795980979 0.00280956860524449 0.000500699520870214 0 5.27332687157821e-05 0 0 0.0456020776705838 0 0 0 0 0.000200140482500408 1.91043187841299e-05 0.000251237143125108
0.134874531582895 0.0131198782582528 0.015212992714518 0.00135385471152952 0.00434215874061766 0.00685001732322207 0.00122075694656031 0 0.00012856913461339 0 0 0.111182557149636 0 0 0 0 0.0128207682843583 0.00122380060896148 0.0160939613824735
1.01376126924077 0.098613313271796 0.114345848858364 0.0101760165883076 0.0326370909650055 0.051486979598093 0.00917561008038682 0 0.000966367835062695 2.02836066291188 4.33499114425445 0.8356846094711 0.949621777728753 2.64157536212633 0 0 0 0 0
0.579252151580776 0.0563465735182178 0.0653359730591624 0.00581446508378978 0.0186484784302081 0.0294190995607148 0.0052428436974228 0 0.00055217205930322 0.488377219503283 1.04375467357125 0.477501087057318 0.228644565962519 0.636023589913054 0 0 0.0333710748439734 0.0031854207805611 0.0418908428823088
0.240800344850212 0.0234237789143932 0.0271607533970058 0.00241712558766534 0.00775234071150387 0.012229785077311 0.00217949742075169 0 0.000229542906200712 0.250849892716869 0.536113760904686 0.19850150943068 0.117440909509104 0.326686919298485 0 0 0.11582705463012 0.011056218851057 0.145398162022558
0 0 0 0 0 0 0 0 0 1.52639793209793 3.26220165833512 0 0.714616855031814 1.98785908441059 0 0 0.683450462425628 0.0652384532315373 0.857938081802111
0.874972524047095 0.0851126810976811 0.0986913576456115 0.00878287146014648 0.0281689177971774 0.0444381669150207 0.00791942536700053 0 0.000834067476691017 1.35351134461225 2.89271025603445 0.721275406983985 0.633676186266367 1.7627053638249 0 0 0 0 0
0.365109422638439 0.0355159059293058 0.0411820298570352 0.00366492551456291 0.0117543546004234 0.0185432033801561 0.00330462585270636 0 0.000348040522972771 1.41710030239215 3.0286119099605 0.300974533679247 0.663446759239412 1.84551855737872 0 0 0 0 0
1.66907164634715 0.162358427105398 0.188260707917875 0.0167539452094304 0.0537341924590786 0.0847689297378564 0.0151068610409434 0 0.00159104239073267 0.593204777745552 1.26779103207649 1.3758835825337 0.277721899216498 0.772542651925978 0 0 0 0 0
0 0 0 0 0 0 0 0 0 0.527424608463928 1.12720634390075 0 0.24692546225403 0.686875799049139 0 0 0.999848183248884 0.0954400538555753 1.25511339824899
0 0 0 0 0 0 0 0 0 1.74735969993134 3.73443883207401 0 0.818064979725193 2.27562209054319 0 0 1.309392232488 0.124987440373855 1.64368527351693
0 0 0 0 0 0 0 0 0 0.217153442243424 0.464098060212929 0 0.101665173079763 0.282803346229197 0 0 0.670255974845362 0.0639789794170572 0.841374989102166
