4234082661.03194 2283195010.50783 176623706.923634 27906984.4401797 65098718.3834732 150537708.340127 98557840.4711505 0 3080864.90959982 2683116254.20343 2713792311.46734 867747124.02155 337476786.432307 2057067722.2589 0 0 380934704.157627 69260855.3013868 4407078822.39823
44452763822.193 23970795255.4184 1854336005.65629 292989695.200371 683458067.567038 1580464466.78179 1034738515.05337 0 32345367.6176328 3103737042.96716 3139222056.0049 9110298747.00554 390381595.113714 2379545530.11439 0 0 287968496.595349 52357908.4718817 3331541728.83676
12508368662.0244 6745037167.4525 521783493.030747 82443088.0473342 192315274.441839 444719979.320313 291160542.162321 0 9101521.43269138 0 0 2563507092.70933 0 0 0 0 23808419.0098517 4328803.45633667 275442426.399889
65991408096.2032 35585335895.3825 2752815203.7119 434951640.381401 1014613184.31997 2346245016.98306 1536099125.19446 0 48017629.7477203 0 0 13524500858.8605 0 0 0 0 27209621.7255448 4947203.95009906 314791344.457016
9493873092.88832 5119494684.30881 396034558.834001 62574444.0746705 145967620.455417 337543220.832415 220991346.804312 0 6908070.25032073 0 0 1945706244.23557 0 0 0 0 0 0 0
206200956.449306 111192206.817298 8601621.70060204 1359077.59575447 3170324.9721215 7331226.60242432 4799793.15419795 0 150038.943948193 0 0 42259516.7014923 0 0 0 0 5668671.19282183 1030667.48960397 65581530.0952117
230145566.017212 124104144.885289 9600465.14351488 1516897.34093508 3538471.6333592 8182548.35025557 5357158.04262045 0 167461.869596473 0 0 47166805.4229896 0 0 0 0 77093928.2223769 14017077.858614 891908809.29488
100042104496.249 53946899981.1325 4173231549.58491 659380951.447746 1538140208.51072 3556876507.63019 2328706018.44517 0 72794093.526245 0 0 20502964964.9129 0 0 0 0 17006013.5784655 3092002.46881191 196744590.285635
33346512966.0663 17981838834.3417 1391041508.76643 219788013.834254 512700254.208006 1185595096.96074 776215432.784607 0 24264075.5694718 0 0 6834146387.54334 0 0 0 0 0 0 0
19517736448.8741 10524782354.0637 814177529.901714 128642072.201185 300083803.337566 693929607.005828 454319414.448385 0 14201779.7369828 17235566112.6138 17432620270.151 4000030473.37609 2167853686.88891 13214010637.658 0 0 0 0 0
10032148286.5687 5409755251.91699 418488574.889911 66122234.3889274 154243563.097894 356680946.899678 233520918.122458 0 7299737.88855093 3339556876.82856 3377738017.07143 2056022170.64558 420042523.738728 2560341784.37463 0 0 15872279.3399011 2885868.97089112 183628284.266593
1393996953.01175 751701641.791713 58150236.7790754 9187881.86054814 21432603.5499303 49561882.3578573 32448428.6942846 0 1014320.37124572 336364227.72327 340209878.576081 285690418.376464 42307193.5347559 257880736.508564 0 0 12471076.624208 2267468.47712873 144279366.209466
0 0 0 0 0 0 0 0 0 1103761043.91125 1116380339.4545 0 138828770.279625 846221706.927377 0 0 81628865.1766344 14841611.8502972 944374033.371049
304420124.496775 164156102.984491 12698809.9088434 2006443.51037269 4680437.66298306 10823290.8006552 7086066.20803395 0 221506.605898323 180201293.97791 182261534.641891 62388882.9468381 22665344.2642809 138155126.43946 0 0 0 0 0
8724448992.8183 4704588928.59166 363938223.540059 57503143.3685761 134137779.893044 310187273.856648 203081262.429418 0 6348210.67735519 16120796543.4988 16305105545.0687 1788017884.45615 2027640287.18695 12359349012.4711 0 0 0 0 0
75926954.5257735 40942999.3731038 3167274.05612243 500437.168608459 1167371.50076882 2699491.40123053 1767371.41683192 0 55247.0767857483 8104820.04674021 8197482.42149866 15560725.1204201 1019407.422135 6213731.39786515 0 0 0 0 0
0 0 0 0 0 0 0 0 0 735455003.608628 743863457.685258 0 92504001.9397468 563852105.449028 0 0 374132298.726241 68024054.313862 4328380986.28397
0 0 0 0 0 0 0 0 0 3855322390.86351 3899400276.13877 0 484914438.236074 2955764304.55557 0 0 287968496.595349 52357908.4718817 3331541728.83676
0 0 0 0 0 0 0 0 0 28412112.3947001 28736947.9605996 0 3573616.45127953 21782745.8041624 0 0 116774626.57213 21231750.2858418 1350979519.96136
