2.29330400557794 3.75189969875164 7.90724723572904 11.6532552208439 34.2741122040599
3.47761246648399 8.63741934598192e-05 16.5794136426245 0.00229061808236122 0.172119334958303
2.57536980978544 0.000374088578964351 12.2836490878045 0.00992071855095444 0.144500751381608
0.970392473104679 1.42314418567712 4.2334224694104 6.3735747077581 22.2152832907559
1.03565370045629 1.66060080690289 4.29918438899701 7.19597233267559 27.0405603118173
1.06573762437318 1.70883834837952 4.42406815661767 7.40500271036734 27.8260411716185
1.0523496910093 1.68737170085341 4.3684924423673 7.311980112142 27.4764868568732
1.30165913159935 1.88607221143649 32.9920663526358 7.89063006389703 25.0889918621392
2.8368775911907 4.74047608280791 27.7966602237144 22.7836661869335 53.6122613533415
3.80241612693514 4.82264600776817 18.1728964736042 14.7333865476969 49.9710480301572
1.14721903908149 1.43716597468775 53.7865800931914 5.31313502547457 15.122116465849
1.29327999323094 2.14853318072536 2.97758882481492 3.11931299026909 13.7702527559245
1.58331511778109 2.84676315334881 16.4031850639809 5.35944908693452 21.5885735023234
1.57801851373916 2.66301197654849 19.8223675968148 5.98068390903242 21.8938796828148
2.29380577522948 2.00721519627806 18.9066464502289 9.53744222580023 37.8061872776973
0.0400661108587037 0 0.00726278970609961 0.154391791886347 0.716298618655409
1.33567331063793 1.48585228357628 3.58796540094042 4.82241805181647 12.6487491691391
2.9272020298583 2.233941154234 12.9188494455524 6.45493445780494 20.9762927403367
14.6405741844333 6.2458681712389 147.796038466565 102.868041024149 237.373646531996
124.272753832343 125.446286241986 730.518311039951 1252.10689896771 826.613064761717
6.21415906511839 3.23699885788974 98.3780923514426 0.727823447854006 106.002867845101
3.221333599324 0.234588663462474 0.693859642176807 374.48584138502 74.9371560704538
156.435851716185 172.946959380562 530.160047048948 943.945004982257 792.524637334172
0 0 0 0.314971191540238 0.0728765701205205
159.889855265333 198.042083147637 983.118160929113 1797.53213419808 1426.27530984758
0 0 0 0.319247059919678 0.0738659006693131
0.0431098960691902 0.0615781740397289 0.257711910666111 0.192965019696228 1.62906155727844
0.0670300722816801 0.0872894264850161 0.323697377162861 0.358829570772712 2.31742830883519
14.9551525978431 9.61135133330388 25.2335872158988 49.9965078947909 42.516496992132
0.106846870837838 0.125172308814549 0.388772356708776 0.669097586803924 3.33797732232467
7.85574899596934 1.86459660071555 20.0322239943412 17.7081665543803 38.8667214044538
16.0317469014731 3.9413169414011 43.3787808810296 47.3048041522452 76.2692760974998
96.4047176645877 110.165913122664 259.459463269935 450.560618988258 468.637769000057
59.5022345614455 55.2555850047346 276.44283686911 411.276592864409 96.7497143087973
53.7797606640084 44.1163597494264 147.882853948849 359.761055694386 314.3588393653
100.243909528174 96.9708736830456 457.139569099196 665.244859103983 184.788904909131
97.1152302169647 88.4714075186442 318.083097997535 598.928052275492 662.793537568345
92.1620599729412 80.4583775053 214.384380033479 552.492592613008 948.629725266765
59.8127204348718 115.167193520702 274.577006389686 683.381111312956 673.057944906435
31.3482816183724 13.991570324275 0 0 87.9167631893911
20.5705169194928 21.5687602142326 49.2116215279138 81.6103786138151 72.9643982751171
12.5484265850235 0 0 29.3348304240061 26.2453774988518
22.8876780006945 71.7077142165264 193.060020879735 205.818421292566 275.548753735597
11.498987161263 3.46043744772263 45.1974405471195 28.2565586375412 30.970848450923
5.19774927694333 4.16916231476364 10.1347370811136 8.97409326354113 14.7221727409432
15.9588497271789 0.061414943338098 0 36.5876208404483 34.3595613868388
0.0012810421996992 0.000255496754048179 0 0 0.00676125682618743
0 0 0 0 0
1171.03889111493 2358.98111218391 7903.21595762951 11399.250563947 14714.767908702
0 0 0 0 0
0 0 0 0.229808031769328 0
0 0 0 0.268218216220406 0
0 0 0 0.209874921976655 0
0 0 0 0.171680801748532 0
139.341122168683 276.7531222703 1356.77940117867 2194.82976353656 1842.26609235849
0 0 0 0 0
1.30068024018286 3.5002982490619 3.1949178892315 0 0
0 0 0 0 0
41.8858287351695 43.678851146177 131.448369902629 140.34704864247 148.29819512059
27.567767609099 26.308140214757 94.9408419223766 170.317388585592 202.853926382176
0 0 0 0 0
2.79370323112027 13.4653320769348 37.7976169094666 36.787265093111 87.2835674373649
0 0 18.3300546434697 0 0
54.7812743535692 181.694837264107 389.229142110326 653.130198359273 1239.79226656527
0 2.24272819435117 3.17158616542129 0 0
0 0 0 0 0
45.8071914569398 221.40998212351 720.558336600011 1806.52754410009 2030.25301263119
269.760806489509 402.604017285792 1450.08225921575 1812.76089551587 2385.87646488001
0 0 0 0 0
22.679649957817 137.114022530031 671.572170735327 1972.726666124 3779.7139627203
44.211708889751 87.2933798911541 436.850422620053 583.204294473084 970.795974986035
25.8269838070384 125.148389389249 735.964298919176 2230.45400998931 4583.00828049528
23.9856697351953 116.226035460018 683.494315196001 2071.43558236816 4256.26638522412
121.816015922044 191.703511357162 765.783929909814 855.983020928629 1288.07728624886
395.095590038911 373.886496624894 3236.22658670027 2292.04500294044 2804.76019410621
225.989258070038 286.892969949988 950.590221264004 965.320718650294 1559.69520543942
0.426261190208194 0.403379098811008 3.49150390793884 2.47284418150026 3.02600294392184
107.654098307091 143.49541503527 349.210914279654 830.056062936665 773.228080237802
234.241397424784 329.052992694054 583.337967432659 365.58237488541 2465.36235504224
15.3005752083425 45.441361377419 35.9284755595046 22.5166509885582 776.058616068405
106.211073720991 119.39193679319 307.310864326877 277.278198422269 1203.27592232307
13.3377980438999 22.203424672384 32.9006139030882 20.6190668829857 229.418130361335
0.00136018651736115 0.0392069031749323 0 0 0.97215053280391
178.078480640362 107.956451621002 618.01195425668 1421.95339462809 2258.24941219277
0 0 0 0 0
23.1449840666336 13.0851845583991 110.305904805854 201.842803697582 342.788208619811
67.8175785247335 38.3330766933088 328.884003501112 598.809231777937 1000.43488058299
140.605090911669 79.4753491739752 681.869895941545 1241.50151486428 2074.18548989145
4.49824804429015 3.99041085825241 12.8247980519364 34.0235392795586 26.1249227031926
278.107989542163 873.800266486024 3875.41101102124 11107.0802866652 10822.0218688229
0.256833961801693 0.592850375778884 1.85643564380044 3.72598911634035 3.65318542856239
0 0 0 0 0
0.0887202499174304 0 0.240415452076062 0.601514472084771 3.14985889781781
0.57269849861621 1.75639183874447 4.43487845984022 13.0100164034189 12.6911266452059
11.5979198099322 40.47771872239 42.1282014971314 149.776639397814 83.2522662370868
4.24044862638007 26.5242399022315 19.9841751915569 99.7807613995078 85.3576233465431
0 0.4269258514253 0 3.78181698993797 0.139512180016501
0 0.591302547306704 1.47977129035621 7.78347684067379 12.4292747716737
0 0.152956699629094 4.57185741165172 18.4541691888922 42.944601405135
0 0 0.0147671064792586 1.31581751906598 10.4005690609577
0.254202791885732 0 0.000268149320428845 0 6.7908559323624
0.491549440050944 0 0.0160135335418492 0.250713239427642 0.0293365740096589
0 0 0 0 0
0.542673868565771 0 0.735827278828794 2.93987042396283 0
2.94398452075489 1.46135233466081 7.69840917596462 8.52158091121735 6.69340158380042
21.1680275394875 48.4755516660431 151.894756834206 275.65592932604 145.129759832128
18.2321822318397 42.6716303294101 133.155025374474 242.651965991972 129.865401391418
3.62768444493228 8.85702203204534 23.6619397803857 53.3627384230369 24.4114420563257
26.7948774807962 62.7122465124131 195.69092418518 356.612807866453 185.840521981395
59.2203450052344 104.139602465671 337.661505542169 722.271321342621 372.267053781551
48.6908071137352 104.760718685459 222.167871485477 746.187948779627 564.437878919446
198.000807860401 425.829026709372 893.200934199461 3030.14142389426 2331.99237581634
586.11234286553 1140.96670143736 2854.64393995297 8108.88319286674 5321.25272577734
1302.4679247623 2596.40846405299 6312.89455818908 14560.8758139698 10659.1141294015
1311.89724899288 2712.98486766244 6871.2939666787 11617.7405867417 12398.4442484391
850.633993572257 1930.6625958771 4103.3769392132 10135.8688669202 8839.33390587318
1501.81869794391 3325.7614680868 8937.54833566822 14794.0235298145 12551.086410621
1313.99232985339 2752.43368909756 7745.03729535297 10026.6164305991 12290.6179873113
1751.69435860755 2550.0754194189 9284.1545903746 12108.3931157262 13081.7021451865
3166.07721371002 4720.75226974792 16462.8234851444 29165.7345616624 27842.5321235663
2770.460251415 4896.09405148401 14256.1764410787 26442.2148377076 28284.0881306821
1293.23945790858 2561.83365244919 8169.01708984771 19546.7140906886 16241.8010449144
1682.35802277808 3256.92645499677 9110.84962072653 16616.3292644104 17197.5298945451
1613.40569046721 3170.86769702243 6955.08755872819 15658.8052596982 16687.5592471787
1639.89972354216 3212.73424007331 8650.7838291027 17627.331796491 16024.6016481019
547.759761038245 858.655159477189 2409.86718909467 3918.14229718794 3517.64312048615
293.181645580023 584.496324401602 1392.18158284141 4256.06928134471 3465.50568470278
326.705843568796 602.473074961246 1737.74967105161 4890.34401056615 4587.044876573
64.9524521078978 123.004302758754 232.807513287664 922.732937989969 1145.58759237855
112.849036071991 164.520373562554 259.970757790405 606.497594945714 949.219757699871
76.2612884671376 174.296340500641 322.372948997915 859.141326349591 608.298854038219
0 0 0 0.281930752443929 0
0 0 0 2.03425891993856 0
8.12959805433472 19.1177111428186 47.8362465373466 148.410262855988 0.722073222566193
28.4586777705194 72.2101576997029 166.003513101117 377.309693824645 262.919166649002
102.576505447932 207.151761014112 533.279729185015 1331.49021324546 1253.79327581749
75.9759701820885 148.351329052625 341.533980535905 867.814676952598 862.631161859834
79.8506293108169 150.167157210043 378.350526348553 1015.15910817511 1106.23443977415
29.5581442073235 81.2462813802969 212.295002366859 515.78238438661 490.412725106338
314.647211935565 664.377162023011 1830.54869468269 3637.16824281977 3679.09581346211
1785.1151545836 3598.87093869475 9870.40942325245 24062.6272664279 21012.0357360527
1328.95081543028 2612.06922907542 7683.36653174593 16221.9597729566 13813.9723726795
2588.65172097304 5407.78343016053 13569.0669937828 27327.8339144737 25162.4793427096
2352.73322241673 4795.71704822983 11757.1003062137 25289.7002444557 23136.159502578
1132.60865497283 2376.86215510265 6160.33426878203 16972.4783181095 13419.71509497
460.334038542717 1158.282173391 3038.6738421173 9895.41352199707 7064.61354332824
331.299268009591 519.818143988918 1373.46824039812 4551.74837069926 3908.33428168698
333.283015958794 485.076826083571 1417.05490894997 4153.55152954806 3540.37825272929
217.524879578368 213.313655538502 648.199867473693 965.460355533922 816.39315807268
842.069139209926 1288.04025276419 3911.65392282341 5430.51281638751 7343.70425189881
1884.73484365111 3045.04844890143 11833.7113129531 14598.9693663386 18419.3429295725
2460.7505196328 3859.22004126409 13426.3765574742 16639.7999065959 27233.9761627409
2552.19780542071 4103.0792733936 15568.1084863069 19983.0773685322 24944.2772740169
3489.06967566452 4466.27683948609 18170.1621530064 26196.2486344861 32583.2674575781
2923.38415516314 3475.00215924259 16603.5276731129 26895.2551720125 25089.5131117351
3413.07488902312 3890.38597514227 19763.6695949561 35115.5992263589 36793.7102187403
2385.37655069868 3098.95886459369 15704.3221579848 28262.645575399 24850.3841612684
595.988170153658 726.97216862388 5231.29737261636 9116.56003551588 6092.15404390006
151.729665744677 262.820033312759 1038.23575025924 2140.84978329717 1558.3769694827
277.495426342142 585.058940119211 2638.47242297144 6253.25260041063 4436.08151166682
230.519369375931 576.922115548008 2451.06382242273 6518.52239478009 3976.41344188446
274.744733838849 550.79745675652 1870.47749235101 4217.80649080861 3025.65565119467
144.787536686956 243.288341942739 836.368129566547 2270.27169975778 1885.89749092756
224.389336485761 300.954154210721 1197.10803190573 3073.43133485025 2501.00833604462
667.003347851497 941.711481856009 3063.43601403044 7855.80050326228 6822.40678290008
1236.60728837749 1490.58190691183 5451.03556534817 15952.3338931392 12983.4628639673
578.669195450694 824.941844466248 3721.98915144589 7838.17398143996 6391.58968657333
943.937386752123 992.659179246155 4488.38038247421 9241.99511104413 6985.63672005438
807.863011288703 897.805394222201 3557.85999013721 6901.46595050106 5677.50594650453
101.298939825383 174.88992727183 742.167452683445 1466.81872045876 1145.3562923218
134.688136216312 322.337561484542 1358.24338996113 2651.82349939454 2311.8654909268
83.9373992377757 139.930844481918 562.340221621632 1261.62866657334 866.037287377723
134.889440758888 322.819326376332 1360.27341704447 2655.78690798816 2315.32079915381
95.0776857970757 204.36628477932 928.673951359429 1922.7338919222 1658.0523073546
64.9515474368864 108.502151225346 568.477261306311 1319.26924699273 1078.70520197127
30.5628302560636 25.4946021701943 246.706125851585 708.770799615482 579.041772666022
39.1430359849786 32.5193506507995 315.23714336786 904.694242217819 740.707985237413
20.9209942034989 21.9013644267699 194.919327461913 587.685948181525 429.207594383591
26.5501178630779 36.8785573330172 295.327528750094 955.300561773898 602.324160278305
40.0650063441257 66.8520433685785 359.13009408126 1289.03632701868 786.284394249787
41.8727872685741 60.0354053469164 193.06209565279 628.901305150309 467.84884737599
3.54904715432418 7.93028576747932 19.9641181162508 77.0885884966956 65.7418554617696
0.0286170709687602 4.69048031508268 8.76342420216647 217.659652685844 98.5448658929617
0 4.40851924687263 8.31923645156329 206.695045661112 93.5808134432376
2.16379616094452 4.3206080555919 8.17317705675046 53.6643221509353 31.2867416619311
0.801938736258395 0 0 0 7.7870732823259
3.0405534030129 0.532051210481206 3.81840727647398 51.5113644119964 28.3079607314686
69.4971811614469 37.6188048022274 139.141772092515 307.36777190764 172.177229156261
54.4965124443069 29.4989470045127 109.1086168912 241.023755594217 135.013512124225
71.6807741193375 38.8007830620302 143.513589605283 317.025229821808 177.587016701763
13.4064049928335 15.4107004893574 40.1001594400822 98.6867037161553 91.766239421895
25.9718527657656 32.028279644009 87.5088957072708 232.314018470382 230.319408679368
56.1821613062974 30.4113882639215 112.483490027971 248.478937606923 139.189657768372
47.0225359693484 25.4532856207114 94.1448109652068 207.96832143119 116.496954492225
33.7544468211005 18.2712726609775 67.5804898587154 149.287049316067 83.6256525550054
114.930712633562 139.576141634526 496.551981065154 1058.23732255833 855.41357845252
263.067580351299 140.129625340278 292.242352695349 762.687430171026 747.195547441362
68.1901012218145 35.8682191232353 128.723703282646 181.352239834297 154.224615768994
13.4554618855807 6.73330142548266 65.4881441415628 23.4152130084432 0.571432710601446
12.3308123469244 6.16447272615656 60.7174711326938 21.2411664267406 0
83.016085931919 65.2622327751073 301.551154457091 559.743945203406 585.341424668378
4.76849054662602 3.23786073664141 30.9122164962983 64.4687936335016 117.268242160762
504.867642647734 463.619286973324 2272.09931990352 4284.45980484167 4691.14414863593
1864.72510923288 3236.88031450595 9692.81244280977 23803.635393065 26931.8945187936
1814.43874562811 3149.59080484341 9431.42469807539 23161.718652327 26205.6174747233
1861.33534051208 3015.58481611367 8756.06105606596 20895.9235971604 23839.8573128448
1697.96321232028 2512.60965013521 6970.76505488843 15893.1495944866 18381.0757734749
1256.73803181056 1788.52070999403 5416.18230904937 9020.07830242937 11027.874769956
1119.72422357466 1606.00059943159 4912.27803255706 8095.51404093906 9908.17724599778
162.74543196876 414.81768635323 1973.45220282803 2032.44965023422 2641.57282235464
380.338941903939 1025.11557986586 5412.82376157262 5787.29033526938 7198.78290421862
265.24843263727 460.058128047795 933.818932630552 2960.30186124235 2867.59207733848
217.869629623176 361.992808426506 1117.71097036274 3235.50687888121 3774.33939233674
359.497016526218 571.135643055481 1322.43857830175 2665.98393526329 4409.24601708922
304.190049933809 385.344448491342 1364.11746065173 2333.75742536825 3159.00641551598
70.0296555156259 96.7239695696811 429.07596834832 830.36173146746 953.99260078952
1834.08013311246 2920.31574194926 11793.649556185 20065.863307588 31130.5810574141
1311.76411437969 2252.89687792394 8649.57841880091 16890.0961890293 22012.173895102
1262.27677411747 1853.77916091403 6246.71601945683 12596.9431019546 15566.7227667889
405.336893975242 548.529647528347 2152.16862524909 3097.60684806976 4053.25460799976
0 0 0 0 0
421.268877370596 676.792085875665 2173.96719379805 3595.69454984022 4945.44397926539
903.653405561709 1343.26901082103 3263.3328235369 8358.64466678008 11985.6693796774
188.922605289732 407.27885614105 705.757530094808 1311.57869430862 1527.03715187125
461.395080505171 935.712145407048 3317.29743091873 6908.00920520466 8131.76388930069
400.786986411616 419.340578726147 2228.10918197486 4477.02544636286 4678.9021768385
1062.89795634755 1684.82263483029 8206.03598723108 13447.4497697891 16670.5468084658
1777.0818832429 2632.73327065057 9761.19798531271 18240.0833855936 25095.6652951851
616.272480859126 939.343097794691 4474.37073846335 7239.1605412639 7876.234129649
346.856216787356 966.167579553158 5386.45286541589 5860.93828782244 7141.40460347311
597.45444051806 852.62128087616 3272.91238641504 5783.83275123003 7101.21888562406
33.9455607593142 110.826896447578 761.185333361165 876.761477018823 998.557825122282
494.812339968377 669.613949457334 2627.24565489731 3781.38312987884 4947.98382995077
0.268575450762489 2.53049275391616 6.75090801007479 19.9030404239279 16.3624913620114
0 2.02645395600668 4.58157785500365 17.5545303016846 13.6491058325876
0 2.24428969000915 5.158237565985 19.5189516826038 15.4019492137954
0 1.44761536989511 3.27289080593967 12.5402345316965 9.75035989838872
0 1.97396182040108 4.86073235869898 17.4655946082957 14.6457239928184
0 0.845134766125081 1.91075189125077 7.32113543314128 5.69237402678117
0 1.18488627054191 4.03152555904087 11.5079734371274 12.5713668141023
0.140980580158114 1.21088797054118 4.67036271255309 10.5336768685973 12.2644091849471
0 0.822989276030813 3.04755044023871 8.22055907885592 9.57123533689206
0 1.28754936994284 4.25211137497584 11.1092124915039 12.9607050481835
1.67980020270662 3.16672216626078 12.7325330098856 13.788754892079 15.0988406665812
0 3.62329608237918 9.23282355430852 21.9794017316995 25.8032731594946
0 4.1803799807467 10.6523755924616 25.358747642741 29.7705415459342
0 4.28081296065681 10.9082972619749 25.9679876171641 30.4857741838203
0.11977047119959 3.88834773617566 10.0746358335475 28.4478920822507 29.0680197047526
0.261864454853537 2.02757724845541 5.16663903586558 12.2995565012154 14.4393746479359
0.576453445959669 0 0 0 0
0.523978355036387 0.47074775221401 1.20111120499919 2.90117041323056 3.36533239216883
0 0 0 0 0
0.199661828492367 0 0 0 0
1.36519196413654 1.15962488252999 4.97885943768433 34.7219813056069 9.48392767401173
0 0 0 0 0
0 3.52245506494824 9.73524306898765 28.3332199637242 25.5141020249163
3.37893334729987 3.11553593986073 8.77758223618557 37.6195795195393 87.8539142292216
0 0 0 0 0
0 3.5886202209603 9.91810810618419 28.8654260201984 25.9933542821799
1.57304157470773 3.11992435777036 6.9447103145984 26.8437095072598 66.9382983566461
0 0 0 0 0
0 3.56596665054497 7.71019712489221 29.2424189533021 22.1386703567888
2.50773899728053 2.36032385118967 3.62471683840184 21.2396657778242 48.1495883290503
0 0 0 0 0
0 3.37600563583449 8.7525315858107 68.8196286199014 29.7141416779226
0 3.3742468803995 8.74797188889162 68.7837765186534 29.6986618731445
0 3.35446592895675 8.69668838377469 68.380543266437 29.5245584926717
0.329782841423171 1.38657163732841 3.45837369038392 20.2869213942246 7.46796871576534
0 0 0 0 0
0.527392481207649 0.212110198650335 0 0 0
0.67146402148801 0.826568070172578 4.6101915977734 13.3310078263219 15.8526420096806
1.18809305544927 3.96294119125352 28.8707924073617 83.4838967908706 99.2753396172854
2.27935412831694 4.37110512383293 3.65066682543447 20.3720892972568 12.2545798197679
1.30237630676777 4.77027782403503 35.1780479364314 101.72220013194 120.963519348083
1.47831592633963 4.41328501871342 32.5454318746813 101.427268883228 111.910984525882
1.31351013200493 4.81105823392848 35.4787799413623 102.591808395791 121.997618845666
0.996471541818976 1.43256806388814 9.42472329930548 50.7294956837647 30.0276402758335
1.56903067726099 5.65017895394072 37.5545030711725 128.314882724056 124.28684392654
1.75211700599131 6.93850872809627 43.4727727795526 157.070040779244 140.644902453643
1.01866305847796 4.06575888439488 24.6641596075341 86.4257361625562 77.6084185240155
0.276909580218426 1.49980678020007 8.40634375184079 30.5603724117718 24.3289854282974
0.35747248437916 1.47790959088995 7.6728631760477 22.4547126162611 20.538586075522
0.24746311040175 1.0230944205101 5.31159927044305 15.5444496290337 14.2179961132669
0.735696598918109 1.40008270385898 13.7811740245025 3.52048915255203 33.7451504046884
0.273914135631937 4.33167685518726 14.1210947083955 45.1673121375952 52.5229478958578
0 0 0 21.1990318551875 16.4700068669843
0 0 0 21.3247509117563 16.5676808428123
0 0 0 21.2372314134084 16.499684966933
0 0 0 21.1987978206116 16.469825040234
0 0 0 21.1175778531697 16.4067234122615
0 0 0 21.1841560703986 16.4584495336448
0.00302722968364575 0.00145199171220143 0 21.1831368228863 16.4576032956924
6.10104935938225 2.92633002160781 0 5.76748341778613 4.37132849236644
1.42902931669258 0.685424940016973 0 16.7401657842166 8.68337314215622
0 0 0 19.562565421784 6.96178376279712
0 0 0 20.8575369039164 16.2046917228354
0 0 0 19.486354687105 6.93466243981111
0 0 0 16.9433382656766 6.02967221743914
2.36535764802007 1.13452894567987 0 2.08070488485593 1.28933427323307
0 0 0 19.5379815140811 6.95303502019708
0 0 0 19.4978815694335 6.93876454301181
0 0 0 0.145725915158301 4.14015913303298
0 0 0 1.41296154088949 4.58434266870366
0 0 0 0 0
0 0 0 0 4.0564475732783
0 0.000954777966913267 0 0 9.09880700602861
0 0 0 0 5.93924264163785
0 0 0 0 22.59112220427
0 0 0 0 38.0057158566827
0.00310225036248237 0.00359693103841874 0.0340214537113975 0.0372462804318076 21.8614945324903
0 0.00411799955032833 0 0 38.3581406457273
0 0.187585634581002 0 0 30.5203430696858
0 0.194255758590449 0 0 30.927094711356
0 0.194234873784644 0 0 30.7534399920366
0.149696631759456 0.279785862619141 1.64167827643711 6.03440017232284 34.8406412743013
0 5.35368276949469e-05 0 15.9560259448771 43.0254779649262
0 0 0 15.9654462836029 43.0423983856894
0 0 0.0633646989647151 7.81413192934123 64.7396978727996
0 0 0.124385808496152 0 85.7307535571908
0 0 0.116685920241192 0.014722762901126 81.3374276952824
0.113126061832816 0.134281091037902 0.74976419809846 5.52712796143018 54.2146405833652
0 0 0 0 25.847643954523
0 0 0 9.02305705104472e-05 8.73328745484461
137.202285860274 205.954808634587 509.374964076051 882.784464668179 397.328546312616
3.62090413728356 8.45929876501186 9.91457195599348 25.024187075878 13.3824478490266
0 0 0 0 0
0 0 0 0 15.0800303115152
0 0 0 0 13.677247792034
0 0 0 0 14.8638513008433
0 0 0 0.00652789657786179 15.4926992571293
0 0 0 0 15.0948814433558
0 0 0 0.303651695628623 39.0440514159374
0.00511271087189915 0.019545808882559 3.21358646842158e-05 0.257688066554319 29.7078285120273
0.00302741828509828 0.0115737699022506 0 0.323520080544898 37.2588039599129
0.0135224124655562 0.0516959586225766 0 0 0
0.000383918686687797 0.00146771477293715 0 0.123361202217322 3.23762463117092
0 0 0 0.125283030543702 3.2880631695001
9.49227435673511 15.1701783631981 48.3923427498619 40.3442331633764 16.7249662177351
0 0 0 0.123898955233226 3.25173800213751
0 0 0 0.0630409684127151 1.65451526442092
0 0 0 0.126041066884807 3.30795789397724
0 0 0 0.105525645190385 2.83194877971614
0.000175182524563599 0.144913170281368 0.598095210369295 2.30610149241554 7.38598227231825
0 0.00847287965643334 0.0467254763263157 0.0795330088741853 4.03979492523518
0 0.0727937378533495 0.399198316834484 0.630682852502206 0.627010135319965
0 0.19410295986184 1.10914367102783 7.94304181722591 1.91794158465865
0 0.10154019040694 0.499775440282559 0.917343517063888 0.644084156902289
0 0.256418619445451 1.02314591874346 2.51111759248638 1.38008208079831
0 0.253731707598869 1.01436084512493 2.52619758990216 1.34705962573697
0 0.25305445090024 1.00680980972071 2.44010553719774 1.37831860329934
0 0.251358534420538 0.999563405770091 2.41557789305156 1.37267213561362
0 0.235810417130487 0.938103403506022 2.06211701360292 1.45035239450085
0 0.273670516970293 1.44653913308684 3.78205964766933 2.20288763825239
0 0.310388850066468 1.86457326433339 5.18115721825921 2.82755614014794
0 0.251458046521692 1.45164471901785 4.06117873229373 2.18354157015533
0 0.643894653463597 3.09561996107682 8.5244156469984 5.67371834724814
0 0.104034838925978 0.363975144678563 1.04194404213291 0.504057858888813
0 0.167801345894874 0.688826883875552 1.9253432779214 1.13274283815893
0 0.103495345951053 0.36208768048264 1.03654083781406 0.501443968420643
0 0.556590984966629 2.90273596504723 7.82656823218627 5.50459718919237
0 0.153800715140497 0.643023285885119 1.76419585675713 1.00665194115898
0 0.462363421518431 2.22712674409111 12.2633392383137 4.19482094258085
0 0.21706358515085 0.995008972148072 2.59073574553246 1.46772842969431
0 0.209490196233298 0.960292923773153 2.50034449280399 1.41651911139388
0 0.321349935795919 2.30193079128791 5.21031284348191 2.56516659629886
0 0.218929009140135 1.00355998546018 2.61300028431383 1.48034194946367
0.843386737556606 0.200617474915731 1.96039724030397 2.62166395978184 1.57487235978659
0 0.134793511949616 0.573817322446704 1.36723271275412 0.767768542765961
23.0280719138377 39.0668613525236 185.460113455534 431.35500806416 390.937480599208
3.69474098158545 0 0 0 0
4.43636116799962 0 0 0 0
3.98069598841824 0 0 0 0
5.61305464086576 0 0 0 0
2.37534164600793 0 0 0 0
1.74974141983505 0 0 0 0
2.00505339764709 0 0 0 0
1.78323117656528 0 0 0 0
1.98003316962852 0 0 0 0
7.96296673398301 0 0 0.000359067740009843 0.328871629206324
6.10552228301613 0 0 0.0718224299508824 1.1098481718926
4.47780369255397 0 0 0 0
3.99310129745617 0.0380545897750663 0.122132067040872 0.275716788842174 1.5253096925448
13.7968550183239 0 0 0 0
16.9264054868295 0 0 0 0
11.0860055149998 0 0 0 0.776775804786568
10.7491421721612 0 0 0 1.64265825629813
10.1596701818368 0 0 0 1.70223643041438
10.3952685402959 0 0 0 1.74171055718592
10.6506620683789 0 0 0 1.78450133285225
432.009124390341 720.907404596595 2150.86509833167 4772.08997732724 4464.6071277171
243.981924191748 442.255242966802 1430.59759175845 2365.18903939825 2600.75385447446
129.690430169095 262.686116665396 631.78986724875 982.044055413651 1274.06088237994
158.419154957612 386.208068691495 904.587312078904 1795.04144205402 1391.55377091852
450.579203410767 696.907072960448 2786.02799831082 3832.94623093078 4495.69788225272
359.901361564346 485.159079903916 2538.09638354439 3180.92568165095 4479.38721823694
682.147872106615 1297.09528711971 3309.77147705709 7093.76112680502 7194.00950843359
263.931692816483 558.455893452486 1742.33871889688 2675.73145381995 3097.06106448862
148.049900006038 360.77209813669 855.027461974674 1638.26047297576 1294.24252411796
230.646750949507 556.214172578854 1558.27327395368 1642.60506887616 1891.2422907977
204.291880672988 494.583157091828 1379.16947328697 1449.05405102759 1657.26043798043
137.953252568942 208.0769688388 796.969886447561 953.056831339091 1015.92769824079
83.0058915693256 38.0112412299591 540.911332202502 346.505324539687 4.5190206236662
224.311927843454 355.231880825502 1446.47408309076 2357.46011365028 2691.4855732555
83.4400780208641 120.630781792658 636.882605189152 1488.69783124332 1442.20641583085
149.071778402631 156.300392257957 900.671961517189 1955.05380660936 1841.09864319683
267.870395680585 280.296655809515 1623.85951310907 3933.0004039964 3937.6509711569
43.7639644419823 26.4661708421574 238.160678232105 281.126420891988 215.701185042125
42.0249767205734 25.4145214608899 228.697218958047 269.955691724092 207.130167378063
185.308180909602 111.342292825877 809.39616881935 1397.7540790913 1723.47451882615
19.1073468753695 11.5551301896859 103.980952116137 122.739795361442 94.1751373893918
18.9651233507702 7.91597453343951 32.8402768172927 64.8784351989811 168.111566888605
77.4566708598523 62.4225370045749 380.883323878943 894.878914157934 978.392159241193
18.7824318505379 7.83964951728317 32.5241339343534 64.2523113041377 166.494501974264
73.5243735752343 32.3700386123245 263.496157401924 409.043677351479 499.650357712396
17.9469513614588 7.49092607907085 31.0773947930867 61.394238776575 159.088490386129
19.0971495893619 7.97101039690121 33.0691071290112 65.3289206744669 169.284277739455
311.220836667024 205.573107195404 1403.99917702373 2225.47377405885 2440.70371068621
37.5096120405495 7.12187598570385 22.9232600386074 155.70326293138 248.493578678603
188.599737368109 139.830401568472 672.060194590374 1097.05363806887 968.344198536352
38.3252218672745 7.27673421330634 23.4217039075509 159.088878094839 253.896828502388
52.686948040027 69.0740860673312 304.359000002594 577.568259294159 619.677239498199
0 7.91812917329644 0 0 20.7932811431944
142.270598619336 215.861538575867 940.958756584462 1656.51598038485 1412.06743710003
0 7.69296923214663 0 0 20.2020033481437
8.55735238680787 6.41778507598909 3.64509117437665 6.69964504908833 44.9941551068671
4.00909346417085 0.808705755973634 0 0 27.7149747690592
0 1.1536992076391 0 0 9.73925234627214
60.6211819575249 91.3257129703454 393.022025723162 830.088275122747 508.064646346335
0 0 0 0 0
178.629818669215 190.952349211455 709.244704176287 1109.92138752372 977.195082166804
0 1.04594405711106 0 41.5073302739166 2.16672919699362
0.837221456818715 2.04964808774534 0 0 0
10.6250652292864 7.8274126137298 13.3929263569228 72.9378964348802 46.9728202992718
4.55761891439395 3.0199058189048 1.00839187709476 19.2496090835738 15.9231718843046
5.12827519999771 1.72392224098145 19.4626266506133 57.7349048423244 87.0106816329052
10.6511284760603 0.391079303139337 26.4739804304036 43.8237552118272 278.547958921582
0.773667960833414 0.766369787504615 7.66272662088926 9.62536985661205 12.651083535581
3.13838224892276 3.98233461877259 11.8629045543955 16.5642009523661 230.849640622274
5.86599790386116 7.42259058331066 16.8314027123359 23.6130252472765 464.39856173367
5.38214598206145 6.14335646722019 17.28899878193 31.7209347581203 92.8530535002278
3.69015947299865 3.47691584285866 17.1204220096736 18.744277342403 46.8205551495711
1.18211206573922 0.000582138319642288 5.64575548477082 0.0154381361839091 0.0888736843016189
0 0.00073513759486321 0.0133940445496398 0.0194956317433002 0.0403846804761501
7.68408862816601 7.41793244346661 23.1470325705727 22.6158489794028 62.5594677119399
23.8198612725185 14.1436289322561 87.9543603146203 147.886017311352 33.2605106385526
2.88748771345371 5.22869818654347 16.400711894021 57.5335448598235 63.9970942524
0.62565354925394 1.65220225042513 6.4013722192121 19.1842922092366 17.5211054032123
0 0 0 0 0
7.81415026446608 11.0956338765633 27.4180995186298 70.4167299520509 63.2628732084845
1.53949785163996e-05 1.31450885059668 49.5630923823788 9.78238740560363 25.6427877984688
