171.2097 18.9945 106.22745 1.68885 68.2101 4.4631 0.200016565172364 12.4173 0.493008268798613 12.7413 8.09375887212125 326.87145 21.94695 14.03325 0 0
99.10755 3.8475 50.69385 0.28755 4.5279 0 0.0793122287579173 1.34292253952918 0.195491731201387 3.6774 4.58429049561638 109.09485 9.31095 5.09895 0 0
366.05115 14.3208 149.69205 0.31185 57.9879 15.3009 0.303871206069719 5.14517746047082 1.1583 5.7024 25.9508506322624 474.3522 13.53915 19.4886 0 0
0 0 0 0 0 0 0 0 0 0 0 0 0 0 0 0
1.99665 1.27575 0.25515 0.36855 0 0.0315628138766327 0.0236140109323964 0.14442022468597 0.101760482711162 8.63055 31.05945 0 31.9869 32.35545 0 0
19.70325 0.9801 8.41185 0.0316969668607052 0.9315 0.0381170058491009 0.0285175902360615 0.01215 0.122891606872236 2.25585 13.13415 20.8251 16.35795 9.2259 0 0
64.7352 13.284 9.91845 0.4131 6.1965 0.0879164654468482 0.0657755162234289 0.0324 0.283448174079114 10.31535 24.91965 36.59175 40.3461 32.90625 0 0
14.3613 0 9.882 0.0239333382689577 0.9396 0.028780898777962 0.0215326954384808 0.131691169374943 0.8019 1.1016 6.1884 17.4636 8.71155 12.03255 0 0
84.321 2.59605 88.00245 0.126219442396941 33.57855 18.18855 0.113558951994312 0.0162 0.567 3.7584 4.7466 200.7423 4.13505 7.6869 0 0
118.55565 57.5181 34.23465 2.22345 15.3414 0.201000519374928 0.648 0.02835 0.5103 25.63245 73.99755 89.6751 62.43075 55.5093 0 0
76.7799 11.4534 26.5518 0.2187 7.0632 0.0988263416309494 0.22275 0.452194234614828 0.318622296106145 12.87495 17.90505 55.8495 31.2174 32.1084 0 0
22.1616 0.567 13.32855 0.3726 0.6318 0.0509010979768209 0.038082126922958 0.03645 0.45765 3.09825 15.12675 35.1702 17.03025 10.12905 0 0
75.249 0 73.49535 0.129990876480417 23.19435 28.7631 0.116952090910964 4.3821 1.1259 0.405 1.215 231.59925 2.9403 6.03855 0 0
65.05515 129.3084 44.6796 3.4425 17.41905 0.273126834721721 1.4985 0.1296 1.9359 41.91345 139.52655 101.0313 118.2276 73.09035 0 0
17.7876 17.2773 0.22275 10.22625 4.25655 0.0890419488124818 0.0666175570061102 0.01215 0.1458 31.44825 57.65175 0 52.5771 89.4888 0 0
96.3738 19.2213 16.0785 0.40905 3.84345 0.113878886813414 0.0851995417357884 0.0243 0.367152641650945 19.89765 28.70235 38.6694 46.0404 31.6548 0 0
30.59775 6.35445 9.02745 0.0411050623293697 5.0544 0.0494306571389521 0.0369820030190312 0.03645 0.159367525051805 4.0257 20.6793 19.05525 24.1299 15.0012 0 0
159.3513 21.4407 60.8877 0.3321 9.2826 0.156106768345465 0.116792721610287 0.714289120341827 0.36855 7.39935 5.56065 143.54415 10.6434 13.60395 0 0
49.1184 9.82125 21.4164 0.36045 2.4867 0.0972939038280245 0.0727913334226335 0.06075 0.2835 4.54005 44.86995 65.2131 33.06015 28.0503 0 0
18.0387 1.60785 6.76755 0.3483 0 0.0448158574067 0.0335293979454101 0.0405 0.38475 1.22715 17.40285 23.2956 18.7758 15.03765 0 0
203.07105 9.22995 130.2804 0.1539 16.848 1.4418 0.17160148916549 1.04949242602948 0.86265 4.4712 5.6538 278.8992 7.17255 5.90895 0 0
30.7071 1.7172 25.191 1.15425 4.7223 0.891 0.0502703104553276 0.0324 0.3321 2.42595 17.01405 61.55595 15.84765 16.34985 0 0
48.7215 0.49005 26.07795 0.0531860774323801 3.04965 1.06515 0.047851227189828 0.292651892219357 0.206206560634646 0.9315 3.5235 91.1979 4.6008 3.49515 0 0
135.837 3.3939 84.73005 0.06075 10.2627 1.93995 0.110617755870625 0.676523831670482 0.3564 1.80225 1.84275 193.99095 5.9697 7.97445 0 0
62.52795 60.77025 24.70905 1.98855 20.2095 0.23085 0.39285 0.0567 1.20285 26.7543 51.4107 43.74 60.60825 71.118 0 0
89.2377 0.87075 44.5905 0.0947419140423195 3.56805 6.2046 0.0852387893993879 0.0324 1.2474 2.74185 6.57315 143.64945 5.78745 9.0396 0 0
148.84155 1.45395 44.27055 0.11067632218891 0 0.59535 0.0995748905214784 0.608987101063117 0.429100712893947 0.8424 2.8026 164.8431 4.617 16.75485 0 0
0 0 0 0 0 0 0 0 0 0 0 0 0 0 0 0
12.0285 44.6715 0.54675 10.28295 1.93185 0.00611441456077646 0.0828185591660511 0.381131693052768 0.146655201843689 36.53505 103.18995 0.27135 75.8403 81.5994 0 0
5.72265 23.4495 0 1.18665 0 0.00321384673032377 0.2349 0.200329701783396 0.0972 14.71365 68.71635 0 34.61535 55.5741 0 0
17.39475 11.0241 0.4536 2.69325 0 0.0024856006372698 0.0336669784808903 0.01215 0.0596175250366591 15.96105 37.90395 0.3888 34.7166 36.31635 0 0
18.91755 59.8671 0 5.15565 0.162 0.00694746900122632 0.6318 0.43305873302329 0.0729 48.1383 138.9717 0 89.49285 111.86505 0 0
24.48225 43.5213 0.99225 2.96055 1.07325 0.00441373038665926 0.0597831219223249 0.275122420670846 0.105864022516808 42.3144 56.9106 0.5751 42.54525 77.841 0 0
2.9079 33.5178 0 0.23085 0.16605 0.00616331663295146 0.16605 0.11745 0.147828125791536 47.70495 160.06005 0 102.51765 161.38035 0 0
20.95875 53.8731 0.16605 6.53265 1.1988 0.00586194487825841 0.0793989062898156 0.365394422282828 0.140599676513984 72.68535 74.73465 0.5832 66.2499 88.24545 0 0
145.0872 62.4105 58.20255 14.59215 1.6119 0.0103249593845315 0.081 4.9329 0.15795 61.5519 35.2431 13.31235 60.60015 41.58945 0 0
65.2536 82.05705 2.9565 13.7943 1.0044 0.00778052344167619 0.29565 0.484985772993812 0.55485 110.54475 68.46525 3.85155 62.75475 95.7906 0 0
82.134 73.85175 3.8475 12.95595 1.20285 0.00915035453373442 0.4212 1.2474 0.219472703027797 107.79885 108.06615 1.3689 94.93605 118.06155 0 0
117.98055 49.5396 20.5011 18.6948 3.9123 0.00730875852924838 0.0989957165429868 0.1782 2.18295 75.80385 23.82615 11.3076 34.33185 38.0619 0 0
175.84695 47.96415 57.78945 16.1514 3.22785 0.0105825867074743 0.14175 0.659647648782454 0.73305 66.5577 29.8323 49.61655 45.927 30.3588 0 0
22.23855 58.68045 0 4.31325 1.9926 0.00764757093295041 0.2268 0.01215 0.183428200302359 80.2305 125.1045 0.86265 109.70235 115.04025 0 0
16.9533 28.7388 0 0.9234 0 0.00454292609556951 0.14985 0.19035 0.108962802061315 56.1249 77.5251 0.81405 48.44205 47.17845 0 0
11.24685 14.5881 2.3085 3.159 1.4094 0.00253087325877556 0.0342801873573098 0.01215 0.27135 24.5754 37.3896 0.6723 27.54405 40.7106 0 0
79.57035 78.8859 11.35215 46.14975 3.42225 0.0144119755363862 0.567 23.17815 0.3483 111.3183 244.6767 2.0007 137.38005 165.78675 0 0
15.7545 32.1813 0 3.8799 0.5265 0.00410433563575 0.0555924300369205 0.0324 0.1782 25.7823 66.5577 0 45.6516 49.5234 0 0
52.002 25.4259 7.26165 10.0035 1.9926 0.00431274251365204 0.0584152607718307 0.268827512362871 0.66015 31.14045 37.30455 5.00985 35.0082 25.17075 0 0
61.9893 29.8161 20.59425 7.10775 1.35675 0.00577522010963556 0.72495 0.47385 0.94365 54.37125 24.19875 7.12395 33.858 16.2405 0 0
86.96565 42.01875 38.8071 3.87585 5.6295 1.15425 0.66015 0.2754 0.36045 16.2891 152.1909 74.6172 56.9835 47.31615 0 0
55.4121 82.9197 5.8887 14.90805 5.6214 0.0646683280806832 1.4013 0.0324 0.57915 105.3891 120.6009 7.5735 94.5594 85.2606 0 0
249.4152 64.52055 49.63275 17.6742 16.83585 0.49005 0.75735 0.1053 2.5353 107.4546 125.4204 104.86665 68.21415 42.58575 0 0
42.31035 54.50895 3.1347 4.293 2.4462 0.0306507038833282 0.5103 0.03645 0.4212 47.69685 39.78315 10.0278 24.47415 24.97635 0 0
58.2471 80.271 0 9.7848 1.22715 0.0956447834756584 1.1664 0.6561 0.22275 103.4127 359.5023 3.9285 135.53325 117.24345 0 0
31.21335 15.41835 8.52525 28.1151 4.6332 0.0314367457306457 0.4455 11.8827 0.24705 36.33255 33.32745 0.97605 30.12795 21.72825 0 0
0.30375 0 0 0.24705 0 0.00115565400122847 0.00192619958444181 0.00898178380293737 0 0.76545 2.47455 0 0 0 0 0
13.46625 1.539 2.9646 4.98555 0.2349 0.0080698653603907 0.0134505408082024 0.05265 0.2268 5.10705 11.90295 1.50255 0 6.33015 0 0
81.0972 36.207 13.3326 14.7096 1.93995 0.0480382452357132 0.6966 0.36045 0.24705 74.7225 60.1425 30.1968 51.759 43.4727 0 0
156.7026 59.3082 22.50585 1.9197 9.67545 0.0744985329261008 0.21465 2.0169 1.12995 72.60435 102.35565 68.56245 89.9991 65.6343 0 0
16.73865 8.4645 0.8019 7.8813 0.6075 0.0190512888611898 0.0648 0.148067291366291 0 32.4972 50.1228 0.3726 19.1565 14.68125 0 0
25.97265 18.3465 3.4668 2.88765 0.2349 0.0158095438632875 0.1458 0.122872334498179 0.16605 20.9223 22.8177 8.46045 18.5328 12.0285 0 0
88.5492 11.00385 15.11055 13.45005 1.47825 0.0448029068484787 0.0746757597529953 1.07325 0.44145 29.9619 43.3431 38.3859 25.76205 17.70255 0 0
119.556 72.79875 28.15155 11.07675 15.04575 1.2636 2.26395 0.0324 0.69255 65.31435 91.82565 46.0404 60.9849 27.85995 0 0
74.54025 22.78935 21.4812 9.24615 6.70275 0.6156 0.2997 0.298850183890912 0.82215 27.1026 60.7824 39.00555 27.77895 14.7096 0 0
1.86705 1.8711 0.18225 1.89135 0.2025 0.00651995839499047 0.0108672155659553 0.0243 0 8.0109 16.2891 0 14.8959 7.2333 0 0
124.06365 175.23135 35.02845 7.7922 22.30335 0.6966 3.8475 0.58725 0.6804 101.3148 165.5802 58.67235 88.82865 56.63115 0 0
18.60165 23.7492 6.33015 8.6751 4.7466 0.0265958121468217 0.79785 0.03645 0.1782 27.2322 69.1578 1.72935 36.61605 30.4803 0 0
49.52745 47.04885 4.66965 8.5455 1.8873 0.0390837747869621 0.81405 0.07695 0.36045 54.9504 69.7896 9.44865 50.1066 49.2804 0 0
57.7044 22.1292 6.21675 26.21565 5.0787 0.0469111745743872 0.1053 0.0648 0.45765 63.75915 75.96585 5.8401 53.72325 43.71975 0 0
24.6483 11.2833 1.30005 11.4534 1.89945 0.0282713872445516 0.12555 0.0648 0.04455 40.8645 68.8905 1.79415 41.4477 27.459 0 0
52.31385 23.75325 6.41115 9.9954 3.6045 0.0309799051084116 0.09315 0.0162 0.27135 42.2901 42.7599 21.63915 34.3521 24.5349 0 0
4.9734 4.3254 4.49145 0.3159 0 0.0110282410402945 0.018381447462959 0.081 0 7.9542 45.1008 0 18.8649 10.49355 0 0
413.1243 322.23825 51.88455 3.24405 37.0737 0.178547803965491 1.30815 3.2157 4.81545 212.95305 83.91195 128.35665 149.22225 104.18625 0 0
117.7254 67.03155 22.47345 3.5883 13.446 0.5508 0.2673 0.0324 1.01655 41.2857 47.8143 62.0379 41.28165 23.70465 0 0
31.6062 5.832 6.0183 7.14825 0 0.020256717299145 0.0324 1.3932 0.31185 17.12745 31.06755 4.82355 14.87565 16.00155 0 0
91.11285 25.8066 6.3423 13.8591 0.6318 0.1377 0.2349 0.6723 0.5103 62.1189 57.3561 20.7198 34.75305 40.5 0 0
1.62 4.81545 0 1.3689 0 0.00974346919329981 0.016240039225586 0.02025 0 8.7885 30.0915 0 20.01915 27.26055 0 0
51.06645 36.97245 6.6906 8.2215 1.00845 0.0286217795664593 0.0972 0.13365 0.3159 51.678 33.777 9.24615 32.26635 32.0355 0 0
34.992 4.92885 7.1442 6.45975 1.0611 0.0168474147914697 0.1053 0.130938704088365 0.19035 13.58775 18.00225 22.6395 9.44055 5.41485 0 0
137.3679 12.9114 23.5386 11.79765 10.96335 0.0480283889116089 0.2349 0.8181 0.3078 25.0452 27.6048 72.85545 22.98375 20.0718 0 0
57.105 27.1269 15.9408 10.68795 6.10335 0.0418878989946338 0.0648 0.08505 0.3078 40.17195 65.93805 27.39825 34.9839 32.6187 0 0
7.62615 16.686 3.05775 5.08275 1.3851 0.0222363599954924 0.0370627085072917 2.23155 0 31.77225 55.30275 0 28.03005 44.2503 0 0
85.59675 9.7119 23.29155 17.53245 4.04595 0.31995 0.0624926500572849 5.14755 1.2312 18.94185 40.59315 28.47555 19.8126 14.52735 0 0
72.06165 27.46305 12.393 14.8554 3.02535 0.4455 0.2754 0.17415 0.78165 37.10205 45.92295 25.5393 29.01825 23.76945 0 0
61.884 60.64875 0.648 32.6835 14.2479 0.0662108428030053 0.4293 0.89505 0.19035 80.5464 156.3786 4.4064 91.8378 109.3176 0 0
5.09895 7.50465 0 1.82655 0 0.00917771618971334 0.0152970639066353 0.0713295350797879 0 12.38085 26.09415 0 13.87935 9.03555 0 0
5.5242 29.16405 0 2.0331 0 0.0466416041101348 0.5508 0.362500198064563 0.1701 44.12475 192.80025 0 95.4018 95.5071 0 0
26.8677 35.3646 0.2997 10.23435 1.34055 0.0604039894569604 1.4904 0.0648 0.15795 77.37525 254.72475 1.55115 86.5566 112.01085 0 0
60.1101 22.0158 10.08855 8.4402 1.4337 0.0298907812948871 0.31185 0.232312210234354 0.52245 33.62715 24.28785 42.52905 18.00225 8.1648 0 0
5.67 10.89045 0 0 0 0.0306058576086537 0.0510126648154261 0.237869808655702 0 9.5418 162.9882 0 60.29235 69.8868 0 0
16.97355 14.47875 0 2.41785 0 0.0194016811830975 0.1944 0.1701 0 20.5578 63.6822 0.4131 27.13905 20.5983 0 0
300.00375 54.4401 91.7892 11.90295 23.6682 0.55485 0.7371 1.1016 0.5103 57.80565 92.44935 169.04295 71.33265 65.20095 0 0
55.6308 0 98.89695 0.225043517750754 4.70205 0.298763786262856 0.0477858707322905 5.1111 0.123404817662389 0.6561 0 174.08115 3.9609 7.48035 0 0
7.4763 2.997 1.3932 0.5994 0.40146852677355 0.31263177217763 0.0500039902391091 0.206657121253549 0.129133009470923 6.04665 134.48835 0.567 144.4878 140.32035 0 0
0 1.0125 0 0.0435412112539061 0.0742301511700145 0.0578045404849004 0.00924556598342428 0.0382101916538619 0.0238762497551203 3.1509 15.8841 0 32.50935 39.0744 0 0
8.2701 11.70045 4.698 0.116345167989416 7.6221 1.2555 0.0247048002690147 0.102100310001769 0.0637990126760086 4.36185 34.92315 22.78935 44.38395 31.3794 0 0
0.78975 1.87515 0 0.108070625876943 0.184241518893527 0.143472647839393 0.0229477792105658 0.0948388712208911 0.0592615864446947 1.6686 51.7914 0.3969 83.44215 133.69455 0 0
2.24775 3.28455 2.62845 0.3078 0.92745 0.15757987445425 0.0252041641487844 0.104164087339492 0.0650885969733293 1.2798 54.2052 2.5758 80.1657 58.5711 0 0
0 0 0 0 0 0 0 0 0 0 0 0 0 0 0 0
48.843 47.0205 11.45745 1.2636 5.2974 0.27945 0.0977018504791796 0.0162 0.2268 52.29765 153.44235 9.8496 266.92335 389.60595 0 0
0.87885 1.1826 0 0.0645954908213947 0.110124016087018 0.0857558289445232 0.0137162438853215 0.0566866656480381 0.0354215702202782 2.8431 32.7969 0 45.2547 63.14355 0 0
1.68075 16.69815 2.50695 0.2754 0.95985 0.428404334292487 0.0685212702507476 0.0081 0.22275 8.80065 161.70435 0 220.89915 215.7111 0 0
3.72195 8.76015 0.70065 0.132182431350238 0.225347930812743 0.175483053510414 0.0280676939318827 0.115998519327203 0.0724835311942365 10.9593 57.0807 0 83.28015 128.38905 0 0
1.64025 1.9845 1.3203 0.119991372753315 0.28755 0.159298420149842 0.0254790374976742 0.105300087381074 0.0657984447793897 1.9197 65.7153 0 74.73465 46.10115 0 0
5.2245 9.45675 5.6538 0.729 2.4219 0.259364830304292 0.0414841919379044 0.0162 0.107131021440389 3.64905 84.23595 8.65485 101.51325 126.036 0 0
30.14415 1.66455 29.5731 0.119820175330298 11.7207 1.8873 0.0254426853378443 0.105149850716642 0.0657045669952935 1.95615 11.40885 78.59835 16.13115 14.38155 0 0
20.979 0 26.1792 0.83835 2.9403 0 0 0 0 0 2.43 36.82665 3.64095 4.0581 0 0
1.67265 0 2.84715 0.2592 0.0583006484942943 0.0453999101856299 0.00726150336533551 0.0300104326530228 0.2268 0 9.72 7.74765 12.08925 10.34775 0 0
13.3245 7.04295 4.9491 0.3888 1.1907 0.20266079703977 0.03241464693892 0.01215 0.0837093377977337 6.70275 62.14725 8.16885 79.18965 67.3434 0 0
0.25515 0.6966 0 0.0606639570191347 0.103421438458436 0.0805363943377263 0.012881419723612 0.0532364938280129 0.0332656751434035 1.9197 26.8353 0 47.78595 43.7157 0 0
27.09855 18.9864 5.3865 0.231711206857719 3.2886 0.307615692165903 0.0492016916940896 0.203341371712226 0.127061110306134 6.64605 100.67895 17.4474 109.39455 81.5184 0 0
3.86775 3.969 1.6848 0.0883468806672862 0.47385 0.117287753215379 0.0187596277438384 0.0775300260397563 0.0484458775296175 3.0699 39.0501 0 53.9136 38.1348 0 0
8.0676 3.1104 16.77105 0.137681773131704 0.9639 0.182783882207927 0.0292354273467719 0.12082454270571 0.0754991491359917 1.80225 17.63775 52.58115 41.4963 29.95785 0 11.0808
52.1883 0 48.83895 0.28755 18.44775 0.167755578897753 0.0268317204976634 0.110890472736516 0.0692916865349674 0.83025 4.02975 83.66895 6.4638 10.16145 0 0
0.04455 0 0 0.0127076543295355 0.0216643284541858 0.016870456700808 0.00269835067088833 0.0111517776703794 0.00696836674580355 0 5.67 0 3.6126 14.9931 0 0
36.26775 32.62275 6.0912 0.9072 5.77935 0.503633572433386 0.8748 0.332913905457404 0.2349 13.9887 150.0363 30.9177 191.93355 266.70465 0 0
1.8063 1.18665 1.23525 0.0852052577817522 0.66825 0.113116990343943 0.0180925337230988 0.0747730514608821 0.0467231378425197 2.22345 45.97155 0 51.00165 46.89495 0 0
12.86685 4.7304 2.39355 0.60345 0.31995 0.257076094273504 0.0411181193108446 0.02835 0.106185655684754 10.38825 68.99175 3.5316 98.45955 78.92235 0 0
0.324 1.5795 0 0.0931584292931231 0.158818831402383 0.123675479907578 0.0197813147622178 0.0817524670295809 0.0510843373563197 4.9896 32.2704 0 77.21325 107.9811 0 0
23.8383 0 4.7142 0.0524134426151559 4.0743 0.0695831576189554 0.0111295007226831 0.0459961408947744 0.0287414247414365 0 2.835 33.615 1.9197 5.78745 0 0
8.51715 3.1914 7.42365 0.0821657526573159 0.140078240019182 0.109081797202554 0.0174471234468192 0.0721056917344761 0.045056395430146 1.9521 35.3079 12.6846 37.91205 28.0179 0 0
1.18665 1.5471 0.16605 0.0572400085588013 0.0975842050767839 0.0759908210361614 0.0121543765270125 0.0502317605393737 0.0313881194614805 1.6443 25.8957 0 40.02615 28.32975 0 0
37.3086 4.6413 36.09765 0.188668570555054 18.83655 2.11005 0.0400619934042052 0.165568711396885 0.62775 7.209 43.011 89.3187 44.7363 46.8261 0 0
7.94205 0 9.9549 0.0448867629295459 0.27135 0.4374 0.00953128120454411 0.039390999121678 0.0246140961985427 1.2312 9.7038 21.48525 9.5418 6.33015 0 0
0 1.5066 0 0.115675395615158 0.197206321456987 0.153568605382869 0.0245625804156448 0.101512541998816 0.0634317364329657 3.4587 33.8013 0 111.5208 140.0085 0 0
44.49735 1.44585 33.66765 0.187809579976409 1.9926 0.31185 0.0398795948478653 0.01215 0.102987223110811 0 4.455 53.18055 10.70415 10.05615 0 53.78805
5.76315 0 3.18735 0.0181769614753838 1.4904 0.0241314119483077 0.00385970651387761 0.0159514437393373 0.00996751490087523 0 3.645 8.56575 2.97675 2.8836 0 0
49.0698 0 31.4604 0.105256380519634 14.21145 0.139736505573107 0.0223502007235362 0.0923691913161061 0.0577183674324475 0.43335 3.21165 68.07645 3.12255 7.8408 0 0
20.30265 0.16605 11.1375 0.0665507456000587 3.0537 0.0883515905404169 0.0141314238160113 0.06075 0.0364937533333763 0.19035 16.41465 29.4111 11.8665 9.60255 0 0
44.01945 3.4182 39.48345 0.1944 11.8908 1.2069 0.0248871988253546 0.102854129054884 0.0642700485751577 1.1178 2.9322 70.7373 10.62315 7.1766 0 0
16.7103 0 12.312 0.0411444473316727 4.5684 0.054622639173805 0.0087366357458046 0.0361068783518144 0.0225619607777743 0 0 30.41955 2.1222 1.6767 0 0
35.397 8.2701 18.30195 0.5022 1.7496 0.494757742460331 0.0791341876495311 0.327046768351693 0.204360407126636 10.67175 164.69325 36.32445 193.71555 149.04 0 0
10.96335 4.25655 4.3659 0.129698566984716 1.97235 0.172185519194278 0.027540268735753 0.113818769827462 0.0711214798355081 7.10775 60.93225 7.26165 65.5128 47.34855 0 0
22.4289 11.96775 3.00105 0.0729 1.6848 0.228171830358553 0.0364950174405374 0.150827068165868 0.0942467073178593 4.03785 68.05215 10.95525 89.97885 99.2169 0 0
3.483 0 1.0854 0.017849583947159 0.0304304192869832 0.0236967913431581 0.00379019098016766 0.0156641490652481 0.0097879942260247 0 2.835 12.48615 2.8188 3.8556 0 0
15.64515 0 16.3458 0.0458779059049055 2.5434 0.0609066948959684 0.00974174107724398 0.0402607903368104 0.0251575991590993 0 3.24 32.9994 2.0007 2.6487 0 0
4.6818 10.8297 1.61595 0.139805221869823 0.238343455657159 0.185602935123898 0.0296863216801016 0.122688004490858 0.0766635630545176 12.73725 54.89775 0 95.5395 124.5699 0 0
1.0935 0.32805 0 0.108298889107632 0.184630667785637 0.143775686059498 0.0229962487570058 0.0950391867734671 0.0593867568234896 2.30445 44.27055 0 78.7887 72.4707 0 0
13.48245 0 11.82195 0.0356961644307563 0.0608557181938072 1.2393 0.00757974420314531 0.0313256623995412 0.0195743414733811 0.10125 2.32875 20.4282 3.42225 3.0051 0 0
10.7244 0 80.51805 0.152275602577984 8.2053 0.202158391569597 0.03233428953298 9.89415 0.0835018184855212 0 0 102.67965 3.1185 3.2319 0 0.88695
41.2695 0.11745 42.2658 0.0944859601873927 7.81245 0.125437886398185 0.0200632034401976 0.0829174601116673 0.051812301927732 0.44145 1.98855 70.4295 1.87515 0.58725 0 0
1.4013 4.8114 0.85455 0.110860843525759 1.2879 0.147176891345669 0.0235402556400754 0.0972874652780366 0.0607916296275951 3.33315 45.67185 2.83905 68.3802 33.7203 0 0
17.7714 9.35955 2.2356 0.173203736675882 3.57615 0.229942211539162 0.0367781816328973 0.151997332709865 0.0949779658466082 4.56435 80.08065 12.5631 89.67105 93.5145 0 0
13.1544 8.1243 1.4094 0.2268 1.68075 0.159681205269974 0.26325 0.02835 0.0659565547315516 6.2694 56.1006 1.91565 67.68765 64.5003 0 0
3.52755 9.14085 1.6767 0.0615349614520265 0.41715 0.0816927243881244 0.0130663693087119 0.0540008558049474 0.033743298957226 2.45835 25.89165 4.2687 27.16335 27.459 0 0
3.62475 6.3828 2.1627 0.108935623382712 1.64025 0.144621003199789 0.0231314532812857 0.0955979617359158 0.0597359163011806 3.14685 50.31315 0 58.968 57.3885 0 0
18.0225 0 15.6573 0.067130414067466 0.58725 0.0891211481256818 0.0142545109536812 0.02025 0.0368116202163685 0 5.67 37.4787 6.4152 8.343 0 6.3504
11.59515 6.65415 3.37365 0.0828415319586975 0.141230325555035 0.109978949827863 0.0175906188145691 0.0726987311993391 0.0454269656305256 0 40.095 9.8253 30.0591 21.97125 0 0
2.31255 1.0368 0.36855 0.113533926095668 0.193555490403374 0.15072562839689 0.0241078595391751 0.0996332658279391 0.0622574406424297 9.35145 56.66355 0 71.1909 69.0525 0 0
34.54245 0.68445 30.1644 0.0780480041142308 7.9461 0.103615147205672 0.0165727583393298 0.0684921045952442 0.0427983876758334 0.5022 3.1428 48.57165 3.25215 5.39865 0 0
0.2592 1.12185 0.2187 0.0412435616292087 0.0703130603481161 0.0547542215588503 0.00875768173307459 0.19845 0.0226163110738299 1.71315 18.94185 0 26.9892 21.51765 0 0
4.1148 8.9748 0.324 0.200478189279643 0.4617 0.266151291496628 0.0425696546752837 0.175932405511735 0.109934179133926 9.37575 94.30425 0.972 139.25115 211.07385 0 0
51.7671 90.072 9.52155 0.2997 4.10265 0.607938530324295 0.0972369254876699 0.0567 1.2555 34.33995 153.98505 17.32185 226.43955 213.6537 0 0
22.6476 14.51925 3.61665 0.31995 5.2245 0.08505 0.0490837066139396 0.202853761485561 0.35235 14.64885 80.52615 16.94115 124.902 117.3123 0 0
7.74765 4.53195 3.5721 0.0774322940840831 1.51875 0.10279774148039 0.0164420181153798 0.0679517797494801 0.0424607570488209 1.9602 33.6798 11.78955 31.5009 21.13695 0 0
5.26095 0.19035 0.92745 0.0361166493293937 0.6561 0.047947823641507 0.00766903020974526 0.0316946647332337 0.0198049184869505 0.86265 18.17235 5.7429 15.17535 6.7068 0 0
21.9267 0.891 29.808 0.101036514215452 0.77355 2.6244 0.0214541518715867 0.088665989324406 0.0554043624034109 0.3078 3.3372 45.2223 3.81915 7.8327 0 25.2639
1.53495 1.0044 0.23085 0.0744648720851275 0.126949585290624 0.098858244619034 0.0158119140116602 0.0653476775659928 0.0408335421244877 3.49515 33.76485 0 48.96045 47.99655 0 0
44.0235 0.7776 41.55705 0.126418784775344 16.87635 1.98855 0.0268438378842734 0.0891 0.0693229791296661 0.86265 4.40235 76.9176 7.2657 24.05295 0 0
0 0 0 0.00284427999292606 0.00484900001089906 0.00377601571629997 0.000603956058929627 0.0024960372143345 0.00155968879893074 0 0 0.6885 1.25145 0.30375 0 0
0 0 0 0 0 0 0 0 0 0 0 0 0 0 0 0
0 0 0 0 0 0 0 0 0 0 0 0 0 0 0 0
0 0 0 0 0 0 0 0 0 0 0 0 0 0 0 0
60.53535 2.41785 44.84565 0.16605 0.265548035443755 0.206787699116191 0.0330747256305696 0.136691643054489 0.0854139607194796 0 6.075 105.68475 7.71525 4.8762 0 0.24705
0 0 0 0 0 0 0 0 0 0 0 0 0 0 0 0
0 0 0 0 0 0 0 0 0 0 0 0 0 0 0 0
0 0 0 0 0 0 0 0 0 0 0 0 0 0 0 0
0 0 0 0 0 0 0 0 0 0 0 0 0 0 0 0
0 0 0 0 0 0 0 0 0 0 0 0 0 0 0 0
0 0 0 0 0 0 0 0 0 0 0 0 0 0 0 0
0 0 0 0 0 0 0 0 0 0 0 0 0 0 0 0
0 0 0 0 0 0 0 0 0 0 0 0 0 0 0 0
0 0 0 0 0 0 0 0 0 0 0 0 0 0 0 0
0 0 0 0 0 0 0 0 0 0 0 0 0 0 0 0
0 0 0 0 0 0 0 0 0 0 0 0 0 0 0 0
0 0 0 0 0 0 0 0 0 0 0 0 0 0 0 0
0 0 0 0 0 0 0 0 0 0 0 0 0 0 0 0
0 0 0 0 0 0 0 0 0 0 0 0 0 0 0 0
0 0 0 0 0 0 0 0 0 0 0 0 0 0 0 0
0 0 0 0 0 0 0 0 0 0 0 0 0 0 0 0
0 0 0 0 0 0 0 0 0 0 0 0 0 0 0 0
0 0 0 0 0 0 0 0 0 0 0 0 0 0 0 0
0 0 0 0 0 0 0 0 0 0 0 0 0 0 0 0
43.28235 0 29.1519 0.1134 0.297017891903085 0.231293921494628 0.0369943813203071 0.152890845503592 0.324 0 0 63.5688 6.72705 19.44405 0 44.7849
28.07865 0 37.94445 0.083646460193232 0.142602587437739 0.11104755828823 0.017761537741489 0.0734051070952648 0.0458683559136443 0 0 54.91395 3.87585 4.04595 0 0
0 0 0 0 0 0 0 0 0 0 0 0 0 0 0 0
0 0 0 0 0 0 0 0 0 0 0 0 0 0 0 0
0 0 0 0 0 0 0 0 0 0 0 0 0 0 0 0
12.7737 8.9667 3.43035 0.91125 1.6848 0.00241645026994145 0.0256679842550519 0.0162 0.016532797246684 18.90945 60.06555 4.6008 49.6044 54.08775 0 0
1.85895 3.15495 0.127389757094457 0.162 0.0137451312006684 0.00165848889818265 0.07695 0.0258318841399123 0.0113469997833617 3.4344 63.3906 0.087403219226322 74.7468 203.3991 0 0
3.59235 2.36115 0.97605 0.7047 0.2106 0.00246129001596837 0.2349 0.02025 0.0168395804811156 4.5036 90.6714 0.129711251658646 94.3812 127.413 0 0
12.08115 10.69605 0.1863 0.324 0.4698 0.00211987776594936 1.1259 0.0729 0.0145037163512756 5.2812 58.3038 3.7584 85.6656 200.24415 0 0
41.8203 20.99925 14.71365 0.63585 2.97675 0.00271830659265455 0.0288743582636821 0.0423391323482221 0.0185980288151227 13.75785 48.61215 27.8883 54.1647 40.1517 0 0
2.3814 2.01285 0.12555 0.36855 0.07695 0.00140098756748536 0.14985 0.0218211581424489 0.07695 4.8762 55.8738 0.0738327664589463 48.9645 76.4721 0 0
10.7487 8.1891 4.6494 1.00035 0.0193459517679532 0.00233428446505969 0.0247952037918066 0.0243 0.53055 16.7346 59.0004 0.123017993704858 92.99205 214.45965 0 0
0.9558 1.0449 0.57915 0.69255 0.162 0.000597265417078549 0.00634426435849253 0.0567 0.00408635268262941 1.52685 18.31815 0.0314761951330638 14.7177 14.9445 0 0
4.47525 6.8769 0.10125 0.0404169017993192 0.0186244056996049 0.0022472226446658 0.14985 0.0243 0.0153749807370614 9.3798 58.2552 1.4418 107.17515 289.9962 0 0
9.12465 7.12395 0.297289930017618 3.2805 0.29565 0.00387042145084024 0.0411123365940361 0.2025 0.0264805338234867 18.2169 135.6831 0.20397320412379 127.4454 123.6303 0 0
1.51875 0.20655 0.0465503388535032 0.162 0.00502269985884768 0.000606039464679492 0.00643746392418421 0.04455 0.00414638269931279 2.01285 24.71715 0.0319385919611691 22.66785 63.0909 0 0
