0 0 0 0 0
55089383.4784819 63513754.8931353 53937659.9558587 57812251.1461052 60670220.3070173
53323062.362562 47087981.3662603 46423209.3826111 39552923.9040757 37539331.095184
31369770.7500784 41065603.5087087 31035172.3499242 47432854.0499252 49345949.7298938
1029715.83285268 2090572.52073867 0 2498499.28802954 1720452.4527038
0 0 0 0 0
2309513.04200238 2466783.40013612 1064129.71665669 0 3867857.17142654
224024253.9427 261763125.356537 267630326.961006 264303738.096675 275210267.249699
109186487.603615 100277518.604942 112371390.354762 111924927.230512 111546706.307767
0 0 0 0 0
46057948.9706909 47982870.2824161 45295923.9927111 39397528.3082227 43122292.6341503
6311202.2066287 6592186.3438973 6541596.71612141 6387732.74090146 0
0 0 0 0 0
0 0 0 0 0
0 7452584.48725324 0 0 0
0 0 0 0 0
0 0 0 0 0
12747641.9728823 11097240.7365208 0 14580794.718346 10565316.4911795
0 0 0 0 0
