48821.6102195694
13027.8756808508
30891.2542323584
18983.3615589722
11596.3179008476
31364.4251951213
19169.6767528317
236.515698926227
31333.6899603173
5540.46265975219
76576.7674642923
93970.3640668361
9940.46526058529
14230.4746355607
82825.4130418886
19337.1083165955
9402.32746997193
9945.73069257669
11401.1081796527
2465.27296974893
37908.7277039223
36992.8894384784
17461.8850589113
12024.4674034011
41481.5433903947
16223.3002021646
34080.2359925022
18681.4167293838
66156.0824454814
735.365017893546
2634.85209582189
4509.58368500493
2183.11548560225
18101.9033270584
17574.8144407415
25299.4434082171
5041.96536201603
2708.82222957983
84967.3242373391
1342.33053529733
20400.2850018589
71977.1783243268
79797.8038836302
270456.888971806
59404.0755516091
6722.92526112085
26648.9660509869
229845.137418631
45356.1263068595
69590.3680096888
273327.007476498
3161.18009482485
14222.4848794133
652.532274702401
62846.7623002968
661.241295270561
14745.8492934878
36450.8771307031
13805.1330020603
23405.4034102214
14635.3135863408
76373.5157691498
9160.88967488007
30411.6362006272
28509.2763754407
12606.0242726791
90713.6941383695
63158.5658663224
70415.8304811762
27042.9382308769
42145.6663886931
37198.7371676352
27811.3076212552
33289.2628208055
37359.5138603817
21133.117038755
80812.9743974437
18949.3588379807
126016.414377481
223007.441873398
6174.98524286631
72787.8445093258
27153.0138009013
34408.1112145685
56254.9986682658
9410.44055623221
25997.1092243344
24803.9012665753
733.239561120918
88946.401325733
22562.4080000511
538.121035679569
16567.0416411448
19870.2316498677
15684.0883431373
39947.7933704592
22456.7023104414
5419.83400517745
6481.77129200093
7731.33897267802
6149.46015458441
1250.81345972981
17112.3107223918
18432.0312380829
5244.53041613712
7587.61216135798
84111.1117942573
153171.731744531
20677.6826911082
15270.9023878656
30064.1140810521
12832.8459078692
8433.91750172652
33486.2731755361
187431.182997406
147976.967059513
217905.746258799
20713.9364238065
741.630492689507
69668.2343258576
101357.90283841
17603.8330301939
19598.6833906512
60880.5798570471
37680.7944895007
41157.7283280935
1094.96314236062
40414.9860550309
3545.33448858899
73094.8700543678
9831.55210723865
13675.1063466037
40791.8359358514
4968.46719576051
1263.8290457924
1030.57328397461
8728.61911024936
5690.45631197362
67836.4123803988
19118.1270357722
8215.34275944107
5238.14358023022
5204.58163961342
12776.6733472232
10900.7260125247
9130.40751059206
278.300562185813
25117.4774273338
46147.4972921205
12365.9599429482
33885.045218666
136515.721117985
113215.296053318
251583.977672894
3985.94057273674
13614.2306292091
19433.6101247191
33079.780965797
16970.1863180956
18528.8649117944
52542.6641394792
8079.87894111296
11417.4173387708
258.64592314089
22462.2766071416
47187.166704332
16312.8067770392
64098.6393817838
3661.68934140506
12552.773527257
25672.5563964079
13764.0268630561
14020.6227467823
17964.3013760556
6735.38350706609
53266.5559633826
46663.1246583639
3944.93279061351
10964.1774947247
11316.0599549278
7308.10214632438
8873.69291346776
35198.9863184061
9095.34263470142
12644.2843349588
1535.95202871605
40851.0417088506
38942.8786564983
42295.3497241891
10923.1120936077
163957.685350297
20184.7879287332
9840.58624675698
36882.2844666152
3399.16356709483
1252.40173515491
7899.83558802668
52885.7888848724
29563.8997352983
25000.0007377585
22203.6798158463
18053.1593911738
4133.36676669744
1089.42954373367
2855.86248518991
26439.2525776477
2373.40124240812
444.051953735061
1657.03715862341
6315.51711026348
127851.200924187
60084.6056751245
3017.96390758433
147306.36543146
14042.86455536
11878.5823765519
17697.6120872346
98691.9788206789
50174.8078187728
4709.09184337688
344.757527429157
2306.27840215287
34314.1589416147
3765.62743446585
264.919580834456
23358.1653057884
858.157855450266
319.310503893657
7932.79645907365
9105.01665846791
1994.8826340447
6626.81617411888
6655.36575618702
1202.77402357707
1922.27903113357
9764.0499937004
371.9864718272
138420.726718358
1324.09906034049
14794.9347499247
890.310555990764
369.096744224151
34187.8029698975
20019.4117685777
1907.71716668586
45732.5996382938
3964.01226934481
33193.2259892542
43273.1459874908
33936.0303883345
3727.93233378517
444.353381739417
15205.5306038534
4721.0030676864
539.576672618916
17438.247936061
169019.644070824
1099.72308316039
37498.3257160295
127455.734642285
91871.805434176
4169.76435969926
42522.3455721463
84693.1429197033
46603.2787937579
31574.1919989221
109288.266344272
7527.09002607777
6135.8498307185
365.115132773895
52555.8587734689
46599.7833105347
2753.42439614424
4478.92107774273
31747.8344540968
115667.053019201
14911.7254964396
71361.9442013916
3182.11460818865
61178.7173229612
3049.28718684323
7449.63899916307
17938.491486039
27815.6826373076
123936.521466146
18739.5837259437
244941.165800344
28889.190689151
13735.7701093777
26929.9480733709
143569.589328388
88519.9435906172
6571.45283056635
8062.8727506497
147268.036276214
41538.6756030192
675.077305676846
6554.58368457748
80936.5116909434
2322.26353288223
709.539326670778
1954.69148930184
8631.13487416119
26626.9629956045
81597.4555208562
11639.821545892
26720.6788706522
48936.5373783384
335.045307133754
55172.4175090419
32003.9372641585
1268.49430333841
90294.3302334567
35491.6006753409
93878.9004656234
20720.3467901404
25510.6823725373
4358.4951130294
10308.3998870143
6628.62854435531
9044.21416493434
14940.5345392511
3867.99535668585
30668.9617714609
43396.674449903
773.446354033327
8278.22484401283
36799.3514529765
25463.7387132168
16646.6298817142
33875.7356930286
56580.7968546445
20189.6261388755
127701.007407969
45495.6328007595
6830.38335368267
62608.4760833793
2260.01750971184
1488.58961792235
38917.9758085034
2145.57735322839
33002.208149438
42386.0058538191
498.945965859305
10541.6363353855
91072.5718201876
120909.071343103
34306.2458865427
105470.863556373
16207.2040606005
61577.0334197256
2572.61921919639
41826.3023112833
40644.4801353982
1509.99470385662
8699.75274589157
48691.0867010027
31024.6939138831
17051.5818776401
4036.15961868924
16747.1281844978
35868.2752673787
30241.3526905075
41090.1003807363
66818.1144979467
603.306905043022
18906.7132108495
122650.315541759
3612.59851774395
527.729613117288
3833.36223814935
26867.9498301199
28725.040342404
2914.05722057365
203454.182930313
938.361828180536
35301.5009734944
6503.09511744642
72060.8113364278
25355.4336727571
18748.2467878659
9510.85810149249
92306.4485317986
34173.6487338985
10941.4706099322
63032.8308730685
15272.8288831528
13163.3553901688
34764.7800999754
14487.79015491
11378.4290997021
9943.07086747025
34771.7044129762
37877.6086181907
9679.34984092951
35294.2994418231
217.194482534612
45080.5246698959
3217.3253816088
5459.65049490487
145921.554515158
878.809284458523
44326.0396916858
1172.05496914009
24936.5478247592
5473.10914113386
3352.87963643111
12607.8436808237
6829.73947219617
215.75158430052
18908.8880866437
20547.3251320753
5283.26899966834
95616.9851420117
18710.9682761419
93024.2278848695
140025.258842368
58088.3208879891
1420.14703461981
47924.6050770593
202753.171203616
53302.8774367617
75540.7878365025
1484.29514218049
77824.3059614073
7835.68889510212
16942.5929157872
2809.29510735073
64530.4780543616
30929.5300637922
21904.2378677463
11744.8470717187
11052.789802463
98721.0647601893
57063.7175766835
18966.6655658022
9341.83346896167
14780.3379657502
5593.50727848466
32889.98285604
52390.3859400353
68876.45828524
2192.1769418117
1986.25788695472
1819.72156571718
1964.45891764193
44037.4989718308
2342.69572210168
20532.4879029849
3540.93327885398
14431.3070260043
376.372602149702
1929.09525827995
184.293886150256
6390.30884036596
18500.2827193844
68596.0817423071
7441.84281870735
346.950397067847
1057.86224757113
7280.94750365952
19814.8137325541
7572.5885243948
56013.1912438759
14370.6104949224
14844.4532115385
13155.4667687341
30003.0400979903
1904.34100052691
14199.5609046912
4977.16071552469
70405.9686137937
6269.08925496004
15988.9248085266
503.048053267582
11478.1008296633
17744.8993767874
3162.4378267964
28504.9851193581
4953.62746003666
194280.835895862
5507.16889382146
5844.41125648068
4118.63387467565
3509.17439237391
30396.3119997743
9815.19014214703
18180.6752433058
30889.1507536295
233334.472091012
10759.3414284862
76290.6646589029
87627.113523558
67300.4257159797
103241.864975201
7907.73458298052
58685.8379766806
26949.3260350496
12725.7407976945
6052.44563603985
1303.44051601835
3175.97713929809
97556.0424827854
903.125967298725
12666.2670332724
33633.5648955348
1324.02124056079
11463.5230588552
35.4334657664364
25476.2737335468
91737.9407991476
2718.18257545871
55382.5082367029
17135.3985899042
20839.3987864712
61430.7026350379
97665.0666867061
33151.6508407068
38379.6260830801
6322.57868967281
2048.15547369008
5254.21256527621
1486.50955188852
109943.947559423
4050.2045351256
336.066023830426
843.941910418751
2718.15944915028
81278.8186621956
8928.59742981921
2044.11505081239
725.661434354314
242.377173819618
4026.22140484266
13504.1924101281
23799.1365693186
35477.5385501753
10682.1340174004
53208.9849223198
25536.5810193362
35405.3884265975
5003.03921825028
49291.3661056002
152054.312138989
17599.3922087692
43336.210629946
4228.848905225
57986.5912031153
54665.7147803628
27850.7656156684
103954.662112345
434.061780672193
138729.557151612
140362.75164535
14038.048171074
8352.23792014331
128940.199679959
35671.8303111054
1132.80747715574
23081.7575009804
15694.8676001062
2302.54215645844
10275.4230283316
228718.092883934
26273.8153626342
26199.12572931
75125.4432385119
12576.972777941
2575.31875728313
3183.40555739058
27374.2817498687
40921.8540655119
38946.8687503831
2187.94843981266
18903.5840553728
3812.94974006115
1783.93865031827
9087.89765248173
78194.3108479863
132417.046221634
50339.8866895397
108335.341919739
75811.1264913518
144453.847930901
10463.9642050593
805.233735328769
66125.843800093
42964.9115153344
267579.408494215
35905.9299914363
167238.372231186
1292.30680868445
7270.09856974695
124799.170410898
10499.1005006238
50109.9548886209
7811.47540715237
58437.367471197
9680.13420231438
14585.3062122315
26256.6554697492
42426.4621971048
51637.5110609158
77770.5835284287
54044.5158642027
15458.1062182611
51200.4826452475
29443.138008335
92524.1073380485
22051.36335533
597.617323430927
4442.52311082784
61296.2729197765
30716.9448337247
105531.624897443
13901.6036570103
27551.6815365013
10883.5894377511
17494.8621854096
1543.38448622258
938.002944502864
21033.8454545749
52118.0530570408
47029.6161868859
19292.590240714
131103.940886133
21372.7765523178
4988.47696506697
15377.0121562759
4399.16518641832
464.275060664254
5573.39956179451
1560.95479485386
13243.353567848
24222.4570449705
36967.9818812924
85369.442980663
19889.021147861
7393.65355236632
70882.5352365148
36516.1490786514
26814.7011109291
60754.6461000221
37956.8029282498
6538.56353188165
36882.8776611865
6652.98671557738
28382.6477974304
2412.9683379215
682.825713275835
27942.4487684465
20071.2329806362
49778.6243979907
11255.3364590817
62407.5705068903
75639.3568014905
4082.1426936763
49276.27879033
2407.17212348825
9209.08231810718
2442.65212739616
11198.7121031192
258.422980076345
21898.1883025654
328.891062169719
59571.0311340181
43241.3313141666
77476.312924321
31570.1363840704
82996.4791020418
7823.12389152567
262.105217225108
15968.4531874922
7178.59731728278
7559.10814427724
24624.7124323513
21445.4245193531
578.58282173604
26067.0210490081
318483.01747538
271.046840665432
7092.69393379501
1626.65991049277
165305.609959601
189610.979351921
2654.94682707783
228680.66848761
1215.18640960077
89480.3623685666
12724.8945125511
375.819856396528
6537.8245767586
10187.5584727166
3100.75044961776
815.646198426316
136602.142341668
140154.528338261
1890.91909309158
15899.9618448762
3473.54711159667
156168.927556828
66091.5034305279
149723.048813799
922.600979722552
57523.0208315642
76559.6035291306
124648.494844827
33568.1485854503
184110.55617838
19819.6668411781
140323.427886554
115850.690685322
2092.17238536478
27039.3016772616
4940.38774339251
28830.4967674439
48870.1172129042
33234.4745302504
93966.7741877403
10305.3983141662
8908.50393185644
57466.8138469443
15984.8329309404
56812.2126029023
35267.6454168604
57055.2731434417
98117.7324463103
2283.02372270513
18444.1508480822
154050.483427725
45631.4239292961
119189.837162961
13693.0772525862
23172.0970160219
6495.32404106408
24439.8098148297
16002.7307229123
515.504613389032
16068.1938408535
14186.0018709882
22291.4913802275
19278.9689353372
37864.4025591368
73096.5516417879
14329.0039976269
37184.2061664162
18461.4897350887
150408.824097028
127193.804434804
9313.57760835463
39626.330149117
64200.1375080596
10251.0853448043
62184.935943449
1229.40629429428
100823.48881448
2126.88696984969
58.1827248283846
36890.2551569063
22264.785713673
295.580106398127
108588.553058951
9316.65766059952
6280.20470721795
23698.4943003029
17592.8433269896
42678.4071629773
15336.1647827239
344121.957858467
14765.279072523
217347.660427537
110356.722773867
2675.27340179196
189982.732725671
81191.661270436
6480.92566403619
47278.7737262812
2500.41124291849
10903.3630004107
93879.1581530362
1935.17583094868
28880.2464318841
52353.6067185531
3409.3330134681
7590.57668833941
7999.21247390781
1918.9341499441
201157.466348326
100874.159297426
1766.75710402787
86449.6044378614
29906.4962957027
20824.9766896904
60491.4713244855
43673.0371509157
37019.9334491375
1415.11406084544
32265.8255726707
17369.2086548989
1317.72056694069
61370.5907926837
114236.467770599
47018.2535002943
15286.430260458
2679.16626549617
84826.3075895536
45788.4004632619
2263.4757769323
75635.4343230655
5580.8106304226
90560.0094967694
3553.93367174665
530.282971492346
34327.1965946294
24495.9856188736
807.731185818779
1302.80639334128
3047.0276661572
15186.5003556752
814.452493520112
34966.3842255757
5863.22282529005
101199.013540208
176855.708857801
54705.0666017792
12041.9660550507
27199.8452062545
1565.94461080192
106727.614671045
77218.1655094358
1025.35770156551
6481.59257502629
29998.3818654676
160884.136812033
16924.1761579807
8022.75033913044
392.569514987683
19879.2855313824
74381.3928013602
51803.3946903908
3972.69147544283
13593.4721651352
69827.6781747556
1873.32726259618
41480.9225430756
25491.2413730068
40029.3726035867
3272.26022353859
5143.03370922454
36655.0205379542
244291.175891243
259783.163823335
18767.2634808007
9304.01655721465
33974.9292092926
7008.73124551623
7720.78047899435
46777.4989068877
14511.9343921072
43109.0939445316
20250.9606858332
25082.4725991251
59927.0277363483
1541.17436709271
154221.879626969
23061.1245550722
10194.8072608847
49050.2552496901
186944.473782972
144898.357566551
9082.4022867505
706.275163939853
16046.2485940499
421.223673294221
566.003538618481
3982.66787475358
39071.2346157725
977.500399259964
89240.1595657342
23819.8137727252
48922.5932223928
155720.581644285
53511.9025945759
17932.5841021919
31089.4477332761
109104.05174385
5544.21321069431
14574.8209642526
870.669714722567
616.833194798854
77402.4423475296
87013.8819678281
34721.6538182889
116289.470973292
9676.24002393056
40020.2571120255
78169.000747136
16035.2937366687
1568.38644669877
77904.0423908763
59133.617645171
24971.7631439067
44263.0564707575
158246.187943188
14989.8682044449
340599.972759706
10610.9188275014
1279.003397659
15545.8072552183
23223.0935055302
223.720057351232
6932.95763425048
56919.2656510486
133749.871207241
22766.8781857283
437.101725275297
805.589866293101
387.880512811693
2604.89323754016
13002.059468134
127717.871975304
4993.88860640476
155925.502960858
20535.4059318142
130409.598851061
119934.293397438
15428.8773830107
1100.54128944337
53668.4597455614
44473.068487937
43063.9898505627
52756.8606242301
53288.8006066116
4082.21601897168
11404.0048779344
50909.0057151578
9387.89340526593
121002.970091255
31109.1235775719
17696.1112578778
4403.47709737038
8027.81601072431
217884.165349166
6224.48798989429
106968.440196805
711.45957961846
25935.1972136276
165643.138237045
14323.845875008
44586.5263035478
12269.1153746837
40039.8778117624
109220.908252977
22667.3292849069
38353.583681365
344.036369105312
11405.5765499789
86652.2747579403
33708.4147877728
23744.348926792
176.257224464298
1508.86742642091
24682.9188113259
106859.152683528
110113.07141074
7942.05396255041
27688.9240570968
11293.6155754839
15103.3344090912
79618.0965652571
13459.0088609443
27707.5912895622
37186.9859495829
130773.249774751
33899.2835118529
86640.3959464921
830.157561418911
74379.345496323
122901.281829326
49357.1801248376
29776.9819973944
10521.4502858712
30168.3879779957
69562.7571634067
95179.6841895434
87023.0346008468
71702.0255015977
46054.3805771423
3324.13050679614
95409.9688597896
57223.4308603093
1363.38054188927
10233.7012477289
38834.9832665448
60712.5741728593
18824.4636242123
7524.46820686718
19569.0798565738
1825.58038939173
43907.3310005298
24556.1544798771
9603.84850128384
103651.111064773
10702.9426300248
34916.2544159969
2429.11369212243
65832.0943522176
23878.9276421527
30046.1020821292
68565.2868095617
16654.8426555726
1230.8089397347
9664.32751108242
41742.7290864638
61796.7053394845
8998.77061788345
50627.8082756181
839.733306308351
70187.4162566548
35240.6205403466
5206.50258615799
61196.111883507
77305.6170711833
9252.08617647791
971.33349912103
12793.5132256124
603.490634977375
125310.419096687
5238.23863426706
44849.144929738
18770.5898055364
99951.8655102445
59110.0105699141
60716.0915771462
44572.5481672718
89399.7576923127
30659.0348370746
44391.5719368257
104326.622366008
141261.454827683
60516.8586264801
24271.3199418898
100332.194252767
29927.8222333638
71275.862247366
54456.3863649331
285.555601821953
65209.871661223
13434.1593563653
7159.81582539093
24762.3268300565
4339.06359123941
51477.0169092023
68509.624761422
94482.9131259451
102343.061060354
31894.2003052841
32489.5832585725
113430.518963692
7915.85861796596
3616.55238322834
433.313955703302
1063.24375420845
41533.2902760826
52875.2807544528
1843.63835545716
14708.6787066332
6166.73331191635
24110.1856747539
91386.26205734
27569.4957620338
37309.6952943467
55314.9440098918
10704.8395862862
3426.26414459026
1743.40229027613
40228.5940498401
42907.7805934931
36032.1461967372
6730.61294313867
7375.68775941786
79531.0708184403
14270.7572950125
36401.3244175302
99413.9868757295
99838.1674393982
2262.86737665616
15855.1689988585
71593.3954081378
77554.4635167188
489.494661677107
90155.4596397448
204232.389975465
1473.3420985985
36135.2094191285
8211.01003044654
33902.8410173007
112397.684243712
32475.0595514336
61370.1371907724
41217.9837865952
10496.9630381317
43687.7076689593
61305.9923283133
290601.934741659
17005.3127659525
30086.3430796093
29838.0944525346
187692.877996646
218247.634204591
43510.8674222899
15059.3902475243
51085.7421471029
24998.5335672978
2329.26096434845
14829.5111973251
6805.46972107283
948.702495714004
759.815243979138
142733.176911172
114330.534363476
9473.78506428644
16513.1168572612
4101.93869501117
414.066161923333
31132.1457128121
54284.3676623845
70379.363507477
30517.5301819054
21316.420829985
99644.8522918213
70816.3710359316
42518.6902363168
77369.9095453012
2201.5449589729
15891.2026405183
27745.5200469748
88125.8580667915
30340.0369333726
2980.41141342339
4780.55063681903
3250.11242181423
2573.51304576096
17448.1177389765
55778.1785045161
1739.00045292794
32435.7663185982
447.409890194587
22842.96388494
217145.229116321
205.357767781629
19511.233743723
108429.574140978
265454.7570667
13896.5837584918
16073.8400462004
8767.77812986991
17380.7748203891
31095.9605118123
79594.6464340629
26156.6419075682
3524.30182289156
363.225297164067
1291.17670398745
925.758995235727
78130.0204274978
903.811700041208
18478.8907531076
130442.022121242
333192.005962195
22320.9020088947
10810.3303901099
14707.7510630324
17471.6544197422
36128.7384685197
101744.324055684
128081.069609118
142203.843881096
104532.899944204
51629.1480475395
71958.4443055639
3789.33272529935
27429.1823975594
6996.80136708943
1414.60572637979
637.064712111057
754.256803151651
12367.0481865365
6387.54400025599
18420.7664045793
15948.2166911608
11776.4210668511
35671.5718657025
13179.7814241823
22076.7976104622
11535.8670482542
4970.77530487972
30607.1890702208
20257.7950622485
2950.34809101392
44372.2376190543
14302.4465612679
19900.6711058388
25339.0631750215
12416.5857981842
18539.1303577671
20656.4175037124
3350.80442235541
12285.6906675271
17571.2415529781
33853.5299856625
8275.10013215342
13017.0236211202
10941.8349865392
15954.6915689455
25632.9898156193
11121.876810424
48620.9128835504
11094.5767181172
11281.5688202262
3602.80299120263
37402.1112616188
12343.8412772209
29953.3756934657
5068.96192808363
15824.2109639633
57654.247768734
8192.06922418862
23228.3904662786
4118.67311651742
8009.40760864858
4602.89842648093
17761.5258366918
12987.26972227
11426.1048088361
19839.3276614293
20605.6481134684
20104.4405967759
3946.78983896405
18762.2277135882
2950.33994118723
69993.8013976328
15710.6504109534
1420.14750161472
23201.2340159551
116.989120882507
16794.9989213828
64248.9537995054
76731.0724978933
13655.4562764269
1864.78085931375
139614.082343095
13520.8559847124
1582.92533847477
2551.28517267943
28299.5610270281
17808.9130516502
3996.46657325675
11958.5860908875
7245.89357906538
72962.4368033545
8467.87252756013
24502.8298769044
11690.9171685036
8644.09028249611
18763.8040664613
30239.0465728896
12878.8464682299
6160.65432551788
14245.9201592765
7162.1910591896
26207.6656843787
1969.39033448102
34667.538712097
8716.44265865998
20189.0487978567
12308.7245929014
13375.8760453072
58329.8651662892
27944.8474754912
9389.48453407282
11913.9527948907
16930.6487599688
5578.54015454393
17243.6578265855
23284.9988725577
3101.67795899572
1888.37678745705
8003.804994881
18245.9804542954
190352.721816513
10539.544957411
10663.3885147862
22265.54483058
691.429773820024
27255.6026418742
17060.008132812
319.167535704334
3018.97033808408
31363.3599808231
20991.0222427699
26328.3631380724
31778.4649821725
13395.0273773373
1834.4984594597
15135.0482011815
10635.1368156769
32896.2234053144
10579.4921387122
30232.3791991686
126758.057238317
252.287996352259
21193.2529820479
35261.1977143355
1779.52853756599
14338.9888267975
23699.9402933464
19325.7790391654
19865.5012863445
120811.26893704
4740.4800143056
69089.3187552411
8866.95862904875
3856.32907265329
12538.7133093166
11394.776782013
18451.9342251748
11199.8973234972
29188.4954559983
14374.2684867011
323.030888643153
14039.5499265547
25292.8563053734
3071.45063244346
5309.61127125905
30766.059801457
12177.5824531325
162141.005891965
1311.6202419253
10149.4906322222
9625.69414972771
20392.6437987353
8339.6220838301
5458.69140701433
62072.6609161374
9016.64346347628
35655.1524359141
314.643301177405
84578.3572143837
56951.5302316336
33183.6959188739
107170.037824173
59615.4486941918
801.820204586849
89942.1462476808
13371.1057032331
3820.61554478447
968.757351170262
4282.33277980114
17695.1663288048
47181.7804663404
40578.8424208052
751.592798926329
4444.50881367177
12359.1618574636
36752.1873961437
63548.9890169549
44035.7000261689
108888.516094744
163607.916087302
170775.574593775
3619.65020581506
208264.785964134
106601.90426148
29117.3508171736
60032.9944670937
5110.87246386633
16831.8377948823
9510.75957856616
6644.73709851588
15650.5726125904
2416.84341087005
13608.455175142
23401.319590929
14130.1863536715
97276.2174460774
4211.60238461863
9816.76937813108
14544.9439061137
52878.6018482807
45423.7096412305
50234.0534164695
2063.59283966918
12096.7161432901
15341.0422367064
17930.6577043619
21941.9879798692
17767.5261368471
8780.80286922182
91536.005964504
83538.7352811
73098.0747425309
270.535790431455
43981.2973125917
8771.67233662957
25830.2527538047
4816.78863950536
13825.761947486
26597.5160348147
27643.0556827871
60924.3797920304
7509.1221681164
60836.9792357103
37100.1957911895
20786.1330508195
21461.7481735415
412.676762617743
108449.28405716
65012.7727464926
416.27405109629
1184.78730645467
5994.58632552275
1614.1388822211
1273.70845762182
16609.2975240513
69825.8956510521
36620.6268444969
8920.40006081479
811.716079754417
15463.677047486
6425.75162000791
6148.06934962687
9636.43689630451
2255.14431166368
51974.6023495952
3763.50411091384
15969.9632567592
20712.0541105105
38616.409953741
27988.0484196735
58598.3576029978
27491.6819901021
17544.4960380665
1606.78115437503
102713.925283602
624.806622428757
33000.7730494844
23124.4248207394
286837.05253202
27295.961100477
98715.435777693
48696.7976896576
62463.6512863837
11857.671310769
1910.54400983275
23410.7637592688
4259.36333007661
9153.52723321923
3359.57878480651
40460.7472201542
2926.25477237534
11961.8255717611
29053.6349121154
4794.07706881172
2915.83041155475
7238.12301561729
12134.4434429529
97486.0858011553
15803.2573662187
15999.5447953526
16236.7805198117
26058.50350306
32814.0687879446
37432.9411658874
9139.92581427949
7777.29323569819
6823.22424022793
2026.47334910833
9648.54278332384
11285.791494997
2903.66202770635
97428.1215749617
5234.33761665356
26625.7432039762
13627.9131682259
190934.305277994
16464.4545381688
9121.39731034152
50965.8746441949
10936.7142987473
2631.70282784636
1073.85037165452
2463.73236110546
35769.3204621982
48346.6118361326
517.173895930141
68202.1835191019
116140.256976999
72972.3890132174
7965.48150717649
2849.99768549507
71792.6397947081
15563.8050426026
50243.2689604763
8070.46974197047
122811.259228246
40628.264531149
16826.6078463125
1587.2811430288
84104.8129608725
4117.75066418485
57259.768935372
3703.01887425841
16266.0621948456
15184.2241638822
29095.062275195
36682.3712784456
125954.467157409
69038.5066236634
83388.871811714
44774.3120515932
25525.2173406543
18435.7081800327
121926.621701746
17728.1369116077
16521.7258738517
6413.11398410397
9115.85292046112
5161.62221365851
31613.0553083557
21334.5869712442
75919.3005299427
1624.98128353121
22488.6794407428
210674.77891139
141172.154182589
99009.2718766469
53578.2047394232
121566.244131756
17140.343116485
20717.7074900528
7238.30174185751
199215.474111782
25784.4591244201
39797.3674697785
1126.88621609499
49289.5031022251
72808.3199738793
40041.6122910183
97885.5245609871
4205.98230388771
10801.022633237
25375.5451441364
5623.73401946257
13415.3193154683
89614.6564671738
7383.95805800788
14138.5016506852
23405.952505003
68264.1742483675
18176.219456855
38996.2728065763
6132.00638289717
28627.3454712521
12148.5807995366
18699.1165084178
6509.25447261582
88195.9790856407
34207.1214057772
36105.5616651869
18936.1751987205
957.418437350311
2533.32183269558
578.658274533864
1968.29507895943
45781.8692247869
10611.2412870029
1889.64646406689
29487.7590226137
3783.01568032453
76872.2112732748
24434.7729226564
20552.1849543175
107345.611892289
796.518637553256
12818.1388952052
54902.835381397
9171.35261817083
24011.104530924
22463.5162962749
11778.5155288419
3492.28162058089
37070.3704561616
30634.8030450188
3598.02200205022
11195.6462345731
190420.431814608
19614.868635521
883.775007122775
129940.790244007
85446.4149813576
9363.95788273681
1731.3033006014
5718.556913076
4918.26080328796
13204.8252261435
172.271734660306
2134.28732893056
17438.1722874713
27489.2612710546
16138.9777904937
6296.0763678563
14133.4782228409
5465.81180019353
7577.14671890448
27757.0493039013
18698.0361012116
16479.9407601753
11176.8088760112
3930.22906740811
74689.5817952349
112185.491147984
20222.9233814715
10054.448451465
11974.2011904542
344.073117796761
42510.9077361972
11276.6680546271
3696.69893542306
80032.4158030358
15025.6586228328
25254.1214973266
1464.0038163065
12442.1916141901
131444.363344017
15788.9964129637
74209.5646121944
32586.6121783668
68939.1461021573
140642.094892564
37526.4417969787
20888.2856973724
7811.49837340752
197019.099379685
5717.27057016417
23334.1161409636
29293.7302640086
1453.40589320528
526.77595373269
10995.7440883865
8199.73579620104
12143.454479644
5415.3629488117
5273.43984109833
5561.01962523329
16046.6558261823
224.714183192898
20741.2045347201
2367.33318827885
7384.50259388871
435.573833359324
129720.202930026
28287.0033526604
6346.83537646222
54288.1891936999
55425.8591356865
1506.68391592203
24402.6325994256
89721.4551616729
87556.0708313722
1882.57768310938
19649.0859588013
62369.5413241068
4156.32111294554
131273.086209411
20956.2949998656
4088.67523386648
44214.0229043043
17114.5554920345
9168.4464773468
12408.6342899715
343631.764083536
40310.8209418725
35712.9606883646
20884.9420927018
13423.0568522371
160157.890767074
215941.622517594
148194.424808357
197724.82487958
55705.9155250316
10853.719014567
7035.37455951881
42908.8253905122
219995.487240095
78806.3231321505
33814.8717400348
126175.866523029
56664.4148116596
43470.6239142718
12513.6506273068
114517.603872938
8758.24319766204
17689.9835045177
72842.2270945595
1303.47324805113
18265.1544890395
76865.2264411792
37746.2844082402
38241.1052743396
39537.5970069539
7882.61611110671
30298.8131134512
41644.4908251683
39632.489628257
5938.19662818081
52106.2364722784
5097.48136794615
70033.8627050506
9333.46979690167
2457.52635128265
93350.3135554975
56810.0578277565
33782.8623162323
193931.579102735
13476.8587014622
141271.555122655
1755.41074839543
6279.58134456193
25373.7824345042
12377.5165921359
11995.5360829937
53657.022760592
354.620839561949
21371.9886899835
31338.8489304372
64488.7748041254
8501.78410281658
6503.63239049333
17385.9914080282
18306.119366853
8357.31114285884
249.832442577493
13383.8593517954
47376.5413440484
20061.6522675531
7776.12423258069
15653.2209404249
15247.6404111893
45403.2046258337
20851.4228772085
21254.584020224
45775.3199423294
69854.8283828767
36944.4700285923
43097.2941119906
5901.79090182968
6258.35524589499
3523.50500769932
14674.0417996996
15728.9777607093
19825.0572141753
7084.31905161137
82251.243267012
5005.46243824923
2670.15561060424
104366.377069522
8513.80883473352
7215.75553858809
11955.7127123565
8735.47176486127
39743.345274822
3521.3567050248
2782.20985208781
3863.26950561476
47512.8791841469
7855.13069244487
43433.2033052899
106667.343957726
29413.6204969408
56717.0317254942
1627.32714600925
327455.974155613
12857.5642321664
1929.34673154842
25554.8127678638
2929.37924021862
23153.9395522407
439.630514683695
8820.74282372117
48680.8509593998
15061.4426825206
4112.15230751132
1174.02375138424
42952.2194109017
43888.9751880076
46745.5553697136
11733.7900774743
11383.5371283471
8414.81868010893
1390.72181055278
8018.68224010927
17217.3133849207
90211.5829214982
19929.0427472496
209981.147311697
54768.5952999781
64288.0817687338
1666.52505085146
47220.7197337915
28701.4913549769
2659.80980050386
78123.4060163026
28091.403576684
46831.2092758105
7812.78531684631
18964.7251090612
2736.31118555426
779.853031956599
3942.77075191342
44876.3327550338
4764.1903664229
26315.5018760207
60861.1086533571
38332.4044411231
315375.426252518
6069.27481066033
250983.796110113
101494.701687697
1273.62207772023
97334.759363101
169.139727861791
307.257056677613
162171.755708233
4094.17226798747
8233.88892752383
76868.5196629529
63170.3546236736
1543.74421859788
51286.9275322148
60378.1970654674
27618.701404771
3266.59647639326
69439.6927541266
369593.21918167
180089.073260863
700.137303098338
2273.32802254111
2642.90150410679
6107.4839020648
137668.710884579
13421.783445969
68747.7243823665
35922.6384720819
5265.49221701091
36619.5145715911
3746.82351898409
92931.5988660137
70092.9626687229
79025.5438156512
80357.2404582553
49492.1513647918
20839.0419004553
45851.1934890177
107738.749568698
31328.9696518416
8524.55986626514
52540.498764862
9696.95192932543
4460.58314002761
225635.046067474
61057.4649759187
19054.2789080513
1138.18305286919
8877.26783481253
24500.5168222499
74221.4928935387
41542.0764793791
46327.7247870632
1805.49349800136
8266.05194657201
153651.19171684
76423.2973057127
74243.0710096317
44450.7968715433
5076.06061074494
8572.07108419203
23292.8534541533
2083.72814618916
16233.8079029253
8184.65305411793
146103.000023305
65822.7768777488
4784.7012723235
7058.52674727918
91608.1743730809
90869.8758374595
52367.6869714431
58295.4083624819
57288.1507167493
3230.5884924586
31998.6505417497
18489.7992690412
9009.75496937121
668.841992112895
1978.54290161228
21941.9201318321
53693.0021170709
2799.39433304253
102556.057718835
15226.4758636832
2500.14301742871
9996.75049279322
18575.0408900362
3197.61114251096
236697.283538213
27359.7281135403
13968.0880888792
24401.2142816548
97587.3349751042
143839.872888279
10081.6475145396
282.667945212558
1316.04239372941
16037.7912594497
