95120.5080704505
25273.3100835098
52952.278293624
55600.0362671409
17702.8198981763
28147.984257368
63532.4506288832
118543.785022775
2082.31828558359
82793.8175290737
163375.346567823
41318.0518760689
12484.2594317398
34922.4367177357
27832.0457332486
17145.582164707
34107.4385645167
13373.6795321243
445.803074014308
151674.723857752
1949.23471052184
5432.87416840735
71660.6041743828
116346.524954873
3925.99737681361
218493.102657108
35392.1089239713
19200.994434072
9119.51249557648
64079.0930578433
44137.242313109
253738.039806212
80489.116000156
78263.6362967404
33346.0958440414
330650.636780045
71533.1269981095
20997.286034271
52345.1078901277
3885.73252377041
39965.9144384608
18947.9178884777
57595.850472327
6119.73380108058
45023.3799161242
25082.0770720892
85562.9889345596
21253.1321659603
67273.0492243727
69041.2655105471
18417.8161153303
112845.0982166
61759.951495322
20484.3849212907
39041.6557506732
25680.3313801106
28680.3620776627
192407.218031363
69429.7313529871
207781.999973323
60322.581163286
116408.862827143
36172.7693808068
143325.913098995
139443.434301277
211550.91339318
211112.627443006
142119.611549166
93033.9985617071
70969.2705482676
14669.5962340173
164138.352964681
106191.608198714
310426.111987651
112264.365008511
44894.7124007191
95898.1497562354
69496.166871957
115886.646243274
92628.8688065895
41528.0159128414
31394.1720768823
25005.9784457831
123619.021864941
33554.114117412
154697.740032295
38981.9623719982
90929.6825571119
49335.3670024988
57322.328272351
31837.0989397194
36597.9195543165
124960.874088382
44138.7129172578
38887.1855024671
67929.6376162068
30787.0978517622
12303.2213679306
43679.8844228823
22413.4778294105
28451.7784637231
12053.218662662
51929.7388431368
719193.524740532
231130.581533494
131922.855973495
99340.3912669338
25217.6380764674
118359.497881326
208134.6799832
31036.4689201849
803.562639217761
19223.5607935081
30916.3926562598
4850.17583198628
64648.0869058967
24724.3518030459
67873.9195097199
68016.7129046577
13735.9132669137
57824.8343409687
59147.2958963591
53036.387653905
71614.0152427002
21264.5620761364
25457.6609033862
20059.3050914108
36149.6150943874
87032.5954157507
17915.7031080546
77585.4618996443
200804.051700007
99464.6738355853
25740.8471837965
60978.5185156657
108105.868185945
58223.4109318955
28922.4338685465
68516.3182592773
28515.6445424179
50471.0210847518
90627.0269825014
52488.5273893603
36166.2927214046
115894.716899105
189690.595594039
34512.4476879793
99226.4410008953
62140.321623155
40797.4205787864
24866.8203272832
56469.3978078866
52588.6076504824
26157.0457965913
264652.124778648
63192.1515690186
79456.3016838219
10851.2744278552
130703.727011809
115422.8607012
18626.7764202297
44238.1045302602
19826.8102386729
55705.3810875692
25771.5938130657
29752.8393522957
4573.39116144436
67634.7434342073
28694.1903576562
42428.5766091855
93537.1823958174
57244.5773680696
93551.560536469
8996.96021051477
1310.57736373476
5909.9483076512
2719.94421880612
96591.9018413488
432345.444538159
919.087425168939
19455.4961838278
1673.20839315368
619.838221240369
4521.28005245461
134193.134044534
9291.19978187637
146.921963640452
12944.8462889182
2204.89720818047
5217.01614859251
33096.4262768971
10235.9561864611
71557.3759843278
508350.214638477
9337.97477572053
25876.7922293589
82913.99082768
241062.181694077
5908.68586333124
112315.359880629
606355.394363905
664860.072541743
71704.7136372384
1524.17896573695
424530.687692581
45930.4052119953
3753.86612203176
54133.9894969656
38243.0121578152
419297.130616265
32403.0803467944
3260.99634146199
125461.919974912
502.194653547599
205065.476326673
90768.989647
169587.34294945
15843.668022711
15237.1938241328
9294.06379219079
137110.042779401
32203.3230005746
108090.297847121
2337.41801411078
32171.7105369272
66294.6860692051
16182.8443737999
58421.4158492012
38040.4291334608
12651.247276155
146777.378143292
76124.0575885924
1078.15541784152
14554.2303049947
13881.9978160826
4363.08888560828
88307.2765873238
121205.458311275
23700.8814452138
12465.1301834247
243.945568086623
29037.7553916762
38947.9346884561
12986.2623821566
19983.6156144807
503.827610312298
181509.331901968
10140.1711402853
407489.779003475
161154.029755873
866883.611222764
27534.4828074821
4296.3060108695
64281.2984776898
180728.679294991
5284.44853202357
18992.8018021054
118671.935807195
10004.0582846708
112738.581968542
60682.0606515675
942.407986030317
31186.374590557
35785.7761755398
57438.896632189
27109.4761385137
81874.770491278
3374.42888380903
11346.5390748245
68497.3353237381
158814.23216607
74034.2531857868
244278.753178655
19454.0599814908
137890.253130919
518691.768277714
7017.10931273589
25053.5727704736
2615.96687211875
13135.3822633189
548.265534819475
378835.539050973
861.99846636396
60593.1101495754
3974.05486237001
11932.1461404716
59112.7633120949
28209.7633905743
132579.589760202
103446.164982925
12679.9604389022
760966.8502229
209630.60196431
99173.8298495825
61758.210726256
23247.9149271259
47333.369317625
20043.5143051091
28245.3350242816
115281.618522434
18529.4271804925
74883.8132452912
14474.6431069987
19852.9738028343
55895.0178317877
271834.91853468
12482.1383434682
44731.9804233997
38715.4707472904
87605.8852480488
1310.98700904517
214291.907720023
170992.02939608
264587.24409338
887.177654418675
87810.6330562312
50125.8298328886
60259.6295839211
288695.766600566
110359.266347244
15961.587341305
601088.031169321
99591.8607175663
9471.03637394949
1084.99326572915
94527.4854003541
651.536276690481
2873.70028216201
77734.8319040735
105795.691871045
2777.81278161021
128657.25106991
5491.77654308634
8157.81106811469
114488.536234965
51472.1891962479
325284.326776616
464.044352521559
2416.80894161954
8410.61356133797
257.99663519068
4563.04706113362
56556.4426824657
45193.3414902046
226959.846737158
71027.0203473135
67356.8963667492
30608.255766735
149694.830943163
30419.007820152
5417.57208041841
37171.2797555185
43180.4183031187
997.116831901079
35256.0819507157
33450.3946665666
8106.64566406726
308341.074645436
10512.9704547034
2930.92829368596
24502.6812823876
1373.02055122814
1529.20133714337
3240.86020780473
9492.2716743197
2130.09198088316
3927.88755417611
27191.5232881575
128239.918113635
10761.3786689574
73228.9429236491
242529.417626195
61421.6957808222
19928.1707123101
130081.610678232
51239.786027957
15006.5776759314
14238.7543301474
14860.2287112919
29714.9390102749
11695.3811969863
9624.07147983961
307422.10773603
15148.2628978804
31005.8786728007
15522.7203020348
17418.3978143981
22022.8084061797
24558.5398103473
859.339111413171
200.448932519918
561.302543122456
426.204108418523
689.631078437676
16494.3318648335
154.67932594503
49396.4925637016
516.075934461374
1686.87661737941
919.358681752011
463070.100948533
38710.4581932758
92711.0047905017
51587.8724672786
50735.9495155881
1958.42632310381
583289.253514294
1508.13266596025
4714.2218428423
2844.30136160179
16868.1083303134
25247.464960783
24844.466864238
2152.33219652846
910.365033652321
753.342647560145
32737.0307297737
148990.5645337
63536.1396604154
35287.7098534724
459.206273743238
9430.17360079678
7238.3965819045
233466.516827063
16135.9021658566
61706.1821315622
144053.434047411
438471.109385214
18751.5106003175
840490.17423041
394065.992773903
1283.7863782265
1675.36834420247
61268.0405008589
11553.7963988365
71114.3869346181
33332.9173270798
3549.34058165762
72269.4165862109
2522.42422004107
132034.197567167
74163.7747376119
27714.8718130849
968.423426158125
26472.5697852046
90027.1149837545
11667.2981324937
63116.6124867446
4258.29158730057
101233.645707406
344182.383668589
181.650342339482
699.681528326026
1972.38884498515
5884.97148524301
149663.888066378
406798.720872125
11076.9506070303
2079.08192928915
4341.69168677421
4793.39600447806
30079.9380358042
535013.556648237
189458.023778038
58834.3738819875
165624.713693363
213356.983219266
39337.7306702836
108.493429600787
279795.245439996
1069631.40964928
195079.511253983
639.097641698711
4205.84426470975
2104.67933956973
17607.5606834751
418341.646319788
777.411503718474
13291.5107659873
7514.11581937015
110.43727423345
74015.2637090961
654358.585411429
41019.1175734822
639.452943352586
4217.91398740163
7809.10733790238
2258.24767216668
12072.5413035578
27533.9857140302
10125.1976025334
149963.468450267
52893.2482728521
15643.7943767444
7757.51338747745
298664.065012219
392.96244094829
7456.37124015973
1925.50064352786
113975.632107405
30869.5289103429
34416.7357553167
8739.25477237641
5062.32435394496
75569.8294412332
53840.5794688218
67516.9766709973
1207.02901247862
26839.0518321345
93318.0234359334
43549.0427681517
192192.917406377
31357.3355913783
30522.6590458465
386626.908209278
209573.483315217
35503.5365412939
866927.810784601
48239.2984327488
10905.0782459563
80621.1117009959
10817.9924455626
221788.307139643
22521.3447879012
36160.8287710064
34341.2014501088
28150.0918591694
20839.7242911037
107320.979144754
99350.9926889623
103911.465310395
63940.4325028635
45438.0910867937
18791.1899214134
13814.3203591964
3852.46806675486
164263.956705274
12299.6072372619
47402.8230066032
7047.87569282521
90413.4495374243
52222.3274477435
59219.9680662847
44345.4912367624
81307.630240236
45837.2876290967
32034.8621993889
37731.6714897602
33605.9840231202
64266.7204143199
8858.36252319551
84223.5092846201
742.530682729166
2781.21387651588
15746.2985234452
63680.2312976107
4732.80843198199
3870.16904280551
51794.8783704428
100145.104836973
48028.6590089641
40351.1438158952
16756.2232630222
14621.606439997
39107.9158120299
10558.005346938
16436.4552104347
25643.6999340532
47231.3449237808
45657.0296442278
3132.59499304754
14055.6452849748
50427.1389124727
66698.330187724
4993.38177188829
27783.9763686286
8106.75598259036
71655.1147485222
4558.11059243023
147345.579735186
18155.4030404655
2891.18888205849
632066.223309882
70828.954689019
38261.7955844228
2901.81686802354
253808.277981337
2226.47619880199
227084.010991059
107258.753629453
29331.6371998594
54728.0990050631
1945.65472982831
523.115263615116
117459.737680927
24735.8296344996
46791.9090367228
13281.6523350519
72023.0141090399
47478.4745356217
109109.428251624
92761.8548082914
16265.3324608862
23985.0407942335
32884.7966965419
26521.3709177293
10876.7770098351
301602.766676175
3578.56186065052
2748.74335632207
624.951601994954
29969.8862307344
137399.041692361
88758.6407648363
81344.503458382
70580.9818151055
34877.6313303755
174931.942219931
17740.4314821972
80957.1854666729
57993.6180485125
76023.1503393097
52125.7219804023
59910.2362848037
152177.753808513
113179.259353251
22304.2870765508
65910.3110762983
501719.28649661
666.976698550095
27706.415092209
133009.505333714
239699.890647112
55079.9398757257
22412.07345503
27974.0587994323
12309.0554553179
2814.66629797181
1943.03771100741
718.280611410487
37818.5836999574
32847.9732172691
134710.915693779
1687.78935941286
65702.188515699
11606.8026581784
3440.56187112318
141972.693825928
1890.84168484039
88.4735661126211
1129.91479048996
11105.6026849745
7901.7785164884
53562.7108719274
31087.259542433
7457.01316874459
2921.15677350075
1415.81847303815
8744.42539621559
19765.0601408387
6418.81359464245
2106.53264823418
194.143653103919
4434.16854099301
374336.699816266
8604.21047173036
197219.004884866
87.4928703070729
536.849799711667
5977.86840469381
221.34530515554
141.489792911551
528.60647239058
2041.46011642992
63.4444997437502
122.302400528611
30.3981315689076
60150.8578593829
12444.7240514471
187551.394401048
12743.7529355609
4657.3837768942
139.804239214659
48373.023982686
5094.94936116442
3902.77109317864
210602.819914739
18799.0316250976
9738.7437496872
30814.1427688025
658.546268206671
228578.262459433
2257.90307055253
86034.1903157616
5365.1993775281
294641.264056911
2605.37867470343
3666.05931079435
623102.596797261
11674.3033824471
20684.5270072494
93166.4543958522
3236.79164366774
454327.144587166
39884.4950176776
33203.5744348917
260353.258235201
22744.7940446015
32602.8103228573
13023.0617479214
19522.3185313037
65764.762187702
13342.1344869781
14350.2850051696
763973.876608038
10336.4091574525
4622.58768748031
12155.9241426783
5169.51182482128
23387.4581227271
136587.697763553
4885.01693419686
97090.6554927035
4315.45062504827
16353.0833106142
10638.5130964304
28641.4382394787
2921.71351043021
82482.3234653334
64782.2458316055
2080.4050737687
3385.10010033858
6204.95708050483
20272.7418878313
61134.3170928782
26165.0841943287
1617.436528726
12606.4176202533
15740.6112915308
15628.0946975704
65685.3347720056
24083.167239057
38840.6421344053
19031.7158142198
47736.4398791737
576963.61492131
13481.240473083
9865.31660395451
57089.3284516308
117844.420082274
61072.8375099861
15131.8571986256
66556.5082081885
16454.209212198
36648.6223021095
21756.2921830742
26481.6878947911
44480.120224118
32805.8318828946
15009.3419664589
17457.9174325697
157868.63525471
296938.941654492
10655.3910196486
36167.9295873769
3463.40636225611
3707.27302036444
258928.970146052
44419.6374372856
179205.591606074
38942.5628622772
1917.16996317305
148010.586630937
103996.068466842
2270.67317873999
4019.46102502176
453.63522380931
185814.108384667
3667.7585845926
76733.487810016
25800.4459889708
4590.86775662422
138329.452745855
99818.3489908576
113926.803540871
4.75313083401966
26824.6146840125
3196.50895096336
3097.84628977896
373.792303618479
27642.1293543486
187233.988279586
1920.42771024356
16862.6544165457
6258.35498279895
18266.1377678956
27017.7191959064
4008.981303333
2694.28768606283
20562.2648390487
109566.452356676
303965.21980882
31593.6308235708
88817.6953289148
56439.5474215272
15076.1016392581
235972.134074392
127907.09695102
236964.608919563
172037.152127334
13951.1655571058
59808.2443180769
261413.795618404
47782.4860610863
6990.61636212737
22831.9503189202
256716.632000784
27807.2538559298
5464.91078585369
363.756616197737
0.50350332872944
11.0639649840445
52013.2671221552
1527.18245566531
1036.89109013382
160.271300213313
317138.181324369
9089.13413740128
18723.64323269
35659.7977315646
178757.184786542
2813.8239760944
523.9367564083
30750.6487292954
47182.5818423
2668.71614857603
0.699767721804158
15.1463505984724
294.477982348073
2.26936543555968
195.73722017902
16176.6653244954
14477.7483905103
5.04067268082159
16.7110547702694
58815.7717715455
1760.39200526318
4716.48211168697
92.4599480703874
53.9642191223231
13.607572804254
3.21910608373403
0.535900248684799
21.9269144728617
210.940992997458
3.91393312912318
2.48323685034928
11.1189449321931
7.94487728538965
21.1928417893862
2801.985800848
0.159569941960137
41.1955670553128
1.55042938231192
22.3343633227782
38701.9688843865
176.662429060214
2044.03023816201
10.3252065051034
0.539956169359875
3.87983388321381
11241.8990663065
700.388386068064
6.98924375679717
60258.7601878305
1136.48679389724
310.411421983635
1.10335061930158
202911.478423782
69700.0188068422
192680.022613395
38838.6129300499
13845.6550013476
1393.20643916901
644893.13245635
2219.29622332095
3197.31979077272
59508.6878087527
135344.309793452
2612.60720776969
3635.49014433559
342.896595470153
41778.8836044302
199471.920122053
2559.48242175122
720.499627848904
3319.7005049934
619.554657972001
14045.9213991939
7981.53731612449
4118.97888033302
3353.64083735235
144455.72127595
691.852685077148
268139.979347098
127392.316709082
3546.89584710581
83357.0925256663
27138.4148313375
25729.2706610177
8020.40875907484
1017.89235092273
38416.6051276621
233883.214889466
32107.2098084944
12036.2255125728
3051.64773216751
36486.2374484438
199865.726160631
4379.05978777085
12209.091746585
135097.879146213
142644.647379527
68060.2812702582
71152.9801064003
42554.1194313484
18067.1135677555
795.552549923979
654.682438012854
23911.0726489199
5252.36129758874
99410.1697086843
78591.9181566727
2618.57206353908
1203.22704724121
111236.45816523
3802.94803947452
0.151083412330103
27.6236636365549
6575.31929645974
1762.51420892562
129577.149902375
4612.09670096888
18087.1993401499
12560.3416840462
2002.71499003035
33401.6367685911
620834.715492206
32624.3568652197
20946.1366177327
9503.64269386771
4199.81702942815
15545.5054617592
6.24733598965544
5570.18801385198
1116.10049999548
77468.5038193255
126493.261917922
622.820081540881
177149.387490324
27564.0149264098
7832.37938926211
288378.857228385
50846.3183044124
199.598232683227
11402.2978440882
2540.17873685638
533.900315168893
270563.14014614
7452.44748267044
4785.19469739829
860070.047755789
156593.017762932
7488.10932450699
11541.099302041
31876.0697159525
7421.40151931742
6896.60215921178
635.338203326194
5718.16873236249
14510.7771089214
36877.6643314013
6727.81887793202
2529.83985450461
31756.1862042115
31368.312426568
3089.0981895835
17423.3144960128
12988.6641572203
178.496595970125
423436.603429771
24959.1989365219
4823.4110176611
283.555319125984
48709.6942396404
144417.950786172
4665.88774622839
25849.1435770324
187790.358138199
10567.0407965084
202006.653199336
105018.985311102
201377.517314297
52809.233323274
11981.5909599723
49.9042483376513
8884.5527885077
3675.51922142082
26186.5571267624
993.261586113272
15027.544843955
117482.147093855
57628.3950834315
6725.12608472452
4002.60488547433
8797.52263279459
346.594545227722
58244.4520671508
768.255913152293
2.43912256365231
182786.358044314
492.39384347822
31290.9529561757
89501.8343049873
149484.542652264
2440.32326653521
182546.351346948
379.971813851438
62543.6372392267
60270.3145855626
1707.94429030652
84704.4030674774
92027.179931985
18889.7578207487
21436.9813483107
152261.153994935
36299.1654043393
748938.072880041
224343.036378832
11987.2285820528
1744.05354960512
57992.8893023281
8389.05734244005
86243.8154109286
26858.6333625491
72145.3728470587
75767.0822972036
9984.36088875934
132351.038367475
95585.7116165804
7976.53332416111
50798.1461528897
184327.631210539
105377.01438511
52987.1331238744
89497.5594598235
402505.420673279
58573.9369018374
70515.910703253
133184.231465024
312326.54842571
34590.0253140284
79155.0866146766
24292.3658437806
91932.2720042064
35872.9533509918
376.262605966946
165909.427260087
9719.18755965133
47079.9593863963
803.459664871079
495931.6136559
75641.1440690207
39893.0286222721
31642.8304274752
7896.98480027473
107845.367242717
33281.151676674
125579.410347764
25314.7643549235
646795.738031274
17376.8685291683
469.469374582124
19811.9527198111
8914.92703408189
36015.3484817098
23523.9011025341
392612.811343729
58456.6872843576
127977.395290591
97672.2396922725
55756.0704763852
19510.5851479433
12546.269147572
2652.9261554009
6220.27316104174
10978.4627093796
1025813.71995438
7473.63025589943
373582.693226459
7079.27162999824
167279.216865262
1176351.88651614
84324.2771641643
10007.6987079535
7898.66447573927
21309.1847234738
122944.06258582
2031.6028257304
120907.951725484
4117.45024917942
85758.9917006919
66185.0793626349
19681.6987773758
10945.942341122
50966.6054035162
46498.7808304216
21880.1488435286
56115.6221135304
22798.9070447569
66202.9330691329
899.477603760511
14527.8436991586
2604.38411343532
207600.137493063
31737.1313079975
177189.147009429
75817.7918304685
470.519462193013
35753.0483389636
36008.1216149461
96528.7475098369
38455.7170060869
52972.6618347429
18121.4871375332
19071.9949431321
3927.53299865507
127881.986487534
62860.6666940047
76916.0955934708
96645.4026595692
68722.6180153842
8294.62742924481
43192.4677501343
6306.94129959789
117225.054372984
6933.29059317393
6215.53596025716
3072.42387730767
77421.8628520804
37709.0020006921
533.865566528596
6548.27028360271
4466.09404589308
201902.862828855
4059.79338730663
77126.6983979714
64755.6247730288
287.574625255562
10154.6746698942
138940.290028956
48841.0894667506
69261.4074467739
211456.349664524
60358.1647106095
1623.06483668439
7413.06725564132
2143.17128796787
188352.780716943
3628.13786595473
206514.370634436
159583.122093318
1356.27161965965
67.6519148047952
124519.951144476
2381.56009949069
105051.075602797
5346.14499721451
105584.81560706
4816.03123085009
3653.09821680933
1463.54665585631
594.661688520504
31023.5019562598
34454.5271712855
132256.02697564
7862.65038585009
5269.26848408854
64998.3337162866
214412.057291054
2726.52500510185
356490.36981629
2611.84336258912
171392.233185204
6220.56251094578
181294.923507239
42.8152475196381
6855.01549217954
61311.6585848836
3272.7373772002
60632.1480922917
4760.25156323449
11956.4271181079
52201.0923070155
22982.7425408095
495.587291544601
69390.8527425191
1342.69016044299
86958.8375624504
809.126464831101
1563.49111481807
71624.4091176301
26968.2818771951
1582225.20498743
690149.762163398
346631.676581375
1077359.00314384
16144.3542408275
56229.2649089581
17066.691293536
4398.47967241762
20137.341931589
9204.80656994454
34927.2469042209
189245.90957993
34852.5796251067
10128.4403328969
18946.7613231619
157485.863852083
11036.3040133071
92227.2372929652
631073.433039526
8314.01223597574
5502.85192086234
1524.74607637677
25916.1200721186
29680.0268385122
2098.91746242367
35986.9376999286
6935.18574914685
338057.359494456
573445.942701658
16428.5709051114
425549.063647635
613257.526232525
77488.94107699
154289.629910477
73437.9675710488
103133.791421418
299881.794556515
129211.932956264
62750.1703130698
45422.0450185359
46790.9801150437
3315.10890573351
23451.1466888739
25488.9930306574
2914.57634939437
39154.7350811757
2835.3978722042
22299.4151536871
87963.9316743255
1430.09803774781
82452.8010938367
657.395622143474
26461.3081307807
111308.626029148
34966.2314700269
637.204929195345
73340.9475079558
20638.1190842934
98811.3285718747
13602.0970126152
246927.700340768
13477.6951891417
3898.46884593742
62314.0411474806
137085.935324037
78415.9031762207
10067.9647352997
36075.1658279537
17704.0501649226
43762.1895966029
53424.3649027602
343435.219026546
402280.688356728
196173.906068167
277573.611806164
11230.0869915015
125895.755558218
57433.262500465
61407.0527841205
1687.22598287312
8227.78136312691
35001.0306653594
235085.208077919
93980.5821946179
1395.89263167263
7368.01102634185
56004.2836368915
115576.316520248
28415.7907772849
22182.7906671281
126640.113298163
184.808559817156
256210.842229008
938.793854774068
14803.2191015554
189411.78817946
5453.37228438137
58721.854622643
19629.3671272436
22919.6514346017
5792.41000743549
45920.4414422537
56317.0453288025
3671.08311293594
67644.4061376033
46765.5876594313
147607.584197033
41846.0559730062
3368.72497923769
78596.9980323221
20.8511398124239
4662.53035297839
3924.5759180464
109250.389015636
7349.62634060557
73880.9242325431
51958.6992665622
63.439037581331
14712.9682589556
122204.435371599
75747.1035870955
178577.38627443
55449.7122164128
24931.6535846112
304822.143735384
10225.6738537682
10619.591793993
50870.7011054651
18984.2404968113
305918.645550555
159161.269119672
5351.95651883108
38339.0768507394
64232.6601754147
319103.40180305
135159.316582191
249469.994459258
96036.9577497272
10760.219375685
973403.520671494
799.954173889645
51866.4535994759
38381.0880235173
265405.543689371
48367.5972197686
8015.24041428273
150371.213179805
2413.43581272801
1239.36568487897
18795.380241704
152878.309198433
241097.463788809
1403.18166461617
3877.41116574828
1855.97808743506
312160.395572564
101678.501261523
157153.465494812
14222.0322820587
7604.96928045194
188959.263612487
2164.66408512193
6712.86266536189
45793.7535320227
6564.28114109736
215669.394302224
115582.323198849
2303928.16005095
148439.5354489
71816.1733096949
114153.062682348
9865.61712562847
3347.48535801112
125133.846030511
35649.1917681078
12699.0609709156
182349.584221327
15666.7199293393
18185.6481180051
120866.583111439
52987.9454025565
100505.560147047
5075.50889932645
77.534808911471
67254.6169928528
12830.4450291787
225187.124275718
5113.20721199638
12793.5691299623
24360.0659978028
92506.8261802635
3160.84957781731
3051.68873830956
261453.230209603
128138.979067299
362016.495002807
86962.0180354594
18272.5622904614
2642.2241696045
5707.31818748521
21165.9194626776
110.697430178256
262622.364043755
155.466438796243
871.112877516906
6862.24597123384
2697.56242109961
159314.61753016
6641.49429565847
1035.29085584014
7355.64102842592
13270.0692602851
3.98731948223854
67676.4351837155
44901.3280134071
5376.89895505646
8862.37572096559
9889.84244824695
1494.43335211229
276.774394109133
623570.964436746
30063.6223522417
48104.1304178077
33966.5305049412
6352.33787594496
5804.64058985001
7061.42477758579
148136.427630199
1672.21298969373
4030.38925675803
387744.15457472
452.695088207763
34895.3433727312
585.180663137834
297217.182935617
200250.4506464
3612.54382675944
2564.23115930729
556.312416484815
810.541216292224
3599.5200155617
1780.8849911836
1351.38488632452
58530.5690268633
2863.60428572392
8070.30802418553
2068.34352629147
612.053307813826
170087.417050633
1132960.64494554
140.55445282245
157.929067143562
14953.9157945875
250.11622572321
47828.6075489292
774.106636893657
3879.98810856405
60988.3281251295
5782.28091612119
467.661374072141
69.839664081396
73501.384619759
154.189126863675
18525.6990638603
235.742582478128
237218.835963643
21321.3827663043
41.067831448164
37130.3727546872
115178.038860599
5235.12142163814
26323.4123545203
2223.44971822568
609.155306459952
883.034667507981
32458.5952391029
20177.4665541197
268797.785024672
34161.2444715642
35831.3284404092
40654.4808671544
379.604469464544
18349.4935886674
153048.597756891
58541.0946246148
54863.6287740996
2719.25103550677
580.506965153883
105.992812171981
7979.97546875456
4510.86175901386
1464.18867647591
38118.0099174651
8537.48187322152
15674.9197885681
987.39797660862
183365.482188202
21.4082293005421
351.049997763402
1916.86395711445
14648.0811343141
13702.6248668416
8079.01893417062
388919.939195104
14464.4665346105
432.255785503609
20265.6914658348
3009.23358507427
22151.7609919995
235665.241965807
44181.2685134375
115812.747339009
36163.5657749973
40309.9891224666
18764.198806793
93472.7609080675
4122.29453501052
460962.952418265
365950.701753342
7986.51444283429
17590.3762903125
99293.8550788571
41062.561027753
20649.395053583
60610.1043612768
139893.86965741
16343.5831970098
51570.6251826205
65375.984739644
45230.4349253681
50592.6698328826
41540.2414855815
70420.1316480025
29500.0134159426
37797.3435405748
17230.1630182139
11235.5884802785
13911.3251904442
28806.4795220353
7975.33594285365
130667.243922131
180346.567822017
105407.710328848
39137.1800172913
180052.524450762
30556.996684734
2745.60826948135
85442.2376784858
1821.16103933563
26630.9810171261
87645.1897966861
288475.509300172
128374.432440077
81828.0011132951
35195.2324303511
215220.83387484
126996.290250757
133201.154874963
25851.9962079442
50696.7427839527
8208.52490310621
30379.3900028313
42356.284544788
22052.4471876087
97712.0185667943
89781.597229466
98651.4833699609
18882.1050834704
240041.672931672
2190.85772920114
6306.86738595195
129335.034230721
69361.9883946596
10671.24726459
24266.6176808473
40885.0839738699
47335.6393162061
90432.9248555301
21706.792556853
17423.4198394124
191155.373463295
1847.5329251132
100894.575784312
147931.3809495
86383.0701186529
53184.4473290926
83261.8190875943
51840.1112406626
29264.7661336198
27256.7791395229
192366.219150109
38354.4499531205
78512.6305269346
24692.7960666172
60838.3986649043
14744.5413109214
30590.145127852
6574.14893425455
78737.7022189019
27528.1383172763
56042.3728532695
20818.1899699399
84753.8252907112
45334.7788988175
35891.4632008897
27797.7671948828
7862.77684784079
6080.15013480834
30392.1140246889
26540.4041767545
21448.9845067474
31917.3793374736
82426.9698145179
4203.86513264528
53155.5364459053
131824.778831108
12689.8146239238
129841.536494611
190342.272798381
57622.0237489357
50254.5496738415
181582.520343188
65870.1914566147
40815.2852216649
2098.06772520269
118780.958207616
44730.7404220663
8752.46188317762
72159.2479059752
18634.9265131894
10793.7610447081
66622.7911291161
29278.6686444222
144232.10421441
322756.252386962
90259.4370799436
73255.1655509419
299079.370585617
40844.8601010404
482879.834527683
148144.056607234
111288.797578402
62934.6366779402
47092.8878265222
226351.672621835
4732.49633820836
170973.282619317
71040.3938489502
96254.7186848342
412.632312678739
113311.021418664
210250.694519288
37279.8314759537
328050.646430491
5954.60533040383
8533.04293062564
17645.0904702609
95568.3399652411
53075.5494314693
120923.302766924
33503.4207564452
60834.9531403316
771.437949148811
7054.08818041536
28507.3915491319
173661.093032384
6537.97342278176
34366.6232479767
11366.5165613536
819.312033778387
16551.1403310599
1211.45639537288
322877.592108013
501.549940766589
16.5786201871353
67161.8623578933
13383.4790335523
86.8623928472019
3.94558233654453
23.8887252287143
1321.46736515215
627.63567130743
102.541584980742
16747.0362667971
772.661277348776
1305.66091320064
2276.13462984792
827.296169973222
35371.092397601
2309.62657148407
85482.3412597953
121354.514412797
13.4455898864427
8.61942823238166
26359.9852359702
34682.5684477457
5354.7969029677
23885.7866277755
3152.11444182624
3159.74080471199
9610.08386819842
5212.62648171356
12973.6288679802
66418.4004726828
27169.8849571571
12809.151893546
7331.8154555612
68869.5233869591
20769.9214424919
13868.5324237422
21821.45501381
11511.3010338884
28272.3811571789
3133.85744075019
1407.16228566693
6254.77356499236
45490.1981298572
4383.42978584894
21688.4699841313
2024.72779184649
12166.3081216923
156.414344262922
12360.7561172245
25944.3983902933
2872.71703511515
40542.6321327546
10064.2276636361
10235.1543048314
31279.5753387444
614.41983087977
46213.0801886801
8628.90160477574
89753.1357307555
99559.788470168
6489.30538347345
463548.963306631
29769.9875450905
16976.6542918912
4072.80976418924
219.693553765214
24210.2788286151
3514.80646506704
89446.023054272
64721.8644103128
9518.77549104224
572.75619777052
37081.2836079381
40657.1739041225
14582.6131928065
7621.19819215371
13419.0491204037
10581.6789274732
2842.90652501425
5727.18984770718
4903.89887286661
395.910036812971
21248.2939722157
18973.006972587
2494.89482301225
35841.9875015672
966.000371264168
3792.92880474539
1108.50908502446
1307.60229237309
6110.40378909585
32346.8643635367
10172.4400733306
14364.7324602276
40927.027513898
42859.3670740569
37676.9277842559
5532.03172526462
25745.3409360306
21832.3264224538
16694.4317973541
22228.1076107192
20926.9872762798
471869.436548991
6008.56481204057
189615.731654888
111141.951427967
3939.49902802212
181387.29262312
11100.8608205645
15549.6898430495
255773.250132433
7499.58403757583
1296.23920920117
22123.9151201655
7907.34575204749
8082.81533180406
1248.15822796407
1858.90310833831
1440.46558983544
13335.1814872246
1325.0410431199
3605.08018928217
212243.844110963
16902.5125547941
41772.2476214643
196851.14533388
682879.859731716
38802.9457930212
22482.6589986935
67446.4344255825
155518.331675288
2304.51323423595
105616.827558051
21446.0843918127
1894.44038969714
1625.84298996833
18831.0348790289
11412.4654172077
69850.5063495799
39644.8641278774
48929.8144873055
37197.5608031332
9032.85500593395
228182.399194085
220423.492266311
54012.8690589171
232781.120388405
4769.95292917735
790.039512045045
123652.653340819
1735.43785212135
1586.46270976338
603822.898008018
25566.555447286
20635.4857346411
71913.6992294664
48517.8455996708
234524.764248288
694.412950298053
9080.86502795371
384041.711883497
3779.82069065817
3222.18788641766
38333.3528138783
4141.74948445808
24903.6220697636
93302.4061130028
5187.35472984125
655.894255380051
2677.16247394478
87889.9574151724
24073.2009381367
106667.99535983
48986.7086718063
100264.91966696
8448.75575977517
864.976418467154
99221.8925873325
5692.33357712443
6250.0646261419
1947.58819537773
240.088070969568
5864.593390378
10540.5801128933
364.960441302621
210.266056479852
944.802288768617
6663.77796644017
2511.46757225312
1500.48156849143
12537.3085497105
2390.3552675777
24.5824244861326
40200.278316826
10995.9922385064
28957.182089939
111.814598787338
188.122888527627
3644.48804927452
25874.2631318692
2892.81671577307
5295.82388732137
53547.523101694
21114.2567377885
6365.25543937124
1340.56895281019
152148.750008124
57371.4189118115
899212.331048517
209815.292731327
20849.871247008
40080.8321099357
30468.8250418763
0
