110878.307424423
29441.4346624259
59355.7821611708
62322.4489165679
19843.2080778214
32805.1304995627
71219.6488657079
134521.082089247
2334.08435846677
93934.8677782697
181257.519373703
45830.6147825927
12876.1894949228
38737.7572897897
28737.9136608475
19218.5966115328
35175.3933520277
13792.4293909257
466.021411022932
170013.202583931
2207.15023527282
6046.78856927196
80324.8458603573
130413.590438709
4048.92621201161
244905.054917045
36500.2886570806
19806.1878476349
8334.85059913002
71824.7081879109
48959.2921016741
281459.242968808
82877.9614379275
70350.7219138543
29963.8178655486
366774.638861175
79348.2119884595
23291.2662055677
53989.0511008107
4354.73174945481
41106.765996617
17026.0399657301
64673.6274944352
6273.85208488856
40506.9770309122
22538.0144228196
88242.0937724549
23993.4507052565
69393.2726472026
77873.6057790331
19111.5827531115
127434.031663635
55495.6702171664
23132.6641380497
44089.0714241071
29000.3572502918
25181.3721433821
156213.288495732
78405.8033841358
234644.644580927
68121.2550609805
131458.529842102
40849.287310532
116359.781033509
113207.773326028
171753.758920656
181848.409620975
122419.135459548
80137.7202493198
61131.5824045024
15883.4858677608
191277.552873899
120505.722125711
335683.171515331
127226.003213384
48571.7084796824
109564.561515211
78832.4889818115
131507.604293365
105114.79122096
47123.2028897105
34850.5763788175
28376.663101572
141261.088364644
38077.0460170526
175550.245353878
45421.0977595778
103906.79633177
55985.5352774012
65503.1373865955
36380.7599707176
41821.0255040579
142794.780848225
48960.923371194
43135.6599155223
77624.2786973864
34150.627399745
13647.3639306905
48451.9672809759
24862.1787532608
31560.1714020955
13370.0481123024
61514.8445173835
115259.317359137
273792.283631413
22450.2183382083
117676.477086484
29872.2681825034
140206.099077805
34375.9685180557
36765.1292405086
908.089166349363
22771.8139861088
36622.8894975379
5444.43349132762
76580.7243201287
29287.931941111
80401.9757934452
80571.125758059
16271.2655164861
68498.0470337619
70064.6063651264
62825.7567431389
72734.6063066226
25161.6299837785
25919.7015376781
22412.1229509807
42822.0229581309
88400.9475736274
21222.5540829432
78799.4920723749
203992.673733245
107485.410844474
28748.6451255621
70926.1703615928
109797.471001905
59134.4705028502
29375.0019982644
69588.4376442049
28971.250187611
54539.0549351544
92078.9204179399
56729.3427968107
39098.9060865599
125292.262794874
192658.807690685
35052.4863988681
107276.791818875
63112.6716426893
41435.804347337
25255.9276347351
57353.0111949328
53411.4957904298
26566.342100938
286111.951037901
64180.9602556742
85899.1686389383
11731.1708734552
141302.089958852
124793.763375557
21271.3973778512
47825.2362717948
21434.5052585143
60222.3589914668
27894.7482062154
33998.994531466
4944.23337486806
77270.1774139118
31020.9139395667
45868.9793009154
106886.427922426
65414.2901900745
199521.580881067
254566.023239946
11247.2432662679
5145.48910794445
9730.38700320935
202950.439022935
252404.558479982
1296.8411602488
81075.9958946126
3736.7249742097
1094.78411937214
18841.3027491028
285967.029256782
97689.9185262961
1643.12796464888
181652.712047217
17697.0061340711
21745.2004174583
70842.5829844821
42214.1299530978
131652.339251365
20565.3988800714
44498.4751791061
85902.8219578612
3342.75665597383
24480.7423602238
2948.94600449747
82492.6883860338
353917.708311127
32908.3015293602
9433.82905171274
53854.2706547148
312368.327061155
97877.7763809848
31928.7918805155
115359.62929434
391246.051053945
827306.809474932
107323.696935886
174689.34843171
187023.996349113
2774.13057421726
324213.570702175
300771.545950478
319701.543333976
23669.3762905683
28740.454976367
17519.1275658546
201368.945355414
106514.879785018
159546.62028733
13379.6012532528
134083.83999036
103720.18950346
17164.097348964
61963.8208054115
40347.0251435021
13418.3605068403
276221.44559241
44687.8886359187
264.737492508609
19737.1147527913
45771.2824543255
18151.319351179
140936.261597498
402039.425244322
332561.988975035
7956.04963055308
1016.58316446026
96318.4550490556
22844.2960929879
3482.78815949546
208701.274692104
1603.9676344984
497802.190201243
28573.6249431425
758857.970597574
439565.259242371
1412967.04111374
1251.03142124394
40548.1040382067
3849.61859236423
189136.209972313
4934.38815426126
23234.2238334774
124520.111242909
9385.7746494909
138074.908957967
63548.8265520704
981.611307617876
29021.1592556009
43829.753587086
53489.5277320339
29201.8228030797
102816.067274681
15468.6271251638
12222.2805707603
86017.0550039233
174950.940400002
42192.6447956428
305556.686323119
24846.131243501
78313.2684472204
394806.662347934
6759.01332021688
34890.5426613869
3291.67945377779
14421.5868153483
3346.00936546528
216459.357242144
891.36346449083
84123.3677625757
2619.81473866317
78276.5213442911
86364.3476954741
40990.2347235225
133587.898333241
151922.238617286
193403.981045841
3788.38992594958
210880.002919094
143332.55150917
68200.6858370013
25673.0841723718
52271.0780068907
25170.089672919
32613.1039044688
124333.536206113
22574.3022777905
93941.4024421585
16712.9559349475
112753.135314411
58292.4950927254
12361.9598946578
12681.9014936942
2037.26219464065
39478.3805966759
155089.902063191
2336.30593678697
120556.992744764
96067.3778621877
148488.823414062
2024.70431793125
156417.367757187
89576.828335118
107340.675194815
390321.376053948
210478.731522538
16597.533007193
434999.113006958
177394.153349813
16901.0209748085
1101.39083348037
180287.663173704
747.727669875939
17441.7975116035
147490.798332261
159744.784755922
3183.29400465167
229210.774385234
10474.5281814341
14399.0296270496
116293.628370008
52533.4600129752
491910.735059172
3029.2102725468
2990.39436760865
5983.62950463822
1437.75675007989
19031.5316842217
88702.9074592677
77269.5148869455
230279.406596673
124750.531851398
8129.29144504006
58379.4761308752
151838.599497809
31059.2449898407
682.443591819371
69727.3641487353
7383.1724467052
30092.9470970785
67974.2967972323
4732.02934213192
15085.2466229972
44114.9570912034
368702.96602438
90364.71075911
36980.9190750933
1650.49310367654
9208.27078011132
13510.4405298168
14894.8597056286
11840.0262845194
22756.7990672369
28727.8681500962
129924.597823819
9417.71400032803
34154.1870334513
272539.33034694
52615.8729423323
1632.26555581455
140177.087308086
62631.4636145172
32811.6084695543
1930.46561139377
32614.3076941395
2846.92361642167
12598.0468078344
11769.886523329
331150.279684387
18523.0818304225
35800.5292532769
17923.1044579596
21873.5411501775
25428.3455374668
28356.1943906259
68.5171025329561
439.932876483842
1231.91198510883
935.406325335061
1513.55948986954
20630.646192214
143.94021141396
61785.1066947902
6722.6669858812
2570.77149712571
72.8445538247181
53909.6161984184
4506.58753348526
11722.6439155243
44773.2872630494
160710.155715474
11345.7930537544
471068.739059018
53916.5684910453
2484.54074357066
15325.4319810225
17696.8608772324
25692.937410109
143309.441067033
12469.8557804353
1005.31690067139
4364.60235249847
33871.0217027739
7395.00396496043
7301.78294162671
28738.1955045279
2658.27252716509
9844.02845552596
10339.1430632849
11825.7011333114
15164.8006051954
150850.098070265
7132.50031430192
351852.661906006
517528.893318189
312269.423599663
19428.8534697791
63.2952294449118
394.800683021512
73720.1259864093
2752.22844950345
89171.7559916737
41754.465732625
842.465945173776
90688.684578536
3106.25813600352
31209.188234815
92537.8777692968
128780.828423122
2316.17663465628
6248.44612995858
20550.9613606618
58699.8580186717
15204.29817773
15128.2917921743
90439.5472805602
81806.9809072718
1890.18834858242
7309.2817033227
1772.71461752076
30449.2702758776
228812.172344964
573815.944770541
2618.19139632692
10728.9736396108
15786.1094866418
17149.2835228565
26983.9990244656
12324.6421200845
169478.290874707
14478.9987394546
147411.194491978
192587.863077417
10001.7388536169
1133.38570164774
249020.837417805
263700.948933897
57560.1566843361
6673.65073849909
17290.1600827342
8108.14127733423
56285.4858552216
1301046.38733182
762.860480487786
138713.820420605
78496.8404219154
941.364516262264
65978.4239867051
582377.387370641
36803.8988822299
2544.7010388001
4615.96548739182
81578.4940339546
23590.9734979423
126112.744741196
92219.8666533951
20327.4477129785
140799.864318112
141563.275774732
43907.0776396446
14443.9509375653
93059.7511124166
1131.40765262203
75165.1228490225
18590.5030141845
322348.772221163
87374.3634640411
281381.402589774
14736.7099976254
52883.9954730566
70338.2901091975
65944.2090705165
136041.253436165
626.859425347574
32133.9516081741
207002.687074337
13724.4551222266
234824.548915383
326540.800392819
58854.2856808782
782949.43843472
262174.817572583
36904.4007043121
272439.439477979
59083.7322452362
13356.5939831335
98745.1379230909
16573.1407815853
277421.610570728
44169.5617219975
66982.0418919683
10822.220949033
3484.81903932193
23430.0792920906
93962.2082023284
107019.038988048
111931.495160529
55981.4518956025
5207.47682021136
1498.26520108508
1152.81296542003
13516.7854579177
176952.199269352
15419.1676083225
51061.4381012703
561.943492471455
97391.6839601389
56252.9185256704
63790.6466742407
47768.1372592713
87583.0650021507
49375.072549523
34507.3569362938
40643.8538051514
42201.4357168369
69245.8878703592
11053.2936901085
105765.548346052
59.2036953127331
11089.8385893154
16961.6195066486
68595.1591580226
4207.87228644214
16702.2496219452
65042.5725417659
107874.441804152
51735.5769872946
50671.8479000487
21042.0007035501
18361.4080671993
49110.636634158
13258.4504545618
20640.4448468452
32202.6475527309
59311.8137372299
57334.8322480256
3933.8259590458
17650.6897367485
63325.0032431765
75289.2716217532
42010.62820595
34890.3473723861
69530.0405995389
90232.5960441061
29274.0720736211
185484.818149427
20434.6792925387
2950.88081756243
363201.046066952
80289.1899142077
39144.2353393837
2975.85552974271
145906.178826633
4089.77202169908
258680.652126061
109804.492449499
30044.8157057464
56027.0460976784
2180.1405395738
536.299396164155
133764.24732271
25398.471362771
47998.1741052341
13602.5024419972
73780.5081370678
48683.4797464201
111715.776888749
97073.273282461
16782.8344825899
28289.6658192734
38691.4694677051
27296.4971271712
12799.9467987756
315634.868439698
3718.77385416002
3234.76050787805
639.983999205981
35268.3734530814
143969.563051265
104410.427071566
85129.0653939713
144047.649629438
10947.6894274221
184569.104553175
38935.5979795603
96486.5515795626
60832.9312598925
79560.1357380212
61342.2953870996
52107.3999769293
178823.87311772
98875.2023731965
25666.7177150875
51593.0180855756
149696.731061681
131.704722320319
33328.1492514902
12777.1521149486
186442.595290031
67733.9640509477
2087.79274558998
34117.2001431311
587.078656697626
257.333838961148
1826.26064624637
351.661843805101
1043.48045783255
3025.48917085613
4679.22450743094
136.286218179092
6390.05855943215
5665.17080075859
4411.96324685854
13767.9977114663
6538.43296788244
678.849019288516
137.125201865349
28836.7609249226
6190.68099558072
1479.17237328795
10.442817716706
3817.54511621468
1802.73811584304
4375.37423036379
6112.55473800312
101279.51920444
33345.7021246832
9205.38819131165
1111.00466208263
19.6996923915122
113.182672438803
866.99234531356
67.451006928347
291.307183191015
824.989458452312
31054.2879426564
921.145253456893
471.08973426846
1045.81498941447
10605.3545934114
329.593835170793
471.294340498553
112.468817650856
294431.452670022
61575.2165225863
36724.1817483953
45934.0337030357
22818.2181375215
266.812427716695
69849.4859760311
8922.54431494213
10854.7096684235
304758.399605638
88488.1525764293
41925.2642931914
44602.987717689
778.788923214245
437678.738862802
2091.31290846154
49974.0599808319
5428.76975594872
566482.722391058
3081.08959172002
6625.91429908705
345982.228853129
13797.1550427809
11889.5466560285
178707.097773067
3827.79100047952
251183.938737847
47166.9257383341
63062.2731099226
307797.479537897
43353.568928903
36108.7601463535
15311.2229946188
156918.954877578
36443.6438974541
14677.7194594804
177656.592493489
318348.007800656
134048.14252223
5113.47296919897
157377.758535453
6113.40272044851
44566.7431857357
151078.474464892
60936.6156574945
114818.245422959
7712.64188784653
18607.8467952999
6016.95053161107
11922.6256066083
2851.62134416123
34284.4638292503
71684.3864530022
21119.8405285289
3866.28416913355
2647.94671531958
23319.8330199231
48189.2971332399
30942.5149443203
2891.25967276557
14277.8336157372
12405.7559638007
16650.6788687312
27419.8798121738
28480.4649076041
21712.8013094515
23631.8382640847
37210.8175622678
240725.052410128
15846.7943080094
7642.6037162355
24261.839036462
130234.456911575
25425.8066093287
17312.7014294853
27664.7662480541
19199.413136383
29006.8195329489
24956.2872220542
20967.5212874082
34768.458207996
38795.7835624832
17102.9179601517
13756.3087053302
196044.358227672
233869.766352935
4510.97384171262
40819.7657642401
16588.3101225251
4010.8703251979
280133.272350888
52439.2281544212
74598.7115187602
39961.3252807568
2275.60182076599
63004.8851626048
115095.283436126
29274.8194829411
4522.80729471898
1014.04011645734
146314.751004936
2866.94767421365
85591.3729902821
30635.0855333607
20419.18729404
152150.415673104
107992.70830027
127789.548347514
31606.7030823124
129526.170795933
16434.0430789975
3832.96498834609
1909.98055726305
30265.636322937
222239.036091055
921.820537784831
19941.5729913061
6882.52803347356
14277.9465940099
136377.555066871
4469.18700790733
3194.83757500504
23431.5866507347
85715.8544728832
328857.646395734
37500.3391497621
26677.4786399203
69697.0228552568
21029.9644189179
185978.681115772
99571.5141383813
281968.641731715
444833.138719861
36237.8938850765
64706.0820770031
311511.527944106
124573.397051746
18157.9963971558
59305.5676573888
305671.294277406
72228.8263544637
14195.0044488082
136966.276522297
3348.9027226302
73588.674282751
259179.641363391
1740.31973608412
4948.62315357265
818.944275554536
344431.172910759
33855.3993743463
87730.466139487
39230.8946621223
193857.743488937
67967.3000871609
4981.5956380458
9261.07351534756
56044.1667640317
3715.8695997361
4654.29699277708
101883.330026267
149417.975627284
15099.1926059984
224785.409336289
42836.9338371918
37612.9647749342
12591.2275975234
41868.4527352267
153465.0894738
4572.58559664732
12250.9748432539
79901.5047929341
71735.0059451339
90501.9331991513
9557.75172489813
3564.38120559696
55355.9539630541
2096.15771782581
26032.3627758108
16516.5117578379
28120.5950552588
20214.0065420104
52938.1515732485
69198.2566426502
1059.48139877434
102904.900830246
3872.85794232428
55789.5879478217
47651.8227140253
154721.114601253
91714.4290028653
25791.6022978098
1348.77058114968
9691.53812545618
14139.9617659173
170000.547758563
17458.6140479287
75559.6679019428
188463.072082581
31519.3624126518
2756.0882539253
1899.47697870829
96673.4582640564
212387.258770695
42293.9638107839
30005.2283098613
10663.7122990272
429325.540315099
2658.71280426026
26637.5592588521
82874.0247842586
188415.305470158
2722.89562618008
4244.82200534723
2852.95725699888
31801.5315522819
174989.179597824
20508.3675972149
5981.56643899946
23901.9046429145
427.404033731681
10678.1481153808
64018.865977867
35641.6791719282
20696.69244049
109819.750805902
1036.92509824704
203936.130165828
111447.379980251
11803.9605464759
64344.7844486503
47304.914124656
44849.3451172204
36275.1551226014
8363.61423854779
30937.0571102931
405720.303279551
55962.259697984
14454.0955648771
10333.8391509334
24295.4800754431
152111.517527208
15972.2636512977
14755.0830274534
75733.7549807262
79960.5052465302
38212.3175132678
116841.946084953
70894.6086250606
13874.5179025494
2581.8607643784
623.074555181354
41136.6434382284
9356.04835182603
55934.7661965722
135415.509527049
9734.58877325892
8916.03421092208
414338.75762677
7453.29532794934
0.16628467811568
53.5112401010052
12928.9231668047
1597.21820842676
117452.998709009
8479.68995920094
135940.574611264
146332.997096079
15374.5914970892
392114.991169314
410909.652491278
21668.1604324505
20513.7102563278
53879.4229032684
40959.4453308816
183642.712785856
17.0887773280258
18727.9315605949
13182.3292540926
285703.012563904
114643.6795508
598.298483077037
160532.253508498
53103.6070471151
91034.6814424231
286258.749566992
46351.3281177837
180.877843667461
130901.88814724
10133.9586205006
6964.20239985959
182181.413129136
72198.7009849721
46864.0596957258
568073.255760794
104043.766649363
7040.53705162523
136018.40886306
32085.0611488195
87584.9551493023
28092.9195830092
7505.39964636894
47973.7107133643
8022.33910399435
435159.415853181
79477.3069884801
29885.5932949785
396813.968717934
21471.6169032777
3479.16690422376
226981.2584022
8630.10559036563
557.492866067532
234563.634904134
232413.39670035
62893.4918817538
3349.70568549541
572437.103880696
79837.8967059372
60862.2335412998
327666.107749382
78486.3672761607
9982.50316401892
176034.065196015
162882.503606802
174842.629141643
396304.694847053
89726.6502213521
589.530624578882
33487.0109462778
7248.61192700452
152020.471778857
5897.07908553808
13994.6193971631
102205.813069714
112996.260701942
36541.3297343301
4099.69331045992
17127.3623448881
673.080770400142
51498.2360021206
1504.15607827719
4.64600027532612
357994.786293633
1763.61030020072
63851.7205474055
78432.9200491428
231729.74350975
4777.87025323233
270665.51634894
681.174486196865
62120.9068708989
54406.0755054232
1548.27283952604
164770.77554633
189985.204009743
38996.8973940303
33289.41909026
63382.1085883838
56226.4036405632
140657.096052328
93124.694488413
24210.9122774476
1703.70271320729
52571.8570114481
8384.61642220163
176676.70809191
50925.0134556591
30053.1326320113
68784.91313338
1934.27662817994
55006.1888142382
196793.687601904
16467.1275595022
46083.9876732225
76608.0917166412
43795.5608164878
102873.215285456
37195.9276994261
167284.589840813
11117.6615910246
258431.315020098
58186.3067309173
58658.0938167097
5491.12337012971
266679.697233941
10096.1086428161
187389.942743916
14909.0968207616
691.100001719003
150408.283699643
9755.7502936357
96474.1028879242
1490.32877153163
450618.143613873
277508.712577587
17683.0205561592
65687.4567121943
28659.5996702737
44957.0715877728
53827.4877724328
125293.927049813
92898.6046236547
645605.828866469
33409.6989101877
461.619960443335
40890.4379582361
14456.0650917579
132166.966758068
13602.9345082125
392249.750391936
93879.5668826248
20333.6336226046
345319.344695542
204610.284888824
68597.8855289849
20271.1415276734
2907.72473999182
10039.9623076718
12508.3305381089
591272.510585876
6428.21682620887
601259.919237886
25979.0866293708
198155.339227481
190565.36195008
247415.335099453
32980.8863512709
12761.956848208
77036.9761330696
199261.695021407
1950.25888527532
232470.018432304
3731.22129618428
138561.722021699
66639.3061741467
37234.4142194919
38532.2068088421
82366.7026296775
55036.3918532609
23236.4639623453
202885.780367977
37296.8626776625
70232.9745850944
1451.57306165581
23472.7927684028
2797.91262963269
335421.768189289
51278.0232003293
286286.403866201
122499.618845538
551.540675257224
57766.5833882686
37052.7672361175
102397.914732814
61974.7450783254
62739.6641817461
19220.405297625
22587.929503834
4231.7371283079
135636.159784408
76182.3585719864
91760.3048130001
121968.419484543
67427.8066187193
70243.7574685515
51560.4110670352
141554.336037327
28810.9992874248
145253.250752646
167849.961446705
3736.27454156779
97415.2724810177
36963.1119805181
637.2946372036
170276.850076668
5423.86771328187
255052.035750572
109634.33690967
93509.2810907117
81799.256304597
716.536186339231
218276.455982071
168348.22641835
60920.2559702832
87493.4808221404
264204.677255222
76244.7632397291
105206.233261273
200189.180951942
57876.1381736433
205727.356875676
58118.749360059
74131.2057717759
199141.918145463
36657.5044328442
344.112652149143
150780.434393736
64313.8055090561
127255.791996724
29806.8870986844
127851.996537836
129254.42430943
4554.58542239549
38841.4346757118
16058.7827228771
34123.4373392406
41720.7726630857
165005.845956661
10360.7160055127
134658.584932727
71620.1223215085
267557.962082035
12821.5725763603
431671.971632221
2924.79177768823
207538.270905411
7757.77826945011
198407.618422747
798.329004423732
7461.65292991938
74259.2344417444
37863.0953171126
73419.0910256123
5254.23043118594
13065.0241110862
65395.2855409726
141797.407259708
2999.31391944324
76202.416503549
19493.4296035605
95492.5047070416
979.766203932643
1951.06233995216
86729.5515352445
31406.1888990388
2491.7993226031
75634.2994142646
760652.390532154
19082.7762833207
19549.0981410196
61338.2823463058
105886.173085059
51779.2847106892
24384.1821015273
10124.0146166518
42266.359913953
207631.199206405
42191.9798593122
11112.7144414058
22862.1664965365
174051.105186451
60303.9600347879
98648.6701151435
70324.4640292012
48921.9810565848
57125.2177865462
4441.63268339141
28434.4321331107
35938.2561731369
2418.4239357184
221533.062578738
82243.3705146386
370612.853327334
478359.743693666
13615.3007227045
66162.3024576266
67782.9746032216
191455.428597426
169252.552765876
61305.8475796682
113144.175431348
323357.368855619
14990.8834031271
155001.743181017
278607.80680772
135636.620354205
2767.06820263764
25797.479928607
154013.253765084
7420.10807999669
32681.8290157648
17493.6505560353
55116.9360408756
217418.365575212
8823.32443657495
90507.6040750616
3954.71405950774
77082.6125476934
120487.816623848
101857.718421781
840.503831247413
181275.082109265
51010.7499112994
244229.619453023
33619.9808783836
206106.588770481
11249.6158838753
3253.98938294609
51871.8828984071
21390.1469941114
85407.7765176203
25100.9518036678
105088.078653045
68316.9085554917
108222.387977573
150591.697283355
286662.067750197
168378.432390847
160960.171201683
108670.860413839
32713.5922443627
366738.246617701
142685.403988312
238061.279755535
4350.94916612054
31897.2507562071
101959.089558745
194439.00476821
36783.5098275507
3689.16624399879
28564.1152710951
23442.0205703369
94499.0371972207
23718.204544243
85997.6712012345
368908.48713835
709.679037036589
107215.82281309
575.178343359075
11419.5251460076
29553.9254418383
13468.7414458273
97442.0505233905
75804.2665811763
88854.314035456
16880.3704699836
177938.662080653
218328.470023759
10693.9791421594
184078.508049676
38896.6885845957
57805.9951140853
118126.250345469
1981.8698833194
229099.023065358
1078.8438023637
18057.6163303086
11432.4115576464
42760.0325958664
21415.6124931486
286404.384943025
151328.4015211
1274.42465709062
8937.26801675028
47830.1787932413
29647.0213754857
75091.2245321213
36892.0143325837
16587.6229941233
119952.895271053
18530.1783521719
7065.4673759373
29464.5869983912
10972.2362838705
119734.962715354
62729.6561082124
2094.72787473667
25507.901053756
42735.518816813
125455.55452505
53161.3778060353
165978.329611895
63895.6755615399
10006.9456700037
647632.684189857
532.228566549917
34507.9870226229
35678.4661960382
176907.106591322
32180.1145315263
4755.08567731538
140048.64737109
1608.36931882911
833.926184237441
11493.1183880083
90015.7055547939
224532.189036234
18577.0908938017
1464.7723449035
1261.01191867764
207687.746738553
94713.5617079878
146310.296146347
9472.06002070053
7032.24942673555
125724.124485116
3327.33742191261
6232.27013260404
30468.1284149381
6112.86905037216
62537.9626243089
99231.4601130609
2634.7084160326
138349.887629509
27267.6929449353
176908.447657642
9189.8260185036
3103.52629097904
36620.0557553669
29799.3232490752
11793.8363712738
169809.192976157
5063.77477379357
15798.9207301787
200438.365136568
87928.0948109644
389491.46073359
19676.6021035407
3608.72259339565
260750.895120109
33662.2971024368
132543.420540928
263666.347847991
7607.91165998348
95081.7264491276
153408.13421067
9207.65300506873
139297.656063753
154812.083492142
75645.5819902769
212555.280410191
51161.019554691
7151.78560177306
1034.15276262041
299409.45509737
82162.6502448242
30228.5395292516
435811.761940315
48233.0384710428
1960.25048631251
11649.2373260923
5248.26070606328
264263.033362171
25744.4807506609
52905.2471322814
28523.9193805826
51445.661147694
1395.88729817482
131929.831067254
74478.922549814
277214.786048321
14747.8265137567
38482.2610875792
78445.0033046742
72664.2202216819
44566.8807960021
49855.825814242
28300.3593127675
19983.0037368697
5960.57545581896
284123.42651673
2039.69755024855
88916.7433741206
983.787214211662
211561.056315176
755694.115834119
16980.5260226721
57894.127014362
204860.999588885
137494.10579553
14801.5344196884
189627.735507827
134600.262689195
162608.902415853
453.086763569088
5971.21408706767
93481.2708918613
70936.1790699972
114037.873030997
150314.798140301
16311.7247895666
76658.8396500291
146831.499069863
246364.447730316
520899.014817639
49205.5317540349
53988.9785087764
29135.4206708074
8284.78544441457
93186.7358475684
1576.09891321845
194775.817702732
53405.5600542847
34164.1405983693
2604.63840309701
24449.5833439676
143233.624643274
3164.03169641332
17234.6779119348
2257.26212607779
68669.8698182272
17281.8165888531
702.436153089807
10730.5235539023
99687.4362274577
30643.5341408344
51335.8097742266
92051.3146748743
97947.1525323338
1445.91779827652
63240.6146767939
18499.0693134173
77866.6119040493
28264.5424366365
264800.092117778
81121.343628783
12199.6102025368
131812.23250405
219900.891617884
114989.160857483
25073.8272422787
20403.9948032492
1302.97809031519
2676.40262263426
46909.4850388664
26261.3918577783
10986.5907029886
224072.896331066
50328.1054857288
116706.339042269
6339.78124261921
357856.256765572
784.776055570222
1720.41364110861
12821.8893804658
29345.1716322966
12145.359618736
47491.702111754
565120.641940305
108246.117334578
888.789110501996
18208.7030040694
15999.2262388726
166216.509716009
342433.697532601
318284.103529987
169608.505301865
271230.915016931
58572.4840352483
140797.818936782
135820.721245666
2866.61787119068
464270.261187085
531647.178343432
59927.0891358865
132265.621682084
109651.962648245
45346.1133569707
22803.4926564804
66932.8116453011
154487.277769711
18048.5083677511
56950.3547000003
72195.8577504168
49948.7703147545
55870.3812877894
45874.3858761213
81294.8310213227
34061.8017768343
43642.2046735138
19894.5806916742
12973.0241903723
17469.4565624834
36174.3784894007
10015.2058066041
134582.006603122
222201.837421363
108426.143847156
40416.2847398454
221803.774868523
31432.0205584555
3368.52394130442
88060.815646626
2058.95464299138
30209.8554665991
90242.6095880285
328384.528048906
146229.615191379
92924.2710943641
36247.4210660582
265131.556488617
156468.658488884
147171.033180288
31851.0352382611
55985.3108907782
10099.5831034548
33548.4983962139
43591.8107199368
27168.0083794155
107929.442585542
92843.3012075892
111839.624192264
23239.4006844301
246929.00412706
2323.70122786447
10175.650057645
133040.749616774
78943.4863307891
17232.3343685468
25738.03335083
43364.1667211616
50205.8539606429
93022.5434962439
23022.9922486801
18479.8955837282
196629.263991185
2098.27644104142
103783.772109825
152167.513555688
88889.7420401479
56354.5979108817
85646.0874181108
53324.594006425
30102.7859589967
28037.2986622334
235611.100379881
46976.720745695
86716.2633175134
29999.8571796837
67185.5573614297
17974.4962659654
33802.054420168
7960.31910070418
86956.9980223078
31728.508656196
68587.1446722199
22991.0745053622
97802.8399153109
55526.091332571
41441.6050525781
34046.8432858235
9078.65168162597
7446.99807516214
38165.5743452141
30644.5279667948
26935.0401935389
40080.9602457792
95173.2145779269
5279.09730553429
61375.3397408027
149679.461148117
13336.7056451504
147441.404734017
216142.945002991
65230.8315034258
52620.4474566184
200524.793024026
74710.7765250599
46199.7933842737
2467.01522255626
124342.968417177
49504.5319798345
9951.40038686456
88092.1372020955
20578.9893058792
13068.0528823081
89444.3567226469
23628.7969257389
136712.88707402
245727.258364799
71884.7528030602
3742.85066356027
227657.289795034
32646.3338793901
24852.0820677176
120902.005784122
207672.644022398
60201.1274863377
70077.6182360883
8714.89256588548
5841.94328438759
139508.579718731
57966.6266956645
182.523254272527
958.058105697819
137649.71355415
5164.78200414979
35729.8547803399
1986.3730362912
9676.71529583394
8841.21732266791
579.419343556894
92673.0221444147
90481.1282502548
116673.766687795
57048.9610141546
1778.62760919953
73675.1151583577
7544.58138538408
34047.6254082329
177932.150669406
20676.0161144393
41611.3990280585
20261.1618454406
1562.29180913145
23989.5322844561
214321.529074008
334959.662423701
1149.83529688488
116065.604865441
70016.0067184391
241.021317038771
4136.3158874593
27622.7089630052
167243.0704026
1843.28116391167
136.319330093612
8274.75112180693
929.611788561903
67643.475212551
2274.32138573098
399.373730722289
86355.5572585749
62350.4897645701
113509.836610502
149267.256855535
177754.303229781
11734.3655845862
60343.93333662
31225.4678994125
41084.2198142224
5438.58689209547
24259.5430630086
3407.70970042259
3415.95446160256
10389.3359914182
5294.19183781287
13176.6356750532
78677.7994495997
30434.0112672715
14341.7902654369
8378.18228172775
74453.9410736783
23734.1199975748
15383.6872077045
24935.7241554068
12768.9252942079
32083.3610616742
3476.23534697188
1560.89655284069
6938.1155221684
50460.0600600101
4862.32505805685
24057.962879935
2245.93187504031
13495.492738385
161.311910741712
12747.7898326903
28778.8568706139
2964.37804816918
44971.1195422041
11365.3594797366
11558.384000522
35323.4873037335
693.853764323989
52134.2096786388
7771.38342681786
72866.4830726603
80828.057785542
5268.37148394093
376334.290864863
33556.7705544311
18831.3753380777
3306.53130730614
243.695353582417
24980.9680424215
3939.76984688086
101009.857886832
72952.6005290416
8585.07853981091
635.330539927332
41132.4609450476
48161.6081063512
17274.2479202973
8083.31246747069
14232.7183103878
11223.3030876008
3015.28725249007
6074.46020065519
5044.32591261614
407.247235217364
21856.7557491816
20123.3447211365
2566.33811814636
36868.3512855825
993.662559259961
3901.54233406961
1224.14621418224
1444.00836897896
6747.8271189644
35721.2151765235
11745.4738911156
15473.4222739655
44085.8318032825
46167.3119891345
40584.8978735162
6699.83464829302
32201.9156392883
47916.2350361227
20445.5434671696
27224.8979209343
19518.1129462281
846484.827386262
11766.5822503487
383983.970723586
139544.481997001
3665.98651432003
326241.615251406
19965.9122334813
15539.6100092243
459937.07924504
16438.8353367299
2423.17232670517
23142.1345826526
7361.79775715196
14106.5312382288
114.920056746215
1091.2510147493
4778.03529552592
7828.28877122491
18602.3547581554
15023.285135691
275843.624410803
38521.3731979809
53972.6279529871
12851.3151284024
882906.965578043
92378.8992999653
278553.659546197
55034.0739187659
5074.90535644534
71.272676426925
101486.554513561
36735.0328715089
1817.20113159178
2808.66636139679
27551.9621910315
19698.4097701208
102199.296126378
68464.6073925436
71589.9262801405
35706.6990747623
15557.4798238777
11658.5996060912
11262.1711805363
30660.3673673125
177166.706700187
6642.81488684153
823.390184892476
172007.027918358
1809.97262129946
13338.4101642235
27692.3380884102
47775.9402085678
11644.9396043563
4231.05912485793
62975.2606864924
594180.792744949
1255.59994991836
9263.15659376239
622233.419552461
3334.54593198475
5388.76618855456
48255.6381298905
4562.58206411537
1985.62360787927
73049.2068695855
25732.6685644257
3725.09098451805
2082.37069485397
68363.2291556965
18724.7986077743
82969.3041710813
79162.2773270215
78414.8677904894
34155.012799139
1504.1432377827
160765.806718175
9999.71635406024
9009.23504908413
3521.52366906214
434.114268398937
6476.37434238167
13268.9259422866
3130.41822419486
1803.53983786513
8103.96406927257
7340.86741436636
2766.65137347597
1652.94166574405
13811.1924286686
2633.23315706061
112.687619535561
44308.9986216149
46181.3052524419
31899.447353505
512.566243161935
862.36898643952
290.583493798661
46530.5583046714
2975.6548204048
5447.47401119445
63431.2367301082
23654.9637711478
7796.19646783725
1281.58809374013
175558.931344529
141794.601196032
375893.179829668
88268.2399347579
13821.3749484032
26666.7323157712
4730.95928011203
981.102108941074
