22509.3833342468
84583.3212009004
25001.7386273822
145517.235483037
34459.3294268675
53490.2077048996
23471.913738408
11107.8433003233
18212.006059979
16907.0546243785
640.106696907932
4111.62252210768
22073.7935630262
49628.6381685055
52111.6278817408
16592.5577489198
1951.7581064659
16070.3309322122
3294.41025628716
67163.1726840028
109047.558725077
204801.574886958
3644.26561909172
59479.2576368266
142161.228513887
60062.3802541618
7193.06720771518
3748.45516552733
22514.7878223858
41761.6546060741
1013.7740462013
54348.8549173194
10213.1937812616
5330.66072460661
836.759472844226
704.571707195029
15541.3598862995
5569.07241289611
93417.5203797994
29454.1734438728
58205.7566347466
1279.90505549383
104752.799823676
10159.1606496076
4150.89033416411
122648.931976712
103116.495722053
33205.4258078618
3678.38958241659
103924.850318387
3143.03922171793
1177.49415520386
69667.511930269
3706.15466316351
32482.4837771625
24738.0964344965
38379.8039187178
16010.3956616282
30313.8562329254
777.075716016774
3823.12194530646
59015.9255502836
26629.0453594787
13753.8235764018
40716.7876726511
23085.9236995918
3927.11872621248
84507.2615102156
11693.2563034393
33365.5139426729
43486.6432136459
29031.2975384657
30491.2364494654
25250.1436348796
82355.9310544866
33554.0847540137
21629.4539841551
658.766603512437
58025.1261886156
46729.6896405848
36162.6799436505
18283.1750597913
46823.1337454568
12377.9259671804
107927.922081893
27115.4423053828
11076.6286115182
26218.7223104397
93724.6555666226
27814.6208652063
22012.5217709776
28285.2301945834
2083.87156899241
751.433796422522
3876.9948803449
63456.9045046793
37158.5709077901
3540.96536050924
75946.2222528677
25251.1909632635
61610.8433073919
64186.103440739
93186.2901168352
16578.881521335
5044.06474345219
429.996713443554
37343.3495499932
23057.1225806406
21995.2893953715
2365.91372877017
137724.300412183
62925.1686293388
59985.9172218152
173140.341851764
65149.9179041704
72685.0601062521
106563.459171003
48792.4787634919
20461.9390660011
26217.4117911052
12046.1326069825
7055.45325986403
7795.1032845207
20838.1818043396
19591.8308565136
10530.0345821308
21506.9588907193
12598.1695195258
16381.2505826894
17803.6670940042
62722.991641966
37697.5700205127
18892.5455119149
60670.3185815959
26377.6488413773
6828.98078182494
43604.8639116112
62271.795633053
1164.04361846785
21804.252599525
13123.2608086129
18037.9363307216
14964.4097885987
55728.0811397499
58337.0826239992
36539.0379171425
60812.9165126419
48609.7821258354
81190.2723687986
28970.9819649697
202091.329138419
104945.186603455
15755.7068997048
16065.8483295496
2113.86750422825
63272.2221212979
430.026762416438
9770.48417920918
256050.321096466
113707.231122967
1572.69997747241
61498.2997087398
1626.1183780155
44626.9446805018
11219.2875029979
10641.9742462497
28614.0995916988
31665.784884911
17805.9813602786
20541.4387894549
30112.6329193964
23339.6951990728
8123.34389130803
24990.9788945194
25785.2940912584
11739.5668781726
6595.84756793919
23619.8385419311
9143.85064670731
15673.4930005294
7539.79003637698
320.281309874815
22351.8773000013
99488.3630531297
50945.3848489702
13358.653833931
8274.52865780459
13372.1505437845
32563.9784257368
72009.6869284001
20312.6625682726
23209.7005642166
8238.55032251875
6619.68351042439
19226.4873663906
21399.6498601701
22262.623938115
49611.8472672965
52170.3572548553
82031.5655738626
23670.2291792562
46896.7246530186
29659.3345371367
29574.9064636122
22145.3070365636
42580.0048702447
22892.4826316548
19772.9253720029
33002.0853037399
7862.8382606774
31804.9475159327
57670.4444821393
7856.93481956189
5887.85373216906
26350.3734479662
65151.8583542519
153506.65510022
15995.5478363545
13536.5158675354
59538.0973378517
102947.503213371
26080.7859989879
23333.8924236861
20105.1138039872
5909.37146881823
160362.686827429
2766.26631456517
209131.947970053
46032.2793555718
9298.15358820639
13468.8397024321
18365.203557866
2271.00932577481
33256.2326045079
451.733381039864
12800.4904511482
27849.8431040069
3624.83990026644
25595.0736398456
19700.5786614233
29600.8673172223
26067.724121562
24284.6212471721
8914.02086544551
31753.7010877616
14143.9645940883
2175.54114078133
9825.2813655091
9360.41265152222
7653.61787419339
900.135587104078
27630.6213070882
17955.0086069758
661.059352079305
27607.2287751374
6009.0839760705
60938.9719882041
50672.243605805
96835.5132828779
14755.6995625909
134586.223400573
98364.2579945948
5307.2507140097
1080.3211309267
78964.2590427844
223169.298713703
113867.065622488
226694.392928611
33599.2923707639
55046.5308399713
7393.27316785655
1294.50018870442
71689.2675024724
7251.59976797557
103127.338221479
39755.6371333662
121090.574231288
23822.884788877
14845.3016926901
4763.76114191156
30486.5615193629
97410.6243406217
85911.3334823369
3387.84534402238
125269.748972609
165944.665072682
28189.1196744295
23512.2782904008
4643.95041609331
31487.3155393782
53871.4266608054
22875.4253073775
10738.7109059472
20452.2611537941
49362.3480709948
18695.1270876299
16043.5266306585
61663.5630645372
8375.52164757354
4904.49749498444
27226.2326963528
75814.9029684293
28665.9841735227
22609.8284764558
67944.59321497
2843.2943729103
58155.3506163624
18764.1134134527
69155.2496974636
83380.3955672087
134100.731246157
8091.22472670363
40776.8633053653
92891.2159980034
46002.3263037122
29022.0096304317
6225.84692190764
25144.3155520637
8647.97847767264
30028.2503832588
27535.7113296366
39767.4646267798
22252.3359966238
9806.3253405167
25141.3188378914
11242.4559230918
32562.2012939723
48515.040258658
11720.8538620209
15980.4698487659
21068.9209113249
16847.1769990021
8667.73564780272
22982.4662854505
18731.6853890336
10798.2115980553
2950.12055584969
8817.44442319714
29255.0371815945
1905.16680436964
4984.24821413707
68103.8391528105
89727.3945546763
135751.571947582
45653.780290494
700.820443366425
57104.9104851889
172913.361537809
47137.2682698466
6510.28820352192
61112.6122283157
70062.4885234739
105399.19684821
134395.809324844
45266.2958502923
16600.9892864665
37725.0092202396
9484.15156226073
89191.4132148232
23348.9023871145
66605.9545679049
99356.3059869949
11786.583740769
6495.87044311971
138918.427086338
59451.9667261333
14655.8048503232
62607.358249329
44099.7737257459
7844.6502918803
18537.2740185262
27394.0282706643
23712.7722178802
22958.156140313
237050.601292688
47263.7347550083
29184.0012141272
17736.6999336087
7633.59615403079
68782.0995837825
57504.6668627675
35717.9400099347
7532.51115486232
2371.14131045845
87518.6015760199
12525.0411935877
5190.92179720199
108379.667532882
15687.3185095901
21220.7160079051
18339.9860280565
12621.1753736821
40353.6339912364
34577.510588899
93687.2370929659
1279.20500266664
3838.23779224121
35016.3110002929
1142.3116740627
45512.5642604741
41554.9501216256
18989.6170685839
6903.92423860213
23601.825643056
13130.8024285658
1592.47292112386
3483.78457348793
10919.8372720456
18846.2930513531
31199.5889630894
34608.1885431103
9142.81874267875
34251.7148728239
6639.22558374882
62861.2771064457
38656.1336947292
61102.5502077949
32784.0083157469
14254.3994813747
10913.1752153271
33470.2560182405
7879.87745907109
12266.1991818439
23799.0193121584
35245.3748443855
37683.7096441403
3399.19610435134
13412.3213790832
42562.6388105835
26286.4862301059
51116.4568333865
10380.3308115907
22761.8056848889
6032.20440699996
24132.814465183
16829.7406009247
15197.0113997487
56566.4081592256
13248.0383018467
26139.546442843
3425.64137723518
9989.86713475826
32579.3904119792
53318.4643347808
4801.70987026174
25320.538272097
10426.6138275342
21199.6601003307
12886.771281929
5453.50849398042
98814.449334361
29054.511155432
58871.9522060239
407.867591515819
16722.0350973375
23439.351223714
28564.9941602445
32252.0278765816
21729.2698149533
30794.8118776074
46652.3703226953
58872.9023322028
3544.77806095332
32143.7475593216
18080.1643870323
64445.4042581961
20322.4473071796
13406.0496364026
33645.6407531052
42696.404356581
41363.1635942666
9758.59171729795
16216.4483898007
31083.5531848375
9746.58935386945
43723.9507174139
31196.7963928506
27918.1974277101
13528.6807051003
30226.7901498519
27831.5901998033
37892.6725297903
3740.2420906429
14713.2143995778
3010.37453192781
46080.3233218481
301201.879802363
19476.532565293
760.813382516783
5971.34489962826
112153.421447086
18114.2302781636
2731.04674996429
3764.89806480894
22553.3790045857
13727.0431579316
16103.5731770556
15462.115972316
16849.8812194468
18663.2692405904
24093.4515599612
16452.252539325
6519.87513261112
22539.4020235802
18227.8298383336
32536.3930982467
40060.9872687673
15680.3814725773
28350.2744729093
15627.0413619375
4602.68561176495
41495.3133293212
61355.2924379369
76466.9487189771
81622.8168502141
20731.1891023962
762.059338672295
23845.0442876005
47175.6555571452
7283.53536027214
505.372310246402
3363.27843874638
22501.2112779257
61731.6775297387
33009.0903564654
54471.5672572645
30952.0912139328
73299.0009774063
40975.1723721272
14477.5872924646
127770.494600207
100891.76584332
14007.343836338
15120.8467449936
37612.8595470302
52718.1900661227
52737.2294225677
845.256642058083
43053.20495673
9490.61176066045
2492.88197499867
6810.66567014469
63052.3741281944
6145.01023374029
141564.549704219
693.602928289667
8183.34900911584
2356.98120724383
140742.725040991
27541.4735094243
57893.0034295875
77167.7984714902
8983.23556925186
167839.080535977
22983.8336680801
299598.389578494
136825.340532731
91462.1881317808
20858.9701787043
85873.2147662405
2099.43392129901
74409.7733107559
281768.054625684
78798.7907347495
104979.767799574
2878.18410804672
99375.0153713552
15194.1178089086
32853.2380747993
4189.76524354961
130684.606833709
161321.265359122
67411.0369498819
59134.4098806637
72489.6192857975
117194.723854943
98913.5700653387
32430.1613221407
335527.262771169
57719.6852728056
761.57620218024
17771.5172992609
57064.082585227
18952.7090303361
32796.0105274234
27933.1142329965
49722.8996224124
46346.2173367198
200740.585885565
151334.792753967
5904.23858710859
125453.080236638
203332.376338699
1482.52756474524
50954.5090433918
628.014231684063
171350.825370946
165023.897678965
6203.260678503
10865.4828386177
3832.55504596975
8757.23679617298
4349.92780806646
63402.6370638113
516.6620292322
41801.5233845858
23360.8049116861
74370.011551279
24936.3216400588
69831.423546973
182711.355221718
62678.1934293386
54623.8616856975
87421.0732390568
58598.80419773
30340.0346616187
55360.1394040271
74362.6587818271
26003.2787897302
1917.32951700591
146316.824960813
94224.1635555511
121543.420227584
124669.633571233
144257.66131375
187453.589197522
172054.148672302
49907.1558505732
111083.063199667
684.480140453568
59493.7329781318
49740.3562558969
55273.3067799022
25083.5331012235
33380.0331367638
13801.5434986036
115707.581309342
32307.0273360998
16702.6569607493
63288.6429567842
61160.8624990969
65875.5052054116
59030.7715757935
13038.8448556199
11140.8342648121
117411.708068568
45638.1980923038
150104.960264462
202189.901596042
20742.1778345726
118030.313503348
3575.05694507534
629695.156120329
158471.809985626
3018.85725387649
180000.783556235
42224.5634561678
89569.7495696026
128285.267003567
27827.5368433777
115934.999280466
86549.3325696941
49269.7267602793
40027.4498240945
181150.601777873
14303.4757636661
7214.26014467431
10465.3694868337
3236.76007370968
227854.915001452
125915.372025198
2505.2859420694
43615.6099767203
286.516748839872
48122.3568834661
69277.3838617563
15206.0448231042
294632.82673273
118449.076660711
9646.94019585415
40540.8996207325
11033.1412677362
479425.291266193
22495.2376386339
120858.391850756
103024.935978509
16259.9399156126
136555.89888464
120931.995281749
46840.641614738
304905.241291006
174381.278219789
433.700111295352
46763.5529385791
251773.651643191
5349.94235442919
35993.3470784352
36989.9091172123
48318.9000541981
439971.726097111
119767.16805188
9467.44712804432
1650.14722827549
49863.9753465521
16618.6507120768
16947.7970439771
81377.4127723144
2206.12716553061
6768.99603850843
322284.524863381
143016.932614013
445539.075377522
2054.434011352
122011.029362777
3581.00034947926
84740.9016970476
121339.708913977
297448.609597648
184712.591349736
9217.09508341584
17268.3544326108
14822.8298237953
13611.2315715624
95189.4047565967
62148.0993830202
82128.4095299595
109334.12120788
5969.96851563613
26374.5705613609
295650.498338433
82202.038201376
8621.42072880692
148317.975934411
27096.4994076712
7423.69346226489
2952.687491166
17225.2146294662
5960.4361994679
111026.11200606
175265.623924736
386255.688530972
59151.3552542658
166770.285545869
119510.546727373
24603.1623471497
39252.6293735341
1135.88302688561
132355.130248076
40047.9748107914
43936.8580642294
19898.0015289983
79736.1768813577
9896.40404412505
6754.5363894688
2552.45352660106
76234.8383130665
17333.7625768961
9333.36864768281
5395.27383001738
7577.5317096037
115552.70932784
45685.3978327219
13045.3507636236
336741.321674998
225111.159438752
119673.393409871
50938.0863254406
112401.554972448
230576.293545273
99183.2714606255
10908.9834356553
92000.432494782
141262.783377347
270305.620964963
66450.3155914576
111966.180492278
88964.9011378409
16715.5842144678
26055.5985342588
4262.81464029301
15787.9681470935
147205.463512154
196825.349302645
120874.464975771
114391.769769593
135618.919374219
46783.9756598297
424704.126264283
69069.0503707477
1170.56656296422
273577.854985722
108524.950586533
32755.8576593178
175765.300166675
451352.683648362
67563.3237029454
1080.48481497671
4376.20490721142
1626.86996648174
109987.48745531
24287.7379895368
298197.524544412
24434.1038567912
739.426832800571
52726.3996906685
13611.2712103532
95744.6409822198
629842.287563555
95060.1630798027
77687.0963609791
119352.020706905
1315.32255766095
42773.393806585
12264.0493945445
8726.86290580966
6147.05533949111
148806.577434681
31261.1638874829
122716.1375749
121196.942317346
196757.899096498
82994.6065107083
5460.36865821523
8767.97949964577
128204.246959956
5356.95158919134
8052.86457178489
2720.16122524481
10335.9734557393
15105.0655799912
16221.977999013
5224.19187750301
4256.68855580113
52235.8244546921
1603.32509373285
307012.635542953
2243.3848335371
5036.32756194795
98109.3430635511
505752.281870893
6565.62558317164
7640.10112555962
35009.950960501
14784.0715081564
45688.7409265648
57351.3003173628
170578.284240078
622.163710346532
92313.8617202918
168224.430175911
614.987422196887
21749.4622932407
176704.114777949
158635.051256296
86605.9970336975
58829.8259225937
36710.0962327317
108174.038965068
409316.254038412
362.267398301054
19696.8671764178
3232.76626683278
140750.12346684
2332.06604570027
445899.533028264
5273.60773730263
49794.010683635
34220.6797410675
344599.995404737
35185.012251945
6220.78897443261
41792.6493703039
29285.6710058717
182982.80213493
1173.40457377004
26297.1694258892
18935.7958150509
218064.582493202
31654.1937407283
300281.294249587
5271.10115053535
203526.476288703
6962.1711288774
69291.7677993963
108790.220154756
23903.8489378467
186013.472939954
117059.488809071
32743.294922394
72816.4755179935
57711.021976155
63566.9702934624
313640.91664316
146895.043451331
6003.48556820652
348130.431904975
2680.02328722875
10542.4220027319
104755.511615154
70056.2218841197
471.480691614093
152253.290102224
2866.63163309617
26326.9237164245
68104.5829141626
492.60184661793
235018.23022572
20149.7769545633
123738.678220878
189911.045650121
51017.2162382542
1400.67061959824
81296.0427923281
21598.4106239863
155143.308893739
98784.3592792281
346332.07266863
69189.0578822647
197429.983258446
100972.75585029
203672.889103882
212041.165765941
263760.770046773
188596.710638295
70976.0563620501
156331.400732617
19847.7422076496
21898.9198318328
52340.1518284294
25104.0194392423
58832.9965373978
29397.9127443652
154498.678336509
135802.924445252
8196.22968206201
75591.8650013298
47194.5666195177
51456.2037920905
44654.2424814335
14340.1460326179
62193.9126415852
35555.7152416786
30198.0805911141
12103.9965635277
24401.2905706753
36495.4253662736
6759.7033444617
40885.2358597678
30786.9827749647
798.114722497788
509.163203008164
25507.7464033771
15867.2814913267
61120.3722141903
33010.4653649831
120272.630242129
24401.4021582931
169250.894256632
1538.78394078176
198683.023040066
26067.860144201
13223.111330447
29149.0075859295
35290.5198889926
158772.556431206
619550.388198543
9061.93682145583
1098.7310920495
929.522083158143
15985.0808222986
67583.4185249733
1947.75059010557
2306.86958341527
3111.75356629225
244746.470670407
227181.721248484
120011.153452616
258023.772676301
182292.18113969
163409.263130478
675.806227095887
45602.1026391617
238938.364159097
115963.546985862
66026.4476442902
14631.5233920067
2720.99623532708
80535.3018124143
61117.2177035997
129523.938428903
167818.688518223
605.238684654033
79291.5003839834
35054.7926301895
11653.2895409824
335889.650559515
15193.9732844379
231647.248996134
8185.45847347364
22673.3880975958
111469.204041657
5481.40697858898
27136.7402487836
4219.77001620652
1201.61991775117
52761.6363859342
30860.6859114253
57949.2861146411
65706.5297100002
1721.68933302364
9057.31622549857
148500.422000044
86783.2272031721
149441.66759944
66567.4270277911
3495.05656939831
43757.5907936716
46247.5295123538
13406.6366246701
84311.0996665582
25338.9627540348
14711.4528065019
24046.1771754251
45359.1858372014
84686.0209519848
10315.2027363143
15468.1058819475
1793.54940549619
137731.439266806
39770.8277963243
100756.788343963
98345.8672657554
3202.12949032277
129000.691725817
386330.013413112
378.704548590196
1327.98157078735
45094.8732494525
39527.5257866492
58957.161045153
83586.3256117257
42784.9902473017
171937.789205922
131601.992472329
226693.140748263
75423.4932298073
373923.447169715
9979.07400744215
63895.7866229868
5124.04729212355
12653.9670968786
49654.2057389184
149815.387075234
213179.328807019
248918.453882461
51719.7252121008
30627.3040346525
3061.59613813346
162709.452444122
6163.31086152319
10906.2774060359
6987.12480037714
296008.920297388
5994.10473950825
93424.5913213305
3950.17229459266
14158.8133322031
1243.59123171492
136191.414095351
242176.106451861
19377.8921653971
59739.3857904865
11187.5566898276
4825.3048844061
91735.8459999318
20367.3485158445
52144.5807841446
1002.75310597105
77131.2693065207
9131.62202021377
30051.577080229
11657.1133832997
2019.96959988908
1278.73881232079
28845.4117325764
135102.51596843
216661.61910334
90566.2639937593
7752.68890721645
157799.318924129
9534.39357564202
43962.676709355
20102.5223535756
9637.21700253283
11539.1462232107
174686.663046629
2757.91216549368
242985.86427345
164815.780582105
79999.0557985923
136420.657800434
477.691926287148
405439.355515299
51964.3178626442
2345.57395018269
27703.5430326366
32970.9038623385
20722.974764672
15837.3827803569
41407.3460961109
30968.2625305972
61007.9825142775
175701.113523177
55000.6386183091
191596.933224675
25666.7681836313
571.704006671325
71492.913540262
14529.5125003935
230439.229909469
22983.5286574518
69197.1789024377
143175.935330105
209829.640337822
313470.616604553
76472.4504131768
66108.329873774
22957.3088243882
4903.73207090657
21872.6839740988
41937.9597296658
1421.60054382482
2168.79103341761
1478.14593045495
126762.799745153
30491.1556417981
569.897152293929
39118.3520200193
186860.229678879
28487.5464028324
25552.0168320001
39601.462415932
13351.416809111
17914.8203490156
24742.6860680147
3961.81005487907
55407.2856653403
55844.4981330104
47343.5700184104
921.931476164198
32788.9903076239
106737.223720597
111731.672020919
96844.8179115828
38115.1859774113
51531.5999547837
42635.6819709919
26428.9084963523
106791.972971108
1867.23765403808
6375.77019541034
1194.58109628634
47516.3627535871
42176.9910335261
235458.333404654
100761.351812202
275830.152199812
50986.9890665537
77273.6504241383
8259.21004715101
494662.426295174
113957.492290364
19304.902628048
44290.7799592397
11908.3302769279
16671.6843184592
10495.2784120711
163909.474299281
67731.7005877225
30733.5623394241
14174.1082176147
8363.38722577272
2547.3702708464
3246.92904712798
24104.0965019509
132840.239551938
28072.8227004752
43559.3846772955
40184.6810027559
63714.5737308731
51710.5339340734
12748.8982497928
1862.27874677192
67827.8730935062
133424.666072647
172292.08924931
10836.5045020262
116443.963995937
117629.166329211
80713.7427059391
58280.8777825986
232785.453787855
94520.6267308717
7033.01671950658
15475.7875203531
219216.222938189
32187.3688613845
118299.405000381
80577.7082721991
23604.1093988091
94222.5559374145
3800.46233476102
363.535532369059
127205.82602409
11815.7400030139
647.953639941401
75284.5185934957
186640.179053171
63867.9835714008
131629.066060956
2623.41679947944
46526.2891341558
88169.516799441
35047.0599965579
19206.0878933229
17485.6653335641
18158.1304371259
23426.4295263219
220593.090950761
6720.14176111874
4092.48651746047
219790.813203614
15870.3534682998
210406.597858225
160432.924901531
93919.0946256894
443.986736782989
35904.2571455738
55942.5457630823
34380.2143277961
19502.8362581476
13733.6191873339
35251.0834547134
2022.03050300926
20397.7099548982
446.374170243093
30406.4289553303
10534.1920090392
55403.6116464861
45178.702633507
42119.6472236386
83351.0052899145
15901.5437691337
173969.415285888
80795.5614529566
43603.3082248089
14365.6023895886
52006.3506517958
3248.33437504295
115271.060394028
136706.792732124
398400.828726849
1609.524629178
11115.3137973068
3415.62101346938
25441.5681476948
84248.0835961767
10651.0699640572
126935.324186247
61153.873384702
330960.876903608
45842.7126636188
56378.2630618102
37581.3058129826
95308.2055597146
70677.8971833217
47255.7840111993
6081.21737265334
4249.22862031069
13718.8813771312
10640.2500532831
658.966425518851
45640.6079763165
121368.884343423
23738.7362435541
3892.32557621407
1134.27918520642
47441.4530384763
43444.5720753676
81030.0782788434
73322.2097591802
161058.443315078
30749.5064888324
56935.647805872
361979.220790024
30252.0423369163
245286.964274644
52757.1700780655
4244.77715964599
34952.6424347561
26332.0091292452
72528.9605479849
48910.2323055778
300.916783455346
109750.331773181
227971.324492825
233207.774930469
107339.62315815
365619.205784667
19850.2811805078
69135.1489207077
15082.11627791
811.58904609119
19155.8803354314
2688.69813405855
103617.879844273
15874.4039314132
140171.155354091
37057.5429414188
2138.29900111432
36910.597994185
36637.2221747046
106410.055799485
224470.11909349
24730.9390846552
55156.8653707627
28522.3804119892
112633.528719356
29036.8158343933
176098.789108429
23935.6352003007
1431.07056056429
19816.7768729822
25133.0166457849
17776.7181607725
233247.062271488
41326.1725971967
14342.2083765325
9060.90745026748
13934.7018437471
27927.1285968713
596.847244000371
151149.389063246
140884.489233331
45431.5595500721
102752.086351108
29804.2780417495
9951.46250103805
59571.2538322452
27589.3542215314
522.560439763898
102338.059708264
14621.6773855806
190354.216590679
143311.038793008
30487.5595030505
137788.222721689
28853.5055352261
196867.422183424
9678.81746351843
16084.5314352342
48353.7960907094
3639.19802135099
123568.811255491
19697.6886118205
15336.2245158253
23388.1662210584
55489.714551787
68161.120288483
115387.061354955
4970.96979836532
54402.3686381222
123958.588518815
58101.6734724228
66236.3479872666
43062.4938809853
10478.8340342944
93215.4350506442
47171.051616332
1531.70768224912
629.0722373552
61610.2796870257
191904.570724779
46806.4339069873
23253.9367137843
4650.99749847091
69114.2969476919
2152.31223114936
1547.34957057375
329.612330594848
202360.799036554
55383.0609782104
3188.50365547669
90873.298100655
7186.95138335408
158000.053495583
1941.16272603946
15844.6856824848
94127.1429846888
166519.399060545
88337.6268660413
685.011459484613
293907.452218766
186922.696192231
6324.04155097037
35244.530897962
127080.151863499
108821.899214443
89111.0634103717
42552.3769018661
41488.5330420262
9259.47045966346
942.870037781308
104121.197755714
52625.0188942211
3195.79151223827
51143.5956315406
35611.7310892332
295638.77251242
105087.510157352
84711.1521214191
20460.077832967
389.833302942432
62158.8188300723
29035.1631864793
104717.79327367
51181.5527584402
125609.617554522
57172.8297225331
18124.5787806153
109161.644498813
338512.164225777
25677.8799159584
1753.99186517055
17950.0562275347
38029.0850801358
31534.4733828251
57864.9607487821
14875.3285677251
21934.3075070876
47136.0860713707
29459.3927849652
141891.571232096
2456.71426004815
9612.91595025829
49416.0629864979
95069.550678658
22623.1253698852
61241.406745947
175503.192971087
3481.70902061614
136988.359860677
6887.45375459138
56086.1025013323
70998.0818174728
91898.9582876707
80395.5912805315
104873.876180139
246569.375090837
68029.6465273297
11798.2312483358
49635.9019422012
3729.30032317146
89673.6892535724
105936.737104801
107873.984636451
110276.734228189
89767.0696708419
57173.3664313573
16812.680168778
199938.062890721
14486.0192678348
87981.8760075628
103379.82192151
9090.05424382452
5544.9773290098
90521.4700781977
15256.8677356769
4832.87123367982
66339.2159774596
67090.0457341504
145183.623507294
112485.038864244
128670.049437647
39609.208282673
39663.8966626991
101649.299092544
2046.23009307975
27434.5287355977
1641.77267467039
8459.89590695541
1012.41535972357
19538.1652570613
107925.082124491
2794.3301145705
4509.43925227087
1694.37602527852
49229.0794412171
134164.999276271
38993.8215324937
60580.0637590443
16506.1339083052
10668.0241120849
96418.8732569552
77148.3081374317
31008.0404250648
3317.5645185497
2409.2853726843
65897.3687726826
158021.652191234
32540.0207411669
91.7685034635671
54374.3444931361
154596.063907197
24878.7970477966
51781.8283852878
169143.691575889
41797.1240660345
99402.9766466653
289805.874751996
62692.9503550225
20741.6033100221
5241.89365841813
57145.5318266384
154989.908904446
22689.6654756415
908.706239172611
3875.0681878647
3586.01625153785
96531.0590735937
248167.839487682
10279.9303080071
462535.445909755
2224.57409270886
24700.2993310075
30784.6488343716
38915.734583927
25967.6698488507
223349.910881452
63637.3171500279
22771.9854273968
76889.8515461722
10596.6417495985
35177.9385271754
32198.3102915954
76704.7961976753
95464.9590355821
42185.3878678827
57138.2072444556
58027.83492736
34839.3692765427
45810.5785173527
27102.2784317169
952.955595694066
100766.1146806
131787.66480212
25891.35767228
15837.6815704482
22316.2462339398
199323.757082051
942.183272588828
29904.3374097292
8766.50576765071
112541.764416814
44888.8850598967
28547.6777921444
13515.8499066483
9903.17798570863
84615.4526960649
78808.0949350781
67138.4573377997
29356.3744859663
32793.6008806906
48299.5561337254
11778.8912546396
75096.647967743
62634.7788683077
42049.6497873811
28742.4588190078
23786.1813115763
45725.9815513705
95720.3293314986
28264.7789391958
6757.67013560125
171698.839249503
1674.14114602356
452.434981261254
187212.414817692
46630.1075093844
15579.2657069468
5484.56251318748
22549.3654982516
11044.3934660791
97540.9502563492
26843.4780886533
170029.048335979
7762.57445146065
204759.31786134
9417.25581897016
26510.5967921084
35072.4784653988
13603.4576826839
147515.397624447
217876.409431534
16822.4553553366
106965.326511631
10247.4622822191
106759.447461584
182793.221206027
24676.4868630451
245623.526792932
1155.66634442448
249843.007828335
39549.5016219226
9275.5259892795
9768.38411756781
109335.571972395
109326.104751674
41356.3370189055
62750.8166515774
39004.7207490859
52404.3444069067
7567.08976198644
28840.1105508096
1890.32602803902
14630.391960577
1541.44226150255
150053.650054171
97291.9060464029
93620.2944280158
29771.3495811398
56076.4222484719
12745.8944664314
76513.1424532483
17520.5157196131
50349.3276573026
43044.923103877
1687.54000811063
43470.7927218155
135305.121511687
72963.0906567614
76248.6956914119
151520.668936165
32519.1805327147
53633.226504106
28099.4068339377
12755.0232918065
40037.2876953989
12690.3358158405
30178.8103010841
67041.1040656295
129807.57382807
18739.9529723893
118548.968424496
123748.073346499
1437.69530139325
232091.004913598
52737.87257174
19350.246613388
1474.14172614869
85079.2558213889
12106.9725225275
3304.59166144145
1023.00458619868
26322.6217374636
48986.5138132949
9537.90267417246
903.423992833348
35103.4893854557
235561.13134281
249253.734001632
12014.3877008439
219823.993590635
11723.7710350478
17095.4326887578
175937.958246639
33207.5351885777
18955.6410180044
61821.3163755062
34269.0655672405
3604.64063569149
153087.107947258
379284.541121724
106841.630074197
93171.1029534631
37545.9226356561
36397.3576841128
352259.586397367
23871.7914474194
105490.384698063
87470.6643964668
49893.9418165482
3079.4695398307
1871.02620213853
59254.5667793898
56294.6574987548
413.953859283273
161972.175457567
40060.1194887575
84843.2002488035
40340.6725875532
34773.8655406976
105817.480414835
55056.6399179298
18514.5026811373
27854.0248489828
2855.28230206543
2777.86843924316
2307.85481450988
31621.0497756676
126700.362120143
63016.4203979719
137270.631367824
835.014330401466
88375.7552774214
16994.656338138
150846.356341768
3735.71759631931
61188.6567030486
6653.50608393273
6933.83553532077
56397.9474725334
6045.8658838303
25231.4604722577
29650.2587118132
429.840373810171
26048.0028626064
462.187099804305
830.257639946656
82614.4978430084
57280.0066853387
78348.4372216997
12872.711331923
13448.9523044866
6786.98490732806
1013.87003022213
3161.50254308688
1562.34177328327
9169.39738814842
17660.4531230933
20764.3934733814
163175.107371095
42970.1943201019
6371.06450063548
8827.41427804131
1759.82019698458
2375.77175932884
4622.93212547244
13513.593711971
587.703881168295
746.183659231225
521.278799515189
3638.12597321406
1748.8599572142
18929.2244309016
1107.14657686189
6164.40979715155
28094.6402965697
88780.2810707358
5215.97405658919
74.0685722624764
11525.4223110808
6333.15798304483
991.857049210907
7620.31753737188
14342.731667999
774.571655958753
3367.73972869245
82515.0585280417
8749.92186650704
10735.7548485505
898.868763243549
5256.19484854177
121658.945193402
7752.57576088224
17519.4497988164
30288.6435614722
1165.95851432669
24924.7344390838
878.305916031243
32431.6294176282
8846.09958546432
29106.0881236418
29035.1500199653
37658.2202310913
18845.3191882136
32696.116902746
6136.84548308937
2350.38612707084
14825.6453588686
6401.11033677037
66145.3106282099
13706.9341692202
7119.20656502979
46311.719072128
23053.2502613639
7137.78498703405
25093.1084926288
155369.931497243
106233.335099418
34135.4187683465
28464.005681107
110060.468483799
27635.1944349356
3432.7998808727
3016.42956420578
14270.4735742687
2109.81872399309
14204.5155901657
4422.82771877912
13160.9864315422
2370.25274632541
30732.7067446099
193370.632332403
120800.760850747
153893.490081663
39815.669301948
10247.6969979184
6325.88176275325
24027.9000136251
17354.7424725715
4554.50754605823
76989.1851376629
2493.8872595892
49986.2428262788
16030.5159083313
8284.25676263942
7339.91255562801
11250.0279454952
12300.4430947223
54788.2784730942
2654.29744902275
167461.847529046
789.041528849689
11252.3726946068
3466.10447496778
19386.7854811613
102130.714339405
35126.2521738972
67402.4873835451
23533.6803191652
111388.808969865
277285.070368649
47563.6757594719
256301.271383133
34002.5605610741
282597.816146515
27777.9153095761
2890.55528193042
2062.99235235225
201509.306809286
12036.5721574709
3878.00318165052
30732.1561269563
15398.6171753399
10390.8123629846
50298.4202851138
31902.8260201454
25507.9440927237
61240.6994440334
130346.486024093
379214.908400375
105575.484959061
36208.6466333023
37813.5297119008
137129.286088889
2092.05743281427
72914.2189260873
25369.9137781923
10098.3902291294
10417.6565318582
62583.0745434867
347.127790119008
4070.20373970116
64950.2569240631
13137.0309167927
654.75660936782
109031.863763593
207355.328862831
13990.2888457061
11365.3606020403
13239.8220088615
790.849304672215
103426.675402148
1526.3066500768
3944.74295815239
16393.388439915
48577.2920119639
72301.9498660226
213174.801338141
4036.41295458174
66003.4275419595
10547.252303297
30317.6857763793
2360.91149679841
24282.1876229285
21467.9145675363
24467.5694008399
55700.2134125622
825.361427555555
3189.21801856296
26098.1166210733
59986.9280932689
1110.65380431894
77027.4397380249
1953.06998591391
45930.376870072
2269.30072040974
16565.1881284443
7979.07992424935
59048.9425339126
14372.4347413371
34439.7033615713
84719.0996608272
155692.602593309
23079.3290997604
43592.9337275759
21236.3451567925
65844.7782671122
127469.51154722
140455.480044253
45454.8553065909
10364.6649601465
4165.77560591288
2455.36314775992
