85021.7753397368
22607.9406650098
49591.8193733826
52072.7709443865
16579.7533152376
25155.1395549505
59481.3000951806
97588.1487611625
1950.21605017521
68182.1075089178
137317.492481485
34736.0329461793
12000.9463062949
29357.3003530684
26748.573053942
16057.8667337775
32791.3673386988
12857.6421057943
426.864871643929
142052.482044252
1643.84573812087
4636.17477436494
67114.4567061065
108965.50345833
3774.50865770362
204633.377362826
34026.4673473474
18446.2549373553
7842.87927515799
60014.4634614693
37103.6617466056
213303.095250702
77276.5096573465
66815.8578753139
28459.719910095
277959.127948116
60133.8191676403
17651.2205516954
50323.9467889145
3639.44685351513
38333.8925144301
16171.3814566965
54379.0054439345
5853.1015278756
38446.2041075421
21406.6705611844
82261.4514262902
20122.1548877865
64675.1797664464
65336.1571055513
17689.115549341
106834.244678567
52709.9462989157
19393.2552264747
36962.0468149877
24312.432258452
25564.4427200861
194946.638925625
65731.4586504665
196714.198275089
57109.4136784864
110208.180333697
34245.9757296044
145218.585597087
141284.837209063
214312.454138895
149512.572262866
100650.865602304
65887.8277502173
50261.314634793
13428.0697022255
146664.787289811
87403.4971985456
284916.964592351
92705.1517438367
41208.57848911
85173.8115899156
57411.6825850304
95383.2259637591
76240.3660004022
34182.3890650427
26373.0272802202
20581.7578630414
109783.292188992
27617.501693476
127327.608244075
34800.5293978216
80754.6525887453
40606.6325271489
50907.9606904412
28274.5280969802
32502.6129638516
110977.754352712
37104.8979996208
32690.2384821741
60328.3122948408
25880.9568741941
10342.6163508572
36719.1870588638
18841.7322053782
23917.787085982
10132.4533382652
43303.5146562669
89601.6263214998
192736.700548032
17341.5226763202
82838.6235906423
21028.6511037417
98698.4022140871
26636.9690914297
25880.8963169209
704.293404237862
16030.2702288159
25780.7663264649
4279.6331516573
53909.1749967296
20617.3062780846
56599.1536592507
56718.2271614146
11454.1943541782
48219.3559444657
49322.1389474609
44226.3342980373
55905.5319326422
17723.4385112061
19893.6114032105
17656.4253384417
30144.6715235719
67944.1047967063
14939.6651976329
60567.1460124065
156855.669011293
91246.1039466164
22712.8334730734
54460.3105251476
84392.9228865774
45452.1471537265
22578.318569738
53487.3125793841
22280.538723205
46296.7000877881
70819.1436750368
48168.7336834532
33212.0182957448
106427.758235645
148082.098362518
26942.1668336163
91095.7853595638
48509.8862706495
31848.5353908328
19412.3009743111
44082.8755609771
41053.3339644981
20419.5164045627
243033.79054813
49330.998065972
72965.8460037158
9964.87883362118
120027.081743689
105988.750120686
16549.1651610653
40624.4772818122
18207.2403568018
51155.039586262
23650.0371562571
26423.5210554503
4199.80980902675
60074.8104823319
26350.2809779572
38962.7621902395
83070.3732387944
50838.9101110578
168530.485359567
211237.789084989
9851.26739656523
4342.76736430929
8403.29802638386
150930.620475517
205378.105275892
988.524791694399
59212.047806255
3115.96327129919
824.1594658502
13760.3277025198
241554.611746881
85749.8954273982
1443.54346863081
132957.10161376
12988.6802683848
15881.1332029904
59766.8672804251
30883.0161766113
111168.822276434
19055.1742439706
38981.6831954119
63011.0661188163
3091.57399465913
19792.6510351875
2417.52747603131
65399.2324482172
287984.889911946
28984.340919783
7473.19411326636
44676.8967370622
228499.464872936
82676.8605029825
27962.929152985
97443.6928534147
343335.270051148
611296.143523036
84733.8227878452
131329.294390849
136949.268592246
2476.15985329636
246757.12548043
237470.255930734
281091.062973401
17370.3385908741
25284.0212463121
15406.3298051992
147538.504779143
84088.3346515483
116642.686773081
11930.8359321555
97933.060888365
78966.1977626281
13030.5546011103
47041.3872563515
30630.4551550746
10186.8846165871
242856.172251053
56149.8906876005
228.414095399276
14319.3633145088
36133.3074540802
13263.115331497
107405.07050141
317444.418326797
243412.373407333
6278.33369211397
742.43887193564
76051.6357782624
28698.7177105168
3343.6462814553
157627.734026372
1153.15445290815
356975.866743129
20348.8327090229
618874.258532135
313361.697389875
1112338.25099456
959.302543383304
30624.2859636967
2941.16943361561
154604.554043356
4322.26972538794
16725.6859334843
101564.803842639
8189.83271082339
99304.0697745285
51916.8366490527
804.64053323877
25474.9850281138
31521.5304626888
46928.0649215268
24038.3249034699
72221.2793546756
23858.7886105391
10061.1236977412
60421.1182490406
196083.937707932
31879.2118866339
231264.656628649
18823.2312168104
59169.1072184085
315693.416123649
4751.23872463082
26253.4742254673
2490.90404023174
10242.5124321098
4734.1929482872
163550.069934705
674.437611706802
63329.9492520388
2059.05961612449
66458.7190284272
69023.1109507707
32741.1412628619
110851.188224691
121333.952890667
150209.405856826
2841.26143843411
175006.850682582
114541.631861446
53802.3755236227
20253.0648854872
41235.7754681922
17680.2724110589
24911.027868051
102216.230479221
16326.3442774583
66057.0675786685
12765.9394908419
88412.8816746961
91306.6409628653
10360.6231000041
20289.7590243879
1709.85762696467
63166.529392333
116986.674959007
1762.39874297683
88716.3508789117
70691.0185608274
109261.236379848
1597.96460645796
117996.286186542
67602.1663781222
80974.3905766638
310610.636255295
174616.829623629
12224.4510260371
410907.098617078
133821.050992701
12752.5793850355
880.35718493256
149578.967606946
565.144934543964
14374.4627136366
122293.864564495
128454.950114389
2405.12788918589
172947.150023218
8690.42137516174
10870.0602538067
92963.8978255023
42004.2788010818
395420.815810941
2314.16896565699
2230.96121781106
4845.17333194962
1283.67658305422
13907.1736254616
67482.5783772601
58477.6638714922
184066.13485866
94111.647842731
6345.92137477802
48435.8090837691
121382.190062452
24834.4198763288
536.083090074542
57847.1812518454
5884.49904616762
24963.1351334794
56391.1281105454
3736.44394606079
12512.8541277753
34877.5425325566
305842.300580583
74944.2489683105
29737.9431648105
1365.45212609858
8237.18621257368
9869.47680408202
11348.0708796774
8889.08070237574
17074.9851667078
22896.9752827965
103863.367595345
7461.67598481249
28187.5407428452
226749.568891709
41685.4761724429
1262.67708962863
115342.845061578
45139.357028423
24540.1862636675
1471.55592761335
24392.5061660711
2188.25681226346
10370.4465422586
8478.01756561991
272595.143080953
13344.4839476408
27345.6946794064
13690.2932006126
15364.6717653825
19423.0584791247
21659.4516966526
52.9643803460553
329.029378851962
921.356999959362
699.598003811602
1132.00346104517
17982.5554087825
126.351766255045
53854.1344444861
5563.52123151483
2067.86651770382
59.439752448217
42138.8645802566
3522.60867696882
9181.73885974199
35775.0621747248
121832.724430047
8513.09440252211
380593.616952585
44725.5956229403
2095.02323767087
11511.0624022278
14112.0004741427
20534.0360043715
107535.161847143
9356.43900764864
798.780475937343
3274.86832428836
27037.0442094431
6508.09951670102
5714.43955259804
22979.9327575647
1994.5901445141
7852.76466857387
7843.94813144899
10387.9003962538
12121.3355283682
114450.787979761
6281.2996041206
284334.582072654
410270.219941169
261384.332722005
17121.0357266764
55.7768314193185
335.685793868656
62698.0100712517
2340.01955152781
75837.4641948484
35510.7124908617
716.171134399612
77120.2643307624
2641.76089961487
26534.8301891161
78700.2076824978
105635.228280606
1864.82957515639
5312.70424800459
17475.8608855183
48092.2924129157
12917.5487626245
12145.5970861206
67202.0030332325
69493.2629494938
1427.83695577763
5520.58156845429
1316.58286469436
24941.0222916878
159339.369324052
391065.297034994
2226.05159587959
8786.8020069462
12900.5120940922
13716.661908372
20032.95148111
10336.6191735593
130316.970836247
12226.5677759854
120024.976563875
147161.715765448
8400.7055289555
856.027783362329
202808.567375395
196842.689218963
49997.1981506358
5040.57653247454
13733.4735978896
6512.92688596593
44554.1423172812
1028723.80756246
567.264491801389
104770.445780486
59287.3866413069
716.948292120363
52804.1111293467
474382.039837379
27323.000868667
2031.21470890682
3438.59055632068
61614.9094843861
17817.8785222397
95251.0186472737
70514.1405544807
16126.3597487005
104301.453578926
100953.670721308
31271.824940233
11779.5586386661
80713.8771860922
809.494272337771
56731.2422323675
14016.819386838
229631.841840641
62250.7938631633
212867.539584409
11468.0953659434
39942.4215025204
61735.2113923243
47425.1927481353
101749.940690933
495.831596627784
23945.910513996
169555.855513387
10284.5593636123
195133.683568576
268005.516868639
45395.6305922362
613131.571896556
228509.515792456
27611.0872520216
204156.561049104
42491.333651651
9605.68112101143
71014.684457525
13570.634361328
241808.019075594
33036.0549920163
50099.4285995835
8109.74146829757
2770.19709709981
19493.6075529636
74446.5487997823
88095.8167371832
92139.6470947761
44354.277854502
4059.06513532696
1158.17343460139
931.35483970173
20791.8439202888
145654.723942356
10850.0962239139
42032.6993761259
434.387733397411
80170.7810405236
46306.2166155558
52511.1155183136
39321.723551819
72096.5326979993
40644.518805609
28405.7287515337
33457.1636053595
29643.652174633
56985.6457529533
7815.74305118782
74293.0887717558
45.7650268402304
17041.1668998552
13962.4475958005
56466.088907021
3393.41653204406
25577.5552140837
45687.9739324789
88799.9663019382
42587.6362950162
35593.5193750425
14780.5712791214
12897.6376603051
34496.874872347
9313.15775316402
14498.5056596876
22620.1649850368
41662.5064787303
40273.8117329043
2763.24460808163
12398.4064754665
44481.498569119
85096.561601545
61432.6021395571
24508.0909157014
101742.473910964
68320.0075629228
41643.0661342844
140388.095586387
16353.788745704
2491.88546877576
294299.602413879
64256.6230148545
33416.5886068231
2539.69810844442
118228.734895062
3222.07833762815
206942.322282649
93808.3830553174
25659.2513360179
47865.1326966987
1761.55686843245
457.760338240242
107029.021438099
21657.9556699808
40956.9810716937
11618.0449563189
63006.5306940641
41551.426690239
95431.9036964448
79358.0510705415
14236.1580951913
22197.7536477849
28822.1387593001
23197.50644432
9535.06008470782
258006.924244062
3130.54455641263
2409.66906246888
546.508046965453
26272.8171576498
117567.595994821
77776.8324301872
69586.3813609883
107742.005485951
8203.83644167546
150667.813538475
29120.2506183122
71885.1036476946
49634.0577809228
65034.2150589381
45695.6955716285
41284.1866130676
133231.828092005
78335.526716605
19166.8673997364
37448.9633190747
116045.089900942
96.8098186664699
26442.2720671583
8394.73513835942
135360.673132339
53795.1120637232
1640.88836244211
27076.9609140958
449.496305283894
167.657335453439
1442.8839374566
272.861952102172
777.356403227572
1970.28002124018
3595.61738496984
89.5007646442506
4419.34747307759
4392.36911968089
3820.97654834994
9573.76992309116
4896.4085937478
536.353896632665
111.990110940575
24387.6288693726
4570.26213918781
1103.86042104905
8.17007997763789
2960.15262919292
1357.95369275598
3230.87636443265
4506.75272368176
83002.5994492608
27319.693836287
7120.92420849523
862.741106514441
14.608397368859
89.104675361468
640.15571617652
52.7181761042285
215.04908769944
609.028851405957
25442.2662374606
721.586731227736
347.768347039267
785.310924009597
8688.82425089216
270.031880976004
362.38747507129
85.5684193383712
241198.281721176
50443.0113997931
28644.4503333927
37767.4701418975
18648.023383887
201.704926193468
58429.1747184886
7426.39385179943
8932.36985085086
254915.181230878
72557.961369856
34307.0369325471
37307.8727798589
611.859864375913
344635.557474808
1788.85377539563
40468.2410394687
4256.1920585333
445960.753818936
2420.67523500361
5221.61928268431
297816.937610646
10843.6778283722
9633.90581378547
140685.848482424
3007.32536454994
216323.269489571
37056.958471078
49651.0473650622
241864.0344121
34128.9070265375
29840.1807283809
12083.2214208736
121335.843312586
31377.4458631677
12063.6684729789
136952.50254582
244654.699813698
103320.720726327
4230.09502043578
121303.969582975
4803.02896960944
35083.9149346756
124980.391124386
46981.0298129401
90207.5953808165
6070.25171208767
14659.4757582902
5162.69623177402
10571.4117882975
2273.5103877943
30406.8294729623
59300.0779792116
16309.4672534851
3045.0793077916
2337.71782962302
18372.2714923194
39735.6316233428
24310.1595733317
2275.57377242634
11266.4990330544
10229.674289599
13182.163457851
24300.3419288656
22375.8362199197
18665.4721447041
18774.2550572849
30713.898871381
213377.184811181
12456.3880455075
6310.32795111118
21445.795348725
107618.315161825
19559.53576648
13637.0481211838
24535.8315621743
15104.2857463633
23904.4397200544
19601.1500755943
17199.4945968202
25234.4698007185
30480.1238966364
13361.4707026699
10003.3958135775
155704.356561301
192865.960365837
3989.64996957653
33743.5341393931
13336.7279168683
3229.82834596552
225582.5569834
47511.486357598
66164.6901089739
33169.811800524
2062.2607451309
55754.2072965393
95208.5675965672
22565.1557724449
3739.16883516235
823.3670074181
120639.634909743
2080.75067926919
70851.2951490752
27761.2905909725
16501.17760368
125027.058713391
86963.1481812092
105660.2694244
26063.2188326364
104133.964575671
13207.6291299113
3158.52610647504
1534.75680119754
25136.2321933536
201403.793925618
813.371894944461
15667.2081255916
5346.7577931897
10362.5355081529
109637.687820226
3737.6067218221
2891.89063489998
18305.8201022728
62222.8801519854
264818.770490677
33984.6262434515
20696.6444830864
55310.3398745954
15758.2950620051
153171.085680226
72361.835802455
255349.633651564
376244.049906525
30649.9026715752
52105.7828112069
282161.999854522
105354.073787904
15357.9792481492
50160.472414487
276907.371124001
61090.9261136202
12006.0924665857
112962.720792678
2761.54031882322
60681.9928412134
208515.346389108
1427.06353571263
3978.41575578449
658.059210042533
277356.939306201
27210.1884174781
70506.0704975888
31604.0019818598
156116.790209827
56092.1009329826
4366.46306395479
7185.41579986943
44466.9232705596
2786.84418728428
3837.98212903506
84158.1163691628
123226.842141553
12451.606488214
185369.885634495
36214.0063243733
31812.7791978524
10447.3711283386
34738.6541815067
129785.009814019
3867.47927291667
10361.8380187455
66299.3501037934
59522.0363596895
74628.8583506407
7909.82563932605
2939.22613648836
45925.9306662168
1740.4214309953
21466.5594535911
13619.68887223
23329.7757559519
16769.2290126024
43924.5905175089
57431.5753708064
873.66517936874
85383.6954966975
3213.44236988887
46290.5245635165
40527.434433238
128380.371306111
76122.2070987285
21400.172390874
1119.12096887418
8041.39984102899
12023.7550974222
141068.409864825
14486.0077329564
64260.8586694568
156401.836458989
26160.4353906797
2286.82045719482
1534.60427834646
72742.1831012184
238102.450497081
36369.7939355601
41931.837441257
15539.2400149341
336017.077369534
2132.36058398191
38894.1195448353
62358.7627956879
141781.936247339
1871.00604412507
3319.53990524955
4165.25054046036
23644.0479444123
139173.456976018
32381.3550966646
9496.02819330537
37494.7632939111
340.031062650519
7934.05529422991
101123.359077293
56587.7126087543
32148.930478547
81598.0417088924
1242.66134400007
151575.934403106
88299.263540398
17439.0221798404
47974.6692018812
35422.5099839456
33588.7286306885
54576.5671493716
13141.416454479
23004.5660576361
303797.544242964
41904.9862043381
12603.8216541195
15448.3287603999
19015.037305091
113052.091049398
13261.1112248825
12854.3316082748
55724.0013243748
58833.9065339961
28117.2995831154
87447.7605864253
53066.3700765031
10324.0541427941
2131.76020778046
464.485541435113
30801.1045008273
7057.90523601536
41161.1307469585
101410.010392216
8015.72233390901
7575.46493038745
337865.375392153
6085.22620437259
0.136956481346826
43.7006108115083
10555.7018165881
1370.84401811132
100795.105773481
6928.00794287549
115526.566051962
116501.457338196
13016.9576074969
312186.160282859
322982.671033949
17050.7735163333
16957.5149473501
45693.8253216168
32603.1893958545
146200.520887043
13.9562199722251
15278.5923809612
10494.6574496212
232972.359696519
98397.4107465467
499.957446559102
137781.29802575
41812.2213164372
72471.4067288412
236201.610793632
39745.336065526
155.242465770022
104246.526502331
8244.26895012086
5367.61777338441
143192.50932835
57468.882434979
36132.729565967
446475.139408206
81877.4680431428
5801.74731445853
108288.834422666
26454.3023837852
69728.3644036116
22839.1749982099
5975.15317171402
37122.3876730178
6909.32517827442
346437.123423056
63272.990820849
23792.3369812075
305857.055823486
16976.7865886563
2861.5041979623
174944.391503181
6781.80186433275
436.776833042073
201970.608201134
185222.17861255
48480.4217042301
2666.74734111987
441453.839012301
68760.4405406209
46909.1245599638
252545.568800472
60317.2044546575
8734.47171989202
151321.815914754
149793.756786585
150250.064785852
336871.485644256
76268.1797769026
469.333539484367
27338.8724881813
5919.92711678763
127629.500955587
4954.48869812026
12221.6749896426
87835.4009061515
92261.5859282302
30648.5170255382
3475.38533214363
13986.9661937802
549.725770644868
44191.0054343151
1228.06805323951
3.7944197539309
292284.896916245
1467.7558132552
57637.9982960026
67446.783358709
213097.007349873
3900.89160643389
248793.971255334
611.783325274945
51249.4589668877
46598.4518640732
1328.63316267367
134536.35358073
171564.358603837
35215.7828490863
30612.1234905069
51537.9333318994
51705.5787197102
119323.983921503
75706.2483051295
21844.559495527
1412.99312960721
45122.5002665104
6576.32643206284
159476.781474332
45884.607565431
24438.5680225143
58958.1316241022
1636.94485952659
44715.6292206565
177693.857259716
14870.4852702566
39556.9293827745
62276.2474250293
35602.2858735828
92750.6786972574
30237.3123348506
135988.983329003
9420.078124684
197549.35602323
47145.788064768
49686.8489755431
4273.19841698496
203930.48702722
8207.32830933331
169166.229246457
12119.9025023068
621.090936475348
129042.213022072
7660.82033472737
87039.8125132959
1176.70366725537
386125.941970406
212131.241238445
14314.53379967
58897.3771702143
21935.88668884
36539.080948376
44062.4950441469
98219.2618597265
71012.7374962374
506228.529907022
26301.604730421
366.862428025242
36922.5857637724
11848.1546014266
101029.914863488
11017.0549128454
307661.192602937
76779.8041057824
15823.4061517682
263974.163923181
156406.401459992
52563.9403996035
16585.6456630911
2302.81347742745
8214.2074451246
10013.2731922693
479122.561065524
5099.27115980274
491934.659076275
19858.7058080931
139491.901569059
148098.35626614
189146.830176297
25369.3738744552
10441.705710706
58937.0942628279
162974.392551335
1659.18681938933
183010.785672466
3202.42507143511
113369.817914906
52243.4095788003
29310.4089224106
29523.6826788021
67389.7488175425
38764.2857552413
17624.9653224766
155055.587959207
30461.0556166408
53321.8369081386
1187.46834683623
19205.2047512185
2130.22270363724
274438.742643312
41955.1667548363
234236.678097446
100227.965418828
442.186904165386
47264.0419355402
29594.7961019804
77740.710174598
50695.3469593424
44170.7404926041
14591.5916974726
15902.876616136
3177.76531262811
102971.589476701
58887.1124169158
72374.0675731188
86576.0642626811
53956.1426401054
59949.157424772
40659.1457069914
122339.698842494
22722.4780388296
125492.478508433
145186.469063696
2866.78592496973
69195.5786813522
29571.7090720367
502.553315152135
147262.045613343
4172.88130533632
180847.994739516
94831.2536199705
72187.8651537415
58004.9244019385
613.211788108611
188758.163300929
130126.601494632
46305.6688394599
62040.011950666
200750.631364565
54071.2884933942
74850.4132774685
173159.171897662
50061.5673191079
173448.763298773
50250.2688942585
62582.1132563642
151326.307813166
26129.207491436
284.286427647075
116695.89443723
55630.0058303795
98493.8692117289
25292.7010720349
98950.5246589749
111798.763654201
3851.83643191812
33596.3380406911
13890.4885106924
27570.269156012
32289.6196851212
125402.645425839
8773.38107974186
116469.544798158
57933.3666860439
203326.267598505
10480.1493592265
334090.739528983
2343.56798992913
160623.132327937
5897.27507500629
167236.154122178
690.202904715516
6288.43568914076
57474.2792731171
32534.8499363175
56822.4022596273
4382.63539469735
11011.9415637253
49711.8496551567
115988.826122763
2488.16940650935
64236.4147493804
16845.22943813
77218.1687149157
758.286006848372
1482.59624577189
67123.978195447
24652.6433490246
1994.8020540072
66774.5712261634
629998.362487968
15080.9228784636
15129.9437634612
51603.3436841681
86638.8321311246
43404.7195477623
18872.0370245613
8180.85389774398
32720.9411039451
167970.273638404
32657.9559320828
8989.89633182825
17721.2348415006
140823.705106655
49312.9048098593
86351.0084952578
62070.9846114441
40044.3781123381
47902.9075703602
3586.93872490178
23002.7878348558
27814.6379588723
2108.76734998149
181222.267887201
68950.0979501806
299863.238509531
406017.909664214
11556.3304303714
55316.9850226253
59821.4549748841
158574.146567367
136929.257688253
52034.7731147085
91535.1943517735
283374.669215151
13220.3006247155
128384.600991112
227883.103777476
109547.395240088
2348.67662992932
20873.3381609212
125976.356333412
6009.98963762308
27740.2081956289
14309.6268952227
45650.8914468493
180077.901973081
7217.38897541481
79195.2707209708
3233.97217403658
62249.7688739104
105553.047170108
82257.4536618953
686.131321332159
150142.037816682
42249.921241923
202284.463662616
27845.9255497442
174942.463600372
9548.62980860167
2761.97341665757
44028.2412481171
17885.0926502266
74769.0374887261
20775.3785723908
84866.2025240494
54913.5399411071
89631.9462639458
121697.017703303
243317.510761181
155106.834583436
136720.934544463
96455.3743795659
26418.5850601124
296167.583513725
118130.652034349
191342.299281619
3591.4819974394
25637.4884093813
82339.3181659378
165099.908074018
32643.467950609
3039.41549628141
22958.4731230928
21594.7524898097
80353.9381785026
20131.9189255423
69120.8253497017
297920.180007504
570.484457285746
98765.653835205
503.388526432885
9756.31941841913
24726.7033167503
11155.9446279639
83567.217314408
60939.7168037119
71416.8585756325
13632.010549968
143019.583395195
175482.00822865
8636.15941312256
148829.169794708
33020.0592631782
51297.3522184294
95600.7662245967
2026.67198627779
185019.303289963
929.593531640749
14514.0578947098
9232.49684479207
37947.3236826544
17294.5605883046
230198.357287299
122210.257189551
1101.95122109076
9064.32365612839
42446.8169521886
26310.2024966858
69188.5979154814
35132.5951285752
15796.5416999003
106563.659192086
15500.181634637
6728.50775984119
30006.1800336599
11159.8179567728
106258.604366202
55737.8251521831
1858.96295826012
24291.4022591025
40697.4167001401
111423.576985305
47219.0544544864
158062.647428325
60848.4231772541
8742.88765640004
616745.253524985
506.846022987291
32862.2646038919
31174.7419227085
168380.021216568
30645.4108153361
4838.52668781409
122317.606084894
1530.93152267553
791.628213849669
11597.1608903825
92020.0513329478
196096.995595751
16019.9116106432
1248.38177721658
1262.00275083094
197782.898313773
82719.2661418184
127797.349714129
9017.61905258731
6180.2023028686
119727.920550593
3060.73308030519
5447.1279466402
29014.9458647402
5338.72480669782
52626.6784418597
85263.9584554822
2538.38891816308
120878.55607665
25958.6475408399
162692.176282122
8026.04875704401
2710.29233555137
30831.270819168
25597.5452673965
10299.7849727025
148298.105984382
4285.37938177859
13584.0709701712
171909.649789648
75407.8846181234
313060.534881756
15815.1140429357
3107.59193779972
209580.377103617
27386.7986972858
135522.836625596
227186.455415485
7766.67304782537
76462.419834515
131573.307380904
7435.84386273954
120074.272280802
158129.602319617
77285.6858005832
217246.320731639
52317.5643333554
6346.84088537539
917.75724287595
258007.595179195
66045.1260909946
24489.2857243882
373767.933756265
39073.1463237513
1627.81148485677
9977.97583736153
4375.8913586949
226643.94462379
20692.3100815307
45583.0870811501
22926.6513085659
41349.6055400999
1130.77204084584
109974.571954974
63875.4540142215
238878.050699617
12643.9432093533
30939.4297533066
67597.9671382204
58868.8859378716
36285.8362454621
42759.7658255713
28940.11655534
20434.7390391578
5205.22877967853
244837.347177718
1716.0902568388
90639.4672233999
1006.02668433592
182307.307413528
629940.323277818
14627.5397703541
49649.8125773003
165952.574321533
108726.459088688
12038.6459580914
163406.831453208
115988.31985157
131729.840849401
359.787657726142
5121.22727058047
80555.0846016804
61127.4306798183
95059.8939505996
129529.917228913
13614.3412922703
66024.1674060404
118942.658447973
196781.795041398
411821.448493096
39860.123116792
43735.2399896227
24286.7560185048
6721.71927338077
77678.7657628845
1315.79102126344
167824.898393102
45890.1580630237
28693.3406012627
2187.72136447177
19805.972367424
119397.741697924
2721.17523233209
15051.6195861052
1943.99683787324
57781.670336887
14839.9972533969
605.248442748615
9028.22767192555
85656.5466367389
25731.3833286489
42794.0182886229
79296.1033883654
79359.4662244908
1156.78432303039
52716.224573153
16152.1291351663
65520.6240370413
24273.908499698
225076.081712494
67663.8728085188
9878.16602919614
111988.113127224
175672.218528578
95851.2527927073
19821.0375025975
17344.8978144674
1089.96913052269
2298.29650235885
39389.2232591683
22054.5453284513
9339.41097859765
188150.804311752
42266.5706821918
99203.7114826647
5383.09648189139
298316.556548381
675.892879532852
1444.81080357262
10890.5188612296
24479.5466188887
10432.0153053654
39878.102603085
451392.749837288
92015.5005100478
741.916579574347
15625.7536021384
13414.7079060412
141296.270848026
273520.513841926
270401.849056495
135560.016795418
230565.483295416
46785.0449466758
119688.512250036
108487.434890834
2272.03756845497
385131.009954034
424662.528339733
50942.4378609874
112394.749910787
86502.5915634183
35772.7871710764
17989.2923377099
52802.1708696459
121872.41858613
14238.1650994506
44927.1782558901
56954.0995411896
39403.7459365198
44075.2053707762
36189.0947876289
62103.9925248568
26017.5939028755
33335.4402582982
15196.175607363
9909.24899653543
12271.1025233327
25410.0352563098
7034.99944635056
107509.955138964
167738.939937691
86652.903279385
32257.7362085504
167446.457003046
25120.1024096821
2546.08078336925
70411.9245583654
1647.32107902214
24777.9859395124
72121.560550366
262702.803225413
117022.521600804
76205.8462314078
28956.6186601368
200154.914232861
118117.802685613
116076.292560479
24044.4152998432
44165.8714041584
7628.23844248177
26465.8468872389
34831.9963836824
20509.5224192468
85137.2198997118
74216.1375915321
91646.31320412
17548.9065576953
197330.462925717
1764.09601453249
8325.13510957386
106324.717336997
63154.1010817675
14098.9203066748
19539.6729629614
32920.9937874102
38115.0320945375
74342.5264274384
17478.4814766548
14029.4758023568
157143.803090814
1678.55409517835
82942.7742010241
121610.493249607
70995.8417659207
42853.373554739
68447.3491906258
42616.390502321
24057.793698004
22407.0804603964
169444.777738823
33784.3165827884
68399.5254243326
21730.9431698691
53001.1068245802
12980.857035173
26651.1221370627
5783.44481243916
68595.4060152611
24266.3009621367
49360.876318972
18136.5950704315
74736.5852291973
39932.9055133448
31654.5454055994
24485.5178044383
6934.59125227031
5355.66843681292
26808.7146258326
23407.3608087176
18920.0298534081
28154.1426689727
72696.6254910152
3708.20603578362
46880.628203093
122797.196935757
10903.8673857123
120961.576852423
177324.622620449
53508.5866041339
43014.1753767287
158190.641100886
61194.9199553192
37861.6601731863
1833.44343651538
101640.135585821
38977.0549707014
8104.90635706139
63537.6535939747
16234.3411031459
9495.41651765422
67535.973392908
17895.3713209399
110134.764620019
196468.215385591
53922.3253119576
3120.11740244507
182016.758147527
24474.4336772217
20701.0544558671
90632.2287178951
182643.140820339
48488.7352500788
51951.4058579604
6645.58696399569
4198.0144016728
104570.990711484
43449.855155787
155.340672140263
810.406398216785
120099.891974379
3980.55644356926
28800.3678613306
1960.35990722167
9702.17427743909
7713.94423061491
579.291280353441
74683.8242996809
90561.984201652
94058.9508263973
56996.1703168095
1337.91766779843
55401.3148836371
5540.71352198704
29689.7976566521
130545.634461844
17157.7405874273
36177.8830570526
15286.2081894492
1296.15157476838
19141.0517261511
161235.325979784
245836.811808633
923.966789261339
87266.3499050708
51377.1330056718
181.353165610822
3109.9763957844
20768.7108380314
125745.196588359
1361.00373649732
102.500925941087
6221.54554210685
836.265331874997
50942.6958791009
2275.60395010375
400.230394817507
65281.3562365578
62202.1105422398
85448.6778533841
149259.921616656
129792.800207167
8827.82768820484
45370.8470076627
21981.239121053
28921.3299460379
4180.22601074846
18646.4563190582
2894.63128882592
2901.63468576358
8825.07598201653
4069.24057028176
10127.8726029126
55385.4158019663
24024.4286223485
11331.0986949337
6511.38542781963
63243.8577093415
18445.7675779359
11658.484060286
19379.6345600829
9676.89410214673
23270.2473310659
2634.45517549117
1182.92106016916
5258.03132444817
38241.0145206327
3684.89936254647
18232.2594688615
1702.07315139195
10227.5211951377
150.378933031433
11883.8034013394
21809.975694986
2761.39533921154
34085.7131825069
9528.14236249687
9689.96435473353
29613.4245793011
581.691890786244
43729.8760803624
7371.62233527547
90938.359588341
100874.512859352
6574.99909764878
469670.301419183
28197.2230658556
14271.3048080104
4126.59221095726
184.683837947736
23272.5964806675
3291.82720475043
84681.5543034305
61281.889824554
8166.09315488945
481.483461848215
31172.1197794509
33903.4735252141
12160.246097691
6136.64921165053
10805.124749361
8520.451772934
2289.13087491754
4611.57867539633
4031.36614386834
325.46721696414
17467.6630075936
15277.2671981214
2050.98734348994
29464.7542065454
794.123470454475
3118.0669026756
965.708386989877
1139.15394799314
5323.24747423641
28179.8666611758
8971.60320226236
12737.395007785
36290.527330207
38003.9579377776
33408.6211345347
4875.87535754396
28068.4640273116
35836.9421646057
14704.794206202
19579.4691010551
17104.0533514495
660455.813441868
9086.73620256721
300700.482800753
121472.394655952
3218.02967080116
254305.808008267
15563.457283783
13422.8091420183
358530.7611893
12297.6441062724
1839.03034255448
18922.2710914797
6460.3620912711
12407.7725735431
96.6672548981619
1371.14612171801
3772.66641004519
9836.16752083354
13615.6100848357
10971.9216871272
203241.912826474
29124.263990908
39752.9008733849
9711.01959344277
650335.647425507
69952.8371189811
238034.535151875
41251.7111433378
3894.05244151221
54.239174354305
81915.9959724195
36755.0092802853
1465.29247219695
2816.0656255725
20117.2479851421
19724.9985573578
74621.4940999946
68611.1282459464
52271.8596312694
28803.3070177407
15586.9705041289
9718.84875697994
9388.37785643348
23165.5554341222
141666.924628261
4998.40232090309
565.782984039064
129427.110571278
1244.828202732
19489.1236774309
23347.693943193
41905.1141900222
14615.2676891002
3233.36256934281
46396.6110016656
451001.678658683
1002.32494168331
14663.1967607851
409402.981488737
2611.91592823726
4232.58847427677
36523.2971946179
5113.71390860676
1534.90617822374
59895.8167654261
20199.0525537754
2920.94785234393
1707.98208494635
56072.2310180224
15358.2744154733
68052.2855392035
52116.1570892349
64260.2474860545
26331.5202435371
1201.72387923521
105784.28445518
7628.29802350507
7780.96881315212
2811.17485426677
346.546333316714
5109.10293824831
10042.8663763401
4580.72755035113
2639.11210317256
11858.4958368367
8227.59903724866
3100.84583904425
1852.60685012355
15479.4995080533
2951.31152287037
173.80922507015
49674.612753016
70666.4917618689
35752.704349465
790.581448860759
1330.11670559145
224.62384016363
36272.0397616268
2378.10845425669
4353.55737887731
44652.5633114649
18666.6651758619
5606.80195275587
1102.4742654271
142672.097522477
117441.999911653
346258.528737301
81349.8676941729
13159.5516570451
25394.9676319143
3955.36824555526
932.797615514315
