42.737683114565 2.38940659928793 45.3952542814697 0 12.0219623876256 0 0 0 0 3.15079559886828 6.70261131967258 94.9001964194988 3.58028632453839 7.37515328296842 0 0 0 0.212346621199394 0.0386084765817079 7.37652753127788
10.8763004679175 0.529319054878049 9.23684210526316 0 10.5472650377834 0.0956949324324324 0 0 0 0.679931888544892 1.88609290416186 20.8008929173547 0.597887352991726 1.45103538019593 0 0 0 0.0540400294821918 0.00982545990585306 1.87725033256896
144.577653451115 5.81008757804298 83.9311787384727 0 32.1820153231179 0.634048832381941 0 4.14936105664733 1.28363522727273 2.93697692307692 6.67706809289023 178.703139979268 8.17594086996442 8.92990556639504 0 0 0 0.718349100230432 0.130608927314624 24.954114574504
0 0 0 0 0 0 0 0 0 0 0 0 0 0 0 0 0 0 0 0
1.52707718420838 1.1097 0 0 0 0.0708131000906138 0.128075971195617 0 0.187024033465628 2.916 26.0334 0 1.70505 45.28305 0 0 0 0.00758744173164646 0.00137953486029936 0.263573644399559
10.9391111561335 0.06075 4.96935 0.00618963690104569 0.83025 0.886191095162548 0.15977794426384 0 0.23331711105613 1.6929 11.32785 17.9091 0.66825 16.00155 0 0 0 0.0543521109158558 0.00988220198470105 1.88809146238972
41.3002719366648 4.1715 13.56345 0.12555 2.86335 0.267516155897874 0.48384255785011 0 1.27353523753682 4.83975 24.48225 49.50315 1.5147 45.09675 0 0 0 0.205204694341001 0.0373099444256366 7.12843024675441
18.83395193857 0 26.2197 0.00891959342869452 4.2444 0.127304180276297 0.230248449867115 0 1.80225 0.1539 8.343 18.93375 1.01655 14.26005 0 0 0 0.0935784480236397 0.0170142632770254 3.25074161426123
97.354876991304 6.27345 118.16685 0.0509656264326639 27.5805 8.97885 1.31561562490913 1.46205 0.3483 3.01725 8.5779 212.60475 1.5471 17.0991 0 0 0 0.48371782651317 0.0879486957296672 16.8034595723272
67.7276028187175 18.873 31.27005 0.32805 14.94855 0.582756398206991 0.87075 0 0.58725 9.86175 63.88875 94.5594 5.29335 70.36875 0 0 0 0.336511634988184 0.0611839336342153 11.6897896753196
41.6115153635208 9.36079976555688 31.7298052548298 0 7.28888231765077 0.325197617435982 0 0.706101251268113 1.00060459974445 5.81235407958775 15.1731900259357 86.4741329567383 1.21821315610657 30.2516405292961 0 0 0 0.206751139661545 0.0375911163020991 7.18215088717795
13.2371399284859 0.35235 17.54865 0.14985 0 18.5465718398062 0.273959238716393 0 0 1.7415 14.82705 22.53015 1.2231 17.85645 0 0 0 0.0657701057547412 0.0119582010463166 2.28473141269974
66.1288666727906 0 69.12135 0.0386081855649678 9.13275 9.99945 0.996623327013777 0 0 0.2349 2.40975 168.33825 0 4.18365 0 0 0 0.328568148256185 0.0597396633193064 11.4138476883835
69.2077310280068 53.66655 50.96925 0.648 17.53245 2.88402359435726 1.1421 0 0.07695 23.0526 107.08605 121.58505 12.47805 105.8589 0 0 0 0.343865805857531 0.0625210556104601 11.9452599228849
1.82313350229667 1.12298119708677 0.040643972179289 0.572325148514851 0 0 0 0 0 2.79966740963855 14.4044627933959 0 1.31347562898039 25.3809177627845 0 0 0 0.00905842832355549 0.00164698696791918 0.314672988632442
34.7496544361204 5.8806 7.33455 0 2.92815 0.24222191070176 0.438094172099353 0.0324 0.639730765567753 6.399 23.8221 37.2762 5.00175 44.307 0 0 0 0.172657270343275 0.0313922309715046 5.99779314108575
15.9231154935903 0.58725 14.17905 0.00877641976275661 1.81035 0.125260745637141 0.226552595912837 0 0.33082536782026 2.7378 12.17835 25.08975 0.74925 20.32695 0 0 0 0.0791156545610514 0.0143846644656457 2.74833101053521
101.990470514888 10.8783 74.55645 0 20.05965 3.43369679532722 1.13410692645665 1.38367250730585 0 3.65715 5.37435 163.3527 1.33245 9.14085 0 0 0 0.506750254811825 0.0921364099657863 17.6035633860709
29.4024132927111 2.06955 21.27465 0 0.8019 0.272999272304992 0.493759585322733 0 0 1.5228 30.132 57.72465 2.85525 32.5701 0 0 0 0.146088946868707 0.0265616267034014 5.07485889111707
11.4975568578019 1.07325 6.20055 0 0 0.0865014047396133 0.15645059187685 0 0 0 10.55835 9.7119 1.16235 19.26585 0 0 0 0.057126806435843 0.0103866920792442 1.98447923526076
116.080104987956 6.0183 115.17795 0 7.7922 1.5309 1.40832628392642 1.80635586587526 0.31185 2.8431 8.76825 233.8794 1.9602 11.44125 0 0 0 0.576756068329378 0.104864739696251 20.0354354254985
25.4586993995128 1.00845 24.4134 0.65205 8.9262 0.3159 0.446710605805075 0.06075 0.1215 2.8026 16.54425 65.97855 2.92815 22.437 0 0 0 0.126494194435523 0.0229989444428224 4.39417355703666
32.4219736796086 0 33.35175 0 1.89135 0 0.3945893105965 0.480011435731266 0.57620241908971 0 3.49515 68.1615 0 6.62175 0 0 0 0.161091946538727 0.0292894448252231 5.59603525593303
91.847020933698 2.2437 97.3053 0 8.87355 6.11145 1.06410246695318 1.29851322850264 0 0.56295 2.72565 186.05295 1.52685 11.7936 0 0 0 0.45635147114126 0.0829729947529564 15.8528031752939
49.6670734669715 38.64105 28.4067 0.56295 15.9732 3.59235 3.33315 0 0 19.5696 55.00305 66.38355 8.667 105.6807 0 0 0 0.246776017485589 0.0448683668155616 8.57254086153905
51.2163896392994 0.6804 18.75555 0 3.078 1.19475 0.607962556338069 0 0.1944 1.4175 5.86845 82.98855 1.2636 7.3629 0 0 0 0.254473955941482 0.0462679919893604 8.83995295707064
43.1186731018166 0.316786032217301 32.1503236568097 0 2.78630240963855 0 0.610829685025143 0.198015915468152 0.795474419029474 0.476090425531915 2.05680146635998 79.1199643738865 0.79849307297324 4.25012606892466 0 0 0 0.21423960955552 0.0389526562828217 7.44228643361633
0 0 0 0 0 0 0 0 0 0 0 0 0 0 0 0 0 0 0 0
1.57896818567256 1.57595901247254 0.0608966730202738 0.205761038961039 0.00405 0.00415904770348438 0.0167166077136613 0.0190586307432868 0.00464607755307915 1.71353358764976 5.30852479144404 0.263006024096386 0.765794370695723 4.90623972207621 0 0 0 0.00784526756656674 0.00142641228483032 0.272530035411678
4.9926010760486 16.6752542593277 0 0.354517605633803 0.180797565193602 0 0 0 0 15.063136281407 57.7126380915378 0 4.84775657944189 45.3722541600113 0 0 0 0.0248062574345326 0.00451022862446047 0.861723345915516
7.26155872906441 5.33802366961076 0.338804068047337 0.6138 0.0958513151869048 0.0131269195609505 0.052761492638172 0.038475 0.0430907659984508 8.17814056549336 38.7604062949996 0 2.98641324306931 28.1044121578821 0 0 0 0.0360798093950088 0.00655996534454705 1.25334561869779
15.9671526439923 32.848643105019 0 3.2319 0 0.0369923911891315 0 0.36524854837772 0 23.1243690949695 124.534091138037 1.52260441818649 13.2956306579808 107.537713417987 0 0 0 0.0793344577205501 0.0144244468582818 2.75593182622446
12.3135673526658 28.4105484916007 0.458720743753632 1.98531358936485 0.272022614840989 0.0247944004900144 0.456057011901965 0.303668855249777 0.0669250702716004 18.6870644252756 65.1780456405758 7.09484039675383 9.57229979160464 61.4625199901932 0 0 0 0.0611812394050587 0.0111238617100107 2.12532271208282
0.8868130459524 7.45742910070731 0 0 0 0.011282265718983 0 0 0.0411214889427876 6.63589446229913 33.0473586796147 0 2.9029793130837 44.0254378627535 0 0 0 0.00440622280432787 0.000801131418968705 0.153064002815232
4.54183612247948 10.7992153668775 0.0370285714285714 2.55007944250871 0.615988023952096 0.00365727337066959 0.0221767314460081 0 0.0543874774662932 15.5855095247534 5.79896414166285 2.31039736118059 1.87948484980522 17.0919686576252 0 0 0 0.0225665849050481 0.00410301543728147 0.783921278797735
1.13105964533964 0.669313870886925 0.256940181608163 2.84087215619694 0.186086842105263 0 0 0.819485617021277 0 0.242654886126973 2.7428494407089 0.273499549368311 0.095509121987639 0.5176256981829 0 0 0 0.00561978742317469 0.00102177953148631 0.195220985447428
15.7133987532925 21.2257357383392 0.690833960276858 2.65606698685541 1.09627526978417 0.00835409926362216 0.00783870967741935 0 0 27.4444145633002 52.3667961931913 9.05340968335505 7.96068756800705 43.5894338298928 0 0 0 0.07807365513652 0.0141952100248218 2.71213388434965
4.72502085848134 3.63090024113258 0.111457052487605 1.34539374262102 0 0 0 0 0.0854593872636361 5.01736882291459 -0.417310444363676 2.31451204663212 0.581346221815638 5.69173951138137 0 0 0 0.0234767573081946 0.00426850132876266 0.815538978915109
5.66607183107564 6.55918563210547 0.292390915715327 0.236685720250522 0.0602218185920578 0 0 0 0.00925595482546201 4.63376789814821 8.34295353944725 0.582233840887367 0.378824861732947 3.00083408329884 0 0 0 0.0281524668891546 0.00511863034348266 0.977964452216256
0.107211155119658 0.0943796116404948 0.00227256717064715 0.020194452910698 0 0 0 0.0105521086787102 0 0.105573125112592 0.0506852308983971 0.00582021815036679 0.00223941217133055 0.00871052254281984 0 0 0 0.000532689768968424 9.68526852669863e-05 0.018504653967326
22.8239804862354 32.6765539538473 0.368803125 5.03041728110599 0.263170975609756 0.0399063208868634 0.83025 0 0.145022880386917 35.4566399866004 111.917033448321 5.9296128154379 10.0195617289013 118.43900644806 0 0 0 0.11340331963202 0.0206187853876399 3.93942086141509
0.159131046440342 0.174342909252326 0 0.00430088495575221 0 0 0 0 0 0.185293176453231 4.63417861019477 0.000780959302325581 0.537612972686758 5.19445605171425 0 0 0 0.000790659146143894 0.000143756208389799 0.0274660313709939
2.62539277522492 4.17422890912883 0.435721905737705 1.06332282415631 0.0297341772151899 0 0 0 0.028214774624374 2.71143869141239 12.6965453644602 0.770090909090909 1.34239108268993 6.89188168208876 0 0 0 0.0130445369171245 0.00237173398493173 0.45314300344617
64.7226357734988 68.0836237144447 4.85198130489335 31.0471793756168 2.89734278656126 0.073917770196706 0.367392857142857 9.62743507685738 2.41624838498472 71.4943323437319 257.321740199905 20.7103137535985 23.4306909410921 182.181070117589 0 0 0 0.321581143853295 0.0584692988824173 11.1711321224471
9.43414573626899 20.1674957461454 0 2.09355652173913 0.3159 0.0236587007077749 0.188242253550123 0 0 17.30337578356 73.6782871965001 1.75741335616438 7.68051373166222 68.1529191592357 0 0 0 0.0468745337839022 0.00852264250616404 1.62833431028832
0.8381052591665 1.15990655417224 0.333359112349914 0.51504255 0.0868877789585547 0.00220891168361595 0.00887835695132696 0 0.0514082849604222 0.505104865600544 7.04363597214275 0.151133313032887 0.631365756807588 2.61204870880693 0 0 0 0.00416421310243644 0.000757129654988444 0.144657034911739
0.462437501156723 0.515831748086447 0.0891155678509027 0.119770647525962 0 0 0 0.00146339144215531 0.00414089775561097 0.28901562260011 6.18066238745582 0.192419954932399 0.37222841919307 1.22153443697287 0 0 0 0.00229766879555188 0.000417757962827615 0.0798167497670312
64.8612443499769 24.9399 23.7087 4.6737 7.5654 0 1.9926 0 2.5515 11.0079 111.32235 94.3812 20.00295 45.68805 0 0 0 0.32226983497409 0.0585945154498346 11.1950559738576
46.7121057047308 52.2750226739427 6.1236 8.1729 5.427 0.107851164854355 1.25145 0 0.3645 65.4237 88.4050081452752 17.0262 15.3089045347402 133.483117608598 0 0 0 0.232093952985674 0.0421989005428498 8.06251318891636
18.0124977766 12.0353754236196 3.69752464075309 0.261162371134021 2.83328605728728 0.00355032467532467 0.0474691558441558 0.00495 0.215028959749085 7.12459635713931 4.69530784793762 12.9985204715569 0.901962976834381 10.0439108375555 0 0 0 0.0894969676285298 0.01627217593246 3.10895856006029
36.4076945503661 58.8141 1.92375 1.7658 3.9609 0.0654436077433456 0.26325 0 0.18225 27.08235 29.1924 15.40215 4.0257 25.029 0 0 0 0.1808954150066 0.0328900754557455 6.28397099770728
38.8169182633162 59.0571 0.75735 4.91265 0.2754 0.168932072275898 0.63585 0.47385 0.1296 50.7789 240.91425 7.8813 17.6094 161.28315 0 0 0 0.192865893466722 0.0350665260848586 6.69980320367746
11.977649597052 4.53666147616657 3.34182014563107 6.19346129032258 0.0639753865979381 0.0295820766132542 0.0102087591240876 0.278515384615385 0.0855123287671233 11.1844567033508 12.0383627564479 13.9910559302002 1.34701460363676 12.4801001637093 0 0 0 0.0595121971171494 0.0108203994758453 2.06734328053788
0 0.242545794392523 0 0.05265 0 0 0 0 0 1.3284 3.58713985370458 0.0729 0.0890109 3.11942745 0 0 0 0 0 0
0 0 0 0 0 0 0 0 0 0 0 0 3.14500188253012e-05 0.000204329819277108 0 0 0 0 0 0
45.2118628470238 32.7726 12.34035 6.0426 1.79415 0.0877825365129753 1.1583 0 0.53865 49.3128 52.28145 38.86785 11.6802 63.58905 0 0 0 0.224639840394717 0.040843607344494 7.80357115142189
30.7161280732003 18.4984887938887 8.11259193009119 0.303591796875 3.37666872455902 0.0644880722218 0.0801444943820225 1.30707918112422 0.414142918454936 13.8590828798849 2.04304906917787 23.5288474106042 3.79555322164948 29.3851224506948 0 0 0 0.152616275318141 0.0277484136942074 5.3016061675323
9.36327504182259 3.69800085792725 0.210922709163347 3.01548766362555 0.613671428571429 0.0348774036113049 0.117795731707317 0 0.0401048780487805 17.7317645434939 47.397772471791 1.23360314859849 1.93769294568749 26.9084732056237 0 0 0 0.0465224053714329 0.00845861915844235 1.61610202274612
16.6322921147356 13.90365 3.4182 2.03715 0.12555 0.0301138027191299 0.15795 0.305570667524895 0.90315 11.5587 13.5918 12.3768 6.37875 20.18115 0 0 0 0.0826392723231591 0.0150253222405744 2.87073495219002
50.0945562386026 9.5094 20.7036 4.9005 1.14615 0.322964901896534 0.829744852919736 0.65205 0.65205 18.7515 34.46955 58.77765 4.6494 28.47555 0 0 0 0.248900010073898 0.0452545472861632 8.64632442218812
72.1259804690264 66.82095 22.91895 2.99295 18.22905 0.50625 2.1222 0 0.97605 37.63665 82.04085 67.12875 9.10845 55.1124 0 0 0 0.358365431561535 0.0651573511930063 12.4489500103216
41.1198890330285 18.549 13.5351 3.7017 5.8158 0 0.2673 0.345866043693915 0.69255 12.6036 39.8925 47.952 3.86775 31.5981 0 0 0 0.204308443133218 0.0371469896605851 7.09729614312793
0.869136731752673 0.574063025962399 0.00958114285714286 0.104164206642066 0 0.0100606889592642 0.0605532543027139 0 0 2.71894159516381 3.21191490940488 0.135897009966777 0.279032067028236 3.05938730634531 0 0 0 0.00431839619974781 0.000785162945408693 0.150013069567487
104.715982058872 155.41065 39.0096 3.6126 34.08885 1.50255 9.882 0 0.5508 64.9215 135.7479 85.45905 26.67735 89.8614 0 0 0 0.520292242239019 0.0945985894980034 18.0739868970299
19.365216654759 21.39615 7.9056 3.5964 4.1715 0.451960895649885 1.8711 0 1.6362 17.74305 76.68675 3.75435 20.2014 40.7106 0 0 0 0.0962180919917691 0.017494198543958 3.34243794685978
35.2265571813505 52.3908 6.0102 4.82355 2.54745 0.0798587225809384 2.1546 0 0.61965 37.96875 57.88665 17.7066 6.8364 80.3682 0 0 0 0.175026811207689 0.0318230565832162 6.08010659313934
2.33525821446251 0.973374391576187 0.143398455481526 0.644521340180671 0.0812382352941177 0.0106627260534258 0.0205293103448276 0 0.0153744230769231 2.48598456178701 1.97920535697911 2.34682549072748 0.752062822516114 7.37274360291847 0 0 0 0.0116029731920644 0.00210963148946626 0.403065755002401
0.0479174759050399 0.0156381841611467 0.000925794198895027 0.0252958602038694 0 0 0 0 0 0.0548019081010012 0.0159100765786645 0.0292317277923315 0.0501926187419769 0.245415789473684 0 0 0 0.000238082960125906 4.32878109319828e-05 0.008270560182108
27.2328764517161 28.6578 4.0662 3.1185 2.1951 0.0556601126404691 1.29195 0.1458 0.57105 24.16635 29.4921 28.33785 6.7473 36.1908 0 0 0 0.135309377547695 0.0246017050086719 4.7003966584588
4.19893011911695 2.22404678688851 0 0.516812837837838 0 0.0166533517973797 0.100233160021383 0 0 5.30605878824235 24.3182757491972 0.627096774193548 0.937225576784427 17.5721275414564 0 0 0 0.0208628207817607 0.00379324014213832 0.724735675131212
249.09261913479 293.205464628233 50.4338617193931 1.27575 36.0573876308278 0.877961477935007 1.79415 1.60626617475728 6.88703479982402 144.541427925275 79.3962969079674 139.968606781852 28.9465741823709 195.854890812884 0 0 0 1.23764257171334 0.225025922129699 42.9934060290623
48.7660688097283 56.2475259182555 15.7190850531052 2.1708 12.4574981194438 0.066065625 0.89555625 0 1.33471754874652 17.8421966557377 33.6510812626224 57.0353946417563 5.70188738916087 35.9556744068609 0 0 0 0.242299282185324 0.0440544149427861 8.41702738547747
25.337643770998 4.20733112605822 5.23005632473254 2.97633813559322 0 0.0320062713722363 0 0.97605 0.183087931034483 5.71869660446191 24.3074745234239 13.1225932607647 2.05850460668551 18.6947461167471 0 0 0 0.125892716961338 0.0228895849020614 4.3732793458516
43.7218506430146 12.67245 4.4064 5.9778 0.4293 0 0.13365 0.3645 0.8424 32.63895 47.7819 38.1834 6.62985 46.96785 0 0 0 0.21723655987015 0.0394975563400272 7.54639492557572
0.00182594039262854 0.00369381107491857 0 0 0 0 0 0 0 0.00484753846153846 0.0764168438172874 0 0.014728889214108 0.139752291686069 0 0 0 9.07237464994976e-06 1.64952266362723e-06 0.000315157458128714
32.3280757297706 36.3123 2.87955 3.4506 1.47015 0.0550674556266254 0.243 0 0.1539 30.3183 19.3995 24.67665 6.16005 53.18055 0 0 0 0.160625404814127 0.029204619057114 5.57982846226445
17.7887194969516 5.0382 3.4506 1.944 0.34425 0.0305782058591227 0.5751 0.186659502480027 0.17415 8.83305 12.68055 19.9908 1.20285 12.53475 0 0 0 0.0883851019840176 0.0160700185425486 3.0703344110557
76.1907732975423 19.51695 16.83585 3.0861 6.43545 1.44053596625142 0.22275 2.1708 1.42965 18.48825 25.27605 79.30305 6.642 34.4493 0 0 0 0.378561777271176 0.0688294140493048 13.150533578343
41.0754110567894 33.99975 13.16655 6.13575 6.0912 0.0840404194517419 0.19845 0 0.243 20.4282 75.61755 41.3667 7.53705 53.1117 0 0 0 0.204087449684723 0.0371068090335861 7.08961924086386
2.82592451998478 6.17914309101934 1.9989375 0.663441124260355 0.0236452095808383 0 0 0 0 5.32025458362491 13.6529867594408 0.426296370106762 1.3815434605596 16.6188687174062 0 0 0 0.014040899736532 0.00255289086118764 0.487754798665648
39.6388800170517 8.18714231857406 7.7136487403599 4.0472504587156 4.573125 0.03375 0.21389344213041 4.4064 1.3490144486692 11.1063802354657 17.3178036137686 27.3013930135412 1.90189654797329 14.6964733252482 0 0 0 0.196949895884284 0.0358090719789606 6.8416738682578
36.9191912771155 20.52945 6.8526 4.37805 1.9764 0 0.14985 0.12555 1.7415 29.87685 26.84745 35.28765 4.9167 35.14185 0 0 0 0.183436839664288 0.0333521526662341 6.37225537374403
0.846443279740909 0.800558014603754 0.0237046421663443 0.516617043777668 0.0452323369565217 0.00212917123502711 0.00530689655172414 0 0.0042239263803681 3.32394119349005 11.5681879897584 0.301226022099447 0.873840678675584 7.61257240080223 0 0 0 0.00420564142440983 0.000764662077165424 0.146096177931229
5.66599997312267 8.3754 0 0.5427 0 0 0 0 0 0 18.1197 0.95175 3.60855 13.88745 0 0 0 0.0281521098554455 0.00511856542826282 0.977952049527813
2.41169471163006 16.3944 0 0.81 0 0.076230379117476 0 0 0 13.69305 143.69805 0 8.86545 129.51495 0 0 0 0.0119827558739271 0.00217868288616856 0.416258700540404
20.4376300818568 29.7432 1.75365 4.2444 0.68445 0.112698954424837 0.4698 0.0243 0.2835 36.06525 181.39545 5.27715 13.4217 130.46265 0 0 0 0.101546489583249 0.0184629981060453 3.52753659033778
35.6812209384611 23.42925 5.2731 1.14615 2.0574 0.0544675584747416 0.405 0.327931709514975 1.2474 17.12745 12.79395 46.8909 6.156 23.41305 0 0 0 0.177285855347856 0.0322337918814283 6.15858159406089
0.0519735712110871 0.419954497022877 0 0 0 0.00287957305842485 0.0293509233223453 0 0 0.228524023349798 8.3148414281122 0 0.350368153857201 4.04392776275162 0 0 0 0.000258236091291042 4.69520165983712e-05 0.00897064255705423
10.0396676366321 4.7628 0 0.50625 0 0.0335435595392101 0.05265 0.04455 0 11.5992 45.7893 1.12185 2.02095 29.6541 0 0 0 0.0498831322907436 0.00906966041649884 1.73284743882752
169.643943373207 54.29835 75.37455 3.6045 11.5101 0 0 0 0.8667 28.836 96.552 179.40285 13.25565 84.85155 0 0 0 0.842893567385851 0.153253375888337 29.2805582242837
24.616821452824 0 25.3526745745297 0 0.868624522900763 0.0315361768871287 0.0144879224428761 5.474334375 0 0 0.8883 79.7015114370123 0.288591428571429 1.23824204081633 0 0 0 0.122311236342956 0.0222384066078102 4.24886535595617
6.12066373023325 1.5795 0 0.0729 0.594294600917958 0.740458157224339 0.0759666006991778 0 0.165840930910469 2.3409 118.25595 11.26305 16.34175 242.18595 0 0 0 0.0304111539956121 0.00552930072647493 1.05642705044936
0 0 0 0 0 0.0288930642673093 0.0132736595098394 0 0 1.0125 22.6589192781443 0 1.2797143029329 37.8690140719164 0 0 0 0 0 0
4.76902745230124 8.88975 10.773 0.143251161686695 3.83535 0.1782 0.0459851460474716 0 0.100389109929584 0.66825 35.5347 27.66555 3.41415 60.55155 0 0.019521510647627 0 0.0236954086441386 0.00430825611711611 0.823134520535839
0 0 0 0 0 0.0686813397778537 0.0315526491221735 0 0.0688818593296525 1.93995 58.1823 0 9.87795 165.8637 0 0 0 0 0 0
0.305627765313387 0.502343060088309 1.52665941176471 0 0 0.0762434181773834 0.199051716563876 0 0 1.6281 47.090953890946 3.07711981588687 5.33681473978124 96.93972324229 0 0 0 0.00151854332241285 0.000276098785893245 0.0527513767911487
0 0 0 0 0 0 0 0 0 0 0 0 0 0 0 0 0 0 0 0
30.5959056551264 30.4236 11.0079 0.28755 5.86845 0.3888 1.23136787799388 0 0.3483 31.35915 168.75135 23.98815 15.1308 529.3512 0 0 0 0.152018937736645 0.0276398068612081 5.28085576853614
1.18855036505539 2.0007 0 0 0.128118435281247 0.0356480242826527 0.0163769315759905 0 0.0357521009630843 0 24.23925 0 3.1347 62.1999 0 0 0 0.00590543604032677 0.00107371564369578 0.205143888278621
0.0883500608369474 0.508007982058455 0.0371217073170732 0 0.0329698492462312 0.00169154388904147 0.014756138397495 0 0.0243 0.0342076271186441 13.3474754870194 0.0835290341406478 0.63529998910163 25.7446854432195 0 0 0 0.000438976461386437 7.98139020702613e-05 0.0152492275822905
3.25441774244151 3.2436695418962 0 0 0.0179537243811204 0.0924618201037973 0.0424775546948978 0 0.0931874526495996 4.15864010229472 58.2914332239421 1.03339844806392 6.64122872300169 124.525540274786 0 0 0 0.0161699128548056 0.0029399841554192 0.561712763208205
1.83348102052203 0 2.35305 0 0 0.0868672247771449 0.0399073616279982 0 0.0871208391800476 2.23965 64.2735 4.9005 8.61435 123.41565 0 0 0 0.00910984104349785 0.00165633473518143 0.316458971107561
0.176427883363433 1.02738410617205 0.14617115902965 0.00905294117647059 0.132056557377049 0.123506795963546 0.0567398162273213 0 0 0.08555625 10.6496408885956 0.448968978943787 0.93589424449141 22.6651612149239 0 0 0 0.000876600278427776 0.00015938186880505 0.0304514668103737
27.6603592233472 0.99225 28.37835 0.19202378021517 7.938 0 0.0616416751795341 0 0.134568516960972 0.4617 12.38895 74.6091 0.70065 18.11565 0 0.0261679851383445 0 0.137433370136004 0.0249878854792735 4.77418021910787
18.544845093016 0 29.12355 0 0 0.0758975102984465 0.034867804260068 0.0278131675729777 0 0.353488833504807 2.89461116649519 39.62115 0.57105 4.74255 0 0.0148020017468166 0 0.092141990608425 0.0167530892015318 3.2008417495448
0.00425397280870931 0.00297936078006501 0.0048825130283729 0.001395 0 0 0 0 0 0 0.0505977113777222 0.0244956057007126 0.00334941530458168 0.0420266898854857 0 0 0 2.11363061067685e-05 3.84296474668517e-06 0.000734236047766883
1.53696117892817 0 1.3527 0 0.346784149278153 0.024369653542749 0.0111955755369704 0 0 0.113500434597509 9.11644956540249 8.31465 0.6318 11.4939 0 0.00475272051600445 0 0.00763655138686747 0.00138846388852136 0.265279622680462
7.22025814281048 2.94435 0 0 0.9396 0.0979717546343009 0.0450088540476688 0 0.0982577894203395 5.49585 58.1337 9.12465 12.61575 119.69775 0 0 0 0.0358746031389498 0.00652265511617268 1.24621713419986
0.540947419363629 0.7016166778411 0 0 0.126830620595398 0.0352896991978052 0.0162123147279436 0 0 0 18.4103860646942 0 1.1290266798474 37.015391886887 0 0 0 0.00268775348538374 0.000488682451887953 0.093367567942625
17.6528145695544 8.1891 1.83465 0.294575242742563 3.5316 0.20583470071964 0.0945617850493445 0 0.206435648255993 5.1759 99.95805 36.9846 19.8531 162.9963 0 0 0 0.0877098442247286 0.0159472444044961 3.04687720969328
1.25526732941401 3.8313 4.8357 0.152354789439111 0.57105 0.116269101512662 0.0255058322285703 0 0.0556811930703927 0.5184 34.8786 6.03045 2.8026 61.50735 0 0.0108276784619237 0 0.00623692621306861 0.00113398658419429 0.216659241674718
1.03573976662484 0.111018410676803 3.48591364414029 0.00425401959319642 0 0.00129988627570622 0.0005971761134647 0 0 0 4.73985501858736 6.98956118764846 0.376902034170743 7.7505669405684 0 0 0 0.00514618069713934 0.000935669217661699 0.178768766740742
39.4766749108625 0 35.2431 0 9.03555 0.137369775101942 0.0631085579839122 0.043009855954083 0 0 1.9926 77.9787 0 6.3747 0 0.0267907029232337 0 0.196143962952725 0.0356625387186772 6.81367725392775
0.1062529432378 0 0.02835 0 0.0179911536805175 0.00500590786851344 0.00229974626330837 0 0 0.023314763898251 1.88423523610175 0 0.4212 6.5043 0 0 0 0.000527928793625886 9.59870533865248e-05 0.0183392665197104
26.6769017487276 19.6911 5.53635 0.06885 4.5279 0.291637593561595 1.377 0 0 8.97075 146.1645 39.11895 37.9242 381.1455 0 0 0 0.132546959441513 0.0240994471711842 4.60443538015799
4.15374878099399 0 4.05405 0.0692189369559337 0 0.0483667909081812 0.0222200147467633 0 0.0485080008389458 0.3645 31.2822 6.81615 2.15865 57.92715 0 0 0 0.0206383326066306 0.00375242411029647 0.716937372549609
5.52021105100569 2.4705 2.70135 0.09315 0.69255 0.141009790320294 0.469780804380903 0 0.141421477396372 5.23665 98.64585 3.99735 4.98555 139.0689 0 0 0 0.0274277424409356 0.00498686226198829 0.952788869884489
0.000474562660387524 0.00101473509933775 0 0 0 0 0 0 0 0 0.0161150120005189 0 0.00742227618312142 0.250771688293325 0 0 0 2.35791390961816e-06 4.28711619930574e-07 8.1909553222178e-05
12.4167683667429 0.162 5.17995 0.0694220292671079 0 0.0485087018328733 0.022285209538069 0.0151878553837856 0 0 5.67 25.43805 0.405 5.0868 0 0.00946046696976691 0 0.0616940043713972 0.0112170917038904 2.14313521538476
10.8822781864947 6.2451 11.45745 0.0990024243896246 0.248624738211488 0.0691780280142761 0.0317808308917434 0 0.0693799976790585 0.7371 24.0813 15.4224 4.26465 66.8898 0 0 0 0.054069730398335 0.00983086007242454 1.87828208727453
0 0 0 0 0.0963565899104681 0.0268105214474529 0.0123169259474283 0 0 0.567 21.6432 0 2.30445 50.3577 0 0 0 0 0 0
36.6844464025203 3.9852 37.87965 0.280130302110301 7.56135 0 0.089924805517727 0.0612857123593653 0 2.49885 43.16085 92.7207 2.8269 54.22545 0 0 0 0.182270485352789 0.0331400882459616 6.33173838957257
5.19403922525244 0 4.92075 0.0480262542849099 0 0 0.0154169382740141 0 0 0 5.20425 15.34545 0 11.2428 0 0.00654476391918563 0 0.0258071238186422 0.00469220433066221 0.896491586614681
0 0.58725 0 0 0 0.0411825503456442 0.0189195284369125 0 0 1.73745 35.02035 0.15795 2.6163 232.5591 0 0 0 0 0 0
6.8074850231081 0.433135066651056 11.579838639849 0.244994430979932 0 0.0238972375690608 0.00668243759361649 0 0 0.23618797672686 3.68373843533534 40.3389463098026 0.372285872576177 8.66123082548476 0 3.24280465116279 0 0.0338236969853389 0.00614976308824343 1.17497246065277
0 0 0 0.0151659183369305 0 0.0105971983013817 0.00486842104075273 0.0195179349105074 0 0.0493559176215986 4.3934940823784 0 0.2592 3.37365 0 0.00206673113718231 0 0 0 0
28.5993387217278 0 27.2889 0.147450095220221 3.70575 0.103030879099574 0.0473330483577168 0 0 0 2.03715 58.9275 1.1907 5.24475 0 0.0200937191010752 0 0.142098787382 0.0258361431603637 4.93624815579368
4.62818052754416 0 2.7864 0.0512097262625649 0.51435 0.0357828396611102 0.0164388666277309 0.07695 0 0.081 13.0005 8.0838 4.6737 18.1764 0 0 0 0.0229955960572392 0.00418101746495258 0.798824330032967
20.8552288587681 0.66825 20.35935 0 1.3932 0 0.0466126459137889 0.0317675328107133 0 0.78975 12.1986 43.27425 1.5795 10.0926 0 0 0 0.103621372516337 0.0188402495484249 3.59961417270595
7.01763625105468 0 7.13205 0 1.5228 0.0262215911099807 0.0120463675635097 0.0122598617085906 0 0.122125740589634 0.700024259410367 13.49055 0 1.91565 0 0.0051138968312402 0 0.034867855206919 0.00633961003762164 1.21124457944134
16.513684178098 1.77795 7.2009 0 0.9801 0.199395492511737 0.0916035713938486 0 0.199977640369051 4.4145 107.2116 22.91085 15.5439 210.9159 0 0 0 0.0820499564605069 0.0149181739019104 2.85026321281918
4.07467682323562 1.5957 4.52385 0.152659413001838 1.60785 0.106670894317926 0.0490052947547079 0 0.106982326797079 2.1708 75.99825 15.88005 4.4226 74.36205 0 0 0 0.0202454553648625 0.00368099188452045 0.703289546302383
0 0 0 0 0 0 0 0 0 0 0.00769090909090909 0.00440829902421629 0.000664269623428288 0.00864482273809334 0 0 0 0 0 0
12.6243322558586 4.43475 3.564 0 1.51875 0.142102504440423 0.0652828042739571 0 0.142517381765065 5.49585 73.6857 24.5025 16.2729 157.64625 0 0 0 0.0627253071310385 0.0114046012965524 2.17896075928373
1.91749497564029 0 0 0 0.040202769351291 0.0111861286388539 0.00513897942467137 0.00350232633840971 0 0 1.5552 6.6015 0.2187 1.2231 0 0.00218158797306188 0 0.00952727311287646 0.00173223147506845 0.330959786495239
11.1985660175281 0.42525 12.89115 0.0695997350393853 0 0.0486328738919789 0.0223422549804615 0.0152267330944879 0 0.226505161954092 5.03849483804591 23.66415 0 2.97675 0 0.0094846837725126 0 0.0556412393654074 0.0101165889755286 1.93287339226343
0.00112687574318073 0.00418075126903553 0.00207812172088143 0 0 0 0 0 0 0.00241927075915112 0.141367868344331 0 0.0290989142096614 0.721730592940665 0 0 0 5.59899927037536e-06 1.01799986734097e-06 0.000194498843599431
0 0.324 0 0 0 0 0 0 0 0 61.803 0 3.01725 130.58415 0 0 0 0 0 0
6.61980546358292 0 9.74025 0.421963277838805 0.134136737575509 0 0.0171462301133976 0.0116855290453759 0 0.4131 5.6538 17.7309 0.2592 9.86985 0 0.00727887899670503 0 0.0328911915842732 0.00598021665168604 1.14257895363498
11.530898030008 0 44.5936736877423 0 3.12632444046553 0.113530266473098 0.0521565344292772 4.07980887464147 0 0.656801471929816 -0.258986955800783 70.3062205100656 0.350336312849162 0.325945810055866 0 0 0 0.0572924655158125 0.0104168119119659 1.99023392425604
36.1729496757709 0 41.3991 0.170039037530567 4.8843 0.118814921698451 0.0545843390206927 0.0372004151834256 0 0.1296 1.34865 67.3272 0 4.16745 0 0.0231720206843775 0 0.179729060695101 0.0326780110354729 6.24345401353583
3.31100252184334 3.73544918821407 8.81211166007905 0.0538987867011851 0.565349669603524 0.591046407611143 0.0168275668349234 0 0.0805062735261489 0.471699557522124 27.1394006546753 8.722111635476 2.48912092834975 39.3328974389421 0 0 0 0.0164510602133342 0.00299110185696985 0.5714793006686
11.5667448208405 7.3386 14.0454 0.205427872752665 7.01865 0.143542900326048 0.06594453140571 0 0.143961982978343 1.94805 78.67935 27.5562 8.0514 136.809 0 0 0 0.0574705740223901 0.0104491952767982 1.99642108322708
9.43427296004464 12.93165 2.916 0 6.642 0.0999726986724594 0.2106 0 0.391864575342232 5.94945 58.1823 4.41045 6.87285 127.899 0 0 0 0.0468751659084566 0.0085227574379012 1.62835626912219
2.97261141197844 0.73305 3.7989 0.0535706743799646 0 0.0374325541606558 0.0171967560766596 0 0.0375418408898788 0 18.40725 8.7399 2.25585 32.92245 0 0 0 0.0147697288077196 0.00268540523776719 0.513072967981665
1.1262793398895 5.59001689326005 0.795528232758621 0.0999214170976876 0 0.0634728863168252 0.0291598521112742 0 0.0700240194022192 1.12995 41.8132945701921 1.1466615428087 3.85011278191814 94.5897530800244 0 0 0 0.00559603597862592 0.00101746108702289 0.194395904343561
6.86775407482768 0 4.47700027352297 0.0966211670411075 0.00517755681818182 0.00067921652336279 0.00031203643826644 0 0 0.198786200657432 3.08261994683472 11.246989821772 0.569648235774016 4.50993395880073 0 0 0 0.0341231500338637 0.00620420909706612 1.18537490381052
3.10851633937563 4.3821 1.6767 0.0967125585811359 0.242874199366759 0.0675779823383728 0.0310457596197717 0 0 1.80514105083904 39.006708949161 10.7811 3.1266 40.47165 0 0 0 0.0154449865670085 0.00280817937581973 0.536530169344086
0.459605754470483 0.2997 0 0 0.220675334336439 0.0614013093411496 0.0282081563281913 0 0 0.6966 55.23795 0 4.54005 103.06035 0 0 0 0.00228359896777709 0.000415199812323107 0.0793279900620031
21.5767604733132 0 26.49105 0.113274736557389 5.23665 0.0791508182470126 0.0363623948507511 0.0247817635933779 0 0 2.65275 42.3468 0.29565 2.56365 0 0.0154364819787537 0 0.107206377347471 0.019492068608631 3.72415058721189
0 0.00784477611940299 0 0 0 0 0 0 0 0.377372202797203 6.58058046416334 0 0.177736223729935 8.907721330465 0 0 0 0 0 0
4.31683469387061 8.3025 0 0 1.74555 0.149293840549195 0.627486550323373 0 0.149729713438251 6.46785 107.32095 2.8512 16.72245 346.4694 0 0 0 0.0214486419177773 0.00389975307595951 0.745086014184513
42.8693560984323 77.43195 9.6471 0.081 6.83235 0.356391548498595 4.18537856901534 0 2.77425 20.331 150.3765 39.88035 11.70855 337.3407 0 0 0 0.213000852107337 0.0387274276558795 7.39925429884781
19.3034416877603 19.5372 1.62 0.32805 4.89645 0 0.0859365141596011 0 1.00035 8.04735 97.3944 17.7876 12.0042 212.139 0 0 0 0.0959111566466378 0.0174383921175705 3.33177558260413
4.64794851698375 2.65275 2.86335 0.095021815090611 1.7253 0.0663965738903111 0.0305030129821518 0 0.0665904229223847 0.75735 35.64 13.0734 4.1796 43.5942 0 0 0 0.0230938153676812 0.00419887552139658 0.802236286594774
2.48088267466863 0 0.5913 0.0336930144237935 0 0.0235430224064176 0.0108158158776147 0 0 0.36855 14.5314 3.6126 0.8586 14.5557 0 0 0 0.0123265234604742 0.00224118608372258 0.428200548506727
4.41093205142379 0 8.01643671714994 0.110848146103699 0 0.833389349112426 0.041268360761704 0.0289867990451526 0 0 3.10222608558842 22.1385600336952 0 2.9741700610998 0 2.63775262321145 0 0.0219161744203383 0.00398475898551605 0.76132722564071
0.511496726749408 0.3159 0.5265 0.0803585502238365 0.201804386464599 0.0561506051275423 0.0257959490498807 0 0 2.08575 45.9027 0 8.92215 69.174 0 0 0 0.00254142465768741 0.000462077210488619 0.0882843760367454
29.6149191791867 1.2636 34.8786 0.182585065053351 15.9651 0 0.058611747253602 0.0972 0 0.567 5.6862 68.44905 1.10565 7.77195 0 0.0248817269582233 0 0.147144804455959 0.0267536008101744 5.11153742415649
0 0 0 0 0 0 0 0 0 0 0.1782 0 0 1.38105 0 0 0 0 0 0
0 0 0 0 0 0 0 0 0 0 0 0 0 0 0 0 0 0 0 0
0 0 0 0 0 0 0 0 0 0 0 0 0 0 0 0 0 0 0 0
0 0 0 0 0 0 0 0 0 0 0 0 0 0 0 0 0 0 0 0
1.36329664946847 0 0.88360883259313 0 0.348608053767596 0.0100947790468469 0.00463760640461084 0.0451381862536553 0 0.128062424927398 0.710661099420856 10.0756270752739 0.0389841561423651 2.43285499425947 0 0 0 0.00677368111956507 0.00123157838537547 0.235305110975373
0 0 0 0 0 0 0 0 0 0 0 0 0 0 0 0 0 0 0 0
0 0 0 0 0 0 0 0 0 0 0 0 0 0 0 0 0 0 0 0
0 0 0 0 0 0 0 0 0 0 0 0 0 0 0 0 0 0 0 0
0 0 0 0 0 0 0 0 0 0 0 0 0 0 0 0 0 0 0 0
0 0 0 0 0 0 0 0 0 0 0 0 0 0 0 0 0 0 0 0
0 0 0 0 0 0 0 0 0 0 0 0 0 0 0 0 0 0 0 0
0 0 0 0 0 0 0 0 0 0 0 0 0 0 0 0 0 0 0 0
0 0 0 0 0 0 0 0 0 0 0 0 0 0 0 0 0 0 0 0
0 0 0 0 0 0 0 0 0 0 0 0 0 0 0 0 0 0 0 0
0 0 0 0 0 0 0 0 0 0 0 0 0 0 0 0 0 0 0 0
0 0 0 0 0 0 0 0 0 0 0 0 0 0 0 0 0 0 0 0
0 0 0 0 0 0 0 0 0 0 0 0 0 0 0 0 0 0 0 0
0 0 0 0 0 0 0 0 0 0 0 0 0 0 0 0 0 0 0 0
0 0 0 0 0 0 0 0 0 0 0 0 0 0 0 0 0 0 0 0
0 0 0 0 0 0 0 0 0 0 0 0 0 0 0 0 0 0 0 0
0 0 0 0 0 0 0 0 0 0 0 0 0 0 0 0 0 0 0 0
0 0 0 0 0 0 0 0 0 0 0 0 0 0 0 0 0 0 0 0
0 0 0 0 0 0 0 0 0 0 0 0 0 0 0 0 0 0 0 0
0 0 0 0 0 0 0 0 0 0 0 0 0 0 0 0 0 0 0 0
5.83734286307633 0 8.36865622676996 0 0.525717406343153 0.0892321878570058 0.0409938408738473 0.0727748446139813 0 0.841578706495902 1.35353279918592 26.4741805403796 0.166223916811092 3.75042712305026 0 5.77147004145756 0 0.0290034448155243 0.00527335360282261 1.00752584606806
0.0757704029347227 0 0.255966999729949 0 0 0 0 0 0 0 0.0101936117647059 2.01613838518036 0.00726666666666667 1.39974166666667 0 0.00489225542706296 0 0.000376473123425393 6.8449658804617e-05 0.013077977620025
0 0 0 0 0 0 0 0 0 0 0 0 0 0 0 0 0 0 0 0
0 0 0 0 0 0 0 0 0 0 0 0 0 0 0 0 0 0 0 0
0 0 0 0 0 0 0 0 0 0 0 0 0 0 0 0 0 0 0 0
8.40139551182603 4.05405 1.8873 0.2025 1.81845 0 0 0 0 5.0382 72.58815 4.5603 5.94945 82.38915 0 0 0 0.0417432069378608 0.00758967398870196 1.4500815387678
0.365707804632427 1.4013 0.0806408904756358 0 0 0 0.2349 0 0.0284740083730353 2.1627 64.78785 0.119252175503757 7.452 200.0052 0 0 0 0.00181705724317747 0.000330374044214085 0.0631211963934218
0 0 0 0 0 0 0 0 0 0 0.00125438667623722 0 0.000240340102323694 0.00984344700128468 0 0 0 0 0 0
2.26590578951308 1.65645 0 0.2106 0.10935 0 0 0 0 2.7378 104.3037 0.194603486811229 9.53775 182.34315 0 0 0 0.0112583884594172 0.00204697971989403 0.39109552089708
10.4424404214638 10.3437 0.7047 0 1.0692 0.49815 0.4455 0 0.0389963437218063 1.7577 64.22085 5.4837 4.7304 241.6554 0 0 0 0.0518843507409999 0.00943351831654544 1.80236605377433
27.1562754926377 8.991 10.36395 0 1.77795 0 0 0 0.0552519428924168 7.6383 45.64755 30.78405 5.4918 71.06535 0 0 0 0.134928777719732 0.0245325050399513 4.6871753267818
1.14160139013636 0.73305 0.0486 0.09315 0.081 0 0 0 0 2.4381 44.50545 0.0933949076760816 5.26095 97.6374 0 0 0 0.00567216517802697 0.00103130275964127 0.19704049144433
0.0695604222768153 0.0590925456639789 0.00806105769230769 0 0 0 0 0 0 0.175955421686747 5.49054442866536 0.000552871552227819 0.688724240666526 17.4817760229909 0 0 0 0.000345618188990007 6.28396707254557e-05 0.0120061344606997
0.420069775591301 0.3564 0.78165 0.1053 0 0 0.00203822539095486 0 0.0104795996296238 0 22.20615 0.0438896778377178 0.14175 17.7471 0 0 0 0.00208716034689304 0.000379483699435098 0.07250407693839
4.99141733349664 4.15935 0 0.0264739352798505 0.0360820282452125 0 0 0 0.0325245532534545 1.7739 59.4960236814864 0 8.80230568651757 350.08085002337 0 0 0 0.0248003758866114 0.00450915925211116 0.861519031856163
0 0 0 0 0 0 0 0 0 0 0.000528492784657804 0 0.000190385107290038 0.0128872530908057 0 0 0 0 0 0
0.000369642913617024 0.000159270907400317 0 0 0 0 0 0 0 0 0.00950864254417198 0 0.0034968594542095 0.0914027455346567 0 0 0 1.83660924122778e-06 3.33928952950505e-07 6.3800396519588e-05
0 0 0 0 0 0 0 0 0 0 0 0 0.0017062149757165 0.0518221460212414 0 0 0 0 0 0
0 0 0 0 0 0 0 0 0 0 0.00173522949446048 0 0.00026059130196186 0.00626419261901495 0 0 0 0 0 0
