86.6436177505306 4.69513609577219 24.3969828190533 0 14.6034013888123 0 0 0.0479813645621181 0.107659644543434 2.81760833488719 5.08195632698768 87.8241628124049 4.50636814423982 4.97109189743245 0 0 0 18.2677507692606 0.325190335569867 0.0591255155581576 0
12.3282565177577 0.480302350065131 7.55790779220779 0 1.82605755894591 0.0528260869565217 0 0.0117031649484827 0.00113288184524452 0.254489719626168 3.8213635770235 16.3315041475318 0.720768454185575 1.32259821956165 0 0 0 2.56171177356457 0.0462703425605342 0.00841278955646076 0
226.638144122015 5.63211925528688 21.633148246255 0 13.2040476670159 0.390130073800738 0 1.96276240458082 1.02465 2.44858553777598 5.63147814910026 174.196540206744 11.0884516859673 7.825845623297 0 0 0 46.4540526754603 0.850616999305971 0.154657636237449 0
0 0 0 0 0 0 0 0 0 0 0 0 0 0 0 0 0 0 0 0 0
2.85115929579156 0.84645 0.3807 0 0.69255 0.0420930230941336 0.105277627698211 0 0.100257534401366 3.32505 29.84445 0 6.13575 36.612 0 0 0 0.739521859158312 0.0107009549258569 0.00194562816833762 0
16.0118876094663 0.18225 4.61295 0.0669304585595857 0.72495 0.0551165956693759 0.0158799131812464 0 0.937227194656489 1.5714 16.46325 14.9688 3.5397 17.76735 0 0 0 3.23882752189326 0.060095725917417 0.0109264956213486 0
74.0266079731356 5.13135 14.89185 0.5265 5.8158 0.171829528763383 0.0495066497775933 0 1.81056509014665 7.7841 36.7821 39.19185 11.1699 49.63275 0 0 0 15.8315915946271 0.277836245910167 0.0505156810745759 0
18.655979470368 0 7.6707 0.00900580880789967 0.57915 0.0485187951106673 0.0139789884454742 0.0410487569180726 0.30375 0.2268 10.55025 9.79695 5.9535 9.5337 0 0 0 3.73119589407359 0.0700195165190497 0.0127308211852818 0
159.083538920213 4.7628 91.16145 0.0670783744613423 29.2977 3.78675 0.104120334057479 0.7938 0 4.63725 11.27925 179.3664 10.5462 6.9417 0 0 0 32.7692677840427 0.597071437553049 0.108558443191464 0
118.613801597407 37.10205 30.64635 0.34425 10.43685 0.348037352580551 0 0 1.7091 14.04945 88.08345 66.9303 11.8908 73.4508 0 0 0 31.1431703194813 0.44518064857053 0.0809419361037328 0
86.4466503108543 9.50047655577635 26.0136893104706 0 6.82051345531088 0.199125286306582 0 0.183796244601732 2.5411992774788 11.6431299674267 20.5035281949424 72.3472665331177 9.93498416821141 33.4811293162909 0 0 0 19.1894253733261 0.324451078490493 0.0589911051800896 0
28.26470486247 0.72495 13.77 0.05265 2.0331 0.0999350905689474 0.0287927899523126 0 0.32805 1.9926 17.5284 31.6953 11.9961 19.2942 0 0 0 5.79793097249399 0.106082930256609 0.0192878055012017 0
131.850189166137 0 62.5563 0.059417426423699 8.5779 9.69975 0.0922288641868708 8.9667 0 0 4.0824 154.07415 4.9734 4.5927 0 0 0 26.3700378332275 0.494859383449788 0.0899744333545068 0
97.5606183615827 85.14315 64.8648 0.83025 16.2081 0.484584164654726 0.6966 0 0.4941 26.7543 143.76285 89.93835 31.4685 115.85025 0 0 0 36.5407536723165 0.366163960451807 0.0665752655366923 0
2.39679534842469 1.50889526627219 0 0.599644004035745 0.383592857142857 0.0278851056088326 0.00803411478412822 0 0.0216 3.05104426229508 12.4894974750663 0 0 32.981502917058 0 0 0 0.781138122939376 0.00899563873118339 0.00163557067839698 0
74.6995771365278 8.1243 9.55395 0.06075 3.3858 0.165967065894755 0.209817586796626 0.0081 0.395301824276818 10.88235 33.87015 35.0811 16.2567 49.9284 0 0 0 16.5647754273056 0.280362029963896 0.0509749145388902 0
19.5041595402054 3.68955 6.20055 0.0116986608436878 2.00475 0.0630265355007521 0.0181588848097668 0 0.150117159250703 1.782 15.3495 10.8378 7.30215 20.2176 0 0 0 4.63874190804108 0.0732029011548144 0.0133096183917844 0
186.83853932757 18.12375 57.5586 0 12.12165 0.342012980495759 0.0985390402141555 0.305556066389812 0.7452 10.59885 6.40305 128.3607 11.73285 11.55465 0 0 0 40.992457865514 0.701241347934645 0.127498426897208 0
50.4726872544106 3.52755 16.85205 0 0.3969 0.163808276345894 0.0471956073329786 0 0 3.00915 37.13445 47.3364 13.3974 38.9367 0 0 0 10.8000474508821 0.18943380402966 0.0344425098235745 0
18.8391545089244 0.91125 3.34125 0 0.78165 0.0586111362515959 0.0168867424380256 0 0.1701 0.9072 12.6927 11.1699 7.2414 23.69655 0 0 0 3.95008090178488 0.0707070080366327 0.0128558196430241 0
199.151087571407 6.16005 105.1542 0 11.7369 0 0.116947688652293 0.351512347920828 0.2025 3.2562 8.4321 188.2035 23.02425 10.8702 0 0 0 41.0622275142814 0.747452734290441 0.135900497143716 0
41.2183657412548 2.0412 17.94555 1.00845 4.0905 0 0.038673516838098 0 0.36045 4.07835 18.1035 54.58995 10.8297 20.9466 0 0 0 8.65191314825096 0.154700536923945 0.0281273703498082 0
60.6747404887933 0.58725 16.79535 0.0221588977564784 1.458 0 0.0343954643396985 0 0.284342868621937 1.0692 3.12255 58.2633 8.5779 6.0588 0 0 0 12.2523980977587 0.227724092465477 0.0414043804482686 0
148.061180078382 3.0699 54.9099 0.06075 6.92145 2.3652 0.0846543205311404 0.24858412603327 0 0 5.07465 141.3531 8.586 10.05615 0 0 0 30.2262160156765 0.555702382755882 0.101036796864706 0
55.8484764294366 55.62675 27.80325 0.69255 9.41625 1.539 2.14245 0 0 23.0121 55.84545 41.9094 25.9767 79.21395 0 0 0 22.2950452858873 0.209610185523943 0.0381109428225351 0
81.0907931557253 1.13805 10.46115 0.0323993739009449 1.59165 0.0324 0.0502909270075362 0 0.32805 1.30815 7.6869 64.43145 7.32645 12.70485 0 0 0 16.4457686311451 0.304349505740433 0.0553362737709878 0
84.7994358834806 0.132367902786261 14.6155443542435 0.0354082494347717 0.738663001649258 0 0.0316444200166989 0.207068857018504 0.466008702715023 1.33806077075099 2.62248423236514 73.35632549669 3.62513574434918 3.1993989867498 0 0 0 16.9863607572534 0.318268762628112 0.0578670477505658 0
0 0 0 0 0 0 0 0 0 0 0 0 0 0 0 0 0 0 0 0 0
1.22255242185079 1.88330374269723 0 0.355454075342466 0.173353012048193 0.0021867976328579 0.0108842992208367 0.0177125366359844 0.0324804643380913 1.53836632795894 7.47983444363511 0.0334681609947644 1.9087480549193 6.26710714721497 0 0 0 0.621171232909604 0.00458847682766545 0.000834268514120991 0
3.34961852898132 20.9311514719001 0 0.3464775 0 0.0143149962281729 0.143590909090909 0.109598476531779 0 13.7805028156997 69.2714555850584 0 10.6312661025347 56.5064112526972 0 0 0 4.85615400017628 0.0125717692976158 0.00228577623593014 0
9.45919862960056 7.70228065954528 0 1.54191867768595 0 0.011897231965626 0.0592158280527968 0.010125 0.293674293746957 7.57631796400694 39.6728336373045 0 13.2157012207228 33.6386377310654 0 0 0 3.43229585782917 0.0355022107391516 0.00645494740711847 0
19.758072818584 40.2105391024651 0 3.07677541277104 0.49005 0.0313372432289621 0 0.113333676106927 0.0891 37.764782950705 131.04255633359 0 30.3646637121618 127.254920081034 0 0 0 11.9937223842098 0.074155887033582 0.0134828885515604 0
16.8927225430992 28.9107188965448 0.191055047694754 1.81273502705953 0.867402312138728 0.0222087927024706 0.519589329965944 0.108694185483675 0.343398801245401 26.6621885820857 59.2441956926592 1.21559332064228 15.8296979506858 77.6824376162965 0 0 0 9.1606882879288 0.0634016706030888 0.0115275764732889 0
0.990180557017594 8.49437696185883 0 0.135933510638298 0 0.00811329117316474 0.0395581395348837 0 0.072830969469144 9.51945711762746 36.1774144001582 0 10.0300730939558 51.6451482693331 0 0 0 1.89691150377529 0.00371634006025028 0.000675698192772779 0
6.4131172914596 10.452455602451 0.0734898058252427 1.73046535525543 0 0.0118110521541579 0.0587868871939264 0 0.140321823210762 19.6640375722543 14.6333026202606 1.22666361784259 4.42992839916933 16.9909085769153 0 0 0 3.37311457878211 0.0240696755075868 0.00437630463774306 0
1.08711519541244 0.540641996980856 0.0433576289398281 1.7260342776204 0.0203877551020408 0 0 1.30125094102886 0.00169056261343013 0.424265190112443 2.74368578233785 0.0364533823192662 0.613212815563441 1.18135970734257 0 0 0 0.325551438478659 0.0040801545962352 0.000741846290224581 0
20.7151094656458 18.5473610162379 1.52355931740614 2.85194113077255 2.7811062992126 0.0235658777515218 0 0 0.1609875 33.3765531224299 39.4239558217824 2.38259585500272 13.5846785876542 47.4998776629381 0 0 0 7.85249409637672 0.0777478315586449 0.0141359693742991 0
5.16738153255823 3.37502577231134 0.110128078817734 0.415725488515598 0.827604545454545 0.00145812263826266 0.0105 0 0.0909581197801439 5.01073980438781 3.07774107598716 1.06076392463708 1.99857533754193 6.20368824263357 0 0 0 1.70848146097391 0.019394187110566 0.00352621583828472 0
9.17136234736931 5.22769908486023 0.236759846117976 0.389931419857675 0.0816408227848101 0.000853006963105622 0.00757565258549561 0 0.0255174107142857 6.20584587907021 3.38265928987494 0.246286312214961 1.36067149477246 2.15460413004156 0 0 0 2.87981228644591 0.0344219052343946 0.00625852822443537 0
0.11734287681855 0.0646271554644536 0.0014453558504222 0.0111195173745174 0 0 0 0.0120687683802451 0.00371938775510204 0.124462422095497 0.126094851727433 0.00729711372964385 0.0116980642712551 0.035327846659919 0 0 0 0.0363940064566007 0.000440410620886431 8.00746583429875e-05 0
21.9339273031257 33.809108360404 0.322937704918033 4.19653330654881 0.523020422535211 0.0318630298374117 0.29565 0.0590142857142857 0.328351712758975 55.1121412641041 103.684269557117 1.38032690695725 31.1271629409347 122.33093390019 0 0 0 11.1486071327059 0.0823222917653948 0.01496768941189 0
0.143719203635074 0.191426998981843 0 0.0545678641410842 0.0275672268907563 0 0 0 0.00361023899963892 0.377334877757637 2.93622691910089 0 0.706527969610571 3.96416200109893 0 0 0 0.0670292405233833 0.000539406101352888 9.80738366096161e-05 0
4.11327241169046 2.88716608345828 0.563506861716085 1.56320675364543 0.0821172413793103 0.00210221113520236 0.0104632887273681 0.00966629834254143 0 2.08074278540415 13.7130958931608 0.210885348278623 2.63040794928375 6.54254515717696 0 0 0 1.40008769902975 0.0154379107264332 0.00280689285935149 0
61.4735888310356 68.3984723079996 2.25716623874625 29.0612609049575 1.88301277955272 0.0694660070958058 1.09132137931034 10.9710583421892 1.83068815620999 68.3462050352982 235.617965383288 6.84015454723254 61.763653223331 168.461868990088 0 0 0 25.974412227807 0.230722325540545 0.0419495137346446 0
13.6511239019942 20.1662234434801 0 2.40871798715203 0.4293 0.0194472385706687 0.347894308006236 0.0648 0 19.55745 72.2365639065133 0 18.988344495471 60.6874449366226 0 0 0 6.76346946909487 0.0512353209370478 0.00931551289764506 0
1.60730644814744 1.40415274921623 0.192230759463055 1.18752434336963 0.0125822744599746 0.00935718962502417 0.0138178009406111 0 0 0.945001915140573 6.81398568544996 0.0570825514285714 1.35291615301579 3.63830269936581 0 0 0 0.602291839472735 0.00603253346070578 0.00109682426558287 0
0.380169098863346 0.248596647361024 0.0335010689470871 0.148012539021852 0 0.00164698922572981 0.0287763157894737 0.00200353356890459 0.00702167182662539 0.313792009404982 2.68406479859895 0.00588404942965779 0.664930764404738 1.20888033088235 0 0 0 0.125753149244874 0.00142684850935727 0.000259427001701321 0
101.447114831824 36.44595 33.2181 1.21095 4.1067 0.8181 0.33615 0.3321 1.21095 17.33805 104.8869 70.3809 42.33465 47.30805 0 0 0 27.5786129663647 0.380750736998786 0.0692274067270519 0
80.3670561456024 57.2000768548968 4.77495 9.2259 2.87145 0.154593588584134 0.73305 0.03645 0.80595 77.6304 99.3919625795395 14.3962383857888 44.6524042775988 120.246045617421 0 0 0 27.5134266000998 0.301633180091799 0.0548423963803271 0
26.333239577975 8.94594575765239 2.83854015789474 0.445852173913043 2.02354023913043 0 0.0224203349282297 0 0.0486 9.62900297454137 4.9269908452948 10.7926944690265 2.63683942965855 8.53911904253239 0 0 0 7.05583706712549 0.0988337656866938 0.0179697755793989 0
50.1381937057424 54.108 2.2194 2.02095 2.23155 0.017264402281908 0.2673 0.0729 0.25515 29.04255 30.3669 16.47135 9.53775 27.5238 0 0 0 20.8492387411485 0.188178384736682 0.0342142517703058 0
33.3896238759947 60.01695 0.72495 3.74625 0.1215 0.040859475632089 0.53865 0 0.2025 50.0499 217.69155 2.56365 59.8104 129.70935 0 0 0 18.6813147751989 0.125317747281159 0.0227850449602108 0
16.8276322452999 4.4238645142264 6.03605769230769 14.2948336997487 1.08498103448276 0.00468106357745606 0 1.95989351351351 0 16.5605460277725 14.1111144395524 2.39942190754827 8.96320414888597 13.2871833366803 0 0 0 4.25029935190525 0.0631573740659261 0.0114831589210775 0
0 0.5508 0 0.05265 0 0 0 0 0.00704174660812005 0.9234 3.73687428842505 0 0.98683011609773 3.15057647721365 0 0 0 0.11016 0 0 0
0.00559059586571674 0.000656222076606898 0.000400263157894737 0 0 0 0 0 0 0.00599855662472243 0.00423736268643387 0.00125098464878276 0.000683554519368723 0.000407469512195122 0 0 0 0.00124936358846473 2.09825927495601e-05 3.81501686355638e-06 0
66.8549070070454 39.58065 12.51855 5.6133 1.43775 0.0240095550285239 0.20655 0 0.3645 51.0543 56.7972 29.5812 29.05875 57.8988 0 0 0 21.2871114014091 0.250919458450016 0.0456217197181848 0
45.1544357818565 16.8192424472295 5.90654547277332 0.012231936416185 2.79411856814701 0.042967049016287 0 1.2069 0.173758064516129 18.4932617697107 12.5954849731044 22.6298744722556 11.4873046381485 22.5482198197856 0 0 0 12.3947356458172 0.169473372714518 0.0308133404935488 0
12.3464422684832 4.07674330164218 0.382045686900958 3.48424615384615 0.11745 0.00822501729982845 0 0.10309382855898 0.101136306704853 21.3953503184713 36.3333023067584 0 10.8720342678888 17.8624651698375 0 0 0 3.28463711402507 0.0463385972171903 0.0084251994940346 0
25.4294738309007 18.4761 2.75805 0.87075 0.3645 0.00993641080670116 0 0 0.36045 14.64075 15.0903 9.86175 20.9871 16.40655 0 0 0 8.78111476618014 0.0954417572018466 0.0173530467639721 0
90.5920027643268 9.1854 20.32695 4.7304 0.5022 0.830507551652345 0.348316550315001 0.66015 0.87075 17.88075 32.78475 38.3697 21.60675 21.951 0 0 0 19.9554805528654 0.340009391848107 0.0618198894269285 0
97.8393629854729 81.3483 33.69195 4.4874 8.54145 1.1097 1.51065 0.08505 0.27945 46.88685 74.0097 56.47725 31.6872 49.2966 0 0 0 35.8375325970946 0.367210143195955 0.0667654805810828 0
70.080380512061 15.87195 15.22395 3.3777 4.15935 0 0.18225 0.23062061322296 0.83025 17.901 51.62535 42.68295 15.8112 30.02265 0 0 0 17.1904661024122 0.263025287346586 0.0478227795175611 0
1.01558603519307 1.07562036238136 0.00351509433962264 0.256677631578947 0 0 0 0 0.0236317415668768 3.23710279632721 5.27716079485959 0 1.72635079316829 3.43369772476636 0 0 0 0.418241279514886 0.00381169175709404 0.000693034864926188 0
91.563626881887 198.4743 36.6606 2.57985 19.25775 0.3969 2.19105 0 0.3726 64.08315 124.1487 64.08315 47.49435 90.09225 0 0 0 58.0075853763774 0.343656085984851 0.0624829247245184 0
14.7575368019602 24.5025 3.40605 2.5515 3.26025 0.0146122212668227 0.14175 0 0.3078 17.67015 81.0891 1.63215 24.9723 38.2482 0 0 0 7.85200736039204 0.0553879035687509 0.0100705279215911 0
40.935639051309 40.56885 4.85595 3.34125 1.0935 0.109459774869667 0.6966 0 0.3483 33.2262 59.17455 10.98765 38.1348 60.58395 0 0 0 16.3008978102618 0.153639408712024 0.0279344379476407 0
3.16554382405743 0.768879423522949 0.0762080152671756 3.28906428233065 0 0 0 0.03189375 0 3.51023913230676 2.60558261418492 0.462049416347516 5.01929404683568 7.74831078860949 0 0 0 0.786884649516076 0.0118809011573164 0.00216016384678479 0
0.0296507957820072 0.0102219323982155 0 0.014681575562701 0 0 0 0 0 0.133716645058342 0.1099647075753 0.00235002254283138 0.0922277782731749 0.124687225797697 0 0 0 0.00797454563604454 0.000111285198847846 2.02336725177901e-05 0
47.4224246558403 29.6136 3.90825 4.4631 1.8306 0.0164660999774199 0.5994 0.14985 0.27135 30.7476 32.157 30.5937 17.5932 32.03955 0 0 0 15.4072049311681 0.177985575715125 0.0323610137663865 0
3.13505911902196 2.70947631941709 0 0 0 0.00587638347845336 0.0436146143601203 0 0.0740006557269253 4.96628753424658 26.6132766035173 0 8.07370734493442 17.7208268980869 0 0 0 1.16890708768781 0.01176648613498 0.0021393611154509 0
405.389730944675 275.883882911092 47.6161861418511 1.32793140495868 30.50761478586 0.231236422451239 0.583308724832215 1.95615 8.08785 161.826425068983 84.4248464723926 123.964495061464 58.301728664012 190.347004089941 0 0 0 136.254722771153 1.52150644288707 0.276637535070377 0
74.1964888874135 46.6535213295269 16.3178991958003 0.971808157894737 6.15975109970674 0 0.2673 0 0.996852272727273 19.1643377563081 33.585647285299 44.3191633404379 15.5688760784634 37.980402458395 0 0 0 24.1700020433881 0.278473841995779 0.0506316076355961 0
35.3756860162758 4.98697690481842 5.97637511885895 4.78435700234192 0 0.0105305947176624 0.277468085106383 1.6524 0.588731707317073 7.38638574244415 27.6847491304458 12.2989909223932 9.36711936115361 16.7179800898095 0 0 0 8.07253258421885 0.132771824461087 0.0241403317201977 0
78.4347550966569 17.19225 6.4233 6.7635 0.16605 0 0.58725 0.03645 0.98415 36.76185 60.17895 29.1843 25.9686 44.3799 0 0 0 19.1254010193314 0.29438087873548 0.0535237961337236 0
0.00146142323871472 0.00603688833124216 0 0.00474649681528662 0 0 0 0 0 0.00243526763381691 0.0932760710001423 0 0.0734394552267487 0.264493639508071 0 0 0 0.00149966231399138 5.48500542504564e-06 9.97273713644662e-07 0
51.7389842600834 35.32005 4.81545 3.6693 0.6723 0.0163780191365616 0.3078 0 0.2349 35.2998 21.08025 23.3604 22.1859 43.2945 0 0 0 17.4118068520167 0.194186462781646 0.035306629596663 0
24.1870692215614 5.3217 5.13945 3.0132 0.4536 0.00956652702246383 0.2754 0.113057772573794 0.0972 9.6633 13.11795 20.1933 15.3738 11.3157 0 0 0 5.90175384431227 0.0907787712565012 0.0165052311375457 0
175.736539164627 16.5564 15.10245 3.8799 5.35815 2.48099327956478 0.46575 0.66825 0.44955 17.28135 30.3588 83.0331 25.55145 28.22445 0 0 0 38.4585878329254 0.659573383782007 0.11992243341491 0
64.5851293553677 31.5333 15.309 5.9211 5.8725 0.025714588267544 0 0.0729 0.1539 29.3868 87.82425 33.3234 25.64865 41.5935 0 0 0 19.2236858710735 0.242400541819097 0.0440728257852903 0
2.54880260784282 6.38209324443241 0.51952868852459 1.11288829787234 0.328545918367347 0 0 0.9315 0.0421402664425074 5.29493968330134 16.7932115940155 0.373304347826087 6.45173268634478 18.2804277392985 0 0 0 1.78617917045505 0.00956615151657473 0.00173930027574086 0
62.5388145946 10.1521642977809 8.95178920640538 2.93379081081081 1.632312 0.1332 0.0625650945002554 6.43304867256637 0.915705 8.13461170212766 21.1573862109969 23.281346884273 11.7107703608981 11.9415002736888 0 0 0 14.5381957784762 0.234720324845105 0.0426764226991101 0
55.5816780037131 32.8617 6.48 4.3983 1.21905 0.324 0.39285 0.1134 0.8424 35.18235 29.72295 34.70445 15.94485 32.9508 0 0 0 17.6886756007426 0.208608839183115 0.0379288798514755 0
1.20137221953755 0.99291328125 0.0362251665433013 0.617119918338363 0.06615 0.00981379165290778 0.0473258426966292 0 0 3.17404329142428 10.7840927584872 0.11895 2.7052892414793 6.51326721955577 0 0 0 0.438857100157511 0.00450898341226455 0.000819815165866282 0
6.1005251971406 4.9086 0 0.51435 0 0.00404837383742504 0.0300470968840456 0.058280033765385 0.0502823636855141 7.52085 21.37995 0 5.36625 15.32115 0 0 0 2.20182503942812 0.0228964566290681 0.00416299211437602 0
4.43602158591033 16.4268 0 0.82215 0 0.021169226647681 0.45765 0 0.26325 19.71135 143.47125 0 41.73525 106.2801 0 0 0 4.17256431718207 0.0166492510997271 0.00302713656358674 0
20.3563216760984 25.9605 1.5714 3.3129 1.08945 0.0270004013019727 0.6156 0 0.11745 33.7608 165.38175 3.13875 36.55935 130.57605 0 0 0 9.26336433521968 0.0764012312583526 0.0138911329560641 0
38.2158879353514 33.129 8.1162 1.1988 1.25955 0.0139928680124328 0.3807 0.18779463130378 0.49815 22.3074 15.20775 34.2063 10.125 17.67825 0 0 0 14.2689775870703 0.143431654222694 0.0260784825859443 0
0.0519852105814334 0.403078522017884 0 0 0 0.000502948006317742 0.00373288833500585 0 0 0.181773529411765 7.30916802802649 0 1.01235035274588 4.14696208327569 0 0 0 0.0910127465198635 0.000195110598016817 3.54746541848759e-05 0
13.0372842659519 7.95825 0 0.8748 0 0.0115466735207472 0 0.03645 0.977714136303527 17.0505 51.2001 0 21.56625 31.10805 0 0 0 4.19910685319038 0.0489314614905803 0.00889662936192369 0
352.20577848348 32.79285 85.93695 4.2444 19.46025 2.2113 0.2997 0.74925 0.729 38.35755 115.51005 170.1891 24.9804 85.48335 0 0 0 76.999725696696 1.32189673363435 0.24034486066079 0
64.355175657415 0 27.8446662371134 0.124549323495287 0 0.0498667472768525 0.0224308097527646 3.41516582694414 0.0507178215998307 0 0.5497875 80.3703508992918 0 7.2869045183714 0 0 0 12.871035131483 0.241537480901926 0.0439159056185319 0
2.84717722973598 1.50255 0 0 0.440574723488501 0.0708144340154806 0.0318533929701141 0 0.143021578397809 3.56805 115.2063 0 40.5324 214.83225 0 0 0 0.869945445947197 0.0106860094580834 0.00194291081056061 0
0 0 0 0 0.0759775953393489 0 0 0 0 0 19.61415 0 6.54075 37.09395 0 0 0 0 0 0 0
13.8974105339561 9.30285 5.61735 0.419851918433296 4.02165 0 0.0230912286800617 0 0.103679503658079 1.98045 43.6914 20.40795 11.36025 92.41695 0 0 0 4.64005210679121 0.0521596825296656 0.00948357864175739 0
0 1.7577 0 0.147699294280618 0.200287236898334 0 0 0 0.0650182482719831 3.00915 54.20115 0 18.06705 147.5739 0 0 0 0.35154 0 0 0
1.47170090559206 1.33842749791261 0.511009010665686 0.180225 0 0.0412650061119722 0.0185616177531189 0 0.08056352035883 1.8252 48.5996286786824 0.8883 13.2919744513438 76.5330632791392 0 0 0 0.562025680700934 0.0055235795061781 0.00100428718294147 0
0 0 0 0 0 0 0 0 0 0 0 0 0 0 0 0 0 0 0 0 0
69.0569895357782 48.681 14.2236 0.13365 6.56505 1.782 2.10740643390819 0 0.36855 37.03725 175.31235 16.79535 57.6639 560.29725 0 0 0 23.5475979071556 0.259184302128786 0.0471244185688701 0
6.13636379164077 2.0493 0 0.0352398552978747 0.112660379136816 0.0181081223211648 0.008145304615735 0 0.0365723778238123 0.50625 22.2588 0 9.97515 47.76975 0 0 0 1.63713275832815 0.02303096583903 0.00418744833436909 0
0.208711475575227 0.748697563862314 0.164895704697987 0.0289803220035778 0.018641095890411 0.001177495578042 0.000596502626084976 0 0.00586285714285714 0.0983104838709677 12.3749109782335 0 4.64999920197606 33.8380414782443 0 0 0 0.191481807887508 0.000783334728415984 0.000142424496075633 0
3.02372453546914 3.77325171129773 2.27262857142857 0.0714867907951008 0.254799127255398 0.0414535401284661 0.0186464231773111 0 0.0654141861825309 6.47750210260723 53.9227269455024 0 14.3578339595376 118.110548720066 0 0 0 1.35939524935337 0.0113486258063598 0.00206338651024725 0
1.82776831950883 1.30815 0.8424 0.0855113665913989 0.2592 0.0439403134036251 0.0197650110395526 0 0.0887448027461047 2.02095 69.1335 0 27.0945 102.78495 0 0 0 0.627183663901767 0.00685996970805631 0.0012472672196466 0
1.22911369445468 1.05447360285375 0.133859109792285 0.00774 0.90786393442623 0 0 0 0.0371078871247382 0.276675 11.2818269087554 0.225443279267705 3.6807789265237 23.5054984637804 0 0 0 0.456717459461685 0.0046131025588528 0.000838745919791418 0
46.5822087181141 1.863 24.4296 0.107481856846496 5.7834 0 0.0248432480008604 0 0 0 15.93675 63.0018 8.40375 22.51395 0 0 0 9.68904174362281 0.174832082014908 0.0317876512754378 0
26.2736718346826 0 20.27025 0 0 0 0 0.0186905621631148 0.0567958072601478 0 2.9322 29.50425 7.61805 4.95315 0 0 0 5.25473436693651 0.0986101963698378 0.0179291266126978 0
1.36983072311773 0.2268 2.06955 0.1458 0.0624980069064958 0.0100454264628157 0.00451858326796062 0 0 0.1377 10.26675 6.03855 3.5154 17.5365 0 0 0 0.319326144623547 0.00514124091409885 0.0009347710752907 0
12.4041357631155 7.0875 1.9197 0 0.891 0.0498440699870951 0.0224206091682061 0 0.100668425334965 6.7554 58.72095 8.2215 22.6719 116.65215 0 0 0 3.8983271526231 0.0465551321145869 0.00846456947537944 0
0.459873249692289 0.737306523178808 0 0 0 0.0169788545812173 0.00763734307386694 0 0 1.07693181818182 15.5914828972407 0 6.73988834429605 36.4778304210776 0 0 0 0.239435954574219 0.00172599367696791 0.000313817032175984 0
23.9959300508938 10.93095 5.751 0.770766256610175 1.2636 0.0859760409174882 0.0386733108219247 0 0.173642976144181 5.90085 97.5321 21.37995 32.60655 136.6389 0 0 0 6.98537601017875 0.0900613888033711 0.0163747979642493 0
1.83175038556441 2.73375 1.04085 0.0511362564311434 0.10125 0.0262765433817612 0.0118195827428702 0 0.0530698686157181 0.6966 34.76925 1.58355 18.79605 61.5519 0 0 0 0.913100077112882 0.00687491517582985 0.00124998457742361 0
2.09790738157174 0.223510517721641 2.29800197368421 0.00590746613833442 0.0144865384615385 0.00492130618630095 0.00221367722637208 0 0.0273492479613416 0.0267852272727273 2.96909767660174 7.22010671055047 1.88544228903724 6.84797680974236 0 0 0 0.464283579858676 0.0078738541062782 0.00143160983750513 0
65.0589952159811 0 39.06225 0 9.69975 0 0 0 0 0 5.6133 70.5267 4.83165 8.12835 0 0 0 13.0117990431962 0.244179052484148 0.0443961913607542 0
1.29815353411739 0 0 0.00856395874221493 0.0273786265764881 0.00440062001238663 0.00197946478730673 0 0.00888778719834057 0 2.1465 1.6362 4.5441 9.1287 0 0 0 0.259630706823477 0.00487222249417507 0.000885858635304558 0
34.2258577476654 25.2315 4.62915 0.7533 4.9329 0.13035610987249 1.08135 0 0.7614 10.9188 159.732 14.65695 67.6026 336.555 0 0 0 11.8914715495331 0.128456295513603 0.0233556900933824 0
3.72323176196244 0.35235 3.51945 0.0540793717788336 0.30375 0.0277888734486922 0.0124998514563352 0 0.0561242718067913 0.85455 42.02685 3.0861 15.7545 49.167 0 0 0 0.815116352392488 0.0139740123682629 0.00254072952150234 0
8.75656325620899 4.5603 2.5839 0.14175 0 0.058072248770701 0.0261217672141104 0 0.117286606830469 8.13645 78.29865 3.36555 16.9371 140.4864 0 0 0 2.6633726512418 0.0328650836340214 0.00597546975164026 0
0 0 0 0 0 0 0 0 0 0 0.0530160683831787 0 0.0233613648193299 0.188459304714681 0 0 0 0 0 0 0
26.138281588793 0 4.8681 0.0488819553137637 0 0.0251181629049631 0.0112985258559607 0.0166945123707263 0.18843032574596 0 4.87215 29.13975 3.7989 6.09525 0 0 0 5.2276563177586 0.0981020504655373 0.0178367364482795 0
19.0103833493141 7.4844 9.639 0.0680494785710609 1.2057514056762 0.0349674614563632 0.0157288878520637 0 0.0706226294057557 4.131 21.69585 12.96 11.61945 63.9009 0 0 0 5.29895666986282 0.071349663150895 0.0129726660274355 0
0.505722389058 1.61595 0 0.0374852107758997 0.119838688959969 0 0 0 0.0389026367932936 2.3085 30.8043 0 12.64815 46.97595 0 0 0 0.4243344778116 0.00189807440723998 0.000345104437679997 0
44.9893822958841 7.47225 29.4273 0.167086651866738 4.11075 0 0.0386202402130729 0 0 3.7017 49.7502 70.00425 16.10685 62.6049 0 0 0 10.4923264591768 0.168853894905491 0.0307007081646347 0
12.1771579979478 0 7.614 0.0364266434522624 0 0 0 0 0.0378040419272035 0 6.37065 14.2722 7.30215 11.17395 0 0 0 2.43543159958955 0.045703240451495 0.00830968008209 0
0 0.98415 0 0.0376074678470803 0.120229539826834 0 0 0 0.0390295167637435 0.9882 30.34665 0 14.6043 174.3768 0 0 0 0.19683 0 0 0
18.4569992235742 1.16053243862718 15.7264167439703 0.0696947880862181 0 0 0.0336655267191766 0 0.0293423028460105 0 4.09910323859881 36.8274838729523 1.6871441620288 9.71549896723851 0 3.74266829541216 0 3.92350633244028 0.0692727049833988 0.0125950372697089 0
0 0 1.58355 0.0089158205568324 0 0.00458142543072285 0.00206079377230053 0.0151949943261436 0 0 2.1222 0 0.6885 5.9859 0 0 0 0 0 0 0
52.6030925941431 0 22.5504 0.0963862821669065 0.5751 0 0 0.0329185272903897 0.10003093084929 0.4212 5.5971 58.60755 6.0021 6.0345 0 0 0 10.5206185188286 0.197429629288505 0.0358962962342737 0
13.0731228604521 0 3.7665 0.337550767485213 0 0.0236119618352639 0.0106210140572412 0 0 0 19.3914 13.66065 5.6862 25.0128 0 0 0 2.61462457209042 0.0490659707005422 0.00892108558191676 0
35.2731411202816 1.4175 22.30335 0 3.94875 0 0.0176477005149682 0.026075946394952 0 0.1944 7.16445 39.7224 4.05 9.45675 0 0 0 7.33812822405632 0.132386953538045 0.0240703551887355 0
16.848121481137 0 8.7885 0.0311248611947213 2.187 0.0159936182762157 0.00719416902851937 0.0187299835372196 0 0 0.9882 18.92565 0.2835 3.8718 0 0 0 3.3696242962274 0.0632342741498611 0.0114971407545202 0
21.4832463698261 4.1067 5.18805 0 0.9153 0.112762823318791 0.0507224067173621 0 0.227743357690626 19.59795 137.49345 11.53035 74.682 185.7978 0 0 0 5.11798927396521 0.0806307986382653 0.0146601452069573 0
8.09554029098357 2.95245 2.67705 0.223544729875193 1.1016 0.0461927198862882 0.494628177208543 0 0.0932939138817456 1.52685 63.8361 6.0426 21.1734 70.54695 0 0 0 2.20959805819672 0.0303841359836132 0.00552438836065695 0
16.529556196691 7.60185 3.0861 0.0891 1.88325 0.0643713256756179 0.028955186343852 0 0.130008644843136 4.17555 82.46205 15.91245 28.24875 142.641 0 0 0 4.8262812393382 0.0620386367279777 0.0112797521323596 0
4.10152803724205 0 0 0.00945554079789817 0.0302289780202102 0.00485876255545891 0.00218554416453678 0 0.00981308259259678 0 0.85455 5.7267 0 0 0 0 0 0.82030560744841 0.0153938318067495 0.00279887851031808 0
24.2507822784506 0 10.15335 0.0408994631296031 0.14175 0.0210163315076236 0.00945346066249968 0.0139682749757142 0.0424459920656126 0 2.72565 19.58175 1.0773 3.20355 0 0 0 4.85015645569011 0.0910178987408778 0.0165487088619778 0
0.00265218481341804 0.00859806137012369 0 0 0 0 0 0 0 0.0622000230096641 0.213569424645455 0 0.0600266546829127 0.394596693479921 0 0 0 0.00225004923670835 9.95416502519525e-06 1.80984818639914e-06 0
2.73567938017989 0 0 0.0682790833144977 0.218285442670064 0.0350854446530742 0.0157819584609156 0 0.0708609161795273 3.20355 50.9328 0 20.70765 100.9503 0 0 0 0.547135876035978 0.0102675363604242 0.00186682479280439 0
18.4489120354781 0 8.60625 1.80772821165539 0.134042781438718 0 0 0.0143196204748846 0 0 4.53195 19.33065 3.6369 4.64535 0 0 0 3.68978240709561 0.0692423521948255 0.0125895185808774 0
34.9208307835458 0 58.4422447942755 0.0643092073608758 0 0 0 4.64883485227842 0.061005379084623 0 0.329785714285714 85.7511099784243 2.32592071932921 1.30916875551633 0 0 0 6.98416615670915 0.13106466437697 0.0238299389776309 0
61.8215755127988 0.21465 50.50755 0.110019436543441 4.2039 0.0565338704655352 0.0254297816129767 0.0375746189489611 0 0 1.8549 75.39885 0 4.41855 0 0 0 12.4072451025598 0.232028387184258 0.0421869794880468 0
2.81272432883303 2.35861300410529 0.534681 0.0700590998860913 0.600689325842697 0.0369038244400529 0.0165998929220013 0 0.0349932707858189 0.222443697478992 35.8686490492939 1.48665561379983 9.95718470428353 36.3823687140855 0 0 0 1.03426746658766 0.0105567010254848 0.00191940018645179 0
17.9073510519199 7.57755 7.60995 0.134786930036769 1.78605 0.0692607332172355 0.0311545150821166 0 0.139883620104245 4.5765 79.4205 18.8082 36.7983 126.39645 0 0 0 5.09698021038398 0.0672097685776236 0.0122199579232043 0
10.8630761996081 11.1456 0 0.1215 4.2525 0.0424463703283894 0 0 0.393527535156139 5.85225 58.63185 3.1428 15.5196 108.4752 0 0 0 4.40173523992161 0.0407712360862257 0.00741295201567741 0
5.25234512730317 1.76985 0 0.0346076967834772 0.77355 0.0177832854678827 0.00799918813422072 0 0.0359163155375838 0.4536 21.37185 4.2363 9.2745 27.64935 0 0 0 1.40443902546063 0.0197130719933034 0.00358419490787335 0
2.84408812556197 3.19293363688105 0.569900675675676 0.0745648859010538 0.574915909090909 0.0383154261941992 0.0172348525318217 0 0.0758962418360759 1.3203 56.2281309004524 0.727731991525424 16.0271699487484 79.2604484977443 0 0 0 1.2074043524886 0.0106744154497878 0.00194080280905232 0
9.3180505622782 0 13.6117248175182 0.0384544786470315 0.113465960912052 0 0 0 0 0 2.67081055600322 17.3467636971649 2.76274046511628 7.30491906976744 0 0.580307142857143 0 1.86361011245564 0.0349724546120499 0.0063586281112818 0
6.37528775497526 3.9447 0 0.0542165382489387 0.173328060032628 0.0278593569168571 0.733431555975909 0 0.0562666249443692 1.51875 32.2218 5.31765 7.5735 36.27585 0 0 0 2.06399755099505 0.0239276939054426 0.00435048980098956 0
2.27375971773321 1.458 0 0.062234812990518 0.603962157130182 0 0 0 0.0645880942258238 0 53.35065 0 20.05155 93.54285 0 0 0 0.746351943546643 0.00853386209869314 0.00155161129067148 0
39.5060773373576 0 25.1748 0.0722092008709877 4.4388 0 0 0.0246613988635094 0 0.2025 3.33315 42.13215 0.87885 13.55535 0 0 0 7.90121546747153 0.148273985781322 0.0269589065056949 0
0 0.0563299227799228 0 0 0 0 0 0 0 0.167619375 4.98706081504702 0 1.45254342943346 9.11427450553134 0 0 0 0.0112659845559846 0 0 0
3.70332143168457 6.10335 1.2393 0.120757185648843 1.296 0.0620515002234057 0.0279116941126604 0 0.125323369836768 7.9704 100.9989 1.7415 30.1806 277.87455 0 0 0 1.96133428633691 0.0138992850293951 0.0025271427326173 0
56.3661450166613 90.57825 3.9204 0.38475 9.5985 0.175477787492533 1.27773253685123 0 2.02905 31.6062 154.13085 25.43805 60.2964 336.8466 0 0 0 29.3888790033323 0.211553096334503 0.0384641993335461 0
34.9904144303358 14.9202 2.57985 0.1944 4.3092 0 0.697623960668826 0 0.31185 12.96 105.4215 13.02885 40.69035 207.45315 0 0 0 9.98212288606716 0.131325825326124 0.023877422786568 0
13.1965669081749 5.1111 3.2238 0.26528822812628 2.8269 0.0364261627975165 0.911435033561505 0 0.0735687204269326 1.92375 37.4463 11.8017 8.7075 42.525 0 0 0 3.66153338163498 0.049529280201522 0.00900532367300401 0
5.65453379891622 0.2673 0 0.0314618136104143 0 0.0161667624480123 0.00727205187008123 0 0 2.106 18.50445 6.0021 3.38985 13.7862 0 0 0 1.18436675978324 0.0212225642384313 0.00385864804335114 0
9.97066038556297 0 9.23983624454148 0.0410157564412139 0 0 0.0141573086013614 0.0189918584458791 0.463408923240984 0 1.71429792370835 18.9331428144703 2.10845245880199 2.28457025241957 0 1.88424984552731 0 1.99413207711259 0.0374218261057612 0.00680396838286568 0
0.557489247780472 0.6237 0 0.0398200226474715 0.127302987222292 0.0204616572581515 0.00920395987802718 0 0.0413257347655432 2.6082 33.7122 0 10.4652 84.8556 0 0 0 0.236237849556095 0.00209236548829604 0.000380430088781099 0
80.3103082088326 1.3851 36.94815 0.578915265335717 9.3474 0 0.030837469886378 0.0891 0.401710088728466 0 4.9248 70.8021 2.25585 7.1766 0 0 0 16.3390816417665 0.301420194056818 0.0548036716466943 0
0 0 0 0.000870708897188983 0.00278362080791592 0 0 0.000297370683355828 0 0 0 0 0 1.69695 0 0 0 0 0 0 0
0 0 0 0 0 0 0 0 0 0 0 0 0 0 0 0 0 0 0 0 0
0 0 0 0 0 0 0 0 0 0 0 0 0 0 0 0 0 0 0 0 0
0 0 0 0 0 0 0 0 0 0 0 0 0 0 0 0 0 0 0 0 0
4.58858420063973 0 11.3259014379868 0 0 0 0 0.0165181998615923 0.0127372164528016 0 2.36992740213523 12.2385731019377 0.312217622483859 1.40890163311812 0 0 0 0.917716840127946 0.0172218482415283 0.00313124513482332 0
0 0 0 0 0 0 0 0 0 0 0 0 0 0 0 0 0 0 0 0 0
0 0 0 0 0 0 0 0 0 0 0 0 0 0 0 0 0 0 0 0 0
0 0 0 0 0 0 0 0 0 0 0 0 0 0 0 0 0 0 0 0 0
0 0 0 0 0 0 0 0 0 0 0 0 0 0 0 0 0 0 0 0 0
0 0 0 0 0 0 0 0 0 0 0 0 0 0 0 0 0 0 0 0 0
0 0 0 0 0 0 0 0 0 0 0 0 0 0 0 0 0 0 0 0 0
0 0 0 0 0 0 0 0 0 0 0 0 0 0 0 0 0 0 0 0 0
0 0 0 0 0 0 0 0 0 0 0 0 0 0 0 0 0 0 0 0 0
0 0 0 0 0 0 0 0 0 0 0 0 0 0 0 0 0 0 0 0 0
0 0 0 0 0 0 0 0 0 0 0 0 0 0 0 0 0 0 0 0 0
0 0 0 0 0 0 0 0 0 0 0 0 0 0 0 0 0 0 0 0 0
0 0 0 0 0 0 0 0 0 0 0 0 0 0 0 0 0 0 0 0 0
0 0 0 0 0 0 0 0 0 0 0 0 0 0 0 0 0 0 0 0 0
0 0 0 0 0 0 0 0 0 0 0 0 0 0 0 0 0 0 0 0 0
0 0 0 0 0 0 0 0 0 0 0 0 0 0 0 0 0 0 0 0 0
0 0 0 0 0 0 0 0 0 0 0 0 0 0 0 0 0 0 0 0 0
0 0 0 0 0 0 0 0 0 0 0 0 0 0 0 0 0 0 0 0 0
0 0 0 0 0 0 0 0 0 0 0 0 0 0 0 0 0 0 0 0 0
0 0 0 0 0 0 0 0 0 0 0 0 0 0 0 0 0 0 0 0 0
20.8856936962171 0 22.5096884328358 0 0.384368462243733 0.0439326521570854 0.0197615648961207 0.0535190354444091 0 0 1.44592184677367 28.6731408598569 2.76185438993483 4.36762171433744 0 2.75068344878773 0 4.17713873924342 0.0783880673269868 0.014252375877634 0
1.7624289440197 0 5.26424796905222 0 0.136905843479737 0 0 0.0202362722672848 0.00303020878429116 0 0.0100669683257919 1.36709031586255 0.0657875 0.37715 0 0 0 0.35248578880394 0.00661473833391845 0.00120267969707608 0
0 0 0 0 0 0 0 0 0 0 0 0 0 0 0 0 0 0 0 0 0
0 0 0 0 0 0 0 0 0 0 0 0 0 0 0 0 0 0 0 0 0
0 0 0 0 0 0 0 0 0 0 0 0 0 0 0 0 0 0 0 0 0
7.21550369270154 8.4807 3.3291 0.5832 1.2069 0 0.75530474138152 0 0.111128957181476 9.81315 68.97555 2.32065 23.63985 90.31095 0 0 0 3.13924073854031 0.0270811876056602 0.00492385229193822 0
0.278744623890236 1.80225 0.0477054198856909 0 0.0242058438245474 0 0 0 0.0162281230747823 1.4175 54.67905 0 16.4511 216.63855 0 0 0 0.416198924778047 0.00104618274414802 0.000190215044390549 0
1.62070088461895 3.5478 0.25515 0.16605 0.2187 0 0 0 0.0263589063024262 2.3814 88.90965 0 23.5791 169.5249 0 0 0 1.03370017692379 0.00608280538383207 0.00110596461524219 0
14.319509535847 8.32275 0 0 1.1583 0 0 0 0.978073570667903 2.1951 61.7706 2.77425 18.71505 219.53025 0 0 0 4.5284519071694 0.0537439021136612 0.00977161856612022 0
28.6629114680274 16.9533 16.13925 0.2025 1.58355 0 0.0521967095176318 0 0.0337802848733017 9.69975 52.5852 32.1165 11.20635 77.26185 0 0 0 9.12324229360549 0.107577477033964 0.0195595412789025 0
1.68043187545257 0.92745 0 0.14985 0.12555 0 0 0 0 4.0176 46.251 0 16.03395 105.9318 0 0 0 0.521576375090513 0.00630698740043521 0.00114672498189731 0
0.0704916157267257 0.153848345954564 0.0249688073394495 0 0 0 0.0268926096337303 0 0 0.0249013921113689 3.89492642565646 0 2.04312078808157 19.2558334236108 0 0 0 0.0448679923362579 0.000264568733025875 4.81034060047045e-05 0
1.25036874145049 0.78165 1.08945 0.20655 0.0729 0 0.0095016866478307 0 0.00614923210115662 0.87075 19.8774 0 3.8961 19.2456 0 0 0 0.406403748290098 0.00469287688089255 0.000853250341980464 0
7.82077773314891 4.58055 0 0.0376959296593902 0.0347114615077012 0 0 0 0.0232713171883434 4.3983 59.5755 0.6885 33.4449 364.64985 0 0 0 2.48026554662978 0.0293528987072388 0.00533689067404341 0
0.0511714884058194 0.029679415501906 0 0.0302881188118812 0 0 0 0 0 0.0652505689001264 0.00439709972041006 0 0.040579655364991 0.329461440619663 0 0 0 0.0161701807815451 0.000192056540554553 3.49193710099187e-05 0
0.00405631458850505 0 0 0.0189931034482759 0 0 0 0 0 0 0.0070264299631955 0 0.003646484375 0.027857421875 0 0 0 0.00081126291770101 1.52241369469458e-05 2.7680248994447e-06 0
