55.3499531265287 8.09844679453313 33.1733928401447 0 9.89688498149127 0.894843572395128 0.0806597891312769 0.0114427065908331 0.0918 4.62849430996542 7.07253534582174 109.023894360366 5.34086128922409 4.94380263596004 0 0 0 0.510224928678251 0.0927681688505911 0.960731071226992
12.363664889859 0.527755335365854 10.7352631578947 0 2.16098002518892 0 0.00363818099225032 0 0.0419175 0.818609907120743 2.16701246752653 27.4952204902944 0.701966854084313 1.72832748164698 0 0 0 0.113970286880092 0.0207218703418349 0.214601031129559
204.695038260381 7.3199902755127 42.6524155657845 0 20.3385909393737 0.300338920601972 0.0796020052029614 3.24955697503639 1.06696022727273 0 9.12437701300182 180.366049316107 6.02735939400895 14.2447029496155 0 0 0 1.88691237115317 0.343074976573303 3.55297289833639
0 0 0 0 0 0 0 0 0 0 0 0 0 0 0 0 0 0 0 0
1.3134443666441 1.0368 0 0.23085 0 0.0272598807405121 0.322331543290326 0 0.134692988423606 6.2775 30.4641 0 25.3692 30.9663 0 0 0 0.0121075451818701 0.00220137185124911 0.0227979743809077
21.8039102540947 0.12555 7.3629 0.0439558854718982 1.6524 0.0347821095006994 0.0392117600962594 0 0.649760849903274 3.68955 13.10985 26.2764 12.3768 16.8804 0 0 0 0.200992014010765 0.0365440025474118 0.378459111021605
48.2525706986124 8.88975 7.7598 0.2997 2.2518 0.0707258575059269 0.0797330983351905 0 0.34946143737665 12.4335 31.17285 31.14855 27.17955 38.2806 0 0 0 0.444800095619987 0.0808727446581795 0.837538991781281
19.2724113351438 0 7.1118 0.0317272932975799 1.09755 0.0251056753331188 0.028302990599148 0 0.3645 1.86705 8.7804 16.97355 5.7591 8.8452 0 0 0 0.177656242570848 0.0323011350128814 0.334518881069576
99.1026794184092 4.6332 72.07785 0.172756723696564 27.1917 1.54305 0.154111221554989 1.1988 0.486 5.4756 7.70715 187.7661 4.7628 11.1375 0 0 0 0.913544721934846 0.16609904035179 1.72016448038291
112.670046088381 42.9948 30.71115 1.39725 14.45445 0.166965494211055 0 0 1.3122 29.99025 71.21115 82.7253 42.89355 59.89545 0 0 0 1.03861092886936 0.18883835070352 1.95565864032871
68.1874866682599 11.9287002584658 26.8433833081877 0.162 6.66192518155983 0.334503849812202 0.116355745341615 0.523019930761045 1.54973659432933 12.5399130833095 17.4740716001634 55.7558670011578 16.2519819443285 33.9219483340287 0 0 0 0.628563414363347 0.114284257156972 1.18355722833802
18.4212406841342 0.8019 12.0366 0.32805 1.05705 0.0443390275360701 0.171485792569909 0 0 2.4705 17.03835 43.578 15.32115 14.4018 0 0 0 0.169810012173658 0.0308745476679379 0.319744774766865
83.8549844804961 0 54.2376 0.16672255168827 12.04875 6.89715 0.148728313154246 5.26905 0.2592 0 1.7577 181.45215 2.87145 20.13255 0 0 0 0.772988973957605 0.140543449810474 1.45550419678779
81.0850110257019 81.82215 48.2274 1.8225 18.3222 0.215582324771956 0.21465 0 1.053 37.86345 128.0367 87.8931 78.6186 85.49145 0 0 0 0.747454905208131 0.135900891856024 1.40742466981129
1.96946544349796 1.90158796998041 0 0.739177128712871 0 0 0 0 0.0129448598130841 5.26352638554217 15.4230108374419 0 11.8144277444984 23.1914109969103 0 0 0 0.0181548548586106 0.00330088270156556 0.0341847921885495
63.4195511782401 13.91985 9.90225 0.32805 2.61225 0.080141396701976 0.0903477467688913 0.0243 0.537734278910976 19.6344 27.59265 40.4352 26.9973 40.8483 0 0 0 0.584611804507839 0.106293055365062 1.10079828253735
26.276225010908 3.90825 7.8651 0.0472124227462158 3.0051 0.0373589939122497 0.0421168217728512 0 0.184593417060037 3.13875 17.41905 17.1477 13.96845 19.20915 0 0 0 0.242218543554619 0.0440397351917489 0.456086850603523
128.886314525719 18.0873 60.75405 0.19035 11.4048 0.138538144910785 0.156181570939891 0.903378885922579 0.41715 6.30585 10.65555 138.6558 6.54885 7.52895 0 0 0 1.18809514591926 0.216017299258048 2.23713083799243
40.8011586632655 5.2812 19.10385 0.243 1.27575 0.0775528521799662 0.0874295400168398 0 0.6804 5.02605 39.41865 55.8657 21.08835 29.68245 0 0 0 0.37611175968597 0.06838395630654 0.708201880139875
17.65078449141 1.3851 6.42735 0 0 0.0346961161860606 0.0391148151647442 0 0.77355 1.944 13.70115 21.19365 10.92285 19.32255 0 0 0 0.162707820865857 0.0295832401574286 0.306371661303204
164.151195118409 9.5094 111.4074 0 11.3805 1.1502 0.216816517766582 1.25410099982264 0.2511 3.8394 6.96195 262.7559 5.2974 11.2509 0 0 0 1.51317258806489 0.275122288739071 2.849237345672
33.3607531449576 2.2761 21.3354 0.98415 4.83165 0.2673 0.0685334940435335 0.0567 0.38475 4.0743 17.51625 66.5739 12.59145 17.3421 0 0 0 0.307524883627779 0.0559136152050506 0.57905581297652
48.4139996151832 0.31995 19.41165 0 1.53495 0.5832 0.0636221652249063 0.368000657151658 0.404398982075711 2.1627 3.34125 77.65875 4.1148 7.58565 0 0 0 0.446288173798764 0.0811433043270481 0.840340977459382
117.956843106074 2.64465 65.41155 0 6.0831 0 0.141626686137147 0.819191132279775 0 0.7857 1.51065 173.21445 5.44725 9.96705 0 0 0 1.08734548922432 0.197699179858967 2.04742367128649
51.4151099277945 68.16555 20.4282 1.4742 13.60395 0 2.32875 0 0 28.9332 53.09955 40.2246 47.0124 80.0037 0 0 0 0.473952899940579 0.0861732545346508 0.892432438474975
82.5195270797741 1.0773 20.6226 0 2.7621 0.8829 0.103860884341454 0 0.87885 2.06955 8.63055 106.11 4.1877 15.0822 0 0 0 0.760678509024084 0.138305183458924 1.43232413345077
86.9634126215784 0.427181164656664 18.5333524260725 0 0.786578313253012 0 0.118382182873413 0.182473662082752 0.46272534112575 0 3.26845945945946 106.1305640439 2.0153659030315 4.66085253777032 0 0 0 0.801642973410137 0.145753267892752 1.50945841588148
0 0 0 0 0 0 0 0 0 0 0 0 0 0 0 0 0 0 0 0
1.08668653377731 2.52551816845014 0.026978010743372 0.264132964907433 0.0428845794392523 0.00352029531883897 0.136415805543006 0.288663660530846 0.00762171428571429 2.67900221732133 7.90027793839812 0.0439339608433735 4.1912933407874 4.18325226339282 0 0 0 0.0100172543583672 0.00182131897424859 0.0188620488132524
7.58797335236912 18.9916914813447 0 1.01021830985916 0 0 0 0 0.1377 18.7097128643216 73.9722627111115 0 30.7675288945786 53.36508771493 0 0 0 0.0699471805093435 0.012717669183517 0.131707460539283
6.03232656680336 8.72946286005947 0.422631878698225 3.10992 0.0581370967741935 0.0103235506206867 0.051164900886655 0.010125 0.241193825042882 11.3349521061743 48.494375647773 0 24.2673457538896 22.5076254810786 0 0 0 0.0556069737814464 0.0101103588693539 0.104705482789982
13.6293606498028 46.1039271492463 0 4.3173 0.8829 0.027856114475544 0.34425 0.610704083395688 0.7533 56.7336754205653 136.629172454087 1.62384141407655 61.520597576192 103.073487065672 0 0 0 0.125637677588977 0.0228432141070867 0.236570214021521
13.7940261412161 28.8192817737868 0.525252760023242 1.46772717872969 0.704785865724382 0.0171119240936015 0.505360989891004 0.422720788665576 0.373986486486486 31.8888711336792 75.5518165427083 1.54417114517583 39.3790245696373 67.6599937831638 0 0 0 0.127155591044478 0.0231191983717232 0.239428378211795
2.77047391952981 10.164831593129 0 0 0 0.0103827963219206 0.0858 0 0 18.917593053152 43.1103996157157 0 27.211138665816 49.021784878857 0 0 0 0.025538682115334 0.00464339674824254 0.0480882137412435
4.49774832400193 12.3318972742861 0 3.604043728223 0.378323353293413 0.00275539488560544 0.0198868756814993 0 0.0200475 32.6827604814979 -6.29933519975481 0.295370410205103 8.45870069917761 15.0528600493435 0 0 0 0.04146098032966 0.00753836005993817 0.0780692000867604
0.972736985111441 0.782731194712273 0.332538189052172 2.66672903225806 0.667610526315789 0 0 0.378064340425532 0 0.607720063150823 4.88567385193101 0.0550699947694536 0.409936179767712 0.597374374793001 0 0 0 0.00896684876528474 0.00163033613914268 0.0168841813396282
13.8306010455374 24.0413650326001 0.560851263918146 3.32718351870576 0.597236600719425 0.0236885356626901 0.0300483870967742 0 0.0150685378590078 43.7315429528093 47.7734260157043 0.790779345242659 21.5599851635752 35.7179275007579 0 0 0 0.127492744499805 0.0231804989999645 0.240063223320487
5.19299699801479 5.34751406927261 0.0851116259189605 2.82775829397875 0.032805 0 0 0 0.065218064516129 9.30664545489479 -3.1082717475855 0.617184982189119 4.24496801269978 4.31286896625948 0 0 0 0.0478698964185489 0.00870361753064526 0.0901369068439208
9.60782018849801 6.63983309668193 0.31153225649745 0.625810396659708 0.117409792418773 0 0 0 0.021597227926078 7.13875104457069 9.17187192603252 0.346776759952875 1.43637760073742 2.32571406185334 0 0 0 0.0885664592926332 0.0161029925986606 0.166766742525531
0.120670289000605 0.0692054137767807 0.00365061633281972 0.0320444986284669 0 0 0 0.0123734948394487 0 0.186462663934426 0.0115354610899875 0.0023043453887305 0.00584835249238332 0.00890552753526716 0 0 0 0.00111235847766975 0.000202246995939955 0.00209452202699801
18.5132760466334 47.7337333651797 0.2550234375 4.46554493087558 1.2543343902439 0.0310526133722317 0 0 0.598881976744186 89.5111610379097 123.368368082392 1.40780484908461 62.3223096119251 125.733183820884 0 0 0 0.170658409211316 0.0310288016747848 0.321342269026752
0.157514232630706 0.207075732427529 0 0.0136194690265487 0 0 0 0 0 0.517053784302154 6.43459984292884 0.000435610465116279 2.83199274588536 5.05723069320037 0 0 0 0.00145199198138601 0.000263998542070184 0.00273403695758985
1.95440412105554 2.8112002781061 0.295627592213115 1.61104396092362 0.163537974683544 0 0 0 0.112135642737896 4.72449953601761 13.6243724540781 0 4.18945968645017 8.04023463193258 0 0 0 0.0180160171228059 0.0032756394768738 0.0339233668462169
52.6934556687039 64.6026302353011 5.43601609159347 40.5901389319996 2.74423117588933 0.0446824723260135 0.462857142857143 14.3878999573015 1.58814447839371 98.0563627855735 255.885154502431 3.31797647905528 82.9590162879145 139.21370433646 0 0 0 0.4857369002448 0.0883158000445091 0.914621192099658
8.35898199489478 30.2613658314978 0 3.62128695652174 0.3078 0.0854531929752376 0.835409993223019 0 0 30.0308529863986 103.111662446398 0 37.7709607815903 59.2861162745017 0 0 0 0.07705446438985 0.0140099026163364 0.14509016309308
1.24997791031267 1.10534038481325 0.89150625 0.8762094 0.129445058448459 0.00161226284403122 0.0551818951483201 0 0.0359370712401055 1.28371121372673 9.86466067164415 0.103745554202192 1.67351669801292 1.84356529887971 0 0 0 0.0115225009979817 0.00209500018145123 0.0216963619470382
0.45741620692032 0.428222309770374 0.110410658124636 0.064661453879047 0 0 0 0.000949920760697306 0.0107461346633416 0.333634295117937 7.31973135206425 0.0470233099649474 0.753586186459995 1.23052546159106 0 0 0 0.00421653747418148 0.000766643177123905 0.00793955437444662
74.5031138364295 35.44155 55.6308 2.5272 5.04225 0.2916 0.2673 0 1.7901 20.07585 137.32335 61.44255 45.1008 56.2788 0 0 0 0.686781899464346 0.124869436266245 1.29318007193602
39.5299426503449 68.1179021828104 3.04155 12.43755 4.6332 0.186306562544619 1.12185 0 1.5957 84.23595 93.2727322527818 9.8253 58.7246337972837 101.860914802447 0 0 0 0.364393482381482 0.0662533604329966 0.686136880029354
18.4064384870917 15.1562997612912 3.30262357158443 0.656851546391752 2.64511971356361 0.00433928571428571 0.0348457792207792 0.0054 0.217658389963408 9.86031986699092 2.37765466784945 10.018743155291 5.59100045722868 7.46672181294499 0 0 0 0.169673563098209 0.030849738745129 0.31948784716679
14.4185373209813 72.5355 1.7172 3.2643 2.56365 0.0992376320018683 0 0 0.42525 41.229 40.7754 9.86175 21.1491 25.12215 0 0 0 0.132912437331702 0.0241658976966732 0.250268266248512
35.2832247877551 77.70735 0.27135 8.96265 0.3645 0.304210969450719 1.32435 0.6075 0.5913 108.3375 251.99505 3.0861 113.9184 129.9726 0 0 0 0.325246541938672 0.0591357348979404 0.612424915142988
17.4280952154927 7.25822670996582 5.1129412528006 11.9031798387097 0.117804896907216 0.0603515634564103 0.0204175182481752 1.10346923076923 0.246476712328767 16.0000347210014 18.9410190963729 1.46421221496107 9.35415851398121 10.7366727704225 0 0 0 0.160655034666335 0.0292100063029701 0.302506355290862
0 0 0 0.19035 0 0 0 0 0 0.7614 1.87452787871638 0 0 0 0 0 0 0 0 0
0 0 0 0 0 0 0 0 0 0 0 0 8.50103539156626e-05 0.000151531908885542 0 0 0 0 0 0
60.2643496270838 37.7298 15.0174 9.50535 2.51505 0.171440454650351 0.27135 0 2.4948 76.40325 53.60175 35.7858 57.61935 43.72785 0 0 0 0.555526640104464 0.101004843655357 1.04603219882902
39.6387364432126 24.3793569608569 7.09721138297872 0.997059375 5.26839972862958 0.118794563757927 0.190932471910112 1.11247682165163 0.53039356223176 25.728579628547 -7.03231913050192 20.7286163378545 19.9968197501121 22.1469506611385 0 0 0 0.365396361373622 0.0664357020679313 0.688025257006398
10.1300315945684 6.69858665065202 0.447748207171315 4.43587294724316 0.467389285714286 0.0594612581812907 0.168840548780488 0 0.312818048780488 24.6536429331416 40.3328006257974 0.231746256239601 14.2286065938804 14.773140742851 0 0 0 0.09338028951952 0.0169782344580945 0.175830972849522
21.759884185939 20.96685 4.45095 1.48635 0.10125 0.0561103224188177 0.1215 0.0845083205180606 0.2592 24.38505 14.64075 9.78075 14.4261 11.57085 0 0 0 0.200586174507462 0.0364702135468113 0.377694933109396
68.3247889385841 14.35725 18.9135 10.1979 1.1583 0.615353233305589 0.556941534219194 1.34865 1.863 28.05435 35.1297 46.3563 17.41095 18.22095 0 0 0 0.629829089167504 0.114514379848637 1.18594043825599
70.8195994674053 89.52525 30.8691 6.4314 12.7899 0.3564 2.15865 0 1.6524 52.21665 63.96165 44.72415 39.1068 36.11385 0 0 0 0.652826661021336 0.118695756549334 1.22924385328118
45.8788318572193 30.1482 21.6837 6.64605 5.30955 0 0.16605 0.189895836356205 1.7415 24.6645 58.73715 45.47745 25.47045 14.01705 0 0 0 0.422918582400239 0.0768942877091343 0.796337066014668
0.630784115564269 0.786678961504028 0 0.294723431734317 0 0.0180166392083596 0.0228178710820514 0 0 2.88529329173167 4.78524990170181 0 1.41327930053263 2.77582549796921 0 0 0 0.0058146712362959 0.0010572129520538 0.0109487698693023
70.7535603651718 210.6 30.60585 5.1516 23.63985 0.2592 3.20355 0 2.349 87.5772 108.2079 56.3436 75.2733 60.27615 0 0 0 0.652217901766382 0.118585073048433 1.22809758641287
14.1140236829046 25.1019 5.86845 5.832 4.01355 0.237836672598288 0.18225 0 0.57105 25.20315 75.26115 1.1097 30.1077 31.6872 0 0 0 0.130105380767191 0.0236555237758528 0.244982702355732
25.9533671777664 59.5674 6.00615 6.1155 1.8225 0.128291802228799 1.24335 0 0.6885 51.22845 57.61935 11.35215 36.4257 56.28285 0 0 0 0.239242387197064 0.0434986158540117 0.450482879247322
2.2415013299647 1.01391509714612 0.168640430042399 1.36655550055686 0.1683 0.0341701075851318 0.0107534482758621 0 0.00593480769230769 4.00608659061411 2.28686288051136 0.866404274265361 4.01690025202724 6.47111086331932 0 0 0 0.020662526192191 0.00375682294403472 0.0389066268759235
0.0312003517391027 0.0210950127732688 0.00015942679558011 0.0362452673184939 0 0 0 0 0 0.0882285052085089 -0.00684347317508274 0 0.22768729139923 0.0829998716302952 0 0 0 0.000287609949812047 5.22927181476448e-05 0.000541556869622719
29.3360367477269 35.07705 8.9181 5.63355 2.3085 0.243853497253985 0.486 0.0162 0.5022 40.419 24.3648 19.83285 20.24595 25.839 0 0 0 0.270424389034171 0.0491680707334856 0.509197215502062
3.27570264401429 2.79561125834413 0 0.225377027027027 0 0.0364387923482359 0.187899321001106 0 0 6.84481583683263 38.2163310437159 0 11.6079647801009 7.22174908074982 0 0 0 0.0301959632033056 0.00549017512787375 0.0568576689308266
255.687767371861 381.653361304435 43.8150747971304 2.39355 36.7336661274976 0.71681979279539 1.6038 2.42957848543689 9.90972281126265 224.360165573365 70.8070313211127 113.983725919849 103.074309125585 139.461063750821 0 0 0 2.35697169558545 0.428540308288263 4.43807390559596
66.8977205137344 67.9218155875008 23.2891826707479 2.49075 11.4612876681103 0.2752734375 0.4220859375 0 2.97047193593315 26.8908635004822 28.3928385458158 48.2155211743955 17.9812845355883 36.2107769865452 0 0 0 0.616674138816898 0.112122570693981 1.16117024606837
21.4905334815606 6.05081178244231 4.82589741976085 7.17916728813559 0.1377 0.0582817099727612 0.061965 1.45395 1.15823017241379 18.4590839764277 30.3712754891076 7.94549379447594 13.9369572592716 17.2930406452686 0 0 0 0.198103255621935 0.0360187737494428 0.373019706191649
67.5249820337561 22.5504 6.79185 11.23065 0.8829 0.0648 0.35235 0.1863 1.23525 62.7507 64.4193 27.4671 46.33605 48.8673 0 0 0 0.622456338190835 0.113173879671061 1.17205787285086
0.001925756354878 0.00884253140995812 0 0 0 0 0 0 0 0.0103555384615385 0.0843899265319915 0 0.0932510843100994 0.1199161123159 0 0 0 1.77519373245572e-05 3.2276249681013e-06 3.34261162157583e-05
42.4704804141679 42.66675 5.8644 7.0875 1.0611 0.156989998115643 0.324 0 0.53055 50.50755 20.9628 14.06565 34.32375 33.84585 0 0 0 0.391499840852872 0.0711817892459767 0.73717695931114
14.7524016711618 5.751 5.76315 3.7908 0.7938 0.0454077097890294 0 0.0683890080723445 0.44955 11.0079 10.77705 23.38875 6.4476 13.25565 0 0 0 0.135990053565083 0.0247254642845605 0.256063282082765
113.924789030817 18.48015 17.7471 7.22115 7.3386 0.154270961954795 0.32805 0.2106 0.91935 23.98815 22.38435 84.31695 20.0799 24.09345 0 0 0 1.05017735471349 0.190941337220635 1.97743771082667
30.4256819345797 45.5544 16.2162 7.5654 5.91705 0.14698156172834 0.61155 0 0.76545 30.2049 91.17765 28.1394 28.593 26.23995 0 0 0 0.280468916740918 0.0509943484983487 0.52811061882924
2.11628214824746 6.72599650340228 1.22474583333333 1.37704792899408 0.00822125748502994 0 0 1.2703935483871 0.018073125 8.59195454863541 18.5438731885909 0 9.35637439301439 17.5538105154889 0 0 0 0.019508235276808 0.00354695186851055 0.0367331479153477
45.2976221554635 12.9550336652992 9.72481085861182 7.27654025229358 2.554875 0.138491379310345 0.0840529586563404 6.4233 0.565177756653993 12.5264964055011 21.1728947551472 20.5030834912106 8.59737425045635 13.0852487134605 0 0 0 0.417560896225735 0.0759201629501337 0.786248778891844
48.832247262662 36.1179 11.4858 8.8614 2.92815 0 0.8829 0.162 2.03715 37.49085 33.8418 32.05575 19.55745 22.1211 0 0 0 0.450143649080142 0.0818442998327531 0.847600667625369
0.930395122998261 1.07103951228223 0.00306295938104449 0.769065715691097 0.1366875 0.00654273815686731 0.00432931034482759 0 0.0102616564417178 5.29608173598553 12.0073179308354 0.0535754585635359 5.11022238884238 7.50285014075825 0 0 0 0.00857653454898512 0.00155936991799729 0.0161492368591378
3.21390297536378 6.1074 0 0.75735 0 0 0 0 0 11.86245 23.5791 0 11.5101 13.2678 0 0 0 0.0296262837411123 0.0053865970438386 0.0557849875912715
5.23910211052452 19.56555 0.27945 0.74925 0 0.172092232103031 0.3402 0 0.324 30.4965 176.58405 0 100.0026 103.56255 0 0 0 0.048294900893046 0.00878089107146292 0.0909371715528946
20.7876418475013 27.24435 0.5022 5.7753 1.3041 0.18710445635319 0.8667 0.07695 0.38475 73.0134 203.06295 1.0368 63.92925 123.29415 0 0 0 0.19162388547619 0.0348407064502163 0.36081933754811
39.8325851638408 31.64265 8.58195 4.18365 1.8792 0.0938904300789936 0.0729 0.141409320364788 1.4499 36.32445 16.94115 41.32215 13.58775 11.01195 0 0 0 0.367183290613306 0.0667605982933284 0.691389966071272
0.134403757076502 0.700028940770918 0 0 0 0.00602556524386179 0.0131184074387893 0 0 0.331172519083969 9.82777715596355 0 1.97339451399028 3.2588989659877 0 0 0 0.00123895583455479 0.000225264697191781 0.00233289927487131
9.28216270282005 12.19455 0 1.9764 0 0.0581329668059781 0.1944 0 0 19.30635 47.76975 0 23.5386 23.76945 0 0 0 0.0855644952796964 0.0155571809599448 0.161114176490773
272.484673493457 47.17035 94.4784 6.65415 18.48015 0.70875 0.34425 0 1.39725 50.96115 102.5784 163.46205 52.61355 78.894 0 0 0 2.51180832585891 0.456692422883439 4.7296244616481
45.8456759635967 0 22.600947858159 0 0.0726913167938931 0.0563998428662522 0.00616446086697829 0 0 0.0305106699751861 1.94318933002481 71.7754871517392 1.20554448979592 7.18777469387755 0 0 0 0.422612945945224 0.0768387174445862 0.795761566029607
3.08916244892272 3.01725 0 0 0.547653840535558 0.0751418808890291 0.0419997345115012 0 0.139254295578564 12.43755 111.03885 6.24915 119.80305 173.1618 0 0 0 0.0284764051484207 0.00517752820880376 0.0536198168400121
0 1.02465 0 0 0 0.0126043392470774 0.00704505790654805 0 0 0 20.8972666339135 0 20.3782353555645 31.8268186922459 0 0 0 0 0 0
5.15838765223913 15.06195 3.41415 0.051068107616278 4.78305 0 0.0238777901338463 0 0.0791691872278621 5.4351 38.75445 24.2352 32.29875 54.189 0 0 0 0.0475508618036574 0.00864561123702861 0.0895361787138444
0.719092446542581 1.19475 0 0 0 0.0351071919572459 0.0196227819187305 0 0.0650612844382696 2.64465 58.077 0 63.6579 139.7736 0 0 0 0.00662871188728083 0.00120522034314197 0.0124815725660836
0.787071265159597 0.827804760990593 0.65529794117647 0 0 0.0316171989300718 0.0176720883926425 0 0 3.53565 49.242837604515 1.36469279681124 40.6149528982008 57.7148244158462 0 0 0 0.00725535176538897 0.00131915486643436 0.0136615078603624
0 0 0 0 0 0 0 0 0 0 0 0 0 0 0 0 0 0 0 0
27.8574946254991 59.454 8.20125 0.6885 5.1354 0 1.18262036647431 0 1.18665 61.9326 172.5624 12.2472 197.06085 495.1935 0 0 0 0.256794945714915 0.0466899901299846 0.48353357395037
0 0.69255 0 0 0.137006632256184 0.0187982540794997 0.0105070790254067 0 0.0348372651705845 1.0449 26.9244 0 39.16755 49.81095 0 0 0 0 0 0
0.133323210317071 0.507810697405228 0.00871243902439024 0 0.0392788944723618 0.000843480129226679 0.00047145401571149 0 0.027 0.069078813559322 14.1484508435567 0 11.0190006212071 15.9502289374663 0 0 0 0.00122899517764143 0.000223453668662078 0.00231414379655454
4.40432821270592 5.61154830748043 0.22930695 0 0.0189256006636222 0.0480628634961472 0.026864213176695 0 0.0895086649333117 9.82883605197678 61.3743190043289 0 65.7651760435466 88.2706357090877 0 0 0 0.0405998184509108 0.00738178517289287 0.0764476701932411
1.68766594596728 2.8026 1.09755 0 0.1134 0.0411161488550974 0.0229814228179851 0 0.0761971922711865 1.8711 77.6709 0 54.6021 69.3603 0 0 0 0.0155571809599448 0.0028285783563536 0.0292934866346859
0.404104959451228 1.13495842660697 0.063557823804795 0.0490764705882353 0.224122131147541 0.0529651610750442 0.534637482779974 0 0 0.258440625 9.80888829912765 0.155141655010774 9.24105345267739 11.5398888012932 0 0 0 0.00372510566798851 0.000677291939634274 0.00701420992524094
37.6019310439536 2.7216 25.9443 0.0508418030008385 12.23505 0 0.0237719774384868 0 0.0788183547160157 2.18295 14.64885 74.41875 10.6677 23.48595 0 0 0 0.346620755779292 0.0630219555962349 0.652671618519339
18.3845522940045 0 23.2713 0 2.7135 0.0199602251037447 0.0111565500520959 0.0894483196865086 0 0 5.265 31.87755 2.6568 9.95895 0 0 0 0.169471812587573 0.0308130568341041 0.319107959840024
0.00353060058621656 0.00405780065005417 0.0022354733642154 0.00594 0 0 0 0 0 0 0.0615909194291238 0.00452137767220903 0.0170650736793378 0.0315269808554959 0 0 0 3.25456541611838e-05 5.91739166566978e-06 6.12820335279516e-05
1.8307506674732 0.3969 2.5029 0.2268 0.0766707447207458 0.010519754525679 0.00587990201971628 0 0 0.1458 10.8459 8.50905 7.25355 13.8834 0 0 0 0.0168761593456793 0.00306839260830532 0.0317770648493658
13.141781344467 6.02235 2.89575 0.1701 0.9639 0.0521429057190706 0.0291447082632043 0 0.0966321779468361 10.12095 51.81165 6.1965 82.4823 80.06445 0 0 0 0.121143091735918 0.0220260166792578 0.228107106794446
1.14784726522083 0.488688233322159 0 0 0.148330018693378 0.0203519007298947 0.0113754728700809 0 0 1.68380446927374 19.9067113823283 0 17.2748841650191 26.9860655384144 0 0 0 0.0105810439927929 0.0019238261805078 0.0199236398664995
31.1484432201353 20.49705 5.0463 0.278329243010829 2.7783 0.076984932307635 1.50912988799391 0 0.142669871872056 11.8989 101.6226 24.4296 77.0148 114.9066 0 0 0 0.287131448586807 0.0522057179248741 0.540655872888008
0.293507121037788 4.13505 1.20285 0.030181752332697 0.14985 0.0252478460567698 0.0141120080948946 0 0.0467897659190059 3.159 43.9101 0.78165 33.4854 50.3739 0 0 0 0.00270559668868605 0.000491926670670191 0.00509451941472799
1.26822129995416 0.448243348272536 2.19685996578272 0.00129033627784834 0.0212142857142857 0.000472026427930471 0.000263834021998597 0 0 0 4.89851683214907 4.52276551068884 3.56147516870592 4.77575279421342 0 0 0 0.0116906715501302 0.00212557664547823 0.0220130196907768
52.6184891240495 0 30.32235 0 15.7707 0.0403730531532627 0.0225660775827523 0.180924901718465 0 0 2.91195 72.4221 3.81105 18.71505 0 0 0 0.485045846364192 0.0881901538843986 0.91331996807536
0.935553948307949 0 0 0 0.0325666303204161 0.00446836610166137 0.0024975444818466 0 0 0.88695 5.427 0.2916 6.10335 7.0065 0 0 0 0.00862408944518679 0.00156801626276123 0.0162387806344455
35.8885832248955 23.79375 6.3261 0.27945 6.48405 0.12885257710055 0.94365 0 0.3483 17.20845 173.40075 25.2558 163.1583 263.21355 0 0 0 0.330826835109087 0.0601503336561977 0.622932361435865
3.81559257349125 0.55485 1.80225 0.250723403685929 0.2106 0.0267884368529599 0.0149731045123026 0 0.0496448167050661 0.8505 43.9668 0 39.21615 53.9784 0 0 0 0.0351727569529187 0.00639504671871249 0.0662287523914638
7.76326335144949 4.6089 2.106 0.29565 0.94365 0.0645307353839151 0.0360687505009217 0 0.119589528405933 9.37575 89.3835 1.8144 82.0287 104.19435 0 0 0 0.0715630324157461 0.0130114604392266 0.134750038519555
0.000303711838822215 0.000867218543046358 0 0 0 0 0 0 0 0 0.0154234172288531 0 0.0934819679352614 0.196396256757198 0 0 0 2.79966544772977e-06 5.09030081405413e-07 5.2716467453725e-06
28.2427227218612 0 1.5309 0.072603896451446 1.7739 0.0200799037672905 0.0112234431353691 0.0899846390566992 0 0 5.8644 31.9464 2.3976 3.2724 0 0 0 0.260346041368815 0.0473356438852392 0.490220130682201
6.90842386142694 6.03045 6.75135 0.074860584110899 0.209490578630405 0.0287435510201587 0.0160658942454116 0 0.0532680697153416 1.5876 28.33785 6.1236 33.58665 42.85305 0 0 0 0.063682982059948 0.0115787240108996 0.11991225072416
1.0346126016582 1.25145 0 0 0.118292912373988 0.0162306027525163 0.0090719183297267 0 0 1.4823 28.7064 0 26.1468 36.5958 0 0 0 0.00953722832761834 0.00173404151411242 0.0179581809369162
36.6370263835419 7.5492 30.2292 0.0772114931044941 11.14155 0.76545 0.0361015889236195 0.289446688461205 0 7.5492 46.3644 75.40695 34.32375 41.08725 0 0 0 0.337726106665237 0.0614047466664067 0.635923385943421
8.3466087545121 0 7.1118 0.31993735526574 0 0 0.00946233068846678 0 0 1.00845 8.9991 24.00435 10.42875 14.8149 0 0 0 0.0769404058345096 0.0139891646971836 0.144875395856327
0 1.2636 0 0 0 0.0311958756349979 0.0174365943335738 0 0 2.3814 35.01225 0 75.82005 159.24195 0 0 0 0 0 0
14.1347753982464 1.09496544849387 7.04249946915182 0.228031796781861 0 0.0760064917127072 0.00285185159846973 0 0 0.204814285714286 3.79766171986306 24.1806557157195 4.78015060387812 14.3646503933518 0 14.6869489629164 0 0.130296673476256 0.0236903042684101 0.245342898102682
6.86806663228424 0 3.43035 0.00824841305239871 0 0.00690001894734269 0.00385669031017071 0.0309212495068046 0 0 3.41415 0 2.8026 1.71315 0 0 0 0.0633109625152536 0.0115110840936825 0.119211754304635
44.6607773049124 0 13.96035 0.0424347165973845 3.54375 0.0354977795955455 0.0198410966177767 0 0 2.28825 8.2134 58.85865 3.2319 4.71825 0 0 0 0.411690356142192 0.074852792025853 0.775194810443547
10.4231716358545 0 4.79925 0.32357116286953 1.61595 0.0165809348403504 0.00926773262803558 0 0 1.41345 16.0623 16.22835 6.70275 23.2632 0 0 0 0.0960825024069635 0.0174695458921752 0.180919120715528
45.9925658666214 4.2444 24.2271 0.36855 7.0956 0 0.0227217560310972 0.182173063161818 0 1.59975 7.8894 55.45665 4.59675 14.47875 0 0 0 0.423967001117104 0.077084909294019 0.798311192287876
10.9368090976706 0 7.47225 0 3.4911 0.010558922088294 0.00590179430151479 0.0473179953427214 0 0 0.9234 21.8133 0.75735 1.4013 0 0 0 0.100817296612164 0.018330417565848 0.189834529691302
22.1267680872363 2.8998 10.2708 0.68445 1.1826 0.113669706647985 0.0635344423739681 0 0.210654760575712 12.68865 169.1199 20.1852 141.44625 136.52145 0 0 0 0.20396817036832 0.0370851218851491 0.384063082377806
5.11803042309643 3.5802 3.0699 0.18451911562684 1.6605 0.0425533808054978 0.0237847479362026 0 0.0788606965708937 5.53635 72.63675 5.9454 47.1744 63.26505 0 0 0 0.047178842258963 0.00857797131981146 0.0888356822943193
0 0 0 0 0 0 0 0 0 0 0.0113324053936494 0.00173779622005381 0.00501832212298893 0.00783612979501845 0 0 0 0 0 0
16.0951967499097 7.88535 2.8593 0 0.9315 0.0520710985209431 0.0291045724132404 0 0.0964991035457909 5.1678 75.80385 11.64375 66.48885 115.8705 0 0 0 0.148368158415821 0.0269760288028766 0.279370708405146
4.3255611962944 0 1.458 0 0.0369595967673385 0.00507111137079222 0.0028344423739681 0.0227253144041653 0 0 2.90385 8.0109 1.05705 1.0935 0 0 0 0.0398737311995107 0.00724976930900195 0.0750804798745537
21.0371229003835 0 9.7362 0.0197600346113361 0.567 0.0165297994113809 0.00923915103790975 0.074075456284592 0 0.5265 5.103 24.9966 2.62035 5.82795 0 0 0 0.193923642661573 0.035258844120286 0.365149679050629
0.000969914394901523 0.0038370152284264 0.00167014690451207 0 0 0 0 0 0 0.0041774818401937 0.1269487953598 0 0.272944082816129 0.511319746581017 0 0 0 8.9408296666732e-06 1.62560539394058e-06 1.68351885227813e-05
0.634709149244217 0 0.8424 0 0 0 0 0 0 3.72195 55.42425 0 79.1694 67.6269 0 0 0 0.00585085283928359 0.00106379142532429 0.0110168982343493
15.7319816876254 0 10.854 1.18843211271877 0.10963385215731 0 0.00840785244850525 0.0674104692023148 0 0.5184 4.3902 23.9517 4.62105 4.71825 0 0 0 0.145019982513572 0.0263672695479223 0.27306624062942
12.1687463592309 0 18.6554710334029 0 4.23389973142346 0.119823453122934 0.0195914471733835 4.97474749451662 0 0.142907142857143 0.391300921658986 55.267593508256 0.527721787709497 3.3060217877095 0 0 0 0.112173495956702 0.0203951810830368 0.211217752948559
46.572242430671 0.0972 36.92385 0.0420328308147937 7.128 0.0351615913497668 0.0196531878656728 0.173770630961985 0 0.74925 2.05335 64.5813 2.0574 1.1259 0 0 0 0.429310554577259 0.0780564644685926 0.808372868131963
1.20786137179794 2.42025978653037 0 0.0218572407455246 0.834977973568282 0.0177827177695297 0.00993945608463261 0 0.0722210904702609 2.07635973451327 37.6867877937797 1.62427078925956 30.6879889839428 29.4338549777358 0 0 0 0.011134263851498 0.00202441160936328 0.0209653284975404
19.2137099109362 10.7811 2.99295 0.922934384756739 2.38545 0.060593307353257 0.0338679680612327 0 0.112292615415289 4.13505 82.4499 15.05385 72.1629 107.22375 0 0 0 0.177115123233111 0.0322027496787474 0.333499977186631
9.59034517990973 7.2009 0.1782 0 2.42595 0.0360972609011251 0 0 0.18029609814965 8.9991 52.6662 1.77795 48.9807 72.79065 0 0 0 0.0884053718028168 0.0160737039641485 0.166463421876237
3.21390297536378 6.2613 2.87955 0.0277184135876256 1.2879 0.0231871970680806 0.0129602308247175 0 0.0429709338647701 2.6487 31.38345 5.38245 23.89905 32.14485 0 0 0 0.0296262837411123 0.0053865970438386 0.0557849875912715
2.20911653847867 3.28753858837142 1.07136465517241 0.12545064851653 0.8181 0.0338037825124467 0.0188942554299912 0 0.0689103606745611 4.22415 49.8298194521671 0 49.922369681124 59.6311846548564 0 0 0 0.0203639978828996 0.00370254506961811 0.038344511216228
13.0801229152204 0 8.25738282275711 0.0335997323865765 0.00391193181818182 0.00028276738559019 0.000158049745132654 0 0 0 6.24655234502204 12.2250412417207 3.03199867428105 9.41757163981236 0 0.668034495412844 0 0.120574714241671 0.0219226753166675 0.227036877003198
5.31247889078397 6.16815 2.71755 0.251720892579972 1.30658055524404 0.0242349293680319 0.0135458493628276 0 0 1.97235 37.3005 5.69835 16.0218 20.06775 0 0 0 0.0489713000652175 0.00890387273913046 0.0922108014065766
1.16669080612521 1.1259 0.25515 0 0.284012417381627 0.0389684608383748 0.2890809960327 0 0 8.9343 64.90935 1.23525 61.155 70.3323 0 0 0 0.0107547468375271 0.00195540851591401 0.0202507146735437
41.7257060945346 0.93555 22.7853 0.0394173217248577 10.5543 0.0329736477825788 0.0184302606796506 0.147765737748774 0 1.08135 3.3858 52.2774 4.5765 3.81915 0 0 0 0.384634389255331 0.0699335253191511 0.724249616296267
0 0.058590671641791 0 0 0 0 0 0 0 1.60316276223776 3.98511418288016 0 3.36331623365878 6.88587125599868 0 0 0 0 0 0
5.57663529971797 8.31465 0.7128 0 0.891 0.312237370824818 0.0386994730303759 0 0.298411950510803 12.06495 107.5032 0.60345 113.643 240.3756 0 0 0 0.051406337085035 0.00934660674273364 0.0967958688798318
43.0611634952565 104.2794 5.4027 0.40905 9.1854 0.161210423759793 0.802906807525847 0 3.5964 47.09745 162.6156 26.69355 179.56485 248.47965 0 0 0 0.396944854188853 0.0721717916707005 0.74742967963328
20.56384266771 15.58035 2.69325 1.12185 6.18435 0 0.79606535625551 0 1.55925 15.2766 107.78265 13.11795 85.2525 137.82555 0 0 0 0.189560868001067 0.0344656123638303 0.35693476649438
11.4908037886294 4.7061 1.97235 0.238191099177535 3.5721 0.029856562591135 0.0166879999198525 0 0.0553307229315419 3.68955 39.70215 7.9137 26.6895 39.9006 0 0 0 0.105924110362059 0.019258929156738 0.199450435086601
4.61173063930625 1.134 0.6318 0.0187598722591925 1.14615 0.0156931367544104 0.00877150757393604 0 0 1.32435 22.74885 5.39865 16.3458 14.1912 0 0 0 0.0425116879709796 0.00772939781290538 0.0800476363039135
7.54637299995486 0 8.81845633556106 0.0324373664800169 0 0.954170414201183 0.0175897359543928 0.0945774831177856 0 0 3.0961472624292 21.026609865219 0.588070264765784 0.528887474541751 0 8.44958203497615 0 0.0695637016508333 0.012647945754697 0.130985386736492
1.26208062046249 0.3726 0.31995 0.0306109507412892 0.186629708113297 0.0256068820474074 0.0143126873447143 0 0 3.73815 33.58665 0 49.1022 39.15135 0 0 0 0.01163406576135 0.00211528468388182 0.0219064334833303
51.7306300829102 1.7901 37.35315 0.0602178373267203 16.79535 0.8667 0.0281559068686383 0.06075 0 0.68445 6.85665 83.916 6.6501 30.9177 0 0 0 0.476861416380917 0.0867020757056212 0.897909046845808
0 0 0 0.000435701414782965 0.00265639667819318 0.000364475929889593 0.000203719844513906 0 0 0 0.22275 0 0.21465 0.46575 0 0 0 0 0 0
0 0 0 0 0 0 0 0 0 0 0 0 0 0 0 0 0 0 0 0
0 0 0 0 0 0 0 0 0 0 0 0 0 0 0 0 0 0 0 0
0 0 0 0 0 0 0 0 0 0 0 0 0 0 0 0 0 0 0 0
3.46374365378149 0.0961809809966051 1.1086585924046 0 0.325225006935752 0.00464403429381711 0.00259573230128051 0.270548744107945 0 0.0738257142857143 1.14629754567493 12.5830874348611 1.68484649827784 0.996532491389208 0 0 0 0.031929356013553 0.00580533745700964 0.0601215712567287
0 0 0 0 0 0 0 0 0 0 0 0 0 0 0 0 0 0 0 0
0 0 0 0 0 0 0 0 0 0 0 0 0 0 0 0 0 0 0 0
0 0 0 0 0 0 0 0 0 0 0 0 0 0 0 0 0 0 0 0
0 0 0 0 0 0 0 0 0 0 0 0 0 0 0 0 0 0 0 0
0 0 0 0 0 0 0 0 0 0 0 0 0 0 0 0 0 0 0 0
0 0 0 0 0 0 0 0 0 0 0 0 0 0 0 0 0 0 0 0
0 0 0 0 0 0 0 0 0 0 0 0 0 0 0 0 0 0 0 0
0 0 0 0 0 0 0 0 0 0 0 0 0 0 0 0 0 0 0 0
0 0 0 0 0 0 0 0 0 0 0 0 0 0 0 0 0 0 0 0
0 0 0 0 0 0 0 0 0 0 0 0 0 0 0 0 0 0 0 0
0 0 0 0 0 0 0 0 0 0 0 0 0 0 0 0 0 0 0 0
0 0 0 0 0 0 0 0 0 0 0 0 0 0 0 0 0 0 0 0
0 0 0 0 0 0 0 0 0 0 0 0 0 0 0 0 0 0 0 0
0 0 0 0 0 0 0 0 0 0 0 0 0 0 0 0 0 0 0 0
0 0 0 0 0 0 0 0 0 0 0 0 0 0 0 0 0 0 0 0
0 0 0 0 0 0 0 0 0 0 0 0 0 0 0 0 0 0 0 0
0 0 0 0 0 0 0 0 0 0 0 0 0 0 0 0 0 0 0 0
0 0 0 0 0 0 0 0 0 0 0 0 0 0 0 0 0 0 0 0
0 0 0 0 0 0 0 0 0 0 0 0 0 0 0 0 0 0 0 0
11.9599088895036 0 5.58027230531548 0 0.363028796240956 0.0303852172308473 0.0169834856630026 0.275736415106879 0 0 1.54213529829545 21.2101638616297 0.702673830155979 2.00035372616984 0 15.7939925812786 0 0.110248397974173 0.0200451632680315 0.207592878225634
0.100953216692684 0 0.113438279773157 0 0 0 0 0 0 0 0.00570335294117647 1.99722583034618 0.639466666666667 0.762091666666667 0 0 0 0.00093060327746108 0.000169200595902015 0.00175228498920783
0 0 0 0 0 0 0 0 0 0 0 0 0 0 0 0 0 0 0 0
0 0 0 0 0 0 0 0 0 0 0 0 0 0 0 0 0 0 0 0
0 0 0 0 0 0 0 0 0 0 0 0 0 0 0 0 0 0 0 0
10.1223268367907 6.23295 4.21605 0.29565 1.6929 0 0 0 0 14.88375 59.86305 5.00985 41.2209 66.825 0 0 0 0.0933092658010602 0.0169653210547382 0.175697238315431
1.45652908815002 2.0331 0.040874774692911 0.1215 0 0 0.6237 0 0.0182217776368117 0 53.17245 0.0786761993932056 48.64455 200.7504 0 0 0 0.0134265235676045 0.00244118610320083 0.0252815525955876
0 0 0 0 0 0 0 0 0 0 0.00123689720061303 0 0.00183828686695666 0.00795468232324371 0 0 0 0 0 0
1.44919141012408 2.37735 0.33615 0.22275 0.46575 0 0 0 0 4.6494 92.826 0.134458962200229 67.71195 155.1717 0 0 0 0.0133588836503874 0.00242888793643407 0.0251541896102194
11.938402148212 9.65115 0 0 0.8424 0 0.83025 0 0.310308100129309 4.9734 54.9504 2.3004 69.0768 177.3981 0 0 0 0.110050145312305 0.02000911732951 0.207219577194061
35.4409848653129 11.7774 15.37785 0.4617 1.3608 0 0 0 0.0314315563471345 13.0572 39.2526 33.13305 23.50215 59.83065 0 0 0 0.326700800158841 0.0594001454834256 0.615163219328404
2.51315472388606 1.37295 0 0.2106 0.19845 0 0 0 0.75735 4.05405 48.06135 0.0736084752416034 38.1915 83.02905 0 0 0 0.0231666716468743 0.00421212211761351 0.0436218224886084
0.0525530851408947 0.0991113707421425 0.00922932692307692 0 0 0 0 0 0 0.313753012048193 5.19407073795181 0.000404739850461797 3.6754689675174 15.76814828359 0 0 0 0.000484442941740874 8.80805348619772e-05 0.00091218472522059
0.601689598127466 0.85455 0.7776 0.1701 0.324 0 0.00869699567296696 0 0.00638031570985922 1.4985 18.306 0.0275482996766675 11.4777 14.9526 0 0 0 0.00554647321180641 0.00100844967487389 0.0104437648001924
4.31455467925548 4.33755 0 0.0321801238511008 0.0137153523932661 0 0.162 0 0.0272915900163466 12.9924 55.6943665640345 1.98045 79.0062582125039 300.609868546593 0 0 0 0.039772271323685 0.00723132205885181 0.0748894353965014
0 0 0 0 0 0 0 0 0 0 0.000593959578923431 0 0.00288133011226375 0.0119558163990337 0 0 0 0 0 0
0.000382676584681851 0.000248099327243888 0 0 0 0 0 0 0 0 0.00865238222899894 0 0.0232131946747524 0.0656583248448382 0 0 0 3.52757540155083e-06 6.41377345736514e-07 6.64226913244973e-06
0 0 0 0 0 0 0 0 0 0 0 0 0.0139326599775845 0.0496492634893526 0 0 0 0 0 0
0 0 0 0 0 0 0 0 0 0 0.00206666511497998 0 0.00213251474825079 0.00724766085882837 0 0 0 0 0 0
