41.8876021236447 4.88295940980195 27.3081326992954 0.434156518952541 17.5349258805724 1.14733928989376 0.051418714313336 0.126738759390369 3.27543503267312 2.08068104163271 84.029588700577 5.64195246092043 3.60755956395816 0 0 44.0132678230209 0.331551728027896 0.0602821323687084 0.173211469244382
9.00044634913285 0.367141984084945 4.83738548925395 0.0274390324947696 0.432068145481019 0 0.00756825185922827 0.0186545086589936 0.350910443735926 0.437449124933685 10.410214342417 0.888483601485566 0.486559745224153 0 0 9.45719104478177 0.0712409731946173 0.0129529042172031 0.0372181852612785
134.122935710326 5.51349099521957 57.6312615029159 0.120061879703594 22.3252726441046 5.89082833143086 0.116990053514601 0.445944124613347 2.19541722886571 9.99104667890527 182.625033745502 5.21255667336511 7.50308785887912 0 0 140.929258094155 1.06161940164704 0.193021709390371 0.55461830173949
0 0 0 0 0 0 0 0 0 0 0 0 0 0 0 0 0 0 0
1.90008839862105 1.27566181464892 0.255132362929784 0.36852452423191 0 0.0315606321185901 0.0236123786299511 0.101753448587004 8.62995341910109 31.057303036643 0 31.9846889272925 32.3532134515244 0 0 1.99651198292672 0.0150397148566535 0.00273449361030063 0.00785714833348212
18.7516614276712 0.9801 8.41185 0.0316969668607052 0.9315 0.0381170058491009 0.0285175902360615 0.122891606872236 2.25585 13.13415 20.8251 16.35795 9.2259 0 0 19.70325 0.148424484442593 0.0269862698986533 0.0775409109614965
61.6087474326611 13.284 9.91845 0.4131 6.1965 0.0879164654468482 0.0657755162234289 0.283448174079114 10.31535 24.91965 36.59175 40.3461 32.90625 0 0 64.7352 0.48764994025291 0.0886636255005291 0.254761340351194
13.6677063561196 0 9.882 0.0239333382689577 0.9396 0.028780898777962 0.0215326954384808 0.8019 1.1016 6.1884 17.4636 8.71155 12.03255 0 0 14.3613 0.108183601610161 0.0196697457473021 0.0565180000553888
80.2486312279782 2.59605 88.00245 0.126219442396941 33.57855 18.18855 0.113558951994312 0.567 3.7584 4.7466 200.7423 4.13505 7.6869 0 0 84.321 0.635189674428528 0.115489031714278 0.331840034166158
112.829883858627 57.5181 34.23465 2.22345 15.3414 0.201000519374928 0.648 0.5103 25.63245 73.99755 89.6751 62.43075 55.5093 0 0 118.55565 0.893079122936902 0.162378022352164 0.466568363119401
71.6437525224705 11.2295751561656 26.0329189263868 0.214426116843333 6.92516940323652 0.096895055682474 0.21839697085895 0.312395709619329 12.6233449156473 17.555145603044 54.7580768753621 30.6073427523779 31.4809306358137 0 0 75.2794504280722 0.567079726385665 0.103105404797394 0.29625757998673
21.091282904875 0.567 13.32855 0.3726 0.6318 0.0509010979768209 0.038082126922958 0.45765 3.09825 15.12675 35.1702 17.03025 10.12905 0 0 22.1616 0.166943222789285 0.0303533132344154 0.0872155939941026
71.6147727289066 0 73.49535 0.129990876480417 23.19435 28.7631 0.116952090910964 1.1259 0.405 1.215 231.59925 2.9403 6.03855 0 0 75.249 0.566850343462154 0.103063698811301 0.296137744227051
61.913245120798 129.3084 44.6796 3.4425 17.41905 0.273126834721721 1.4985 1.9359 41.91345 139.52655 101.0313 118.2276 73.09035 0 0 65.05515 0.490060122014671 0.0891018403663037 0.25602048361244
6.18766498589938 6.31514645132457 0.0814189064282352 3.73786797693262 1.55584128465591 0.0325463438767729 0.024349847992629 0.0532923751166631 11.4948692439136 21.0726933273805 0 19.21782260457 32.7096755716052 0 0 6.50166976423289 0.0489770460595213 0.0089049174653675 0.0255869156758117
91.7193289481734 19.2213 16.0785 0.40905 3.84345 0.113878886813414 0.0851995417357884 0.367152641650945 19.89765 28.70235 38.6694 46.0404 31.6548 0 0 96.3738 0.725983356998138 0.131996973999662 0.379273076513828
29.1200004287884 6.35445 9.02745 0.0411050623293697 5.0544 0.0494306571389521 0.0369820030190312 0.159367525051805 4.0257 20.6793 19.05525 24.1299 15.0012 0 0 30.59775 0.230492698862033 0.0419077634294606 0.120415535933013
151.655266296639 21.4407 60.8877 0.3321 9.2826 0.156106768345465 0.116792721610287 0.36855 7.39935 5.56065 143.54415 10.6434 13.60395 0 0 159.3513 1.20039255187631 0.218253191250239 0.62711709818932
46.7461767306878 9.82125 21.4164 0.36045 2.4867 0.0972939038280245 0.0727913334226335 0.2835 4.54005 44.86995 65.2131 33.06015 28.0503 0 0 49.1184 0.370008663375081 0.0672743024318329 0.19330239838459
17.1675025691362 1.60785 6.76755 0.3483 0 0.0448158574067 0.0335293979454101 0.38475 1.22715 17.40285 23.2956 18.7758 15.03765 0 0 18.0387 0.135885437555459 0.0247064431919017 0.0709901782985623
193.263526340156 9.22995 130.2804 0.1539 16.848 1.4418 0.17160148916549 0.86265 4.4712 5.6538 278.8992 7.17255 5.90895 0 0 203.07105 1.52973321160042 0.278133311200077 0.799173446355683
29.2240692589112 1.7172 25.191 1.15425 4.7223 0.891 0.0502703104553276 0.3321 2.42595 17.01405 61.55595 15.84765 16.34985 0 0 30.7071 0.231316431869217 0.0420575330671304 0.120845876034957
46.3684454213534 0.49005 26.07795 0.0531860774323801 3.04965 1.06515 0.047851227189828 0.206206560634646 0.9315 3.5235 91.1979 4.6008 3.49515 0 0 48.7215 0.367018817645302 0.0667306941173276 0.191740423199754
129.276613419135 3.3939 84.73005 0.06075 10.2627 1.93995 0.110617755870625 0.3564 1.80225 1.84275 193.99095 5.9697 7.97445 0 0 135.837 1.02325944670186 0.186047172127612 0.53457803774894
59.508098824628 60.77025 24.70905 1.98855 20.2095 0.23085 0.39285 1.20285 26.7543 51.4107 43.74 60.60825 71.118 0 0 62.52795 0.471022736959752 0.0856404976290458 0.246074845700831
84.9278741823858 0.87075 44.5905 0.0947419140423195 3.56805 6.2046 0.0852387893993879 1.2474 2.74185 6.57315 143.64945 5.78745 9.0396 0 0 89.2377 0.672227151121911 0.122223118385802 0.35118940023137
58.9768702422677 0.605348017603796 18.4319197226381 0.0460797773188456 0 0.247872308043894 0.0414577272810564 0.178654882150505 0.350730884851225 1.16685467460119 68.6319638231468 1.92227504197306 6.9758349549496 0 0 61.9697632171507 0.466817918695401 0.0848759852173457 0.24387813644582
0 0 0 0 0 0 0 0 0 0 0 0 0 0 0 0 0 0 0
0.932061566549292 3.63715474049947 0.0445163998157234 0.837238067645345 0.157291279348889 0.000497835799225616 0.00674308933150082 0.0119406705081468 2.97468476101956 8.40172852522086 0.0220933243529886 6.17491928110545 6.6438253591644 0 0 0.979360795945914 0.00737752001429002 0.00134136727532546 0.0038542133037759
4.83501340153804 20.8176737898391 0 1.05346777554799 0 0.00285314453793988 0.208536283214277 0.0862908758128044 13.0622813261633 61.0040537464939 0 30.730338148835 49.3368082459709 0 0 5.08037531347886 0.038270442017331 0.00695826218496927 0.0199935000486442
15.0875193901536 10.0471042553012 0.413400322040314 2.45456441211436 0 0.00226531768939803 0.030683288681932 0.0543340036362464 14.5465238317935 34.5447644104937 0.354343133177412 31.6398889332997 33.0978632833526 0 0 15.8531641353852 0.119421806736369 0.0217130557702489 0.0623891382731223
17.9474989454196 59.6795283177806 0 5.13949665461607 0.16149243219532 0.00692570164573846 0.629820485561749 0.0726715944878941 47.9874762268394 138.536282958755 0 89.2124568554998 111.514561741673 0 0 18.8582787696085 0.142059320358512 0.0258289673379112 0.0742155794075239
21.4521353159537 40.0699844260089 0.913562831227636 2.72577318215266 0.988139388878871 0.00406371381034203 0.0550422152914951 0.0974688194866222 38.9587937170055 52.3974894057581 0.529493559323773 39.1713369063115 71.6680719028374 0 0 22.5407645500859 0.1697994674629 0.0308726304478 0.0887077724224314
0.550001477659574 6.66128490419336 0 0.0458788351303796 0.0330005656200976 0.00122488970179557 0.0330005656200976 0.0293791735361615 9.48082103510072 31.8101305822409 0 20.3742272571105 32.0725253235129 0 0 0.577912344273904 0.00435341082064454 0.00079152924011719 0.00227433797119219
1.16112904484852 3.13606599245752 0.0096661183048232 0.380279239650727 0.0697846589811626 0.000341236089669366 0.00462197664240246 0.00818460166699211 4.23116646869907 4.35046051411957 0.0339492935584034 3.85654544464141 5.13695248155592 0 0 1.22005273725512 0.00919065121337171 0.00167102749334031 0.00480144142046767
3.40525363357465 1.53913297350394 1.43535885543317 0.359863472000954 0.0397517795882264 0.000254628394882615 0.00199757686372997 0.00389527488427344 1.5179586587484 0.86914569340891 0.328301757554021 1.49448713059958 1.02565584068215 0 0 3.57805967831312 0.0269535057951585 0.00490063741730154 0.0140812306056614
29.8040507764073 39.3808270640681 1.41888375483785 6.62016173832565 0.482031741369572 0.00373402953341094 0.141888375483785 0.266283663579159 53.0526466963003 32.857849144567 1.84843623404219 30.1172654537158 45.9718336567464 0 0 31.3165137780102 0.235907142833823 0.0428922077879679 0.12324418593304
5.59088698064249e-05 8.77239079563337e-05 1.40116000889768e-06 9.23328518683854e-06 1.31390828673189e-06 8.89681170334873e-09 3.54139342908204e-07 2.13391438076487e-07 0.000111025250228845 0.000102484846365087 7.07765440391904e-06 8.0902876264667e-05 5.20379535905258e-05 0 0 5.87460712888015e-05 4.42533863401631e-07 8.04607024366601e-08 2.3119149800884e-07
3.00437654968275 2.83850912912303 0.14787955430035 0.497964941270336 0.0462318185549515 0.000351695997436994 0.0161889196286699 0.00843548421178525 4.14327378611833 4.15354752357499 0.0526139887931771 3.64888908668895 4.53772303937842 0 0 3.15683932759063 0.0237804549841138 0.0043237190880207 0.0124235441980615
7.84462321415651 3.46108514079585 1.43230975986826 1.30611257438797 0.273332917430411 0.000510626560231541 0.00691633770820453 0.15251184523291 5.29603749021222 1.66461444435104 0.790005699239863 2.39859538411759 2.6591954016677 0 0 8.242713475844 0.0620923196965049 0.0112895126720918 0.0324386845678529
0.30256195576697 0.0867150234959096 0.104478313794067 0.0292003304653962 0.00583567286382167 1.9132398989373e-05 0.000256271706692294 0.00132529082603729 0.120330549365176 0.0539342111855839 0.0897024193910655 0.0830320329683033 0.0548860775247268 0 0 0.317916035224935 0.00239485991520659 0.000435429075492107 0.00125113871978525
20.5522816315198 56.9829758775084 0 4.18847879836748 1.93495921952751 0.0074263464236189 0.220239260759229 0.178122095401179 77.9096384935772 121.485549372368 0.837695759673496 106.528943860451 111.712432176177 0 0 21.5952460862308 0.162676881568256 0.029577614830592 0.0849867435049563
1.0583265944155 1.88509051053866 0 0.0605694245212536 0 0.00029798832494177 0.00982924871616834 0.00714729717898754 3.6814521272611 5.08517510607823 0.0533967295121578 3.17750388902945 3.09461941336878 0 0 1.11203338178056 0.00837694194479249 0.00152308035359864 0.0043763379870254
3.80212184063576 5.18193514814413 0.820017499845129 1.12212921031439 0.500642263063342 0.000899008170710865 0.0121768912848013 0.0963880219116205 8.72958980536885 13.2814062431057 0.238812113989985 9.78410353762583 14.4610805411285 0 0 3.99506771415776 0.0300948252591382 0.0054717864107524 0.0157223397108932
65.9885036119883 68.7407888070188 9.89220818493036 40.214667237703 2.98213197155411 0.0125585252451787 0.494081036707189 0.303506922548702 97.00222410667 213.210083940201 1.74340022952394 119.71230604389 144.46576598292 0 0 69.3372152013296 0.522316897920012 0.0949667087127294 0.272872284026464
14.9772830718257 32.1462347847056 0 3.87567240419682 0.525926317897272 0.0040998634915946 0.0555318557118315 0.178005830672923 25.7542072287233 66.4851777563367 0 45.6018573487542 49.4694385788295 0 0 15.7373336663107 0.118549256387815 0.0215544102523301 0.0619332946894933
9.43809904843267 4.84885205303997 1.38483461788797 1.9077197468953 0.379999237033396 0.00082246254376657 0.0111400956159804 0.125894056171633 5.93864661290607 7.11417270795654 0.955404585793316 6.67624675796073 4.80019361415154 0 0 9.91705325916425 0.0747051129727934 0.0135827478132352 0.0390279443121959
1.61548908038399 0.816462506291382 0.56393803918659 0.194633482551124 0.0371522602020664 0.000158144448304689 0.0198515061975221 0.0258402287375566 1.48886296481415 0.662641058827901 0.195077091628164 0.927142971012762 0.444718099732198 0 0 1.69747013329203 0.0127870340878063 0.00232491528869205 0.00668028779340447
82.7655551565022 42.01875 38.8071 3.87585 5.6295 1.15425 0.66015 0.36045 16.2891 152.1909 74.6172 56.9835 47.31615 0 0 86.96565 0.655111809750421 0.11911123813644 0.342247889224299
52.6298415466733 82.7529129629009 5.87685530175139 14.8780635252729 5.61009295655497 0 1.39848138542364 0.577985081258905 105.17711737426 120.358319928166 7.55826644723184 94.3692005400904 85.0891044102271 0 0 55.3006425299604 0.416579465664472 0.075741721029904 0.217632228111058
24.4381376142204 6.64264991775572 5.10989107664907 1.81962991909397 1.73331841743209 0.050452616913467 0.0779722261389944 0.261019323866366 11.062882908662 12.9125342196384 10.7964430557058 7.02292088159938 4.3843741061579 0 0 25.678297190074 0.193434485265142 0.0351699064118441 0.101055336356102
40.2618462870087 54.5020703181819 3.13430436334593 4.29245817202414 2.44589126028545 0 0.510235594033058 0.421146839519349 47.6908300867248 39.7781288903708 10.0265343716337 24.4710610693791 24.9731976857291 0 0 42.3050099274869 0.318683429780672 0.057942441778304 0.166488726885792
55.4339968453786 80.271 0 9.7848 1.22715 0 1.1664 0.22275 103.4127 359.5023 3.9285 135.53325 117.24345 0 0 58.2471 0.438775115159994 0.0797772936654535 0.229227827635816
12.5686521319963 6.52355516011288 3.60706162648742 11.8955923092996 1.96032232812428 0 0.188492531550412 0.104527676587046 15.3724227321704 14.1009549284394 0.412970000942266 12.7472358382138 9.19329483425417 0 0 13.2064721878093 0.0994842894335218 0.0180880526242767 0.0519732472577063
0.288141041944238 0 0 0.246247487919415 0 0 0 0 0.762963528143761 2.4665117232584 0 0 0 0 0 0.302763304818953 0.00228071447227684 0.00041467535859579 0.00119150609474959
0.0378356566367644 0.00454350842154934 0.00875223201203716 0.014718575965598 0.000693482864341742 0 0 0.000669569662123061 0.0150772739988782 0.0351404506603514 0.00443589901156528 0 0.018688167533899 0 0 0.0397556986885568 0.000299479480872653 5.44508147041188e-05 0.000156456071573038
77.1805279399153 36.207 13.3326 14.7096 1.93995 0 0.6966 0.24705 74.7225 60.1425 30.1968 51.759 43.4727 0 0 81.0972 0.610904805031548 0.111073600914827 0.31915297041994
28.0460007231874 11.1534081939451 4.2324152781858 0.361015807424882 1.81955013489039 0 0.0403667463998286 0.212496646142494 13.6538615605609 19.2488449389221 12.8937481094849 16.9250912923961 12.3430847576533 0 0 29.4692481453239 0.221991699992669 0.0403621272713943 0.115974387298482
14.434582775651 7.66978572538822 0.726611279247305 7.14134115866291 0.550463090338868 0 0.0587160629694792 0 29.4461055791938 45.4168747068922 0.337617362074506 17.3579361153523 13.3028580165226 0 0 15.1670930158036 0.114253636398234 0.0207733884360425 0.0596891481904337
24.7182743547082 18.3465 3.4668 2.88765 0.2349 0 0.1458 0.16605 20.9223 22.8177 8.46045 18.5328 12.0285 0 0 25.97265 0.195651843521141 0.0355730624583892 0.102213743472986
84.2726259927241 11.00385 15.11055 13.45005 1.47825 0 0 0.44145 29.9619 43.3431 38.3859 25.76205 17.70255 0 0 88.5492 0.667040684039641 0.121280124370844 0.348479851441348
113.781920934194 72.79875 28.15155 11.07675 15.04575 1.2636 2.26395 0.69255 65.31435 91.82565 46.0404 60.9849 27.85995 0 0 119.556 0.90061475452114 0.163748137185662 0.47050517812608
70.9402525336666 22.78935 21.4812 9.24615 6.70275 0.6156 0.2997 0.82215 27.1026 60.7824 39.00555 27.77895 14.7096 0 0 74.54025 0.561511333230406 0.102092969678256 0.293348502825559
0.578866177699311 0.609561234795216 0.0593728475449886 0.61615821785577 0.0659698306055429 0 0 0 2.60976649875528 5.30661317390987 0 4.85274073934373 2.35644234922999 0 0 0.608241838183105 0.00458188274770621 0.000833069590492039 0.0023936978020181
118.07186937592 175.23135 35.02845 7.7922 22.30335 0.6966 3.8475 0.6804 101.3148 165.5802 58.67235 88.82865 56.63115 0 0 124.06365 0.934570859595057 0.169921974471829 0.488244753439573
17.7032643242125 23.7492 6.33015 8.6751 4.7466 0 0.79785 0.1782 27.2322 69.1578 1.72935 36.61605 30.4803 0 0 18.60165 0.140126137110962 0.0254774794747204 0.0732056328974622
47.1354712433691 47.04885 4.66965 8.5455 1.8873 0 0.81405 0.36045 54.9504 69.7896 9.44865 50.1066 49.2804 0 0 49.52745 0.373090034994547 0.0678345518171903 0.194912189136309
4.13933293364287 1.66795856547612 0.468579135799021 1.97596921565281 0.382800153936138 0 0.00793684529692153 0.0344947507135436 4.80575982728599 5.72582335516758 0.440189650698494 4.04931741783323 3.29531711462569 0 0 4.349391222713 0.0327639424902144 0.00595708045276625 0.0171167577702716
0.0485301658318054 0.0233431281506164 0.00268957075963671 0.0236950346051483 0.00392962207560628 0 0.000259740478344978 9.21659761869276e-05 0.0845413363387363 0.142522114085422 0.00371177522280081 0.0857478727542743 0.056807756231579 0 0 0.0509929210066947 0.000384129420813345 6.98417128751536e-05 0.000200679458842919
49.7872992109411 23.75325 6.41115 9.9954 3.6045 0 0.09315 0.27135 42.2901 42.7599 21.63915 34.3521 24.5349 0 0 52.31385 0.39407997236279 0.0716509040659618 0.205877892474748
4.01309198502925 3.6673310471234 3.80811810043057 0.267838784340473 0 0 0 0 6.74404323647038 38.2391372104552 0 15.9947827879221 8.89705500289956 0 0 4.21674393807822 0.0317647111535249 0.00577540202791361 0.0165947326583154
391.851904474265 321.156285405068 51.7103396257693 3.23315760207955 36.9492193376233 0 1.3037576847337 4.79928138436029 212.238027309544 83.630202693491 127.925672762431 148.721213294159 103.836428606113 0 0 411.737171482805 3.10161406890675 0.563929830710318 1.62036594741916
95.2898047975078 57.0103410803673 19.1136718418801 3.05184956783309 11.4358245656951 0.468455464136907 0.227338681125264 0.864575893370322 35.1134926574385 40.6660677176495 52.7632411738908 35.1100481319669 20.160807585245 0 0 100.125466408321 0.754244641428657 0.137135389350665 0.394037525572985
25.6711540851416 4.9772417991358 5.13623702327486 6.10057762185742 0 0 0.0276513433285322 0.266144179537123 14.6171913670453 26.5141818341463 4.11659373803523 12.6954230057124 13.6563071863788 0 0 26.9738854169832 0.203194144947118 0.0369443899903851 0.106154042982955
86.7124618989349 25.8066 6.3423 13.8591 0.6318 0.1377 0.2349 0.5103 62.1189 57.3561 20.7198 34.75305 40.5 0 0 91.11285 0.686352646763621 0.124791390320658 0.358568936053605
0.0381036463537854 0.119010838732505 0 0.033831508403353 0 0 0 0 0.217202287678331 0.743692625552996 0 0.494760787094005 0.67372746468334 0 0 0.0400372880513053 0.000301600692144422 5.48364894808039e-05 0.000157564248939949
48.6001436673188 36.97245 6.6906 8.2215 1.00845 0 0.0972 0.3159 51.678 33.777 9.24615 32.26635 32.0355 0 0 51.06645 0.384683314354914 0.0699424207918025 0.200968827608121
33.3020256392763 4.92885 7.1442 6.45975 1.0611 0 0.1053 0.19035 13.58775 18.00225 22.6395 9.44055 5.41485 0 0 34.992 0.26359456229887 0.0479262840543401 0.137708832622267
130.733577040853 12.9114 23.5386 11.79765 10.96335 0 0.2349 0.3078 25.0452 27.6048 72.85545 22.98375 20.0718 0 0 137.3679 1.03479170880244 0.188143947054989 0.540602799176164
54.3470557307633 27.1269 15.9408 10.68795 6.10335 0 0.0648 0.3078 40.17195 65.93805 27.39825 34.9839 32.6187 0 0 57.105 0.430171681529406 0.0782130330053466 0.224733164348839
4.5566767042341 10.4759454278008 1.91974242669651 3.19109502715777 0.869605178715503 0 0 0 19.9475223012372 34.7206395185971 0 17.5980626955848 27.7815970252795 0 0 4.78791389333711 0.0360673315911887 0.0065576966529434 0.0188425363782404
41.6922463638833 4.97050296095931 11.9205014714249 8.97302223435899 2.07069743869823 0.163748846503664 0 0.630122143507769 9.69434626705868 20.7753758038762 14.5736473388261 10.1399918619737 7.4350267393499 0 0 43.8079983652523 0.330005434221488 0.0600009880402706 0.172403644101426
68.5813590508845 27.46305 12.393 14.8554 3.02535 0.4455 0.2754 0.78165 37.10205 45.92295 25.5393 29.01825 23.76945 0 0 72.06165 0.542840051734236 0.0986981912244066 0.283594127181482
8.05610909352681 8.29596536715796 0.0886380272951768 4.47068050170048 1.9489286251527 0 0.0587226930830546 0.0260374205179582 11.0177067927905 21.3905719370085 0.602738585607202 12.5622244184089 14.9532352046963 0 0 8.46493160668939 0.063766287773067 0.011593870504194 0.0333132101561651
4.85269100461213 7.50465 0 1.82655 0 0 0 0 12.38085 26.09415 0 13.87935 9.03555 0 0 5.09895 0.0384103650386895 0.00698370273430719 0.0200665995684531
5.25740312175611 29.16405 0 2.0331 0 0 0.5508 0.1701 44.12475 192.80025 0 95.4018 95.5071 0 0 5.5242 0.0416137711777383 0.00756614021413424 0.0217401444093487
25.5700970012684 35.3646 0.2997 10.23435 1.34055 0 1.4904 0.15795 77.37525 254.72475 1.55115 86.5566 112.01085 0 0 26.8677 0.202394250728091 0.0367989546778347 0.105736156900014
57.2070213585808 22.0158 10.08855 8.4402 1.4337 0 0.31185 0.52245 33.62715 24.28785 42.52905 18.00225 8.1648 0 0 60.1101 0.452809084912018 0.0823289245294578 0.236559547891168
0.429776806957337 0.867368920226211 0 0 0 0 0 0 0.759955811101879 12.9811806714703 0 4.80197884544723 5.56612796110952 0 0 0.451586644967161 0.00340179995485065 0.000618509082700119 0.00177719106384985
16.1537950757184 14.47875 0 2.41785 0 0 0.1944 0 20.5578 63.6822 0.4131 27.13905 20.5983 0 0 16.97355 0.127861667892889 0.0232475759805254 0.0667983469351762
285.51476264229 54.4401 91.7892 11.90295 23.6682 0.55485 0.7371 0.5103 57.80565 92.44935 169.04295 71.33265 65.20095 0 0 300.00375 2.25992675952417 0.41089577445894 1.18064603894612
32.1889519462501 0 60.127416531721 0.136822069129162 2.85875468255572 0.181642554408612 0.0290528773015892 0.0750277220238598 0.398896002217077 -0.398896002217077 105.837943600596 2.4081499393105 4.54790688947495 0 0 33.822441274406 0.254784282224688 0.0463244149499433 0.133106107234043
7.11522445950277 2.997 1.3932 0.5994 0.40146852677355 0.31263177217763 0.0500039902391091 0.129133009470923 6.04665 134.48835 0.567 144.4878 140.32035 0 0 7.4763 0.056318930787467 0.0102398055977213 0.0294225121551742
0 1.01203171005832 0 0.043521073069927 0.0741958190878788 0.0577778053887102 0.00924128982978953 0.0238652067846459 3.14944268170149 15.8767534673949 0 32.4943141465525 39.0563277545707 0 0 0 0 0 0
7.87068707817154 11.70045 4.698 0.116345167989416 7.6221 1.2555 0.0247048002690147 0.0637990126760086 4.36185 34.92315 22.78935 44.38395 31.3794 0 0 8.2701 0.0622986222470247 0.0113270222267318 0.032546462524846
0.75160821755311 1.87515 0 0.108070625876943 0.184241518893527 0.143472647839393 0.0229477792105658 0.0592615864446947 1.6686 51.7914 0.3969 83.44215 133.69455 0 0 0.78975 0.005949182829662 0.00108166960539309 0.00310801184737756
1.51233733587093 2.32206653668084 1.8582258721404 0.217604262376997 0.655676001109634 0.111403678837157 0.0178184975582358 0.0460154520257795 0.904775617251722 38.3212558901805 1.82100409041802 56.674457493293 41.4078005591595 0 0 1.5890837581478 0.0119705600618774 0.00217646546579589 0.006253739976953
0 0 0 0 0 0 0 0 0 0 0 0 0 0 0 0 0 0 0
46.4840774548231 47.0205 11.45745 1.2636 5.2974 0.27945 0.0977018504791796 0.2268 52.29765 153.44235 9.8496 266.92335 389.60595 0 0 48.843 0.367934076542173 0.0668971048258497 0.192218578868581
0.836324411588066 1.18248599585639 0 0.0645892637339502 0.110113399991851 0.0857475619735796 0.0137149216219716 0.0354181555358725 2.84282592154517 32.7937383371407 0 45.2503373893813 63.1374628814967 0 0 0.878765277742595 0.00661973447502299 0.00120358808636782 0.00345832591869328
0.220448727443504 2.30128787420534 0.34550016835632 0.0379547842459286 0.132283586268898 0.0590413728325781 0.00944339153458275 0.030698722551854 1.21287862009416 22.2855980968704 0 30.4436440753777 29.7286429192154 0 0 0.231635815618535 0.00174491144920866 0.000317256627128847 0.000911588299106514
3.09551210730208 7.65546596259422 0.612295705746093 0.115513787327237 0.196930807586399 0.15335405708362 0.0245282644183079 0.0633431169450424 9.577295836699 49.882633969858 0 72.7782462269186 112.198763976051 0 0 3.25259973168011 0.024501817632763 0.00445487593322963 0.0128004032932433
1.56103245184107 1.9845 1.3203 0.119991372753315 0.28755 0.159298420149842 0.0254790374976742 0.0657984447793897 1.9197 65.7153 0 74.73465 46.10115 0 0 1.64025 0.0123559951077595 0.00224654456504719 0.00645510152916878
0.674068115752014 1.28203261681399 0.766474318232262 0.0988290668207788 0.328332121993476 0.0351615694720203 0.00562392863791106 0.0145235375535123 0.494694384475121 11.419698671141 1.17332064331113 13.7619475547934 17.0864475525702 0 0 0.708274978882248 0.00533543190002594 0.000970078527277444 0.00278737198552342
28.6883075038349 1.66455 29.5731 0.119820175330298 11.7207 1.8873 0.0254426853378443 0.0657045669952935 1.95615 11.40885 78.59835 16.13115 14.38155 0 0 30.14415 0.227075732313714 0.0412864967843117 0.118630421436057
19.9657977791031 0 26.1792 0.83835 2.9403 0 0 0 0 2.43 36.82665 3.64095 4.0581 0 0 20.979 0.158034702859739 0.0287335823381344 0.0825615454841833
0.00183464378286185 0.00218445207657304 0.00279269771466075 8.01183770599394e-05 0.000199478408190053 9.2455748336022e-05 1.47878646662861e-05 3.81889816967587e-05 0.0014781023033099 0.0223939039227129 0.000570639052937119 0.035688649307904 0.046300246596047 0 0 0.00192774625619732 1.45217029785556e-05 2.64030963246466e-06 7.58652510667806e-06
1.59186766076633 0 2.84715 0.2592 0.0583006484942943 0.0453999101856299 0.00726150336533551 0.2268 0 9.72 7.74765 12.08925 10.34775 0 0 1.67265 0.0126000641469252 0.00229092075398639 0.00658260970752273
12.6809796705114 7.04295 4.9491 0.3888 1.1907 0.20266079703977 0.03241464693892 0.0837093377977337 6.70275 62.14725 8.16885 79.18965 67.3434 0 0 13.3245 0.100373392356861 0.0182497077012475 0.0524377383480624
0.209846812417684 0.601988769044577 0 0.0524246638118318 0.089374884338808 0.0695980546808161 0.011131883438076 0.0287475779945654 1.65896904957633 23.1905673470312 0 41.2957295695172 37.778295192251 0 0 0.220495886336095 0.00166099441722292 0.000301998984949622 0.000867747802507881
25.7897978648608 18.9864 5.3865 0.231711206857719 3.2886 0.307615692165903 0.0492016916940896 0.127061110306134 6.64605 100.67895 17.4474 109.39455 81.5184 0 0 27.09855 0.204133242632146 0.0371151350240265 0.106644652670786
3.68095306545241 3.969 1.6848 0.0883468806672862 0.47385 0.117287753215379 0.0187596277438384 0.0484458775296175 3.0699 39.0501 0 53.9136 38.1348 0 0 3.86775 0.029135741550396 0.00529740755461745 0.0152212887910029
1.20072761277688 0.486423444629396 2.62275974506553 0.0215315208170674 0.150740598726297 0.0285848654855689 0.00457201558488594 0.011807020379796 0.281846917786564 2.75829961114716 8.22296299690552 6.48944611155311 4.68499247385891 0 1.73288352149222 1.26166080950749 0.00950408461510535 0.00172801538456461 0.00496518739261951
49.6678127763558 0 48.83895 0.28755 18.44775 0.167755578897753 0.0268317204976634 0.0692916865349674 0.83025 4.02975 83.66895 6.4638 10.16145 0 0 52.1883 0.393134204836023 0.0714789463338224 0.205383798283627
0.0423984122722267 0 0 0.0127076543295355 0.0216643284541858 0.016870456700808 0.00269835067088833 0.00696836674580355 0 5.67 0 3.6126 14.9931 0 0 0.04455 0.000335594928852728 6.10172597914052e-05 0.000175323745236683
34.5161619907082 32.62275 6.0912 0.9072 5.77935 0.503633572433386 0.8748 0.2349 13.9887 150.0363 30.9177 191.93355 266.70465 0 0 36.26775 0.273204780716017 0.0496735964938212 0.142729467144954
1.71906289758301 1.18665 1.23525 0.0852052577817522 0.66825 0.113116990343943 0.0180925337230988 0.0467231378425197 2.22345 45.97155 0 51.00165 46.89495 0 0 1.8063 0.0136068489334833 0.00247397253336061 0.00710858094323278
12.2454323444422 4.7304 2.39355 0.60345 0.31995 0.257076094273504 0.0411181193108446 0.106185655684754 10.38825 68.99175 3.5316 98.45955 78.92235 0 0 12.86685 0.0969259171786471 0.0176228940324813 0.0506366853288128
0.010826073589565 0.05545538308551 0 0.00327074161702725 0.00557604250497762 0.00434217861130676 0.000694511166871694 0.00179354320846099 0.175182133234226 1.13299613442396 0 2.71091507314166 3.7911574969894 0 0 0.0113754631970277 8.56913077951366e-05 1.55802377809339e-05 4.47674256230066e-05
22.687004966757 0 4.7142 0.0524134426151559 4.0743 0.0695831576189554 0.0111295007226831 0.0287414247414365 0 2.835 33.615 1.9197 5.78745 0 0 23.8383 0.179573795566105 0.0326497810120192 0.0938141422239196
8.10580554622662 3.1914 7.42365 0.0821657526573159 0.140078240019182 0.109081797202554 0.0174471234468192 0.045056395430146 1.9521 35.3079 12.6846 37.91205 28.0179 0 0 8.51715 0.0641596486706625 0.0116653906673932 0.0335187123847949
1.12933952688749 1.5471 0.16605 0.0572400085588013 0.0975842050767839 0.0759908210361614 0.0121543765270125 0.0313881194614805 1.6443 25.8957 0 40.02615 28.32975 0 0 1.18665 0.00893902855944085 0.00162527791989834 0.00466998703221346
35.506743077432 4.6413 36.09765 0.188668570555054 18.83655 2.11005 0.0400619934042052 0.62775 7.209 43.011 89.3187 44.7363 46.8261 0 0 37.3086 0.281045498599212 0.0510991815634931 0.146825667374575
7.55848058780333 0 9.9549 0.0448867629295459 0.27135 0.4374 0.00953128120454411 0.0246140961985427 1.2312 9.7038 21.48525 9.5418 6.33015 0 0 7.94205 0.0598274232254728 0.0108777133137223 0.0312554422190123
0 1.50648140762397 0 0.115666290198979 0.19719079831466 0.153556517193704 0.0245606469663066 0.0634267433888005 3.45842774760986 33.7986393226603 0 111.5120216138 139.997479197743 0 0 0 0 0 0
23.6491477614425 0.807425946428657 18.8014898954101 0.104881092686531 1.11275508583445 0.174150694327749 0.0222705118879753 0.0575125746725497 0 2.48786706182499 29.6983476262036 5.97766604036678 5.61579446773769 0 30.0376022255434 24.8492685529738 0.187189416657185 0.0340344393922154 0.0977927458832659
5.48481278757987 0 3.18735 0.0181769614753838 1.4904 0.0241314119483077 0.00385970651387761 0.00996751490087523 0 3.645 8.56575 2.97675 2.8836 0 0 5.76315 0.0434137803415848 0.00789341460756087 0.0226805172247091
46.6999239172999 0 31.4604 0.105256380519634 14.21145 0.139736505573107 0.0223502007235362 0.0577183674324475 0.43335 3.21165 68.07645 3.12255 7.8408 0 0 49.0698 0.369642559816332 0.0672077381484241 0.193111136117059
19.3221127927884 0.16605 11.1375 0.0665507456000587 3.0537 0.0883515905404169 0.0141314238160113 0.0364937533333763 0.19035 16.41465 29.4111 11.8665 9.60255 0 0 20.30265 0.152939761667157 0.0278072293940286 0.0798998122610446
41.8934857260757 3.4182 39.48345 0.1944 11.8908 1.2069 0.0248871988253546 0.0642700485751577 1.1178 2.9322 70.7373 10.62315 7.1766 0 0 44.01945 0.331598298336391 0.0602905996975257 0.173235798816137
15.9032590032007 0 12.312 0.0411444473316727 4.5684 0.054622639173805 0.0087366357458046 0.0225619607777743 0 0 30.41955 2.1222 1.6767 0 0 16.7103 0.125878606949669 0.0228870194453943 0.0657623429860503
33.687465750842 8.2701 18.30195 0.5022 1.7496 0.494757742460331 0.0791341876495311 0.204360407126636 10.67175 164.69325 36.32445 193.71555 149.04 0 0 35.397 0.266645425288441 0.0484809864160801 0.139302684851692
10.4338638200834 4.25655 4.3659 0.129698566984716 1.97235 0.172185519194278 0.027540268735753 0.0711214798355081 7.10775 60.93225 7.26165 65.5128 47.34855 0 0 10.96335 0.0825868611276669 0.0150157929323031 0.0431455798505182
0.000246210293363574 0 0.000457583939876483 2.00511784037363e-05 1.45521394307009e-05 2.66195891301659e-05 4.25767882055704e-06 1.09952601148443e-05 0 0.00679099840099374 0.00109302736168375 0.0104193318323818 0.012713719149289 0 0 0.000258704700990238 1.9488212283431e-06 3.54331132426018e-07 1.01811620848361e-06
21.3456733785083 11.96775 3.00105 0.0729 1.6848 0.228171830358553 0.0364950174405374 0.0942467073178593 4.03785 68.05215 10.95525 89.97885 99.2169 0 0 22.4289 0.168956792362401 0.0307194167931638 0.0882675364655227
3.314784959465 0 1.0854 0.017849583947159 0.0304304192869832 0.0236967913431581 0.00379019098016766 0.0097879942260247 0 2.835 12.48615 2.8188 3.8556 0 0 3.483 0.0262374217103042 0.0047704403109644 0.0137071291730497
14.8895515097829 0 16.3458 0.0458779059049055 2.5434 0.0609066948959684 0.00974174107724398 0.0251575991590993 0 3.24 32.9994 2.0007 2.6487 0 0 15.64515 0.117854837287099 0.021428152234018 0.0615705116226642
0.257902189099162 0.626840014784695 0.0935337194835801 0.00809214542820736 0.0137956928878887 0.0107429888729278 0.00171829084100743 0.00443740722259538 0.737251999438244 3.17756783859631 0 5.52997604666079 7.21030111247107 0 0 0.270989924117841 0.00204136575317919 0.000371157409668944 0.00106646393754757
1.04068830122738 0.32805 0 0.108298889107632 0.184630667785637 0.143775686059498 0.0229962487570058 0.0593867568234896 2.30445 44.27055 0 78.7887 72.4707 0 0 1.0935 0.00823733007183969 0.00149769637669813 0.00430340101944585
12.8313013140221 0 11.82195 0.0356961644307563 0.0608557181938072 1.2393 0.00757974420314531 0.0195743414733811 0.10125 2.32875 20.4282 3.42225 3.0051 0 0 13.48245 0.101563228922794 0.0184660416223262 0.0530593407175379
5.22129578329148 0 41.1904613090722 0.077899332091427 4.19756926775214 0.103417772862753 0.0165411892360105 0.0427168619156206 0 0 52.5276276630405 1.59532494381498 1.65333675995371 0 0.453735276227897 5.48626032626242 0.0413279718038066 0.0075141766916012 0.0215908351906566
39.2763473685446 0.11745 42.2658 0.0944859601873927 7.81245 0.125437886398185 0.0200632034401976 0.051812301927732 0.44145 1.98855 70.4295 1.87515 0.58725 0 0 41.2695 0.310882938637209 0.0565241706613108 0.162413542178345
0.701410295443888 2.53052477123386 0.449445056170324 0.0583065450184591 0.677362691289872 0.0774067359403519 0.0123808454957785 0.0319729651777661 1.75304872619989 24.0208146845154 1.49318002073648 35.9641247790509 17.7349741121996 0 0 0.737004689265081 0.00555185266572485 0.00100942775740452 0.00290043596810217
16.9131120955028 9.35955 2.2356 0.173203736675882 3.57615 0.229942211539162 0.0367781816328973 0.0949779658466082 4.56435 80.08065 12.5631 89.67105 93.5145 0 0 17.7714 0.133871867982343 0.0243403396331533 0.0699382358271422
12.5190948236539 8.1243 1.4094 0.2268 1.68075 0.159681205269974 0.26325 0.0659565547315516 6.2694 56.1006 1.91565 67.68765 64.5003 0 0 13.1544 0.099092029901242 0.0180167327093167 0.0517683204117042
3.35718337173722 9.14085 1.6767 0.0615349614520265 0.41715 0.0816927243881244 0.0130663693087119 0.033743298957226 2.45835 25.89165 4.2687 27.16335 27.459 0 0 3.52755 0.0265730166391569 0.00483145757075581 0.0138824529182864
3.29462201526661 6.09588673300937 2.06548446410343 0.104038857763173 1.5665191160335 0.138120143936846 0.0220916712371711 0.0570507269011288 3.00539593372353 48.0515234036646 0 56.317329208513 54.8088293189992 0 0 3.4618138490123 0.0260778265400825 0.00474142300728772 0.013623752397779
8.33910521716131 0 7.61236155170509 0.0326378738988984 0.285512784531102 0.0433294630259211 0.00693034502258766 0.017897297898811 0 2.75667516098995 18.2216228141435 3.11898103929148 4.05625059402806 0 3.08747618030874 8.76228890457518 0.066006278821952 0.0120011416039913 0.034483441247945
11.0351503941259 6.65415 3.37365 0.0828415319586975 0.141230325555035 0.109978949827863 0.0175906188145691 0.0454269656305256 0 40.095 9.8253 30.0591 21.97125 0 0 11.59515 0.0873462073913965 0.0158811286166175 0.0456319893284203
2.20086303704013 1.0368 0.36855 0.113533926095668 0.193555490403374 0.15072562839689 0.0241078595391751 0.0622574406424297 9.35145 56.66355 0 71.1909 69.0525 0 0 2.31255 0.0174204276704462 0.00316735048553567 0.00910089623001326
32.8741871154383 0.68445 30.1644 0.0780480041142308 7.9461 0.103615147205672 0.0165727583393298 0.0427983876758334 0.5022 3.1428 48.57165 3.25215 5.39865 0 0 34.54245 0.260208104380447 0.0473105644328086 0.135939656647606
0.0255660850396215 0.116268518608154 0.0226660649994236 0.00427448216138718 0.00728724460977957 0.00567472677112821 0.000907646014659959 0.00234395416939466 0.177550842495485 1.96313307411674 0 2.79716031770664 2.23008895077662 0 0 0.0268634844437613 0.000202362494963871 3.67931809025219e-05 0.000105719566841472
3.91607153350749 8.9748 0.324 0.200478189279643 0.4617 0.266151291496628 0.0425696546752837 0.109934179133926 9.37575 94.30425 0.972 139.25115 211.07385 0 0 4.1148 0.0309967679740338 0.00563577599527888 0.0161935386509518
49.2669550603274 90.072 9.52155 0.2997 4.10265 0.607938530324295 0.0972369254876699 1.2555 34.33995 153.98505 17.32185 226.43955 213.6537 0 0 51.7671 0.38996130732687 0.0709020558776128 0.203726191965025
21.5538110387538 14.51925 3.61665 0.31995 5.2245 0.08505 0.0490837066139396 0.35235 14.64885 80.52615 16.94115 124.902 117.3123 0 0 22.6476 0.170604258376769 0.0310189560685034 0.0891282166694118
7.37346933425179 4.53195 3.5721 0.0774322940840831 1.51875 0.10279774148039 0.0164420181153798 0.0424607570488209 1.9602 33.6798 11.78955 31.5009 21.13695 0 0 7.74765 0.058363008990479 0.0106114561800871 0.0304903931488886
5.00686704923841 0.19035 0.92745 0.0361166493293937 0.6561 0.047947823641507 0.00766903020974526 0.0198049184869505 0.86265 18.17235 5.7429 15.17535 6.7068 0 0 5.26095 0.0396307102345176 0.00720558367900321 0.0207041404602228
9.4260138858223 0.402467317816714 13.4643611778683 0.0456384903230562 0.349414807740875 1.18544919066014 0.00969090343410769 0.0250263132792884 0.139034164336683 1.50742304491351 20.4270457760974 1.72512127591437 3.53805360298875 0 11.411777857003 9.9043548120895 0.0746094556340147 0.0135653555698209 0.0389779703660717
1.46081802283399 1.0044 0.23085 0.0744648720851275 0.126949585290624 0.098858244619034 0.0158119140116602 0.0408335421244877 3.49515 33.76485 0 48.96045 47.99655 0 0 1.53495 0.0115627707304713 0.00210232195099478 0.00604069994951843
41.8973401271913 0.7776 41.55705 0.126418784775344 16.87635 1.98855 0.0268438378842734 0.0693229791296661 0.86265 4.40235 76.9176 7.2657 24.05295 0 0 44.0235 0.331628806966287 0.0602961467211431 0.173251737338431
0 0 0 0.00284427999292606 0.00484900001089906 0.00377601571629997 0.000603956058929627 0.00155968879893074 0 0 0.6885 1.25145 0.30375 0 0 0 0 0 0
0 0 0 0 0 0 0 0 0 0 0 0 0 0 0 0 0 0 0
0 0 0 0 0 0 0 0 0 0 0 0 0 0 0 0 0 0 0
0 0 0 0 0 0 0 0 0 0 0 0 0 0 0 0 0 0 0
18.4700074080599 0.775149517596002 14.3772707007379 0.0532347239890052 0.0851332512657084 0.0662950080504178 0.010603576573053 0.027383249766391 0 1.94761185325629 33.8819542071485 2.47346705363549 1.56328311421371 0 0.0792028820324224 19.4073029137478 0.146195116510944 0.0265809302747171 0.0763762296696084
0 0 0 0 0 0 0 0 0 0 0 0 0 0 0 0 0 0 0
0 0 0 0 0 0 0 0 0 0 0 0 0 0 0 0 0 0 0
0 0 0 0 0 0 0 0 0 0 0 0 0 0 0 0 0 0 0
0 0 0 0 0 0 0 0 0 0 0 0 0 0 0 0 0 0 0
0 0 0 0 0 0 0 0 0 0 0 0 0 0 0 0 0 0 0
0 0 0 0 0 0 0 0 0 0 0 0 0 0 0 0 0 0 0
0 0 0 0 0 0 0 0 0 0 0 0 0 0 0 0 0 0 0
0 0 0 0 0 0 0 0 0 0 0 0 0 0 0 0 0 0 0
0 0 0 0 0 0 0 0 0 0 0 0 0 0 0 0 0 0 0
0 0 0 0 0 0 0 0 0 0 0 0 0 0 0 0 0 0 0
0 0 0 0 0 0 0 0 0 0 0 0 0 0 0 0 0 0 0
0 0 0 0 0 0 0 0 0 0 0 0 0 0 0 0 0 0 0
0 0 0 0 0 0 0 0 0 0 0 0 0 0 0 0 0 0 0
0 0 0 0 0 0 0 0 0 0 0 0 0 0 0 0 0 0 0
0 0 0 0 0 0 0 0 0 0 0 0 0 0 0 0 0 0 0
0 0 0 0 0 0 0 0 0 0 0 0 0 0 0 0 0 0 0
0 0 0 0 0 0 0 0 0 0 0 0 0 0 0 0 0 0 0
0 0 0 0 0 0 0 0 0 0 0 0 0 0 0 0 0 0 0
0 0 0 0 0 0 0 0 0 0 0 0 0 0 0 0 0 0 0
18.6178372172734 0 13.1759936410843 0.0512542125521478 0.134245310082818 0.104539575082059 0.0167206162559632 0.146440607291851 0 0 28.7316471506612 3.04047310889706 8.78826694510221 0 20.2417529429161 19.5626346266001 0.14736522953279 0.0267936780968709 0.0769875279333861
8.49684047760536 0 12.0650081149218 0.0265966490755784 0.0453426357384327 0.0353092400045265 0.00564754784914673 0.0145845330823412 0 0 17.4607156612472 1.23238475461417 1.28647060591386 0 0 8.92802873954031 0.0672547961760077 0.0122281447592741 0.0351357000268675
0 0 0 0 0 0 0 0 0 0 0 0 0 0 0 0 0 0 0
0 0 0 0 0 0 0 0 0 0 0 0 0 0 0 0 0 0 0
0 0 0 0 0 0 0 0 0 0 0 0 0 0 0 0 0 0 0
12.1567811187821 8.9667 3.43035 0.91125 1.6848 0.00241645026994145 0.0256679842550519 0.016532797246684 18.90945 60.06555 4.6008 49.6044 54.08775 0 0 12.7737 0.0962242186910459 0.0174953124892811 0.0502700993160452
1.76832344766386 3.15344014862838 0.127328792705329 0.161922472330084 0.0137385532500839 0.00165769520201068 0.0769131743567898 0.0113415694966102 3.43275641339777 63.3602634227617 0.0873613910292244 74.7110287331006 203.301760134037 0 0 1.85806036998771 0.013996759543661 0.00254486537157474 0.00731228064965436
0.000111982384850462 0.000782358485959416 1.94586563235229e-05 3.27758058634024e-05 2.09955486418911e-06 2.53332498798826e-07 2.69094492501961e-06 1.73324272000776e-06 0.00136707886256252 0.00731850969123913 1.33507531789503e-05 0.0115859196146541 0.0228401480739706 0 0 0.000117665143049615 8.86370938500147e-07 1.61158352454572e-07 4.63063828580662e-07
3.41885378958774 2.36115 0.97605 0.7047 0.2106 0.00246129001596837 0.2349 0.0168395804811156 4.5036 90.6714 0.129711251658646 94.3812 127.413 0 0 3.59235 0.0270611547174882 0.00492020994863422 0.0141374692749943
11.4976785280048 10.69605 0.1863 0.324 0.4698 0.00211987776594936 1.1259 0.0145037163512756 5.2812 58.3038 3.7584 85.6656 200.24415 0 0 12.08115 0.0910072429788808 0.0165467714507056 0.0475446120037295
39.8005459202739 20.99925 14.71365 0.63585 2.97675 0.00271830659265455 0.0288743582636821 0.0185980288151227 13.75785 48.61215 27.8883 54.1647 40.1517 0 0 41.8203 0.315032112303025 0.0572785658732772 0.164581181210362
2.2663878560063 2.01285 0.12555 0.36855 0.07695 0.00140098756748536 0.14985 0.07695 4.8762 55.8738 0.0738327664589463 48.9645 76.4721 0 0 2.3814 0.0179390743786731 0.00326164988703148 0.00937185110901541
1.60457368352825 1.28451154702635 0.729287465868571 0.156911153370677 0.00303453351823165 0.000366147116217094 0.00388928277606173 0.0832200853909258 2.62492666286493 9.25458170973288 0.0192961416280061 14.5863845851988 33.6393372649289 0 0 1.68600081395051 0.0127006357621406 0.00230920650220738 0.00663515100278113
0.909638663295046 1.0449 0.57915 0.69255 0.162 0.000597265417078549 0.00634426435849253 0.00408635268262941 1.52685 18.31815 0.0314761951330638 14.7177 14.9445 0 0 0.9558 0.00720003665538581 0.00130909757370651 0.00376149126144156
4.25734967953613 6.8740525106791 0.101208075834498 0.0404001665412439 0.0186166939695612 0.00224629214655148 0.149787952235057 0.0153686144828687 9.37591614530788 58.2310785121367 1.44120299988325 107.130772432333 289.876122482135 0 0 4.47339695188481 0.0336980770324982 0.00612692309681785 0.0176047745799058
0.000165183206716728 0.000911515322060717 4.13971211920499e-05 8.85539496820645e-05 4.46667671791528e-06 5.38949657175567e-07 5.72482350939639e-06 3.68736965916099e-06 0.00285143717976248 0.0148593527566504 2.84029245475717e-05 0.0251233458844662 0.0535715973996617 0 0 0.000173565741376846 1.30746986820727e-06 2.37721794219503e-07 6.8305714529675e-07
0.0216859505419624 0.0177902161822113 0.00074240444189079 0.00819219733234291 0.000738309142297571 9.66537304819881e-06 0.000102667390389284 6.61282604931516e-05 0.0454919797541709 0.33883332719525 0.000509370138299755 0.318261809449588 0.30873458736679 0 0 0.0227864451725538 0.000171650178372386 3.12091233404338e-05 8.96746331825468e-05
0.000284419305755876 0.000199235134719489 1.47270958785844e-05 3.44835596137649e-06 1.58902779684139e-06 1.91732252060055e-07 2.03661564580114e-06 1.31178799265578e-06 0.000454138910022365 0.00716367506454634 9.62690777005935e-05 0.00807488281304282 0.0152992492526613 0 0 0.000298852702079234 2.25125592125087e-06 4.09319258409248e-07 1.17611616167528e-06
0.00432284878657624 0.000617741911181538 0.000139220989055973 0.000484503459750226 1.50217003635721e-05 1.81251986038512e-06 1.92529231066945e-05 1.24008442176884e-05 0.00601995548739656 0.0739231153713907 9.55207302761554e-05 0.0677941466055504 0.188689872399726 0 0 0.00454221993515837 3.4216520223859e-05 6.22118549524709e-06 1.78756231362668e-05
