41185.64 508156.05 0 0 2512 0 0 9456410.24444448 0 53905.635 5660.93580246913 6161.30452674897 2107.5 7779.87654320986 40072.9355601426 0 14877 90496 495.51
0 120432.75 165.6 3814.5 0 18.7046569596094 0 142144.8 443.013491116289 33571.125 3525.49382716048 1460.22633744856 1312.5 1843.82716049383 13495.993995121 0 5350.5 41977.6 286.56
0 437767.2 0 0 1696.8 5.76034304039061 17.8765432098766 26600278.8 85.2782588837109 66247.02 6956.97448559671 5307.85185185185 2590 6702.22222222222 38216.5581534999 0 5263.5 54700.8 1217.88
0 0 0 0 0 0 0 0 0 0 0 0 0 0 0 0 0 0 0
1448.64 0 552 198 778.4 74.498862175496 335.282079688643 13.3333333333334 1205.93214826145 0 0 0 0 0 49682.4767123286 0 7177.5 15769.6 736.243494077678
2796.68 3507.75 0 6673.5 1600.8 90.2505582118266 351.900818539029 416.666666666666 1457.65870361286 58328.4445665355 6125.40006529999 42.5308641975309 2280.41459717474 53.7037037037038 16693.4472152903 0 8627.5 68320 307.587815316679
7726.08 230342.25 1297.2 23461.5 12712.8 375.067814365642 1187.62731076329 1708.22222222222 10743.8807970712 106979.985 11234.5736625514 2792.86008230453 4182.50000000002 3526.54320987654 46803.5683993244 0 13760.5 112716.8 1432.8
0 0 0 2311.5 1244.8 71.682391531212 288.374686180428 187.444444444445 1156.98361636456 10909.3601738373 1145.65365179552 0 426.513416758046 0 9349.51313939478 0 2798.5 18457.6 735.744942812613
0 231043.8 124.2 1648.5 2086.4 578.356090112453 35.4567901234568 8148728.17777776 9593.06841311843 34466.355 3619.50699588476 2801.36625514404 1347.5 3537.28395061728 60723.3720397823 0 4437 27462.4 68.0558765327417
14405.92 1581293.7 1269.6 7692 0 591.138348378627 2563.03113278808 231.488888888889 9756.64549145005 326375.28 34274.5152263374 19172.913580247 12760 24209.6296296296 141015.480277726 0 59450 113075.2 2268.6
1609.6 401052.75 0 0 0 126.975193100865 2186.08101911769 0 4105.53124359462 100393.65 10542.9053497942 4862.69547325103 3925 6140.12345679014 45161.3465941077 0 9309 119257.6 608.94
0 28997.4 1186.8 7657.5 11132.8 60.4688093209616 604.32625527428 923.288888888888 1955.15816804442 61579.035 6466.76296296296 351.588477366255 2407.5 443.950617283949 13605.0191780822 0 4770.5 35392 817.89
0 0 8200.97069398894 20664 691.2 514.681084486223 0 3578771.24444445 8536.90475266598 91998.6719326581 9732.31996435577 0 943.999999999998 0 666.704657534248 0 1000.5 7616 1063.15573682195
50742.64 2970362.7 1504.2 55107 728040.41709639 0 3258.14615185851 4782.66666666666 0 532278.18 55897.5440329218 36015.1358024691 20810 45476.2962962962 252745.548958529 0 67918 148108.8 3683.49
25331.08 590237.4 234.6 9909 5204 63.945 1215.29353362407 115.866666666666 2521.70033510533 362696.04 38088.7637860081 7156.5267489712 14180 9036.54320987653 154799.164721336 0 7264.5 30867.2 467.709147403084
63579.2 373692.3 248.4 8931 21890.4 20.37 1265.60063289262 2909.33333333334 348.83625 332386.11 34905.7465020575 4530.95473251029 12995 5721.23456790124 25660.7123287671 0 13514 89555.2 1641.75
3299.68 115054.2 2075.06073779715 5059.59935843726 1757.6 96.8190256235488 420.248606577844 753.222222222223 1591.03416140988 61195.365 6426.47160493827 1395.01234567901 2392.5 1761.48148148148 20792.0732595234 0 14050.5 60748.8 935.937230299001
0 1045309.5 0 143954.439690372 521504.092665998 582.988757132357 2467.15787973148 705339.555555555 9673.87175552066 59213.07 6218.29958847736 12674.1975308642 2315 16003.7037037037 49960.6560330267 0 8888.5 20204.8 1197.09860259371
2796.68 114586.5 510.6 3933 1768.8 265.152400938512 1128.61664907866 0 4392.90541479527 118490.085 12443.3144032922 1389.34156378601 4632.50000000001 1754.32098765432 38439.1382998686 0 11745 131353.6 5808.81
885.28 0 0 6645 3072 155.874040566334 464.130949041924 1472 2147.16702726311 15272.2421840934 1603.82458279016 0 597.085080307035 0 29000.5358728927 0 5655 42470.4 194.231956291445
3259.44 376030.8 11610.7685682139 11904.1795059009 649256.180147897 746.710465046286 5447.26329898356 3412155.28888889 12322.657649605 50068.935 5258.02222222222 4559.3086419753 1957.5 5757.03703703705 25137.3604053293 0 15167 30643.2 580.3368960296
1509 54720.9 2718.6 18762 5610.4 66.885 1355.6515976564 4108.62222222222 1221.55425 90482.175 9502.0452674897 663.481481481482 3537.5 837.77777777778 22460.0767123288 0 8424.5 60166.4 1456.68
0 0 0 0 0 201.576480676721 1521.3040957411 8574271.84444448 3343.50584815565 0 0 0 0 0 8170.01643835618 0 5698.5 3136 416.388319484804
0 57059.4 0 107366.060309628 388199.310089715 430.471062041798 1845.76598010424 934874.711111112 7140.13117287616 26792.955 2813.67983539095 691.835390946501 1047.5 873.580246913582 9324.84233439671 0 5684 11782.4 889.206526022669
82612.72 3045428.55 4788.6 48057 0 107.415 3293.80221935004 576.733333333334 4727.02258994085 460531.89 48363.0600823045 36925.2962962963 18005 46625.5555555555 309112.189453931 0 54737.5 42201.6 901.529664364939
0 0 0 2530.5 680.8 348.11869167449 0 7841567.86666666 5774.17006963535 92286.8610404435 9691.56556195549 0 2912 0 4479.01246609802 0 3001.5 33644.8 1026.01355706176
0 1169.25 0 0 20303.2 379.873927038476 22690.1558782541 8809492.77777776 6300.88734732868 86100.4724817132 9246.06662647797 14.1769547325103 551.333333333332 17.9012345679012 2367.66684931507 0 6206 15097.6 44.7002348873191
0 0 0 0 0 0 0 0 0 0 0 0 0 0 0 0 0 0 0
15975.28 1945632 0 5346 15017.6 10.29 9623.35382677088 6033.33268419302 48.8775 265179.915 27848.0436213991 23590.4526748971 10367.5 29787.6543209876 206364.590729968 0 34858 66662.4 2740.13919807135
0 1114061.4 1973.4 1582.5 2420 683.956961236368 255.420208241122 2285.02950578924 6526.10913174549 101736.495 10683.9251028807 13507.8024691358 3977.5 17056.2962962963 69664.6224057048 0 4408 50310.4 1391.01
0 441508.8 690 2088 891.2 26.88 208.226417538308 2806.52461562728 268.6005 95150.16 9992.25679012345 5353.21810699588 3720 6759.50617283952 42180.9768436855 0 14384 30598.4 25.8508285883137
1146.84 2627772.45 4968 16911 4362.4 44.52 493.189831930808 6213.7357748909 555.85425 193241.79 20293.4139917695 31861.2880658437 7554.99999999999 40231.2345679012 156553.473897542 0 14645 49011.2 2053.68
0 2842914.45 897 2161.5 1368 0 351.37278720338 4633.42429262698 0 144451.755 15169.6962962963 34469.8477366255 5647.49999999998 43525.0617283949 138621.822931132 0 7003.5 33600 949.23
4104.48 1614032.7 3353.4 14224.5 4724 59.01 639.384606460432 139.333333333334 732.21225 290374.245 30493.8427983539 19569.8683127572 11352.5 24710.8641975309 194312.016213173 0 28855 45516.8 2107.41
3521 2421049.05 2056.2 7186.5 8063.2 9.345 1634.20214375976 5757.58314072514 129.00825 175081.41 18386.2897119342 29354.8024691358 6844.99999999999 37066.2962962963 94634.2821542503 0 16472 34048 3511.97523664436
4848.92 6735581.55 400.2 8460 265187.026106773 7.875 886.692519778828 61.1555555555555 138.978 140231.385 14726.4913580247 81667.7654320988 5482.49999999999 103121.851851852 234021.623869394 0 158180.5 82969.6 1767.49720825868
11890.92 4305646.2 1849.2 6189 2321.6 34.86 620.146982345248 7505.13941174121 508.89825 172779.39 18144.541563786 52205.2181069959 6755 65919.5061728396 201639.888609495 0 19821.5 86060.8 1402.95
7524.88 3869515.95 1614.6 11901 4595.2 13.755 1055.55079430068 8397.27967801968 213.68025 153979.56 16170.2650205761 46917.2139917696 6020 59242.3456790125 183391.646913117 0 24157 84806.4 2523.89084885041
15613.12 5975569.05 1269.6 1872 766574.870028607 2267.81046647268 63589.4409873632 7611.43471327722 10772.0997157452 93231.81 9790.8 72452.7448559671 3645 91486.049382716 187227.510151998 0 6017.5 55731.2 3659.65820667336
30139.76 6277235.55 0 0 328043.012033838 12.18 32831.2835097331 11102.9202549501 223.671 110241.18 11577.0502057613 76110.3991769547 4310.00000000001 96104.5679012344 340792.288534434 0 21068.5 55507.2 853.71
2434.52 1817014.5 1766.4 2644.5 6528.8 12.81 533.795884417452 388.888888888889 60.8475 242927.055 25511.1448559671 22030.9876543209 9497.49999999999 27818.5185185185 142128.070557328 0 24258.5 53625.6 4340.71570362935
13259.08 1293658.2 1228.2 6535.5 4772 25.935 416.17867916184 5814.97506799389 429.7125 163187.64 17137.2576131687 15685.3827160493 6380.00000000001 19805.9259259259 93606.3183336461 0 25824.5 36377.6 998.928235237576
2032.12 1604444.85 17506.3221475798 145034.481565003 99530.1430781272 970.839138428443 296.999665149246 6615.36827694122 4611.4859075351 103079.34 10824.9448559671 19453.6172839507 4030 24564.0740740741 63738.6112216176 0 45631.5 20339.2 791.396931662945
38549.92 5270745.15 5382 0 433538.812688134 22.365 48176.3088235724 364.2 262.88325 571668.3 60034.1234567901 63906.8765432099 22350 80695.1851851851 535140.980446612 0 48053 96409.6 2489.49
0 1318680.15 1738.8 104513.596152747 1853.6 22.155 382.710041319582 3789.69781701719 272.601 129680.46 13618.4790123457 15988.7695473251 5069.99999999999 20189.012345679 99546.2857571778 0 65293.5 44979.2 2078.31743363447
2313.8 2402107.2 2070 3555 114165.964318575 1250.78551720975 12522.5810199257 4220.42795616486 5941.23120674633 79036.02 8300.01975308641 29125.1358024691 3090 36776.2962962963 114334.367873898 0 18009 57120 1042.88575475362
73719.68 2974805.85 538.2 4765.5 66109.6 1677.48075555315 548.597299603076 5714.62434355525 16257.9131777549 95597.775 10039.2633744856 36069.0082304526 3737.5 45544.3209876542 175880.099680991 0 25882.5 42246.4 1038.78
85630.72 1745690.25 4388.4 342000 282220.405646192 38985.555 105774.77945425 0 797447.83125 300029.94 31507.8419753087 21166.1934156379 11730 26726.5432098765 173822.49277538 0 25853.5 76160 2861.14378901505
30200.12 2981821.35 4112.4 567496.5 30708.8 50.61 34.3703703703704 0 34243.2613527936 538672.68 56569.0666666667 36154.0699588478 21060 45651.7283950617 347108.693413398 0 54186.5 48966.4 1664.30554317387
188685.36 6946280.4 34914 2210703 1672600 13126.5225950211 278286.617283951 2216867.06666666 138027.509402701 380153.025 39922.0205761317 84222.4526748971 14862.5 106347.654320988 548304.790542314 0 47734 89779.2 7916.10515915873
7303.56 4374631.95 4333.2 72261 93774.499182788 3774.97715950765 3502.03732433336 74.6888888888889 51599.3038748571 139911.66 14692.9152263375 53041.658436214 5470.00000000001 66975.6790123455 186803.517057609 0 15109 33868.8 55.1226663526793
25411.56 3589831.35 0 2551338 165748.322427834 35.175 29033.1439103792 364.488888888889 52073.1831380017 623975.31 65527.178600823 43526.086419753 24395 54960.3703703705 286384.375905423 0 25563.5 50758.4 1767.12
11951.28 434961 1752.6 5979 1738.4 20.055 1828.41754730237 63.4222222222222 14434.2082650405 120408.435 12644.7711934156 5273.82716049383 4707.50000000002 6659.25925925924 62135.8168511918 0 19430 32748.8 914.740799209206
0 0 2461.77307350164 34207.1727283687 1379.76450370823 98.2358699500886 229.264538765645 0 1342.48545934894 10870.65 1141.58847736625 0 424.999999999999 0 3105.7924563708 0 0 2374.4 16.8648623470223
3299.68 0 22208.5161775468 1728 643.2 890.210151843121 2075.03117076987 33.3333333333334 12148.9360137822 0 0 0 0 0 17968.1643835616 0 4451.5 9811.2 126.370692269365
54806.88 2469689.85 9342.6 41580 3960 5976.55666642627 18436.7028539932 86870.0888888888 100958.522557828 293059.935 30775.8823045267 29944.5637860083 11457.5 37810.987654321 155599.665828486 0 30928.5 101920 0
23620.88 5051627.7 46864.8 615963 90879.2 7074.06 121763.496296296 224617.266666666 197954.526 217413 22831.7695473251 61250.1152263375 8500.00000000002 77340.4938271607 264427.020153875 0 25679.5 319961.6 4089.45
1207.2 253025.7 1007.4 0 1448.8 14.7 1203.53076110908 24.6666666666666 8888.11691675365 112671.09 11832.2288065844 3067.89300411522 4404.99999999998 3873.82716049383 36218.7979733534 0 12774.5 24998.4 30.623374224427
23902.56 1002047.25 9232.2 53346 77894.4 1802.10960443926 4199.79716115104 60.4222222222222 24597.7760895224 45592.785 4787.95637860081 12149.6502057613 1782.5 15341.3580246914 84316.9240007507 0 5263.5 28940.8 151.580360073175
4506.88 522420.9 1932 404824.5 69790.1066561384 5340.45911183209 2766.98400266022 253055.622222222 72982.3913355151 117466.965 12335.870781893 6334.26337448559 4592.5 7998.27160493829 50277.5854381687 0 12035 51251.2 1752.6352439563
94503.64 4723068.45 1462.8 717805.5 439389.283777034 6967.0125 40682.0067588576 533059.666666666 225266.7375 330787.485 34737.8658436213 57266.3909465021 12932.5 72310.2469135802 462942.954850817 0 31537.5 66707.2 2567.1
30180 1092313.35 4526.4 107599.5 509330.4 0 127172.404938272 595521.422222222 0 115996.23 12181.4205761317 13244.1111111111 4534.99999999999 16723.3333333333 113660.037380372 0 15993.5 81580.8 735.839961619078
0 94475.4 621 1098 1203.2 676.798532240792 367.058822742072 2247.68888888889 9271.97527008022 56463.435 5929.54485596707 1145.49794238683 2207.5 1446.41975308642 18180.06920623 0 6380 11200 162.259802872298
107702.36 11992529.55 151827.6 2427781.5 1383155.2 49551.39 166992.474074074 471719.755555555 1065668.499 543404.61 57065.9934156378 145407.353909465 21245 183605.802469136 1057546.22210546 0 62756 48742.4 3136.63664948828
8470.52 1441685.25 65122.2 1256334 0 0 1850.13473007894 62.6888888888889 0 271254.69 28485.9901234569 17480.1851851851 10605 22072.2222222222 135592.415837868 0 14804.5 15814.4 52.222149328261
27624.76 2798716.8 1366.2 567709.5 34869.6 6213.06 2374.02782133458 0 166478.8755 286281.765 30064.0683127572 33933.9588477366 11192.5 42848.3950617284 240520.235991743 0 16211 36198.4 1721.15765156738
26156 1343935.95 2359.8 9604.5 4117.6 6622.67178187327 3463.97273648207 294.133333333334 90456.7084234015 250856.235 26343.8329218108 16294.9917695474 9807.49999999998 20575.6790123457 169668.740551698 0 24911 76249.6 4203.81022362518
8772.32 242268.6 1559.4 8442 41228.9988546297 1.05 7388.59171606028 16.1111111111111 13153.1558601863 183138.48 19232.4082304527 2937.46502057613 7160 3709.13580246914 90703.3640833175 0 6452.5 26969.6 46.0684297965507
25129.88 1992635.85 62472.6 1084756.5 261712.8 6987.456 164464.092895793 1286333.08888889 225927.744 147137.445 15451.7358024691 24160.3662551441 5752.5 30507.2839506173 121638.024995309 0 20836.5 23251.2 634.141536507394
0 299094.15 34528.4603569692 3762 2634.4 353.490901943985 3265.49296695056 6021.8 11429.5391628555 72129.96 7574.77530864197 3626.46502057613 2820 4579.13580246913 22247.9108275474 0 4234 23072 360.874097071779
696836.08 24888421.65 387338.4 9600424.5 11131934.4 14624.085 1441347.18024691 7680959.37777778 321040.6815 476773.92 50068.7275720165 301767.823045267 18640 381042.098765432 1431687.26230062 0 114651.5 588985.6 7337.13
53921.6 6092727.9 130741.2 2501832 1227020.8 8417.64 452226.192592592 3640870.24444445 214090.7895 145346.985 15263.7094650206 73873.2757201646 5682.50000000001 93279.75308642 351308.449014825 0 36583.5 69260.8 1170.12
4929.4 74364.3 345 0 25589.8385777823 1872.23978469091 988.14040863118 183.466666666666 25572.3555678473 33379.29 3505.34814814815 901.654320987654 1305 1138.51851851852 18728.991105273 0 10802.5 20025.6 51.1711385557067
24103.76 743876.85 1035 1039735.5 69820.167257465 1376.7595446102 28941.1762884971 131159.644444445 44515.2252757298 242991 25517.8600823045 9019.37860082304 9500 11388.7654320987 100442.815387502 0 16399.5 42470.4 650.73
0 46536.15 441.6 2721 733.6 1192.43723964529 641.5426075298 15 16283.788802552 62218.485 6533.91522633745 564.242798353909 2432.5 712.469135802471 41016.5128166636 0 884.5 15993.6 399.40011732701
11931.16 2837769.75 84656.510403639 635911.14312727 107470.4 14558.145 0 117315.533333334 298436.04 156793.14 16465.7349794239 34407.4691358025 6130 43446.2962962963 214779.610433477 0 23475.5 66617.6 3159.69854770547
11327.56 384449.4 0 5718 25975.0119520966 13800.5726331017 1843.94061601143 830926.088888888 211067.910709513 70978.95 7453.9012345679 4661.38271604938 2775 5885.92592592594 43905.7648339277 0 2291 24012.8 751.393940620025
122510.68 1023561.45 0 660918 678364.8 20296.815 24770.3703703704 596983.844444445 305209.68975 160885.62 16895.5094650206 12410.5061728395 6290.00000000001 15670.7407407407 208906.58780259 0 19633 42649.6 3010.87411088239
55470.84 2367965.1 0 2278816.5 400081.479447154 45735.06 128394.426372768 559294.8 786022.92825 136202.85 14303.4320987654 28711.1687242799 5324.99999999998 36253.5802469136 266043.827209608 0 17835 23564.8 76.2650249492653
1227.32 1541539.2 1076.4 11109 1649.6 3086.75769188478 1662.83741670114 178.2 42188.0538078279 142981.02 15015.246090535 18690.8971193416 5590.00000000001 23600.987654321 68837.0272846688 0 8729 21056 1286.75654254468
48650.16 744344.55 9466.8 612894 497021.6 4718.63687993729 78237.0273420484 965495.044444448 64484.6063101183 84535.29 8877.529218107 9025.04938271605 3305 11395.9259259259 94887.4418465001 0 5988.5 40768 810.082523686689
7142.6 1386496.65 62624.4 2785821 455616.8 17371.62 141078.924970432 2491709.17777778 346623.8475 149503.41 15700.1991769547 16811.0329218107 5845 21227.2839506173 196040.628410584 0 50518 55865.6 1826.51589804544
18409.8 3922132.2 938.4 135568.5 126390.42808662 17.115 4961.61150700744 621.333333333334 437.07825 329572.53 34610.2765432099 47555.1769547325 12885 60047.9012345677 279891.91638206 0 53766 73920 6653.85026845915
0 488746.5 35487.1709376466 153 2264.8 366.453643449869 3328.02575360678 20 11848.6678048791 43738.38 4593.21481481482 5925.9670781893 1710 7482.71604938272 21667.5909176206 0 768.5 6182.4 259.478038773194
41708.76 1449870 122631.669994172 1662751.38021943 2734.4 24.465 2582.70877321682 440.444444444444 20572.9191533832 364614.39 38290.2205761317 17579.4238683128 14255 22197.5308641975 212579.774066429 0 20822 51744 1155.40198865595
11468.4 2433910.8 165.6 2122920 16272.8 1.365 7735.39961063836 447.955555555555 34749.7248403355 410079.285 43064.7465020575 29510.7489711934 16032.5 37263.2098765432 178861.316119347 0 19386.5 33958.4 1916.37
33198 1911256.05 690 1070691 423296 4528.86 45156.913546206 1435168.75555555 113815.52175 73920.42 7762.80164609054 23173.6502057613 2890 29261.3580246914 153144.792944267 0 10599.5 42784 2944.65209464718
3782.56 935400 1573.2 4539 2628.8 3140.77813793474 1702.88317722865 437.822222222222 42914.6013093002 222656.49 23382.4181069958 11341.5637860083 8704.99999999999 14320.987654321 92802.2188027773 0 14442 35123.2 1442.67796185236
0 261210.45 50559.3578744867 2592 1121.6 2033.26818888338 4668.82920450352 0 27786.6148857763 111264.3 11684.4938271605 3167.1316872428 4349.99999999998 3999.13580246913 66858.882041659 0 2755 27148.8 64.9427320718071
190254.72 1635780.75 0 937833 219624.8 15841.875 13617.3640936213 666656.4 395110.9575 363910.995 38216.3530864198 19833.5596707819 14227.5 25043.8271604938 278090.630136986 0 49662.5 235692.8 3868.56
0 0 0 82452.3946942166 88416.9792172872 9.03 1092.26157545158 4025788.2 122.451 0 0 0 0 0 10278.1917808219 0 9889 9766.4 480.117745611589
1951.64 0 4178.95962711506 5733 4728.8 2.73 912.655689568428 22321.583655687 3082.4535 0 0 0 0 0 400628 0 28333 88704 2292.48
439.630741510846 16230.7767795593 564.908774409572 13710.7620752111 575.2 0 279.349317717008 3359.03679894826 0 101590.568619609 10668.6005478266 196.795371115922 3971.79484790088 248.493429420685 23679.4616609994 0 2262 9318.4 1079.75455997499
17242.84 492488.1 2203.35337524675 1125 54824.777207796 17.535 2447.12763963456 2014670.55555555 210.88725 446783.715 46919.286419753 5971.33333333333 17467.5 7539.99999999999 144861.404991556 0 3248 8646.4 206.386375291226
0 1636.95 1415.21048822485 25146.6967244174 1849.6 4.83 309.417241493468 6527.75456014616 22.9425 524540.835 55085.0016460905 19.8477366255144 20507.5 25.0617283950617 144913.843197598 0 3001.5 11827.2 1038.78
0 47705.4 276 1597.5 981.6 9.03 416.905337246268 7985.49530192534 105.64575 665731.395 69912.2213991769 578.41975308642 26027.5 730.370370370369 178312.464777632 0 2015.5 13664 339.988655868041
0 0 0 0 0 0 0 0 0 0 0 0 0 0 0 0 0 0 0
63035.96 1618242 3063.6 22516.5 95500 160631.625 58217.6197530864 3268734.66666666 3857649.432 2409191.82 253002.867489712 19620.9053497942 94190 24775.3086419753 1166655.25539501 0 145783 80640 2585.76394318859
756.985637828671 27947.2378812855 972.697740476124 43680.2759943938 427.2 0 1061.89776152824 5783.81440070222 0 174925.44110907 18369.9105360142 338.855442669814 6838.90222492255 427.872619916892 73429.1719375529 0 4176 4793.6 282.15183125056
7001.76 182870.7 1311 7935 6121.6 40.845 1507.24126507427 20451.068704545 600.894 1605658.95 168619.333333333 2217.27572016461 62775 2799.75308641975 486117.156389568 0 9787.5 86598.4 2641.97159080354
1609.6 125811.3 317.4 2715 1470.4 0 496.675193534912 10180.2665259756 0 664836.165 69818.2082304527 1525.44032921811 25992.5 1926.17283950617 233769.028635767 0 2001 39468.8 0
7685.84 13095.6 1934.05040402873 501425.717039976 46725.0423569179 1.05 2301.33598607021 863834.2 4.9875 528121.755 55461.0543209877 158.781893004116 20647.5 200.493827160494 145681.84559955 0 13354.5 29299.2 264.740978081112
3521 227536.05 759 3289.5 1972.8 3.78 793.446040446796 15083.1367217864 17.955 975480.975 102440.777777778 2758.8353909465 38137.5 3483.58024691358 333063.368286733 0 7424 37497.6 1173.8483927082
0 77174.9489417396 262.2 1828.5 1690.4 1.26 3061.84115978666 16267.0577290954 121.968 483048.165387526 50727.6215883418 935.732954997507 6307.93658411034 1181.54959484446 5322.38877675443 0 4234 18547.2 251.60092580952
1015.44688381957 37489.3976843698 1304.81060684055 86637.3869336009 32288.7344257535 0 645.233300105468 7758.60996072565 0 6842.115 718.529218106997 454.552485713395 0 257.777777777778 0 0 3944 5062.4 122.220581869764
353.707174618453 13058.5549518927 1572.30026043881 3804.78238222714 1100 4.935 129.484405883333 0 23.44125 30437.82 3196.44773662551 158.332728180442 1190 199.926666933214 8397.09956442165 0 9657 30150.4 42.5726814294495
5271.44 0 869.4 612 1609.6 4.83 468.16097387536 9324.87911100376 22.9425 0 0 0 0 0 335779.331506849 0 17559.5 93632 1603.57385812423
591.69868452419 0 760.310294829712 34322.7373968038 230.4 0 830.033592708204 4520.9251026796 0 0 0 0 0 0 163161.430068029 0 2624.5 3315.2 71.2176664938888
23842.2 383280.15 1752.6 1566 4076.8 0 1157.11402357274 23295.668915518 0 637659.54 66964.2370370371 4647.20576131687 24930 5868.02469135803 200025.282942391 0 13659 93094.4 356.676074131906
760.142416405661 0 0 523.5 0 2.1 41197.49435191 1091502.06666666 9.975 0 0 0 0 0 151504.321277438 0 1348.5 9811.2 91.4917854565953
0 15434.1 745.2 7255.5 1673.6 0 3000.40342723689 16131.1401442143 0 214343.64 22509.4386831276 187.135802469136 8380.00000000002 236.296296296296 53451.7479452055 0 7453 23923.2 1077.97218564004
2085.74279541429 77705.3227926003 2969.90012730654 179670.46368457 460 6.3 2925.87533354944 15943.7653405504 29.925 37791.495 3968.6987654321 942.163646530506 1477.5 1189.66962624316 12936.4352245287 0 1073 2419.2 251.042868069405
0 3778.92908477858 455.4 2592.66294101666 743.2 1.68 64.4396393728356 298.103680911934 7.98 17520.5202718625 1839.92898859039 45.8188638633931 684.983981228498 57.8554594501481 3082.96082889991 0 3262.5 19936 661.39599651523
22655.12 862906.5 1518 8302.5 5009.6 114.345 1688.38189228276 24758.4597502802 3139.5735 1073188.935 112701.643621399 10462.5925925926 41957.5000000001 13211.1111111111 415154.448489399 0 29884.5 183680 2519.34
0 0 0 1152 1736.8 0 274.104670099334 5187.91651515872 0 169006.635 17748.3432098765 0 6607.49999999999 0 54409.2249953087 0 4625.5 27955.2 502.841107010812
0 91669.2 2484 0 3759.2 20.79 872.346589769868 13502.7863614722 243.3375 603832.635 63411.8823045267 1111.4732510288 23607.5 1403.45679012346 173054.64559955 0 17110 52192 1184.38561601251
0 6547.8 1249.08216075387 20021.2213587553 917.6 0 931.638782103648 4902.71789230391 0 390256.335 40983.0263374485 79.3909465020576 15257.5 100.246913580247 164475.382548321 0 8874 16307.2 447.068853153368
0 25845.7774971712 165.6 2398.5 1648 4.725 423.485519675224 6482.24046757238 747.6525 161772.123910928 16988.6062577474 313.375597694186 2847.59037136097 395.699230760438 1804.52852018551 0 1754.5 21548.8 483.610807897176
2032.12 312604.73337347 1520.17692743337 102230.374343149 2976.8 5.88 434.518156091756 146 71.1375 454218.013723922 47700.0042020869 3790.27851546215 17758.1520730285 4785.98303113506 34553.8618867221 0 1609.5 44441.6 572.233775496492
1911.4 0 633.549658812754 234 17874.0305882272 0 697.337421125568 3933.85300597854 0 0 0 0 0 0 148023.473972603 0 2682.5 11065.6 608.584097555264
0 0 993.6 9586.5 2800 43.155 1194.65718519153 149783.644444445 564.7845 0 0 0 0 0 129471.221917808 0 4190.5 73203.2 1659.59892828749
0 0 463.880547504057 20583.3598874036 236.8 0 229.39051457094 2758.30700454418 0 9783.585 1027.42962962963 0 382.5 0 4615.08425595798 0 0 3673.6 6.17822398361421
0 28497.1867859671 207 0 229.6 25346.895 1082.79390565944 5897.62895397074 502295.3775 178367.643703384 18731.3957110892 345.523478356677 6973.47891560652 436.292345675339 196865.106601785 0 37816 9587.2 92.9047401602924
0 93864.6234828212 427.8 907873.5 2831.2 23.31 3583.41785989125 0 332.97075 729596.825509672 76619.0916941345 1138.09238238193 12622.039434355 1437.06875569272 20547.3640351613 0 3726.5 13081.6 1249.45093800183
177.124872968187 6539.29310169389 227.598721968447 17698.1997609443 6556.19502224127 0 253.4481538544 1353.33794962674 0 40930.2964111988 4298.32206521319 79.2878018262398 970.787925284103 100.116672843002 566.828326094733 0 0 5465.6 21.318993029306
1659.03511620299 61250.1040031951 2614.79699621519 142288.991912938 1401.6 0 2327.29075447986 13482.6683196034 0 377277.144796454 40260.1121312855 742.646954727257 2198.93173682282 937.739986375489 0 0 3132 14694.4 653.403745625369
642.601739078123 23724.2858615616 825.718783014462 56242.4378962915 360.8 0 907.484728355956 4909.85430457734 0 69444.27 7292.73580246913 287.65287724652 2715 363.219162851194 18848.7916525778 0 0 9004.8 10.9973906351313
1295.01908654407 0 1664.05024931262 3669.49978320643 40850.8641350444 0 1834.78321467327 9920.70561610976 0 0 0 0 0 0 39841.7697399535 0 0 4076.8 1117.04027624183
556.135600867807 20532.0327824 714.613085545599 47449.1930672923 17634.8552703342 0 353.378610710117 4249.20227848554 0 12980.835 1363.19094650206 248.947358839002 507.500000000001 314.345721610931 2702.85407464556 0 725 4211.2 66.9372448915137
3420.4 61268.7 1973.4 12948 8159.2 102.375 1170.31436488364 23906.6678731936 1419.17475 557728.29 58570.2041152263 742.872427983539 21805 938.024691358027 176814.716156877 0 44138 177497.6 2596.95
0 7717.05 952.2 2449.5 3104.8 2.52 591.663421439492 9342.96884132456 11.97 396842.67 41674.6946502057 93.5679012345679 15515 118.148148148148 111698.430775005 0 7264.5 33376 391.066950509329
6800.56 187313.85 4956.05234218239 196510.77226917 2756.8 0 837.433949726184 17069.5646694977 0 832947.57 87472.5382716048 2271.14814814815 32565 2867.77777777778 314366.000975793 0 9787.5 30195.2 38.0704879984971
206.325074805326 7617.33863669885 0 0 6405.07462490538 0 289.432353976194 1576.44462358359 0 0 0 92.3589181395604 0 0 0 562.626366044576 0 985.6 24.8335694351398
723.247566787114 26701.6582428676 0 0 22544.2135369322 0 1014.57007084698 5526.03574363046 0 31077.27 3263.6 323.753004226721 1215 408.802777470606 6969.49817239806 0 0 23878.4 87.0510706735491
3983.76 373926.15 3395.44752306177 132203.890233058 1600.8 6.993 596.575839307652 11138.9271483482 226.107 732617.865 76936.3481481482 4533.79012345679 28642.5 5724.81481481482 276873.854907112 0 36511 60614.4 979.08
0 1403.1 262.2 1198.5 1618.4 8.505 1395.12898714367 7640.15067622502 114.408 386291.745 40566.6823045267 17.0123456790124 15102.5 21.4814814814815 123308.258059673 0 14398.5 13171.2 1115.50029378079
0 20266.1634443752 705.359559116361 47311.7733610553 1556.8 0 782.488113438244 4381.31268209302 0 126848.585007026 13321.0877927479 245.723738937405 4183.12303550173 310.275258164794 4062.33089186697 0 3349.5 4211.2 66.0704743589934
0 68887.473891389 0 0 58481.1528533458 0 2617.48422628865 14256.5918397188 0 0 0 835.248748338855 0 0 0 0 0 582.4 224.582619689673
1665.34867335697 61483.1949296828 2139.90967692027 142086.661244434 679.2 2.205 2336.14739835004 12847.1298226811 10.47375 16561.755 1739.24362139918 745.473142038245 0 661.629629629631 0 0 9251 8556.8 200.443654037443
0 177492.15 193.2 1342.5 166753.226101954 0 1390.97743532953 1018860.44444445 0 331618.77 34825.1637860081 2152.06172839507 12965 2717.40740740741 98918.1844248452 0 2320 11155.2 16.9696456814587
2977.76 272669.1 483 1399.5 1907.2 19531.26 726.774756625096 15028.3995742255 457494.618 659336.895 69240.6987654321 3306.0658436214 25777.5 4174.56790123457 254700.537286545 0 8627.5 42067.2 1582.05
49032.44 0 2760 6961.5 148357.6 61814.97 77842.9629629628 3375451.97777778 1825149.01275 0 0 0 0 0 387462.334246576 0 13427 21100.8 180.769150306137
0 0 721.268018936489 49340.070253285 0 2.73 831.85543852742 4288.77356356234 12.9675 0 0 0 0 0 105728.109589041 0 2610 45651.2 559.434351087335
6881.04 0 1797.20354624628 0 0 1.365 362.469832977608 503300.533333334 6.48375 0 0 0 0 0 156314.531506849 0 8497 11916.8 405.001918846692
1084.74803851751 40047.9348071435 1393.85995364246 98244.1245175961 428.8 0 1548.34879161155 8654.11144199144 0 40988.745 4304.46008230452 485.574307369165 1602.5 613.134466489366 7586.6325954514 0 0 8646.4 18.5642166754534
0 0 151.8 22352.9315930422 1709.6 1.386 295.535552032728 5635.83920542447 44.814 0 0 0 0 0 67499.7260273971 0 11730.5 52012.8 83.8333334911808
0 25723.5 2326.55584363739 1071 2212.8 13.23 494.761117238344 9822.51526488608 191.37825 396459 41634.4032921811 311.893004115226 15500 393.827160493827 131884.063801839 0 9613.5 27686.4 0
1291.91163263234 47696.2308325163 1660.05728927808 74547.0638460394 83.2 0 1812.29075193508 9870.96284506368 0 297716.504871257 31351.0586276982 578.308578510965 2704.13069870264 730.229990282351 0 0 478.5 761.6 22.1095836287503
0 0 392.324168472485 17761.8346520687 360 0 438.790651048256 2332.8214726231 0 91633.185 9622.91934156378 0 3582.5 0 24818.469506474 0 1363 25580.8 5.22519558116846
0 308214.3 1876.8 3985.5 1417.6 6623.61 672.547012582156 14057.3568911913 155913.345 974138.13 102299.758024691 3737.04526748971 38085 4718.76543209876 388334.521598799 0 10744.5 51744 772.033242388282
70319.4 6671506.65 1656 12321 447208.8 280336.77 140743.091358025 14524786.6222222 6487874.589 1684886.805 176939.498765432 80890.8683127572 65872.4999999999 102140.864197531 938021.135072247 0 62248.5 91123.2 0
21327.2 477989.4 2014.8 10608 52039.2 41297.76 0 3089930.93333334 991373.754 968574.915 101715.533333333 5795.53909465021 37867.5 7318.02469135802 375412.666691687 0 36366 67289.6 972.49087054737
6116.48 2572.35 1932 35015.1538413449 1681.6 12.495 381.350739794368 6406.11818644035 176.757 258401.745 27136.2296296296 31.1893004115226 10102.5 39.3827160493827 118913.383223869 0 957 43142.4 445.552720249274
12568.9953272145 18348.6263694424 1190.62008425343 0 2009.6 2.94 296.925821541355 3561.66142380888 13.965 174251.373014268 18299.1228305886 222.473932386854 6812.54879248841 280.917737556695 54052.7831243757 0 1261.5 21504 498.045504147957
1253.83299104743 46290.4011821382 1611.12768377553 35400.7274448559 39125.0991549354 0 1758.87411859308 9580.01968240376 0 289737.715057832 30426.997186778 561.263136291567 5404.16960755272 708.706717813737 4603.68164887466 0 0 5555.2 150.913061209957
0 1403.1 882.824449540102 1287.3265656173 1524.8 1.575 1035.07164254282 5249.4136174745 7.48125 210251.16 22079.6641975308 17.0123456790124 8220 21.4814814814815 72169.6474385439 0 3349.5 24326.4 243.883470873072
4960.02902845197 58327.3623077847 0 91163.0442497189 49348.8339076546 17.43 2249.30341011813 12071.1262953341 211.4175 365078.639390336 38338.974031963 707.209215398069 5304.59293980778 892.992768354601 3599.18893470907 0 667 2643.2 190.155206552122
4.5871938696857 169.355126276116 5.89436957478853 391.376936164807 278.4 0 6.43490531192588 35.048852496599 0 1009.53907685655 111.318282390651 2.05340171813988 0 0 0 0 0 2284.8 0.552120955646187
0 0 0 0 0 0 0 0 0 0 0 0 0 0 0 0 0 0 0
0 0 0 0 0 0 0 0 0 0 0 0 0 0 0 0 0 0 0
0 0 0 0 0 0 0 0 0 0 0 0 0 0 0 0 0 0 0
0 0 2048.76877962408 234 1814.4 5.565 2236.64853987102 12415.6360962642 88.00575 11062.485 1161.7341563786 0 432.499999999999 0 8413.89078626383 0 1537 40544 803.386663515552
0 0 0 0 0 0 0 0 0 0 0 0 0 0 0 0 0 0 0
0 0 0 0 0 0 0 0 0 0 0 0 0 0 0 0 0 0 0
0 0 0 0 0 0 0 0 0 0 0 0 0 0 0 0 0 0 0
0 0 0 0 0 0 0 0 0 0 0 0 0 0 0 0 0 0 0
0 0 0 0 0 0 0 0 0 0 0 0 0 0 0 0 0 0 0
0 0 0 0 0 0 0 0 0 0 0 0 0 0 0 0 0 0 0
0 0 0 0 0 0 0 0 0 0 0 0 0 0 0 0 0 0 0
0 0 0 0 0 0 0 0 0 0 0 0 0 0 0 0 0 0 0
0 0 0 0 0 0 0 0 0 0 0 0 0 0 0 0 0 0 0
0 0 0 0 0 0 0 0 0 0 0 0 0 0 0 0 0 0 0
0 0 0 0 0 0 0 0 0 0 0 0 0 0 0 0 0 0 0
0 0 0 0 0 0 0 0 0 0 0 0 0 0 0 0 0 0 0
0 0 0 0 0 0 0 0 0 0 0 0 0 0 0 0 0 0 0
0 0 0 0 0 0 0 0 0 0 0 0 0 0 0 0 0 0 0
0 0 0 0 0 0 0 0 0 0 0 0 0 0 0 0 0 0 0
0 0 0 0 0 0 0 0 0 0 0 0 0 0 0 0 0 0 0
0 0 0 0 0 0 0 0 0 0 0 0 0 0 0 0 0 0 0
0 0 0 0 0 0 0 0 0 0 0 0 0 0 0 0 0 0 0
0 0 0 0 0 0 0 0 0 0 0 0 0 0 0 0 0 0 0
2856.93393683941 107813.965258483 2359.8 25086 1098.4 15.54 4103.34498823004 284753.111111111 226.0545 654883.294221598 71572.6300520723 1307.22574727555 0 1572.44444444444 0 0 6481.5 31897.6 1033.94314269093
916.945527284485 33852.8150265912 0 0 1105.6 10.71 582.643758146436 7006.00180550298 50.8725 3772.755 396.198353909464 410.459547744305 101.456845177232 518.287092217045 0 0 2189.5 29030.4 665.574823284546
0 0 0 0 0 0 0 0 0 0 0 0 0 0 0 0 0 0 0
0 0 0 0 0 0 0 0 0 0 0 0 0 0 0 0 0 0 0
0 0 0 0 0 0 0 0 0 0 0 0 0 0 0 0 0 0 0
0 187781.55 1959.6 6265.5 7834.4 20.895 5976.2449813404 1409.46666666666 932.33175 363719.16 38196.2074074075 2276.81893004116 14220 2874.93827160494 99408.6142991179 0 18342.5 31494.4 1128.33
0 0 262.2 807 228777.6 8.61 81794.3781469244 1997723.28888889 106.74825 0 0 0 0 0 340107.967123288 0 13891 12902.4 934.547049073482
2615.6 14264.85 648.6 6819 42940.8 33.0435 1229.28977792235 1492220.13333334 1068.4065 591747.03 62142.7045267491 172.958847736625 23135 218.395061728395 173433.665453181 0 34872.5 37990.4 973.11
20783.96 2806.2 731.4 3169.5 358195.2 56536.2 269544.849382716 4728306.26666666 1594200.1425 722962.17 75922.3489711934 34.0246913580247 28265 42.9629629629629 294407.252092325 0 15341 19936 618.15993746795
4708.08 368313.75 565.8 3016.5 2924.8 12.285 867.398791326644 212.488888888889 58.35375 275602.95 28942.6255144033 4465.74074074074 10775 5638.8888888889 85800.1095890412 0 12528 78265.6 56.0942983612649
0 0 556.333796661974 800.231481163502 59046.4 0.735 22454.0934717624 663165 3.49125 0 0 0 0 0 144038.904109589 0 9193 16486.4 101.49
1348.04 219351.3 828 2640 2861.6 0 675.570277958252 62.4444444444445 0 803468.925 84376.8189300411 2659.59670781893 31412.5 3358.27160493827 306760.0198161 0 34640.5 37811.2 795.68434573385
0 8931.46648660568 317.229330505855 0 766.4 4.2 1118.72832511618 27 19.95 187938.450694521 19736.480317822 108.292491832834 4584.68952338955 136.740882285291 6007.89895095466 0 1087.5 23788.8 179.062044997032
26357.2 3741.6 0 3367.5 198498.4 58017.54 4614.61791082072 2200488.51111111 1448758.458 719061.525 75512.720164609 45.3662551440329 28112.5 57.283950617284 251342.431825859 0 61204.5 10931.2 0
3339.92 136802.25 1311 8524.5 5208 9.87 1033.16535591339 1381.6 46.8825 651855.33 68455.0172839506 1658.7037037037 25485 2094.44444444444 195261.901294802 0 22286.5 44307.2 931.32
0 8825.13889081374 0 3408 621.6 1.47 146.44539341969 0 87.297 269414.161217065 28292.7057797553 107.003288059169 7714.20513305092 135.11300524162 20078.1764578242 0 1595 10169.6 252.41535270392
