2434.9904800305 23587.3653022503 0 0 151.17392489882 0 0 1357068.90664161 0 2871.60610658479 845.969269102977 1022.5023323926 168.81870115137 314.616102274646 3169.44154769249 0 835.937734643847 10697.7216918847 27.9719905624888
0 3049.58937120216 24.3407119371721 140.643221591904 0 0.50385642644696 0 11128.099532617 54.127715289078 975.598281117262 287.409252585984 132.198412367675 57.3543963031898 40.6764345746692 582.305503207162 0 164.008880732041 2707.03546910162 8.82472026407434
0 29552.4660806004 0 0 148.510132484537 0.413674879089346 2.40710822223218 5551750.75209998 27.7776061409032 5132.45588707108 1512.01097724806 1281.08693396478 301.731680603826 394.180595066087 4395.93574998094 0 430.131620796253 9404.24134559082 99.9870198905796
0 0 0 0 0 0 0 0 0 0 0 0 0 0 0 0 0 0 0
231.264 0 401.6 36.135 126.49 9.93318162339947 83.8205199221607 5.16666666666668 729.301822996209 0 0 0 0 0 10610.38 0 1089 5033.6 112.224720202795
446.468 439.65 0 1217.91375 260.13 12.0334077615769 87.9752046347573 161.458333333333 881.536454089682 8390.10138592531 2471.70665951552 19.0586419753087 493.245231388906 5.86419753086421 3565.11651964843 0 1309 21807.5 46.8852448807668
1233.408 28870.35 943.76 4281.72375 2065.83 50.0090419154189 296.906827690822 661.936111111112 6497.48981537166 15388.254 4533.34806584362 1251.51748971193 904.659259259263 385.082304526749 9995.54931506847 0 2087.8 35978.8 218.4
0 0 0 421.84875 202.28 9.5576522041616 72.0936715451071 72.6347222222224 699.699615610949 1569.22816293621 462.291398186837 0 92.2532723654439 0 1996.71783269522 0 424.6 5891.6 112.148726626378
0 28958.28 90.36 300.85125 339.04 77.1141453483271 8.8641975308642 3157632.16888888 5801.52232602876 4957.722 1460.53473251028 1255.329218107 291.459259259259 386.255144032922 12968.3158904109 0 673.2 8765.9 10.3736763224112
2299.792 198194.22 923.68 1403.79 0 78.8184464504836 640.75778319702 89.7019444444444 5900.44751149598 46946.592 13830.3697119341 8591.63580246916 2759.94074074074 2643.58024691358 30115.8060273973 0 9020 36093.2 345.8
252.048534244206 49305.86649232 0 0 0 16.6064296940888 536.074210585008 0 2435.41199287477 14164.8412057354 4172.9331659721 2137.38850621971 832.736108508846 657.658001913753 9460.48139423156 0 1385.40375843134 37339.005034482 91.0458629691283
0 3634.44 863.44 1397.49375 1809.08 8.06250790946154 151.08156381857 357.774444444444 1182.40517781734 8857.674 2609.45259259259 157.551440329218 520.733333333333 48.4773662551439 2905.54 0 723.8 11297 124.67
0 0 5966.5033164963 3771.18 112.32 68.624144598163 0 1386773.85722222 5162.79477899323 13233.3065045991 3927.16227707421 0 204.183703703703 0 142.384 0 151.8 2431 162.055564574201
8100.664 372295.62 1094.36 10057.0275 118306.567778163 0 814.536537964628 1853.28333333333 0 76564.152 22555.6421399177 16138.8580246913 4501.12592592593 4965.80246913579 53977.3073972602 0 10304.8 47275.8 561.47
959.444031961621 17551.8762424445 40.4949636280573 429.053131665993 200.636079166081 2.0228501282682 72.0841156572535 10.6524277905655 361.823092659354 12377.9295474417 3646.51265653942 760.86642852195 727.685452524495 234.112747237523 7843.58653569462 0 261.504270628339 2337.61851498806 16.914583336242
10149.92 46837.38 180.72 1629.9075 3557.19 2.716 316.400158223155 1127.36666666667 210.962875 47811.204 14085.0826337448 2030.38065843621 2810.77037037037 624.732510288066 5480.2 0 2050.4 28585.7 250.25
526.768 14420.52 1509.68187010749 923.376882914801 285.61 12.9092034164732 105.062151644461 291.873611111111 962.196849995497 8802.486 2593.19432098765 625.123456790124 517.488888888889 192.345679012346 4440.43479452055 0 2131.8 19390.8 142.663798923298
0 131015.7 0 26271.6852434929 84744.4150582247 77.7318342843143 616.789469932871 273319.077777778 5850.38910929106 8517.348 2509.19325102881 5679.47530864198 500.725925925926 1747.53086419753 10669.7890410959 0 1348.6 6449.3 182.472316308255
446.468 14361.9 371.48 717.7725 287.43 35.3536534584682 282.154162269664 0 2656.66184609047 17043.894 5021.09621399177 622.582304526751 1001.9925925926 191.563786008231 8209.2095890411 0 1782 41927.6 885.43
141.328 0 0 1212.7125 499.2 20.7832054088445 116.032737260481 570.4 1298.5248212496 2196.79542746565 647.171427125879 0 129.147291444188 0 6193.46550689703 0 858 13556.4 29.606546101376
520.344 47130.48 8447.25481339622 2172.51275982692 105504.129274033 99.5613953395049 1361.81582474589 1322210.17444444 7452.27391190398 7202.034 2121.70444444444 2043.08641975308 423.4 628.641975308644 5368.43095890411 0 2301.2 9781.2 88.4600628788838
240.9 6858.54 1977.88 3424.065 911.69 8.918 338.9128994141 1592.09111111111 738.749475 13015.17 3834.24238683127 297.314814814815 765.148148148148 91.4814814814817 4796.66 0 1278.2 19204.9 222.04
0 0 0 0 0 26.8768640902294 380.326023935276 3322530.33972224 2022.02496531318 0 0 0 0 0 1744.82 0 864.6 1001 63.4695763368796
0 7151.64 0 19594.3060065071 63082.3878895787 57.3961416055731 461.441495026061 362263.950555556 4318.07932835844 3853.962 1135.36930041153 310.020576131687 226.57037037037 95.3909465020577 1991.44904109589 0 862.4 3760.9 135.540693246337
13188.472 381704.13 3483.88 8770.4025 0 14.322 823.450554837511 223.484166666667 2858.72318534518 66243.996 19515.3453497942 16546.712962963 3894.41481481482 5091.29629629629 66015.1830136986 0 8305 13470.6 137.41909456819
0 0 0 461.81625 110.63 46.4158255565987 0 3038607.54833333 3491.99808973185 13274.7603072953 3910.71715891973 0 629.854814814815 0 956.555055924657 0 455.4 10739.3 156.394026285796
0 88.835240769835 0 0 1999.94162275465 30.702778820103 3438.56270991094 2069293.39570064 2309.85970202176 7507.43894925281 2261.61641923194 3.85097020043814 72.2874316086882 1.18491390782712 306.51219259492 0 570.776272322597 2921.22762738937 4.13024988138884
0 0 0 0 0 0 0 0 0 0 0 0 0 0 0 0 0 0 0
166.801573052915 15949.3595190209 0 63.8110551823966 159.609229407125 0.0897342452533949 157.351383464223 152.909012373722 1.93329226603966 2494.7759203903 734.955869159334 691.398004795859 146.665251051752 212.737847629495 2882.48452122466 0 345.908510419938 1391.69181064128 27.317678501062
0 128708.41788317 1323.39390735893 266.210982404076 362.483390959867 84.0595172128214 58.8592391626936 816.174270653427 3637.96183594412 13489.0997279281 3973.8611126106 5579.45560251053 793.009978126285 1716.75557000324 13713.8491656582 0 616.475249520557 14802.5035653792 195.441458067948
0 47886.1457062078 434.40597630596 329.750480739341 125.320066710417 3.10141637267045 45.0472112566838 941.093203088312 140.566980930788 11843.7276116585 3489.13786194918 2075.84420923934 696.280282872342 638.721295150568 7795.36415356563 0 1888.54104121539 8451.79229080215 3.40983687775338
182.959351711304 329132.23565753 3611.93922366421 3084.15629664061 708.407369484096 5.9319586187668 123.213513907097 2406.1833053039 335.930608997031 27777.4315270401 8183.17435410218 14267.7435276466 1633.00596866785 4390.07493158356 33411.3966177291 0 2220.48720534027 15633.5490269055 312.826874329306
0 318783.488290656 583.849150848675 352.9162794508 198.880886046063 0 78.5889915108894 1606.30259734003 0 18589.3078482904 5476.37196392904 13819.1296962848 1092.84584646034 4252.03990654916 26485.7874503506 0 950.656003205335 9595.13046713458 129.447032847525
210.966295162134 65132.5595980717 785.502114669503 835.809398822912 247.155697508749 2.53321308929699 51.4647132111265 17.3833752812608 142.570209826504 13447.8321343291 3961.70376417951 2823.46897376345 790.583899725401 868.75968423491 13360.8697610221 0 1409.55857968254 4677.75118604195 103.42450949096
114.172401772707 61635.3099492149 303.855801736167 266.396092642715 266.13889498439 0.253084526968143 82.9838034758755 453.168252158462 15.8470877269442 5115.33877178737 1506.96831019407 2671.86467726434 300.725383409017 822.112208389028 4105.10003175791 0 507.631500641078 2207.48205384412 108.73417357734
10.0200240671272 10927.7242710843 3.76884169760799 19.9852422689307 557.804256316382 0.0135914403849718 2.86938774342246 0.306749460879024 1.08794432032413 261.10081197477 76.919763668836 473.712235840979 15.3498419738254 145.757611027993 646.93384816134 0 310.658905667854 342.809781504227 3.48740176634813
792.273341362513 225231.334520607 561.501003288994 471.40629419441 157.45366927871 1.93989464774279 64.7063151820886 1213.78704022539 128.448018513262 10372.6751120424 3055.76881281019 9763.68330774302 609.798654441057 3004.21024853632 17972.8179227204 0 1255.17193709589 11465.0361320759 89.2526829646721
67.4484415356595 27230.766479707 65.9544882685155 121.946995429613 41.9259164026509 0.102973176937087 14.816442026664 182.698551992385 7.25560430566494 1243.58269017084 366.356909835423 1180.4422359831 73.1089177055168 363.212995687108 2199.0344420134 0 205.789142917018 1519.88746039763 21.6004306924661
204.067312922553 61318.8358975981 75.6236662452591 27.9708008574727 10198.6839002631 24.756068743004 1301.55104093165 241.476249222379 533.360659614899 1097.9615136591 323.457209915901 2658.14566067332 64.548001978783 817.890972514864 3273.65983681816 0 74.7492716979059 1456.44002638377 45.6713422730682
4.13081457270073 675.453132799612 0 0 45.7648988334754 0.00139422984611819 7.04654485154525 3.69366307538615 0.116129473248622 13.6137890633017 4.01059433506375 29.2806082773306 0.80034033293955 9.00941793148634 62.4835663749395 0 2.74433197420039 15.2109274289214 0.111718676031626
374.440962539216 219411.44786449 1238.12966298487 464.974232454434 1022.13715711416 1.64554708072255 128.569417345558 145.184310969943 35.4527241587815 33665.5058795073 9917.78898142123 9511.39367709184 1979.15966369826 2926.5826698744 29243.5442364864 0 3546.01907804885 16491.2142479134 637.456934306778
95.0684127451427 7282.3790727217 40.1327584591494 53.569424359901 34.8280446160834 0.155310307927547 4.67299297379304 101.203342323725 11.6717964530903 1054.263976239 310.584005019132 315.688059764547 61.9790697377424 97.1347876198604 897.85903315955 0 175.979424095348 521.515665567236 6.83874864728331
74.3828103061846 46108.2787531891 2920.28484538499 6068.89757544186 3708.37518264816 29.6798488636026 17.0243931742635 587.761865819056 639.441743820292 3399.64927248194 1001.52970271693 1998.77442705507 199.861803202936 615.007516016944 3121.08767884797 0 1587.43187327793 1488.56417478333 27.6590395695887
5346.12586991571 573876.710554905 3401.46853660756 0 61199.7273720487 2.59045335993558 10462.6493176825 122.596984089305 138.106932668435 71433.0283842742 21044.0236470754 24877.3132365148 4199.47256815251 7654.55791892766 99280.5212411199 0 6333.49341268219 26732.9227086899 329.64431136645
0 165186.871355186 1264.33416192674 19063.0889737212 301.041937736319 2.95235179467178 95.6241263819211 1467.68853965541 164.766715914779 18643.1361223388 5492.22966305756 7160.78116724634 1096.01035404696 2203.31728222964 21247.6241458314 0 9901.07254200931 14349.1892980575 316.618696429021
25.086994857809 20447.7766627013 102.282241203801 44.063372885134 1259.98472025285 11.3265290806082 212.622452253352 111.071710956735 244.026023852747 772.124156358842 227.466192774079 886.402489720226 45.3923666289737 272.739227606223 1658.36360946075 0 185.575030455025 1238.28749186475 10.7964023311894
243.105683856482 7701.95864351781 8.0883964719879 17.9653405434024 221.912622594842 4.62019594273969 2.83307313224768 45.7428800424456 203.101596590226 284.052560961974 83.6813018445686 333.876657103241 16.699151144149 102.731279108689 775.904935994798 0 81.1194528182053 278.555566414112 3.2708057446485
13670.272 218799.15 3192.72 62415 45860.8159175062 5198.074 26443.6948635625 0 482266.069375 43157.016 12713.9683950617 9484.85082304528 2537.15555555556 2918.41563786008 37122.1972602739 0 3922.6 24310 436.120745059246
4821.12579553449 373725.127582606 2991.86650372885 103566.259426501 4990.09077434477 6.7478793440875 8.59243895490734 0 20708.6496785655 77482.5665677336 22826.2051878293 16200.8265751699 4555.11855189499 4984.86971543689 74128.5364575039 0 8221.25299933032 15629.6205335141 253.683578614775
3511.2905522712 101487.313797743 2960.97838401471 47029.9235019193 31683.0119179109 204.018443544075 8109.85955720941 100136.489321202 9730.40867043392 6374.20852960941 1877.82875880452 4399.43222724209 374.733011734827 1353.67145453603 13649.9400390192 0 844.235305748866 3340.52524079124 140.656439253739
1165.956 548302.17 3152.56 13187.6325 15238.3561172031 503.330287934354 875.509331083341 28.9419444444444 31205.2932957469 20125.224 5928.84971193416 23768.6676954732 1183.14074074074 7313.43621399175 39894.4745205479 0 2292.4 10810.8 8.40228247586905
4056.756 449937.81 0 465619.185 26934.1023945231 4.69 7258.2859775948 141.239444444444 31491.8774215534 89754.084 26441.3690534979 19504.6141975308 5276.54814814815 6001.41975308643 61161.344109589 0 3878.6 16201.9 269.36
976.577702766837 27904.4576056636 652.652876441847 558.516804870956 144.593210673885 1.36869356558451 233.970019838684 12.5793437340568 4468.09312433093 8865.20020672845 2611.66979765793 1209.64646200733 521.175791106904 372.19891138687 6792.26364711808 0 1508.94114859504 5350.54766235025 71.369052937982
0 0 1789.70448883985 6238.19194007692 224.045908400647 13.0884288338464 57.2737445843998 0 811.28360689408 1562.50354178651 460.310338588879 0 91.857938964521 0 662.794376458484 0 0 757.339469142904 2.56878966816455
0.00644277834175218 0 0.197618671194684 0.00385709568131505 0.00127836009833539 0.00145172743621551 0.00634480733714689 0.000157980781383137 0.089862081977048 0 0 0 0 0 0.0469337459179804 0 0.0082606621738971 0.0383031029463926 0.000235595630343516
8749.488 309542.91 6797.08 7588.35 643.5 796.874222190169 4609.17571349829 33662.1594444444 61055.8684040199 42154.434 12418.6097942387 13418.554526749 2478.21481481481 4128.78600823045 33230.4605479452 0 4692.6 32532.5 0
1183.32398787708 198687.165962287 10699.449402586 35275.8534122236 4634.23332139546 295.983506261008 9552.50235588999 27313.3443365314 37567.292560455 9813.69049881023 2891.09309227475 8613.0048019196 576.936537261036 2650.15532366757 17721.2179214845 0 1222.64753595617 32049.1059072237 195.610425937651
166.753775302882 27440.4966415833 634.169660621567 0 203.709222289111 1.69591842877568 260.343111908584 8.27048655529637 4650.9650196353 14023.2345312664 4131.2161301203 1189.53394999794 824.411201132655 366.010446153213 6692.84275153928 0 1677.05566257807 6904.29158702686 4.0389547803332
3815.856 125593.35 6716.76 9735.645 12657.84 240.281280591901 1049.94929028776 23.4136111111111 14875.7979208064 6558.174 1932.02460905349 5444.41872427984 385.548148148148 1675.20576131687 18007.0452054795 0 798.6 9237.8 23.1052140145041
719.488 65478.54 1405.6 73880.47125 11340.8923316225 712.061214910945 691.746000665056 98059.0536111112 44136.9699981448 16896.726 4977.74082304526 2838.4670781893 993.34074074074 873.37448559671 10737.4736986302 0 1826 16359.2 267.152105862686
15086.764 591974.07 1064.24 130999.50375 71400.758613768 928.935 10170.5016897144 206560.620833333 136232.74125 47581.254 14017.3398353909 25661.8261316873 2797.25185185185 7895.94650205761 98867.8704109591 0 4785 21292.7 391.3
4818 136907.01 3293.12 19636.90875 82766.19 0 31793.1012345679 230764.551111111 0 16685.172 4915.41744855967 5934.86111111109 980.903703703701 1826.11111111111 24273.6728767123 0 2426.6 26040.3 112.163210230044
0 2841.02241923142 108.398607663451 48.0775896339985 46.9103492039792 21.6508834480061 22.0167470760435 208.970692964283 1345.34654624848 1948.63987887045 574.065311496881 123.157123011388 114.558487881861 37.8944993881194 931.538287695522 0 232.248455551616 857.735773344034 5.93410849700164
17193.836 1503104.73 110460.08 443070.12375 224762.72 6606.852 41748.1185185185 182791.405277778 644475.7113 78164.604 23027.1320164609 65158.9557613167 4595.21481481482 20048.9094650206 225853.621369863 0 9521.6 15558.4 478.113794143105
1352.252 180696.15 47378.76 229280.955 0 0 462.533682519734 24.2919444444444 0 39017.916 11494.5980246914 7833.10185185183 2293.82222222222 2410.18518518518 28957.6356164383 0 2246.2 5047.9 7.96016011536307
4410.076 350782.08 993.96 103606.98375 5666.31 828.408 593.506955333645 0 100680.08185 41179.446 12131.3803292181 15206.2551440329 2420.8962962963 4678.84773662551 51366.422739726 0 2459.6 11554.4 262.354013890506
283.137499696447 11421.8254591539 116.414834988708 118.854637929831 45.370756878506 59.87568188619 58.7209370883342 7.72848654654073 3709.40036473699 2446.75349344326 720.808560678627 495.131313841649 143.842063106599 152.348096566661 2457.01631426212 0 256.28568202239 1650.34254960053 43.4498885638715
4.16152327375012 90.2330995372472 3.37133926141004 4.57823961074312 19.9088629234626 0.000416023954269123 5.48898418249194 0.0185518618496003 23.6376715929675 78.2810641502586 23.0614409378579 3.91156678813324 4.60206138449492 1.20355901173331 57.5627318953977 0 2.90919608021051 25.5813129480084 0.0208670363737099
4011.788 249750.51 45451.08 197968.06125 42528.33 931.6608 41116.0232239482 498454.071944444 136632.4928 21164.598 6235.04716049383 10826.579218107 1244.24444444444 3331.25514403292 25977.4824657534 0 3161.4 7421.7 96.6614402381455
0 35749.8285685071 23956.2833069349 654.740582822084 408.24670074983 44.9474003017164 778.531809946121 2225.28497102931 6591.75028948622 9894.41462576689 2914.87425450445 1549.73998263582 581.682223737029 476.843071580253 4531.10927640978 0 612.622767552829 7023.13258350375 52.457836129193
110901.949464866 3109831.01926315 280935.209008455 1746683.81690789 1803370.64016457 1943.87542984322 359227.522126485 2967209.19574628 193555.486374978 68369.1681298891 20141.4167003593 134809.862390187 4019.35144796526 41479.9576585191 304815.363325863 0 17341.8494143197 187423.347998658 1114.94711052812
6695.17818728646 593939.264108436 73980.7794220103 355118.110470133 155080.466733872 872.93296463557 87932.1173272084 1097308.43517036 100701.101083067 16260.9026669137 4790.42857324325 25747.01646701 955.961356079584 7922.15891292613 58353.6605086309 0 4317.096341884 17194.8082202111 138.723255781075
778.297764874297 9218.22067925392 248.243498848004 0 4112.68146541615 246.89049393578 244.322143816435 70.3125809220484 15295.3466046928 4748.62714205123 1398.93581622908 399.605976516062 279.166792595604 122.955685081866 3955.90857457246 0 1621.00037693976 6321.90147006505 7.71429608356872
3847.976 93235.11 753 189751.72875 11345.7771793381 183.56793928136 7235.29407212427 50824.3622222224 26921.1124286556 34952.4 10296.9053497942 4041.70267489712 2054.81481481482 1243.60082304527 21450.9523287671 0 2488.2 13556.4 99.19
0 20.5597490343416 1.13248538320282 1.75041217257319 0.420205373915613 0.560432330795571 0.565346135558798 0.0204885809570044 34.7127324905822 31.5467889060093 9.29361930668897 0.891256444780423 1.85460252239913 0.27423275224013 30.8770178524289 0 0.473043882052474 17.9950545623404 0.214597255544051
1904.716 355676.85 61590.6785835171 116053.783620727 17463.94 1941.086 0 45459.7691666668 180482.748 22553.496 6644.21366255144 15418.4413580247 1325.8962962963 4744.13580246913 45869.1561643835 0 3561.8 21264.1 481.629091861303
1808.356 48185.64 0 1043.535 4220.93944221569 1840.07635108023 460.985154002858 321983.859444444 127645.831714801 10209.78 3007.78024691358 2088.82716049383 600.222222222222 642.716049382718 9376.68328767126 0 347.6 7664.8 114.534084751126
19557.868 128289.87 0 120617.535 110234.28 2706.242 6192.59259259259 231331.239722222 184579.193325 23142.168 6817.63522633745 5561.31172839505 1360.50370370371 1711.17283950617 44614.8909589041 0 2978.8 13613.6 458.943959950247
8855.484 296793.06 0 415884.01125 65013.2404101626 6098.008 32098.6065931921 216726.735 475356.723275 19591.74 5771.68641975308 12865.853909465 1151.77777777777 3958.72427983539 56817.338630137 0 2706 7521.8 11.6249870525681
72.7006492407587 71691.2140170765 290.576998312797 752.264821549541 99.4637733268572 152.712361600915 154.249126962414 25.6219585452988 9466.87919322374 7631.29288915589 2248.16323274499 3107.78387518865 448.635678374832 956.241192365737 5454.84890063573 0 491.41916509024 2493.82981619715 72.7773711364453
4694.43570111815 56390.2498594597 4163.02856035488 67608.2664721291 48818.0232910789 380.28295171351 11822.352692082 226137.880678458 23571.76163946 7349.8152455697 2165.24049627797 2444.49353569803 432.087903913563 752.151857137854 12248.6436662966 0 549.192116365215 7865.54810726453 74.635919233837
1140.26 173778.99 45561.52 508412.3325 74037.73 2316.216 35269.7312426079 965537.306388888 209624.89825 21504.924 6335.30650205761 7533.24588477365 1264.25185185185 2317.92181069959 41867.1873972603 0 7664.8 17832.1 278.413646100729
198.437975302324 33191.6489615769 46.0968004200105 1670.51283251199 1386.74211976747 0.1540791225663 83.7511774227173 16.2564052336602 17.8472693608517 3200.85481652336 942.965263735083 1438.84397618292 188.174886332943 442.721223440898 4035.95404533945 0 550.795727540247 1593.11871032069 68.4807079552797
0 61257.9 25818.2026242009 27.9225 368.03 48.8604857933158 832.006438401695 7.75 7165.62291056972 6291.432 1853.44296296296 2655.50411522634 369.866666666666 817.078189300412 4627.41369863014 0 116.6 1973.4 39.5519288582256
6658.476 181722 89218.983097209 303452.126890045 444.34 3.262 645.677193304205 170.672222222222 12441.7177737127 52446.996 15450.7774485597 7877.57201646091 3083.3037037037 2423.8683127572 45399.3506849315 0 3159.2 16516.5 176.116551034659
1830.84 305058.48 120.48 387432.9 2644.33 0.182 1933.84990265959 173.582777777778 21015.3097843934 58986.774 17377.3826337448 13224.1563786008 3467.77037037037 4068.97119341564 38198.3076712329 0 2941.4 10839.4 292.11
5299.8 239550.63 502 195401.1075 68785.6 603.848 11289.2283865515 556127.892777776 68831.291725 10632.888 3132.42699588477 10384.4187242798 625.096296296296 3195.20576131687 32706.1884931507 0 1608.2 13656.5 448.849816772016
37.4994247485817 7280.59762182326 71.0771137328048 51.4415766845418 26.5278547602394 26.0056201998433 26.4372381660989 10.5356352702434 1611.6870935369 1988.90203321986 585.926459587275 315.610834619841 116.925457567306 97.1110260368743 1230.77107164446 0 136.073400792726 696.214910080049 13.6561311357315
0 32739.27 36783.7647144816 473.04 182.26 271.10242518445 1167.20730112588 0 16804.2861452076 16004.52 4714.89876543209 1419.23353909465 940.888888888885 436.687242798354 14278.6389041096 0 418 8665.8 9.89914341463056
30372.672 205023.45 0 171154.5225 35689.03 2112.25 3404.34102340533 258329.355 238948.05525 52345.818 15420.970617284 8887.68004115225 3077.35555555555 2734.670781893 59390.1 0 7535 75232.3 589.68
0 0 0 7797.47518299936 7445.20906173667 0.623899080831634 141.499375612947 808370.559444435 38.3737835234066 0 0 0 0 0 1137.44989815571 0 777.49018345497 1615.40115829281 37.9229993213582
311.564 0 3040.3445403069 1046.2725 768.43 0.364 228.163922392107 8649.61366657873 1864.15045 0 0 0 0 0 85559.65 0 4298.8 28314 349.44
70.1805239542041 2034.2238508415 410.973614195265 2502.10457024319 93.4659093196787 0 69.8342730241041 1301.56979437397 0 14612.3880705951 4304.77955440485 88.1827455267183 859.046917730459 27.1331524697595 5056.85519852104 0 343.184979977679 2974.26982647323 164.578500413735
2752.684 61726.86 1603.01941213604 205.3125 8909.02629626685 2.338 611.781909908639 780684.840277776 127.536575 64266.426 18932.7572839506 2675.83333333333 3778.15555555555 823.333333333332 30937.1564383562 0 492.8 2759.9 31.4592297345085
0 205.17 1029.61690592591 4589.27215220618 300.56 0.644 77.354310373367 2529.50489205664 13.87475 75451.194 22227.7669958847 8.89403292181068 4435.6962962963 2.73662551440329 30948.3553424657 0 455.4 3775.2 158.34
0 4086.49082185564 137.236062949239 199.25456388176 109.016555782038 0.822869620472533 71.2331263772447 2114.84287935834 43.665757523705 65447.0979245566 19280.5808112712 177.147652699036 3847.56601555301 54.5069700612419 26026.3907330893 0 208.997948455565 2980.85203462704 35.4189783301032
0 0 0 0 0 0 0 0 0 0 0 0 0 0 0 0 0 0 0
10063.196 202825.2 2228.88 4109.26125 15518.75 21417.55 14554.4049382716 1266634.68333333 2332959.4184 346543.848 102091.106831276 8792.38683127571 20372.9481481482 2705.34979423868 249155.364383561 0 22118.8 25740 394.144922663588
120.846812559925 3502.81608852032 707.672848868136 7971.65036897688 69.42 0 265.474440382061 2241.22808027211 0 25161.6890659351 7412.58199016051 151.845599309587 1479.22922198325 46.7217228644882 15681.8151770891 0 633.6 1530.1 43.0080680800685
78.677137044908 1613.30447734327 67.1353234578603 101.930362207965 70.018383689391 0.383328760276272 26.5226278726661 557.803817476088 25.5785582374448 16256.7559307016 4789.20695326044 69.9360683062614 955.717573821372 21.5187902480804 7307.39219039322 0 104.525010835524 1945.63629428584 28.3458165498487
218.675909777768 13419.4127980443 196.515570851036 421.66555045926 203.340682916795 0 105.669072822906 3357.11542529887 0 81383.5945110484 23975.4400186052 581.725882035259 4784.45587954429 178.992579087771 42486.4154045804 0 258.367085182635 10721.2979224519 0
1226.984 1641.36 1407.0917432209 91510.1933597956 7592.81938299916 0.14 575.333996517553 334735.7525 3.01625 75966.282 22379.5108641975 71.1522633744858 4465.97777777778 21.8930041152264 31112.3728767123 0 2026.2 9352.2 40.3541524378244
57.7224074743331 2928.59630220555 56.7057701606952 61.6486556450708 32.9205646470765 0.051756081421569 20.3698699766795 600.197560025506 1.11506628991291 14409.0871530701 4244.88752108865 126.953413883654 847.095070727225 39.0625888872781 7304.41468807776 0 115.670734351697 1229.11451218829 18.374262722515
0 9672.85761591784 190.76 333.70125 274.69 0.168 765.460289946666 6303.48487002445 73.7616 69482.7902921958 20469.4875052455 419.314295871524 1364.38332041498 129.019783345084 1136.66973078027 0 642.4 5920.2 38.3512298972636
162.108120816523 4698.79942753422 949.296992223128 15811.3231153822 5246.91934418495 0 161.308325026367 3006.46135978119 0 984.186 289.939176954733 203.690972371569 0 28.1481481481481 -240.325918926744 0 598.4 1615.9 18.6299379399472
0.698455297629075 12.4444265947877 0.103654192744507 72.7317272502225 0.440556129471111 0.000252941008191276 0.134408855088958 4.34510505312182 0.00544952368540669 51.4096636967861 15.1451814796855 0.53946064155139 3.02232002920553 0.16598788970812 20.529461230525 0 0.383283058330658 5.74853609151852 0.0607852893667038
56.4665728068823 1636.71689390625 1143.90540686997 694.372784756452 178.75 0.658 32.3711014708333 0 14.176375 4378.248 1289.82288065843 70.9509866846321 257.392592592592 21.8310728260406 1793.3167420826 0 1465.2 9623.9 6.48930319946383
841.544 0 632.52 111.69 261.56 0.644 117.04024346884 3613.39065551396 13.87475 0 0 0 0 0 71710.32 0 2664.2 29887 244.430856095988
52.9060832353163 0 309.815359234447 3508.34450910693 20.9697516459162 0 116.223279225818 981.197574453245 0 0 0 0 0 0 19516.5321065153 0 223.027647046041 592.686730547769 6.08012135576595
3806.22 48039.09 1275.08 285.795 662.48 0 289.278505893184 9027.07170476323 0 91722.456 27021.2474074074 2082.47427983539 5392.26666666667 640.761316872429 42718.1654794521 0 2072.4 29715.4 54.3677097923006
121.35076746993 0 0 95.53875 0 0.28 10299.3735879775 422957.050833332 6.0325 0 0 0 0 0 32355.8430813252 0 204.6 3131.7 13.9459840478227
0 240.549373426509 67.4173920871542 164.654912041876 33.8181237125985 0 93.2747594223433 777.286718804763 0 3833.90980143121 1129.46196384184 10.4277138303666 225.391522717884 3.20852733242049 1419.49572254688 0 140.614554692626 949.558597934055 20.4323863685065
332.972458194369 9739.33295296607 2160.70994769259 32789.859622434 74.75 0.84 731.46883338736 6178.20906946328 18.0975 5436.018 1601.43975308642 422.195973681123 319.577777777778 129.906453440345 2762.75465034482 0 162.8 772.2 38.2661658196246
0 473.638706328245 331.32 473.160986735541 120.77 0.224 16.1099098432089 115.515176353375 4.826 2520.19306373589 742.443707456323 20.5320380519922 148.159498162016 6.31755016984376 658.40892170389 0 495 6363.5 100.815805163963
3616.712 108153.9 1104.4 1515.20625 814.06 15.246 422.09547307069 9593.90315323359 1898.69445 154370.034 45477.0953909465 4688.42592592593 9075.25185185187 1442.59259259259 88661.9739726031 0 4534.2 58630 384.02
0 0 0 210.24 282.23 0 68.5261675248334 2010.317649624 0 24310.314 7161.7686419753 0 1429.17777777778 0 11619.8424657534 0 701.8 8923.2 76.6474719229212
0 11489.52 1807.2 0 610.87 2.772 218.086647442467 5232.32971507049 147.16125 86856.714 25587.8097942387 498.065843621398 5106.21481481481 153.251028806584 36958.2128767123 0 2596 16659.5 180.534490882979
0 1.19342704798837 1.3215014957079 5.31343610950971 0.216834706737761 0 0.338695630915045 2.76268034406365 0 81.6316926805623 24.0485292304746 0.051734558924735 4.79904130985082 0.0159183258229954 51.0799698537175 0 1.95792535142996 7.56936500242365 0.0990976833682627
0 3239.42586462299 120.48 437.72625 267.8 0.63 105.871379918806 2511.8681811843 452.15175 23269.6848187148 6855.20141958351 140.427744249753 615.923250694372 43.2085366922318 385.382021731108 0 266.2 6878.3 73.7162202992346
324.412 39180.8626691315 1105.98379358196 18657.0433176248 483.73 0.784 108.629539022939 56.575 43.02125 65335.7931070863 19247.7906403396 1698.47386306087 3841.02252246245 522.607342480266 7379.45507846751 0 244.2 14185.6 87.2249138528992
305.14 0 460.930331484062 42.705 2904.52997058692 0 174.334355281392 1524.36803981669 0 0 0 0 0 0 31612.46 0 407 3532.1 92.7657502136165
0 0 722.88 1749.53625 455 5.754 298.664296297883 58041.1622222224 341.56015 0 0 0 0 0 27650.37 0 635.8 23366.2 252.970690911493
0 0 337.489905575415 3756.46317945116 38.48 0 57.3476286427349 1068.84396426087 0 1407.294 414.585925925926 0 82.7333333333333 0 985.615068493154 0 0 1172.6 0.94173933418575
0 3571.74489928029 150.6 0 37.31 3379.586 270.698476414861 2285.33121966366 303769.10925 25656.8236262995 7558.44761608274 154.833634169266 1508.337661746 47.6411182059278 42043.2661173494 0 5737.6 3060.2 14.1613590529089
0 5384.07594417953 142.438108275011 75826.1488255842 210.54973806093 1.4223674351585 409.985269504077 0 92.1555087651812 48028.6677154133 14149.1469982699 233.397420193312 1249.42274039759 71.8145908287112 2008.23534410291 0 258.753715520791 1910.95156442981 87.1599673991074
28.2765950285196 819.6137729769 165.586316562551 3229.92145637234 1065.38169111421 0 63.3620384636 524.418455480363 0 5887.51061678327 1734.44855194281 35.5299111957207 209.977832728117 10.9322803679141 121.054028152678 0 0 1744.6 3.24962875321079
264.851928093639 7676.88923811694 1902.35955376815 25967.7410241112 227.76 0 581.822688619966 5224.5339738463 0 54268.4365914112 16245.6633373981 332.789908957969 475.620790483158 102.39689506399 -311.418860402246 0 475.2 4690.4 99.5975558658435
102.58632136774 2973.52498867809 600.740331990231 10264.2449160732 58.63 0 226.871182088989 1902.56854302372 0 9989.028 2942.74716049383 128.90105348311 587.244444444444 39.6618626101878 4025.42013218616 0 0 2874.3 1.67631917553927
206.739627533774 0 1210.65684805063 669.683710435174 6638.26542194471 0 458.695803668318 3844.27342624253 0 0 0 0 0 0 8508.76093116559 0 0 1301.3 170.269120834182
88.7826814109044 2573.41834873699 519.906911512885 8659.47773478085 2865.66398142931 0 88.3446526775292 1646.56588291315 0 1867.194 550.071522633745 111.556599479742 109.770370370371 34.3251075322281 577.231867537336 0 110 1344.2 10.2031646317048
546.04 7679.22 1435.72 2363.01 1325.87 13.65 292.578591220909 9263.83380086252 858.262825 80224.956 23634.1074897119 332.890946502058 4716.34074074074 102.427983539095 37761.2279452054 0 6696.8 56656.6 395.85
0 967.23 692.76 447.03375 504.53 0.336 147.915855359873 3620.40042601327 7.239 57082.788 16816.4722633745 41.929012345679 3355.83703703703 12.9012345679012 23854.7446575342 0 1102.2 10653.5 59.6098701781389
0.0307658445900642 0.994137359505359 0 3.04006561847074 0.9904805923182 5.10238829322166e-05 0.0675859396074566 0.570584141591218 0.00109929133495928 13.4413756484741 3.95980169668942 0.0430954350257962 0.743880608666282 0.0132601338540912 1.21388331367796 0 0.079512217569371 0.681867378399522 0.00864871884013012
1085.656 23477.31 3605.70764605153 35863.2159391235 447.98 0 209.358487431546 6614.45630943035 0 119813.148 35296.7076543209 1017.73148148148 7043.68888888889 313.148148148148 67137.2071232876 0 1485 9638.2 5.80303920915116
32.9381779460589 954.732501354044 0 0 1040.82462654712 0 72.3580884940484 610.872291638642 0 0 0 41.3872510531049 0 0 0 71.0764691146739 0 314.6 3.78535145493755
115.460794459255 3346.69917938186 0 0 3663.43469975149 0 253.642517711745 2141.3388506568 0 4470.228 1316.92 145.077997177069 262.8 44.6393837467903 1488.43272139246 0 0 7621.9 13.2690911746951
1.79438789776419 132.23301090649 6.96991134138932 68.074225399318 0.73394927457231 0.00263073964406728 0.420805370859971 12.1784123563874 0.385810496134105 297.330816142129 87.5930485858644 5.73224522275419 17.479765793188 1.76376776084744 166.834265008006 0 15.6298212486863 54.5895404970498 0.421076345431789
0 175.86 190.76 218.72625 262.99 1.134 348.782246785918 2960.5583870372 69.1896 55565.118 16369.3697942387 7.62345679012347 3266.61481481481 2.34567901234568 26334.1838356164 0 2184.6 4204.2 170.034383139116
0 2540.09514883317 513.174635762918 8634.39863839259 252.98 0 195.622028359561 1697.75866431105 0 18246.2004049515 5375.2932148626 110.112052825724 904.794019530745 33.8806316386844 867.566943130101 0 508.2 1344.2 10.0710438302653
0 5647.81025148213 0 0 6216.28166436402 0 428.041104073393 3613.67271583405 0 0 0 244.830191123566 0 0 0 0 0 121.602018377884 22.3926039203008
265.859837913647 7706.10409830662 1556.86182291881 25930.8156771092 110.37 0.294 584.03684958751 4978.26280628893 6.334125 2382.282 701.815390946502 334.056360819025 0 72.246913580247 -11.6195587858188 0 1403.6 2731.3 30.5533878013523
0 13067.9757766935 82.5681349641686 143.922233331423 15917.627474073 0 204.27293079895 231919.430072815 0 28020.5492615722 8254.79634004123 566.491235460043 1647.29860444281 174.304995526166 12409.5080006852 0 206.772791031498 2091.636014278 1.51946451496947
475.376 34175.46 351.4 255.40875 309.92 2604.168 181.693689156274 5823.50483501239 276675.3166 94840.578 27939.8397530864 1481.49176954732 5575.57777777777 455.843621399177 54394.8221917809 0 1309 13427.7 241.15
7827.644 0 2008 1270.47375 24108.11 8241.996 19460.7407407407 1307987.64138889 1103780.593425 0 0 0 0 0 82747.9400000001 0 2037.2 6735.3 27.5544265960778
0 0 524.748616675532 9004.5628212245 0 0.364 207.963859631855 1661.89975588041 7.84225 0 0 0 0 0 22579.7 0 396 14571.7 85.2739128123073
1053.48385507219 0 1253.94398036793 0 0 0.174541068237474 86.9036701260586 187036.057328792 3.76042497908058 0 0 0 0 0 32014.9844577499 0 1236.36453391073 3647.90832616322 59.203909173977
71.9202561050398 2084.65101262238 421.161398062869 7446.36374625525 28.9389609329843 0 160.762073733783 1392.73657807369 0 2448.6472541056 721.366458685498 90.3687417105304 143.953395303092 27.8057666801632 672.901574473493 0 0 1146.2204115807 1.17521812665842
0 0 110.44 4079.4100157302 277.81 0.1848 73.8838880081821 2183.88769210198 27.1018 0 0 0 0 0 14415.5 0 1779.8 16602.3 12.7786153227763
0 3224.1 1692.65367174778 195.4575 359.58 1.764 123.690279309586 3806.22466514336 115.738275 57027.6 16800.2139917696 139.763374485597 3352.59259259259 43.0041152263374 28165.6657534246 0 1458.6 8837.4 0
206.243546919238 5978.09076630769 1207.75182495304 13604.8391519022 13.52 0 453.072687983771 3824.99810246218 0 42824.2460208902 12650.7035568049 259.147712068593 584.893454830496 79.737757559567 -331.101406738684 0 72.6 243.1 3.37013753805071
0 0 66.2987178530676 752.932653061544 13.5881804748632 0 25.4801989620787 209.97067836641 0 3061.57593817376 901.933991845555 0 179.98682764102 0 1231.14197008264 0 48.0347986701145 1896.60803472479 0.185001415973803
0 38630.58 1365.44 727.35375 230.36 883.148 168.136753145539 5447.22579533662 94290.4515 140122.332 41279.7516049383 1674.61934156379 8237.64444444444 515.267489711934 82934.2076712329 0 1630.2 16516.5 117.680108973758
11225.94 836184.99 1204.8 2248.5825 72671.43 37378.236 35185.7728395062 5628354.81611112 3923619.3943 242358.102 71398.1997530864 36248.2664609054 14247.9777777778 11153.3127572016 200327.386027398 0 9444.6 29086.2 0
3404.72 59909.64 1465.84 1935.96 8456.37 5506.368 0 1197348.23666667 599545.0798 139322.106 41044.0066666666 2597.05761316873 8190.6 799.094650205761 80174.5668493151 0 5517.6 21478.6 148.235626833854
976.448 322.41 1405.6 6390.26557604544 273.26 1.666 95.337684948592 2482.37079724564 106.8959 37169.118 10949.9459259259 13.9763374485597 2185.13333333333 4.30041152263374 25395.5975342466 0 145.2 13770.9 67.9150712607771
2006.54140114379 2299.75727555423 866.219249703222 0 326.56 0.392 74.2314553853388 1380.14380172594 8.4455 25064.7295173233 7384.01790601139 99.6935074375054 1473.52907215305 30.6749253653863 11543.7193747004 0 191.4 6864 75.9164838818494
68.245609323253 1978.13920983495 399.642851552908 2202.73634527457 2167.68553255738 0 149.92091690163 1265.68481808081 0 14209.5167057506 4186.0944766435 85.7515000058328 398.534126726824 26.3850769248715 335.212686658099 0 0 604.56804052041 7.84298442275509
0 175.86 642.286773433523 234.937098225158 247.78 0.21 258.767910635705 2034.14777677137 4.524375 30243.024 8909.53283950617 7.62345679012347 1777.95555555556 2.34567901234568 15412.8263013699 0 508.2 7764.9 37.1748674195136
791.829683866189 7310.56228027013 0 16637.2555755737 8019.18550999388 2.324 562.325852529533 4677.56143944196 127.85725 52513.7747300385 15470.4503254604 316.909789918946 1147.36380623991 97.510704590445 768.656573024304 0 101.2 843.7 28.9851319870069
0.732309478599924 21.2264218565446 4.28836742977369 71.4262908500773 45.24 0 1.60872632798147 13.5814303424321 0 145.214487902519 44.9188848038658 0.920156430298529 0 0 -1.00316366931496 0 0 729.3 0.0841591406428861
0 0 0 0 0 0 0 0 0 0 0 0 0 0 0 0 0 0 0
0 0 0 0 0 0 0 0 0 0 0 0 0 0 0 0 0 0 0
0 0 0 0 0 0 0 0 0 0 0 0 0 0 0 0 0 0 0
0 0 137.520987339548 3.94003549264949 27.2024368259636 0.0684581743483414 51.5892438337107 443.876435246495 4.91040012898782 146.811784049186 43.2504504580199 0 8.63091029095742 0 165.785284424767 0 21.5154262237645 1194.00466755938 11.2982996055915
0 0 0 0 0 0 0 0 0 0 0 0 0 0 0 0 0 0 0
0 0 0 0 0 0 0 0 0 0 0 0 0 0 0 0 0 0 0
0 0 0 0 0 0 0 0 0 0 0 0 0 0 0 0 0 0 0
0 0 0 0 0 0 0 0 0 0 0 0 0 0 0 0 0 0 0
0 0 0 0 0 0 0 0 0 0 0 0 0 0 0 0 0 0 0
0 0 0 0 0 0 0 0 0 0 0 0 0 0 0 0 0 0 0
0 0 0 0 0 0 0 0 0 0 0 0 0 0 0 0 0 0 0
0 0 0 0 0 0 0 0 0 0 0 0 0 0 0 0 0 0 0
0 0 0 0 0 0 0 0 0 0 0 0 0 0 0 0 0 0 0
0 0 0 0 0 0 0 0 0 0 0 0 0 0 0 0 0 0 0
0 0 0 0 0 0 0 0 0 0 0 0 0 0 0 0 0 0 0
0 0 0 0 0 0 0 0 0 0 0 0 0 0 0 0 0 0 0
0 0 0 0 0 0 0 0 0 0 0 0 0 0 0 0 0 0 0
0 0 0 0 0 0 0 0 0 0 0 0 0 0 0 0 0 0 0
0 0 0 0 0 0 0 0 0 0 0 0 0 0 0 0 0 0 0
0 0 0 0 0 0 0 0 0 0 0 0 0 0 0 0 0 0 0
0 0 0 0 0 0 0 0 0 0 0 0 0 0 0 0 0 0 0
0 0 0 0 0 0 0 0 0 0 0 0 0 0 0 0 0 0 0
0 0 0 0 0 0 0 0 0 0 0 0 0 0 0 0 0 0 0
164.984979693121 4888.21289980573 621.049866359995 1656.11669865567 64.566989729151 0.749525478843638 371.086102457016 39915.0643743418 49.4531810405679 34075.9031251634 10447.3488045774 211.901966465331 0 62.1121142556683 -100.011299111734 0 355.735210373954 3683.09296109768 57.0112243571048
4.23985220926169 122.894615231873 0 0 5.20368521599802 0.0413606951377334 4.21893397314391 78.6324076432631 0.891101405065631 15.7182806433721 4.63057323806966 5.32742971090091 0.635609029857567 1.63920914181566 -5.81183998254975 0 9.62186479324583 268.392678868553 2.93848561142228
0 0 0 0 0 0 0 0 0 0 0 0 0 0 0 0 0 0 0
0 0 0 0 0 0 0 0 0 0 0 0 0 0 0 0 0 0 0
0 0 0 0 0 0 0 0 0 0 0 0 0 0 0 0 0 0 0
0 23535.93 1425.68 1143.45375 1273.09 2.786 1494.0612453351 546.168333333332 563.838725 52318.224 15412.8414814815 1020.27263374486 3075.73333333333 313.930041152263 21230.0843835616 0 2783 10052.9 171.99
0 0 190.76 147.2775 37176.36 1.148 20448.5945367311 774117.774444444 64.557275 0 0 0 0 0 72634.76 0 2107.6 4118.4 142.451895252407
0 0.235035685744992 0.0138333930392129 0.00932389980434841 0.00995177602028163 0.0674709416076497 0.0034492387616722 0.000466279956276926 4.23016517229739 2.17866044806967 0.641828899392134 0.0101886977960536 0.12808115508934 0.00313498393724725 1.44164678379085 0 0.0829342224916641 0.206683843588967 0.00231070442396107
417.56 1787.91 471.88 1244.4675 6977.88 4.4058 307.322444480588 578235.301666668 646.13155 85118.292 25075.6742386832 77.5051440329216 5004.01481481482 23.8477366255144 37039.1578082191 0 5291 12126.4 148.33
3317.996 351.72 532.12 578.43375 58206.72 7538.16 67386.212345679 1832218.67833333 964111.51475 103992.588 30636.003127572 15.2469135802469 6113.61481481481 4.69135802469136 62874.7402739726 0 2327.6 6363.5 94.2253841031549
751.608 46163.25 411.64 550.51125 475.28 1.638 216.849697831661 82.3394444444444 35.290125 39643.38 11678.858436214 2001.15740740741 2330.59259259259 615.740740740742 18323.8 0 1900.8 24982.1 8.55038718739549
0 0 404.752994093204 146.042245312339 9595.04 0.098 5613.52336794061 256976.4375 2.111375 0 0 0 0 0 30761.5 0 1394.8 5262.4 15.47
13.1085608833127 1674.6472206907 36.6935422952528 29.3475243656255 28.3248076074295 0 10.2876272276215 1.47390736560216 0 7039.80410612342 2073.91185045507 72.5952503447964 413.862675257109 22.3370001060912 3990.53508685849 0 320.142628810407 735.162185706946 7.38775613526032
0 1119.44102083563 230.795831759332 0 124.54 0.56 279.682081279046 10.4625 12.065 27033.5111343843 7964.01693226685 48.5272958684869 991.651363577592 14.9314756518422 1283.06990894058 0 165 7593.3 27.2942145640367
4205.57554585933 468.720995690348 0 614.255536549327 32239.5508140949 7731.72953380663 1153.06652054035 852254.727053703 875707.394908987 103378.796385526 30455.1813768843 20.3188573710282 6077.5306517064 6.25195611416252 53650.2956453858 0 9281.46731102807 3487.42173780869 0
0 0.0162612501541117 0.00557021329059302 0.00225565589939588 0.00663009082316196 1.0068631077138e-05 0.00278212260818695 0.0002229482595652 0.000216925060617269 1.28521760572063 0.378622470559803 0.000704918332214595 0.0755565905773443 0.000216897948373722 0.656105959042036 0 0.150852751407554 0.150445896519131 0.000104058721989362
0.100969991632536 3.24698573127231 0.18062007310521 0.294605248381556 0.160262914519752 0.000249209494869424 0.0489123511519308 0.101382437133924 0.0053691295635707 17.7560651605232 5.23090037716112 0.140755461278868 1.04386038568625 0.0433093727011902 7.89685038287028 0 0.640332056194125 2.67818778350289 0.0268828114678293
0.177257176584214 0.499063153941086 0.0642885053354528 0.0219760310642301 0.0370961885854304 6.81082434583536e-05 0.0196778908898802 0.000523649689287937 0.00146736778093756 5.4731316198959 1.61237334938471 0.0216341771273319 0.321759648435973 0.00665666988533288 3.20821573327277 0 0.511055069664289 0.754374809965838 0.0182098527987319
0 0.12326224119647 0 0.069309461015564 0.0112562683407006 2.18416849299803e-05 0.00407986497770394 0 0.00588320270420861 4.31854351486276 1.27223406179575 0.00534336614133436 0.185938932337074 0.00164411265887212 0.477839485101983 0 0.0269677946584451 0.361736191077597 0.00428758649606577
