2626.58713505383 480575.63273096 3623.66079728415 29276.6369503898 0 0 11880.448023175 1178549.98269988 0 26402.8011341345 2772.70756991723 5404.17794188786 1032.24650614335 6823.85313416901 13540.5391526101 0 2417.52691221974 25683.1136482082 100.203441328062
146.244688664445 43691.542703667 92.3880200702719 263.39193299537 0 0.942505996477697 2288.94993641982 227065.67148867 4.47690348326907 6042.29701870891 634.535805437814 549.402868936318 236.230237653801 693.730763388385 2714.83088603353 0 1015.12054350504 7138.2465594005 79.9357217129746
6361.8519435816 330029.978224374 13453.5102852191 179158.116388842 33674.3392192691 10.2790477797446 24963.4759352532 15873028.9526716 48.8254769537871 65131.7960144778 6839.85850342868 4214.17445127781 2546.39909353654 5321.23624471943 29878.6413285659 0 1640.16511861573 25526.2830123643 106.790927273977
0 0 0 0 0 0 0 0 0 0 0 0 0 0 0 0 0 0 0
3219.2 42093 0 96 169.6 6.83177338022943 4924.28309220944 0 4087.57864531846 188445.915 19789.7720164609 510.37037037037 7367.50000000002 644.444444444444 39403.7698630139 0 3828 13574.4 137.471553457021
7806.56 0 427.8 933 694.4 10.921967328546 2346.8414723905 10 5236.47317993797 90743.9209158694 9529.53268742816 0 3547.73324403273 0 24865.4557687586 0 3784.5 74726.4 87.4688578728838
0 457176.75 2704.8 24555 943.2 17.7250603259174 4762.38357185972 0 10605.2373289888 186975.18 19635.3218106996 5543.18930041153 7310.00000000001 6999.3827160494 75932.3850628636 0 28666.5 127814.4 537.3
684.08 0 0 0 695.2 6.2918941599985 1760.37422457508 80 3764.55874274771 11127.7591990382 1168.58896942945 0 435.051966496135 0 9099.90323506972 0 1914 25401.6 126.607897572432
0 313826.7 2939.4 34951.5 2166.4 34.2596833184569 8634.68001703316 5663103.4 20498.2135872889 31396.995 3297.17613168724 3805.09465020576 1227.5 4804.69135802468 43423.3361606306 0 3596 16441.6 217.84757537528
0 2041744.35 2939.4 135948 0 43.1042923366402 30161.0035624259 15.2666666666666 25048.197969548 484511.265 50881.2699588476 24755.7983539095 18942.5 31259.1358024691 215513.420754363 0 54505.5 107923.2 1546.23
6937.31778616831 650457.388975422 0 199528.796127938 0 737.638849724118 14597.958926043 0 23850.3228077465 149889.164799106 15740.7094715322 7818.29938601412 5860.08150751059 9872.16323052582 54682.6938913918 0 24600.0981161089 100624.333802447 660.805614004469
8349.8 36714.45 910.8 6219 1323.2 43.365 3022.01867938839 18.6666666666666 7153.58151650715 86325.75 9065.55555555556 445.156378600823 3375 562.0987654321 24695.0929630325 0 5336 43321.6 334.32
0 0 9545.7753808948 13291.6628778718 0 33.0630362782156 8333.08165753384 3425917.06666666 19782.2371320644 58474.8402845246 6140.77390815135 0 936 0 184.543643778578 0 0 4614.4 665.307044921262
31045.16 5216959.65 1214.4 58705.5 708921.691008614 10953.495 14515.8365878056 36.4666666666666 52029.10125 544619.565 57193.5827160494 63254.7366255143 21292.5 79871.7283950618 255190.176918746 0 38367 129292.8 2495.46
0 144183.822879684 176.173671945103 2812.6509712279 448.349228892174 0.134045185175622 1277.29152136994 9.84416492189224 2798.28038411302 80817.1825942338 8487.06971733817 3499.54441638831 3159.63650771108 4418.87321082415 36863.1889635554 0 5179.37829310489 7640.93300883754 95.4786875785922
43157.4 902193.3 2318.4 48363 1491.2 4.2 5464.89600157616 0 57.2145 247595.04 26001.3563786009 10938.938271605 9679.99999999999 13812.5925925926 102999.982285607 0 49387 90182.4 2041.74
9375.92 209763.45 3048.16869649335 4510.41852478838 789.6 9.36277684232694 2557.22078064038 30.4666666666666 5601.92567164642 86901.255 9125.99259259258 2543.34567901234 3397.5 3211.48148148148 30784.260911991 0 11310 61913.6 188.401371876724
2635.72 1048583.4 0 138142.912383306 455569.333261622 34.7199321800881 25025.8264555204 544214.666666666 20773.5891469906 34722.135 3646.36790123458 12713.8930041153 1357.5 16053.8271604938 36481.7933571026 0 15486 17203.2 698.647737135398
8249.2 361532.1 1421.4 10050 1081.6 19.4360172051878 5228.49164869368 251.111111111111 11628.9350445784 140742.945 14780.2131687243 4383.51440329218 5502.49999999999 5535.06172839504 57873.6744604993 0 13804 109222.4 2817.84
3279.56 33674.4 0 3894 769.6 8.69541599296165 2433.17343489171 31.6666666666666 5202.63111007891 97292.1405142586 10217.1982861536 408.296296296296 3803.74308054807 515.555555555558 15717.3350268465 0 4132.5 49414.4 174.97248195714
7927.28 490149.6 13915.8559226118 7803 632697.494320637 48.1993793958944 34741.6952823777 1182594.88888889 29131.4149637469 69572.16 7306.16625514404 5942.97942386832 2720 7504.19753086421 41605.6241696377 0 6655.5 22086.4 424.653320185244
0 82315.2 4002 109926 2390.4 15.96 4329.52949549852 263.555555555555 641.00925 110177.235 11570.3349794239 998.057613168724 4307.5 1260.24691358025 50085.6412835429 0 9294.5 53446.4 746.25
905.4 701.55 0 1216.5 0 14.1435205733029 10194.5271523472 8384774.88888888 8462.33466004015 76478.22 8031.41069958847 8.50617283950617 2990 10.7407407407408 21495.2617001314 0 0 5017.6 284.601323309409
1267.56 102894 3036 125269.087616694 413176.281409127 31.4843096274456 22693.6177386947 1409459 18837.6552518812 17840.655 1873.54814814815 1247.57201646091 697.499999999999 1575.30864197531 8174.13698630139 0 4002 14380.8 633.539304235739
43117.16 3788370 19389 166632 214368.8 5.565 8720.24928615172 525.911111111111 19455.739911976 431948.475 45361.353909465 45933.3333333333 16887.5 57999.9999999999 222154.756239444 0 21590.5 34048 650.981425625545
824.92 0 1683.6 3516 98896.8 23.088785948293 85515.1699033576 9518125.8 13814.4553596714 40834.5156001162 4288.26358018382 0 1596.47023223537 0 16133.073268699 0 6800.5 17292.8 294.763331683168
0 0 1660.3112740035 4642.15313157674 0 19.8409193157798 14301.1628288678 5072072.28675334 11871.195601038 35090.3824538579 3685.0396504072 0 1371.89703862139 0 6743.33528520623 0 0 7497.96476043023 641.143602868827
0 0 0 0 0 0 0 0 0 0 0 0 0 0 0 0 0 0 0
5553.0951160538 195876.838489897 0 1154.54174058859 65.4752710747614 1.58495024841507 535.356861659272 54.5889261600497 7.52851367997158 12796.0013151973 1343.7805152215 2345.33724449788 500.273724106546 2961.45631743564 14073.8198929337 0 2364.44249050911 4879.51411034989 82.6582691117504
72488.1864689995 1597943.67395604 165.601072689388 1606.16425016464 700.066073175208 13.2785475509301 808.78888174662 212.549422870401 63.0731008669178 97688.9174003258 10258.8660724608 18603.7748278873 3819.25550865298 23490.9783748359 105199.742412197 0 7134.04621114794 55869.4080507844 1366.67962196768
3624.70804527728 581288.342217861 205.166213259773 2186.77798915628 1483.91317416532 1.37739465423761 522.679094694468 134.411445007433 44.5357604870161 63136.1897241512 6630.28859303728 7716.67787833915 2468.37867402264 9743.84579703201 34113.1708161983 0 16117.2665271568 38826.6126890517 480.942135985795
10090.8423483119 4287202.11142667 2936.66506920904 21647.3397248034 1208.47454164634 6.39904054170373 1633.2084521583 746.384044199002 73.0015133274036 154794.574042981 16255.8542576832 51935.6896469835 6051.86386906639 65579.1727037381 178771.958175962 0 31102.5340552771 75104.4548475025 1658.11578851585
7197.3304525035 2997654.36351012 555.36061269939 3426.06522906821 1018.07169323186 2.15973571605317 987.485911024496 300.647689457737 54.6741791596507 77773.0221506036 8167.38520116827 35796.3576282105 3040.62171204175 45200.0451909187 89154.6317101305 0 30849.3430199224 36458.8429283876 1276.01478746839
3829.26604984255 1275095.90664366 705.936609851755 4301.29483115858 953.703901400232 3.00256592091956 505.024096239896 161.923208146851 88.3922045275153 49452.4608886066 5193.28278693903 13313.4114201109 1933.39826759741 16810.8388033331 57311.5930854569 0 8873.29719296514 18889.0310023597 910.492370686467
2113.9680927512 1094547.44342956 164.645014542591 739.517053397825 411.804968584789 2.1013599331523 306.887172561763 59.499744048496 9.98145968247336 19183.6179105068 2014.58028368419 9444.69255081277 750.004609840754 11925.8091715633 26872.527668577 0 4802.05004137809 8767.52021339846 253.118205214014
789.696508196658 28605.5815238661 21.5943091929298 55.3424158614175 2841.65007837996 0.126620002048691 34.7553383720068 1.08786648270606 0.60144500973128 1846.08797486939 193.868145908047 754.66882383383 72.1748367686838 952.919995261875 3107.98296529965 0 616.576243536191 1122.29538323792 17.5039218018616
6510.19579815746 1576627.00917226 778.821564923593 4068.43342449619 406.007248445407 1.3168480566341 697.37402617042 244.656194035103 21.6643452783918 35018.9403700705 3677.53711287259 25612.5390091311 1369.10393189735 32340.941854781 73919.6700634133 0 17524.321304785 24590.5279766836 366.873868578259
1019.7158528402 395051.510552625 30.1793956202262 186.242955036777 113.282079212154 0 127.236284698353 45.4563519344694 0 5436.36296977265 570.903241763193 3576.90410522767 212.54058056817 4516.55525623811 10469.5003759686 0 994.908608331646 4913.38055999092 132.858303653457
736.948173480384 398501.761579785 38.800984278879 325.65925994347 11044.7164427542 0 1320.35216070139 36.4050075854612 0 5009.87845053666 526.115688770972 3928.12565289524 195.866699919331 4960.04255155131 10020.6358392706 0 725.029751282382 6764.53289883186 159.544960168694
26.232303282529 3190.89926044346 0 0 187.589136499585 0.00744677259322548 22.4255392146194 0.629798914702466 0.161778584323237 113.874108294518 11.9585645659992 43.4355667024962 4.45203332139019 54.8460711628033 181.81085882038 0 34.2881859272938 88.0500950858529 0.580003031722845
14343.5372834119 3715622.57374639 878.631711606648 4710.05635915618 2286.68051075142 24.2086767707167 1865.73598035014 203.011816447444 235.877596635849 147245.781899941 15463.1128734489 45407.8615623906 5756.7355500798 57336.4870236283 185619.487058375 0 41012.4600211298 82200.1061630632 2058.27421577948
981.980270675929 17262.3803693734 27.8476780002244 356.472804330475 51.3966581493862 0 53.1383102984956 16.761546849113 0 3808.11153990596 399.911344260198 978.804856478113 148.882302756508 1235.93646608993 3420.01867761933 0 900.262775391481 1831.20774134 45.177695900955
680.708674057596 206670.457314672 5420.05162947995 23955.5613153459 11616.5205526811 0.532860915328386 150.267679713407 53.7555867459982 2.53108934780982 16581.0331022734 1741.26812402053 3204.00159385616 648.253698579772 4045.69141749617 11061.265550034 0 10158.3106604473 7524.33444882748 123.784300533722
35099.2482990014 4041853.82016982 5229.83566378093 109124.839337723 249836.165331878 4.74586204032774 29955.0906167553 745.546532489091 65.4472628676735 309699.258900424 32523.2718751494 50333.2475389918 12108.0326413489 63555.7697517022 224338.459562564 0 27475.5859147912 105528.501573646 1250.58679995647
8886.84026917757 2127820.49610572 1144.60149108921 114254.280037084 1639.6561258767 10.9123871858688 1279.11765383149 1437.82618098282 244.631587543211 136107.896979745 14293.4605447356 25795.4035166958 5321.28770739484 32571.8447888612 86146.1958002175 0 17489.2989316377 54976.0470328079 1010.51192114671
1476.52770303797 102690.03852071 95.4241951572697 472.994403532001 6334.2874018235 0.538684972662008 757.239002092092 19.50979522665 14.1670244295813 6618.23673195389 695.0184941729 1980.43218127771 258.747233245518 2500.69085299218 7174.70902524858 0 2672.64329673183 6039.10094182783 40.4780945287324
760.879577484095 18228.8925857117 8.47390480490892 1555.66663172578 57.1025149372274 0.622520742789412 27.1638091426465 11.7959052892537 2.95697352824971 1532.70832082181 160.958374909832 624.74568675044 59.9229150372119 788.866106636985 2303.09091672588 0 373.650077810659 717.143895693402 26.4196532789331
97058.88 1702428 10474.2 380373 1721069.47091294 77499.45 21148.8809892607 0 1804236.23625 290118.465 30466.9818930042 20641.646090535 11342.5 26064.1975308642 188632.828673297 0 19937.5 127680 1301.28226240516
51361.335825415 3729535.19086758 43576.1373748485 413734.528418232 3241.28293715314 7.34928109207662 28.7181784372337 343.588612325868 15913.4960666828 330946.946713522 34754.6118206088 45217.2270489394 12938.7343308125 57095.7729064982 204835.882754061 0 50049.1041881365 69164.4343232994 501.783770415613
29503.3940843954 734306.491273481 14791.8534765231 165853.736432702 231748.444540371 1189.22908850059 31892.2154478066 116517.578877434 12554.922703058 20016.8921843768 2102.08713097812 7620.60250007383 782.582382687339 9622.53145872893 36779.6081013898 0 3228.84151867787 11498.3687401812 232.308035635112
46074.8 4145926.65 3022.2 27003 44140.562100145 3695.69633160853 3461.89545901129 0 43529.3662112572 109409.895 11489.7522633745 50268.646090535 4277.49999999999 63474.1975308642 125613.761080878 0 8685.5 32435.2 1434.93761784169
182488.4 5814212.55 0 863625 135312.007327341 9.24 29027.0785349992 588.088888888889 25809.3471060226 479523.555 50357.4823045267 70496.3251028807 18747.5 89015.6790123456 535145.482004129 0 36090.5 62003.2 1910.4
19883.4654258463 299213.339844284 2010.78374102784 18862.6204751181 1845.64691205454 2.60194583466336 1961.13677727505 60.5744003836972 4055.59754742713 89529.0532520143 9401.95255867948 3573.53678185475 3500.23665853523 4512.30333848134 38703.8691308884 0 17699.9223935713 15475.6799723551 344.577130091431
200.937733260154 0 1073.11034139851 0 1125.70614276048 87.3795308958067 224.288826018862 0.887730211001344 1028.90447884864 0 0 0 0 0 2340.50678164895 0 0 2013.37211855104 17.0690133410005
2.39312108618388 48.984361549498 5.22630902513876 1.87440058671982 0.385128909114843 0.400202390625748 1.02725344761148 0.00208945805726369 4.71243125179703 5.80203142335972 0.609304155521922 0.291926310850532 0.226836790341689 0.368615225602269 3.53648421200924 0 1.66331308648475 4.59145871335352 0.0511843959024452
47422.84 2934115.95 22190.4 127465.5 18180.8 6383.95082227476 16464.921450031 226.222222222222 75143.1217344495 283084.515 29728.3069958847 35575.6502057613 11067.5 44921.3580246913 150236.405779696 0 31769.5 156128 3176.04
27737.6159571652 1738607.33922378 2194.40406144973 79775.9293916964 127629.250680123 1094.79083554175 14504.1038872044 61173.0046155367 25813.134013484 71583.3937695328 7517.37729556838 15519.3885940368 2798.63139297572 19596.3252203368 53381.5100382453 0 11951.2166275752 111150.354939569 335.965634043071
8692.31586603687 383696.980485754 506.884429853566 7315.97946504487 831.86416438356 10.2846116202173 1846.34882128821 130.365031648559 4731.64332386661 103512.687592808 10870.4531391557 4689.05202659833 4046.94220004724 5920.86395230847 47913.8330251124 0 1192.00047945205 24957.3241983939 278.339610167987
23218.48 1504590.9 1697.4 32139 25855.2 2105.84365384615 5360.13237880748 294.888888888889 24871.9601615348 66119.13 6943.5440329218 18242.9053497942 2585 23035.3086419753 69518.6392944266 0 4959 55148.8 209.126239204837
14164.48 929319.9 12130.2 247368 64741.5844574091 5409.28752550074 5050.69228056524 45052.2222222222 63695.0107800917 119577.15 12557.4732510288 11267.8436213992 4675 14227.9012345679 68357.547907675 0 11078 43590.4 1056.66853542825
126413.96 4406669.4 12571.8 311173.5 359126.940487734 13009.71 6829.5939333356 348000.244444445 223265.7105 184481.325 19373.4279835391 53430.1069958847 7212.49999999998 67466.172839506 242582.711352974 0 22315.5 79385.6 2531.28
46919.84 1493132.25 8238.6 114217.5 542405.6 6714.015 99099.47654321 412380.933333334 144308.808 136522.575 14337.0082304527 18103.9711934157 5337.5 22859.8765432099 96356.4030775003 0 47806.5 88256 915.325695476034
643.05705705847 49188.1361444021 125.025729851853 830.862413659203 230.522480966782 168.503839968936 157.366735544622 5.17305421868687 1984.15296889116 16800.6042439076 1764.32653223455 381.754830995248 656.838073497054 482.041658876436 4301.41683788811 0 375.857342056647 3686.7490580469 32.9161104775123
93356.8 11040760.05 235690.2 2710999.5 1115658.4 45389.505 116658.09382716 574191.8 992222.18025 287304.885 30171.5119341563 133867.312757201 11232.5 169034.197530864 509927.305235505 0 42093.5 71321.6 6477.09518877946
29314.84 1306286.1 0 669304.5 6015.2 7408.17 3036.44464078706 84.2888888888888 142548.01575 272149.92 28580.0032921811 15838.4938271605 10640 19999.2592592593 94227.2792644025 0 10411 32524.8 917.891056198752
27483.92 2680154.85 0 308074.5 10984 5367.6 4433.16958990336 59.4444444444445 173552.4 223615.665 23483.1465020575 32496.4156378601 8742.49999999999 41033.2098765432 134650.489622819 0 18647 41305.6 931.356230912049
2374.24190096431 65926.0052895329 275.400676589752 1895.20677906209 117.950675117398 370.764260049437 348.831960191749 9.184027216022 4365.7937259557 14003.2083379207 1470.55615669066 1303.3401059885 547.470808426021 1645.72698433961 7565.81648593222 0 2520.13444493138 4685.56253639743 72.4263455785353
29.4637813725327 808.810027754314 5.17642331132252 36.986669868815 129.990929350864 1.49650505867385 27.2955755777964 0 48.3869968971211 695.401247791588 73.0280205530481 21.5180277161963 27.1874754785983 27.1708042279982 216.405373123257 0 35.9408823186725 106.339639187637 1.77623503378562
29013.04 1843205.7 91742.4 980757 281265.6 7591.5 12681.1784589019 1756235.26666666 203702.3205 116188.065 12201.566255144 22348.5514403292 4542.49999999998 28219.5061728395 96462.8317507974 0 27492 32345.6 655.84502976482
5279.18123444441 324706.334979096 15640.5221525906 643.265846562197 504.079669235874 179.225762995814 3268.99687440792 10.762895093552 5794.96633686466 49733.2102044051 5222.76586145104 3818.47857542715 1944.37447042009 4821.59123457422 20940.2764268867 0 2263.65627584094 19043.6784891021 248.779898006445
1216166.13670194 25116475.2401502 320617.320948836 9764630.04900482 5980740.49778894 18273.8572369835 873541.452424536 6677152.37508519 429704.449369833 770515.220205476 80916.1638928576 304069.699535111 30124.1387209897 383948.677206889 1308522.99577657 0 88523.4533926015 737508.688069843 6480.17095842276
146143.500888078 3889924.0694336 217899.355737223 2719922.39957654 1435270.42647376 8023.85820666942 313405.1084818 1382927.68452452 259438.082015643 126309.959654179 13264.5236961734 50209.0790898112 4938.22658746495 63398.9823049865 246297.950664213 0 18557.562155698 61226.6561273499 340.931252131976
16202.0776770323 341998.345685612 865.226826652912 5694.2152739131 29430.1502906364 2357.64765497491 2285.95211525727 177.098939080652 27761.5845139206 61829.3470875525 6493.04965188178 4102.64897111801 2417.28622595795 5180.41306948135 26640.0688838172 0 6633.69956598754 37524.51128636 406.450392492498
72794.16 1595090.85 3243 479352 217732.708619219 17.745 6012.95323371672 87614.2888888888 14597.7344543985 224255.115 23550.2987654321 19340.2016460905 8767.49999999998 24420.8641975309 136358.964758866 0 26317.5 80595.2 1761.15
36.2052823699827 499.355244084416 7.25742909209849 33.1317415074062 3.89293210597635 7.22161605049324 7.00964366417284 0 85.0202607100644 562.774563711976 59.1001418763747 19.9955675314584 22.0022896126349 25.2483944156296 146.292005660983 0 19.9367038923415 139.658939301902 2.02957314847699
32876.08 3176618.4 45773.1187146378 613816.288074228 3946.4 11607.855 20261.8469135802 188420.622222222 306553.8315 163891.035 17211.1251028807 38515.9506172839 6407.5 48634.0740740739 158682.85171702 0 14094 89062.4 1793.47683074307
11508.64 488044.95 0 4704 20197.1952910997 1687.5156432126 1599.72218775254 91.8888888888888 19870.6995291492 27240.57 2860.68641975308 5917.46090534979 1065 7471.97530864198 51182.8782886094 0 8453.5 24505.6 92.2464281220522
83900.4 1197312 73360.8 896361 547858.4 21249.9 31937.5407407407 392701.4 341958.03075 91825.02 9643.06502057613 14517.2016460905 3590 18330.8641975308 164493.402889848 0 17646.5 36243.2 443.746706245749
74786.04 1954986 150199.2 2024227.5 264776.900094955 20054.58 14021.0002097567 599444.733333334 440717.109 151357.815 15894.9407407407 23703.8683127572 5917.5 29930.8641975309 153107.637455432 0 22011 27462.4 1581.66708802093
6879.91508845879 484016.219155194 416.367215328901 2926.63912223938 344.035983139397 1095.97691876551 1023.3258685022 43.6079286392781 12919.3991799663 45274.6848195203 4754.55087840684 6089.88435084649 1770.06352410354 7689.69431819516 28253.0810220879 0 4089.04788426146 9101.34481120874 364.903020516126
30113.5713850136 469844.307912259 4596.15761102924 340625.605972428 375587.122131043 2798.03386722373 30895.0736279161 282806.013725876 163845.374561057 43829.5535607902 4602.78946641693 4778.13233130415 1713.56453048675 6033.34561427374 40899.9617005449 0 2639.56251075321 27429.2074296273 546.577406843291
104080.76 2012513.1 83835 1386093 202266.4 9407.16 48898.7518955784 1824061.48888889 179529.714 99306.585 10428.7465020576 24401.3744855967 3882.5 30811.6049382716 179208.288834678 0 17719 65408 854.69570754814
6079.5081258792 95984.8528724603 354.923783246989 2198.98430924765 7324.39241627341 1.59220646668981 572.399399441696 11.2655338757386 20.2362417475981 27335.6796493591 2870.67442229153 4203.23192939549 1068.718416192 5307.41912710317 18934.5426386331 0 2332.41150848706 7056.49255511782 485.019105954845
1830.92 481497.15 12745.7683195441 423 160.8 146.054590105854 2663.96968029713 0 4722.43174675595 46232.235 4855.1086419753 5838.06995884774 1807.5 7371.72839506174 23600.2831300431 0 6597.5 5689.6 158.251577928849
16357.56 2880096.6 79731.0049847882 6597 1679.2 21.84 6008.48980891484 168.155555555555 14758.1778412243 284363.415 29862.6115226338 34920.6748971193 11117.5 44094.3209876544 188536.39091762 0 23707.5 68409.6 1249.33292600314
46879.6 2891321.4 0 923761.5 8957.6 11.97 6428.45828992476 266.977777777778 16008.073038236 405219.465 42554.3893004114 35056.7736625514 15842.5 44266.1728395062 195315.228523175 0 41180 53088 2370.09
63659.68 2131542.75 3325.8 512928 175228.8 9397.185 3354.99557140424 773534.488888889 207118.8 72897.3 7655.35802469135 25844.5884773663 2850 32633.9506172839 105542.191030212 0 6032 29120 1164.56403528354
682.887277302234 123960.889760054 174.794705671297 1528.53137246222 126.269314607632 213.778865535875 201.075497609948 25.266980107825 2519.26737848852 10033.8875415061 1053.7153160641 1314.69150451699 392.285852744785 1660.06039031898 4503.94490215131 0 963.775015493436 2432.31985536352 45.900196189225
8631.48 804444 27167.1286553049 2070 356 2160.43247561337 5545.47339268908 0 25439.3520727328 92400.525 9703.50205761317 9753.74485596708 3612.5 12316.0493827161 33915.2846687934 0 15138 17024 48.5882053428939
211883.72 2382697.65 106025.4 1688788.5 1170195.2 59649.345 68000.1892330976 206434.044444445 1303177.701 414683.325 43548.2427983539 28889.7983539095 16212.5 36479.1358024691 314736.610395947 0 66787 247968 3480.51
0 0 0 126521.459956378 69931.7613334708 293.381942935652 801.200997026152 2232809.38848628 5404.47199511604 0 0 0 0 0 2952.05384584445 0 2111.2478475918 5710.55105626203 194.100740088987
4909.28 149897.85 14739.3017789339 882 887.2 536.049054677512 1439.2959220726 2.44444444444445 9875.14631357008 775524.96 81442.2650205761 1817.48559670782 30320 2294.93827160494 231333.1497842 0 32683 123558.4 3373.05
4909.28 0 2472.37835530226 38594.6326223568 156.8 89.4944486851369 250.544265570919 0 1648.6026263152 53879.7388498661 5658.21630118808 0 2106.48756157112 0 32072.0151974339 0 1841.47647971379 12678.4 59.2092974428591
6438.4 536919.6 9014.42331643877 1467 72301.4066922129 167.383454128071 2535.76282480808 2023148.08888889 5412.06501680765 359818.515 37786.578600823 6510.05761316872 14067.5 8220.24691358025 160091.345318071 0 1392 12051.2 200.677864833307
22353.32 4677 7314.17934992604 109055.628006751 274.4 0.63 677.381722082976 8.88888888888888 2238.97060050107 635549.355 66742.6345679012 56.7078189300412 24847.5 71.6049382716048 179892.610245825 0 1522.5 26476.8 161.19
4025.44233065113 65627.1390306123 114.247831966105 1024.50501491344 0 206.502720050626 564.66331419846 3.37285601617593 3804.04518513151 415217.9741127 43604.3893274476 1003.50132063089 16233.4026942177 1267.12068062246 115372.575250823 0 750.268824052772 6954.21585880636 43.1878070515822
0 0 0 0 0 0 0 0 0 0 0 0 0 0 0 0 0 0 0
172549.12 2221808.85 993.6 7290 71090.4 213958.5 34296.3160493827 1428056.6 4587845.54025 2165497.425 227411.139917695 26939.049382716 84662.4999999999 34015.9259259259 1148368.5035091 0 127078 120512 714.963127197154
0 0 3687.33303607357 57560.4715104946 59.2 133.473032747673 1115.82605595401 0 2458.74459883246 277499.286777988 29141.7705715025 0 10849.1393689103 0 69680.9481435925 0 4495 6899.2 88.3054157287632
3057.04668797248 33735.0551517066 53.4893246313196 2260.73793365677 75.4742122623952 0.325587193408031 155.791819494845 18.0881774115574 516.684695959572 116491.027961476 12233.3821103036 403.995454793701 4554.34466969569 510.124884862874 34123.9123057574 0 385.549501527345 7307.04485259199 38.0876685334062
5462.3180410797 273150.296442449 684.348914107783 5630.6231584476 596.430839414005 0.794288533323329 820.997050657272 5.32327412103818 2579.05674520299 541123.360520118 56826.4264973551 3086.23648529365 21155.8120462944 3896.98946619082 170030.173002379 0 8409.37224962953 40065.0903445818 215.769110465007
6418.28 0 8065.05398577709 508505.409577584 69587.226800087 291.936530881313 2440.5708114688 640240.444444445 5377.84564963985 0 0 0 0 0 300547.101369863 0 4857.5 24640 193.14445918542
1456.78863060828 42333.4513483677 0 0 71.6629297633814 50.5133729936277 140.671125023843 0.518272338854172 930.521173154779 93127.504835233 9779.84632434786 390.754658174817 3640.92207503452 493.405736737432 29865.3007294853 0 1401.87956093337 3253.24258665481 33.4195178624359
16317.32 0 276 234 183.2 304.814067203339 2524.52577574361 6.93333333333334 5589.77456001617 181805.168008642 19092.3895925544 0 7107.87270344211 0 45406.3331994965 0 1290.5 23475.2 199.788575428468
1046.24 0 3915.25708298448 127675.881500688 34062.5803941255 141.723362587615 395.514485833949 250 2610.72626520317 0 0 0 0 0 10874.6410958904 0 1450 10393.6 93.76381276536
663.96 0 2615.48090784786 470.834387892233 390.4 1.47 216.205136280122 249682.666666666 687.963824462156 64712.34 6795.80905349794 0 2530 0 16024.8109589041 0 1305 30508.8 49.4168922723353
10200.84 331833.15 469.2 3126 533.6 370.54468905342 1013.52522707833 0 6823.09862591992 472041.99 49571.8008230452 4023.41975308642 18455 5080.37037037036 172319.254794521 0 35293 104025.6 244.943011587956
1004.8406593106 46323.5168543046 2240.16001676961 35105.9881359938 202.01411606307 81.088675298152 677.896162826564 0 1493.7574902694 136210.946960208 14304.2824063804 392.99689430683 5325.31655955147 496.237007325022 43799.5926229987 0 960.12820162198 4424.55806203915 53.6480593546924
82310.92 716516.4 1048.8 3919.5 792 1.365 1514.66797603344 3.11111111111111 4889.47722270842 770601.195 80925.1925925925 8687.6378600823 30127.5 10969.8765432099 302714.347307187 0 15094.5 90003.2 361.639247109129
30139.76 125811.3 0 1261.5 107359.2 179.266998376115 36079.8884786853 1559597.2 3302.32823014851 332897.67 34959.4683127572 1525.44032921811 13015 1926.17283950617 104080.497203978 0 1537 16755.2 118.602585797064
1018.01361607143 15448.3920837344 51.9204069368132 0 80.4364125457872 46.6438708998366 386.523345315042 0 855.594126495942 26090.8510141226 2739.94792237833 237.632846181168 1020.05047361493 300.058891404378 7844.07037349458 0 583.16399095696 2999.08461538461 30.5890909383136
4044.12 0 7919.29357000915 259188.844583424 74.4 286.66033679828 2396.46216485364 0 5280.65138172676 0 0 0 0 0 17939.8356164384 0 1718.39181780052 3897.6 189.653742728495
0 2338.5 496.8 8827.09435390673 400 17.5078020146183 88.5945973078008 0 566.085598472659 47812.2188935175 5021.03169232316 28.3539094650205 1869.27120547023 35.8024691358025 15763.0165304431 0 1885 27238.4 20.9902964693848
30139.76 1226543.25 759 5500.5 1588.8 4.2 2567.65585049601 82.1333333333336 8201.89775971684 1228127.67 128972.637037037 14871.6255144033 48015.0000000002 18778.3950617284 552662.42522049 0 12557 279148.8 1295.49
10381.92 1636.95 0 96 720 190.205637939184 543.95346628288 0 3503.83201252766 292868.1 30755.7366255144 19.8477366255144 11450 25.0617283950617 79756.1971101519 0 1885 26835.2 125.839561643338
17122.12 162058.05 0 0 980 458.186857178492 1253.52926980176 3.24444444444445 8440.39007095444 638490.825 67051.5349794239 1964.92592592592 24962.5 2481.11111111111 201364.305798461 0 18270 62182.4 172.333325575027
8.27508355231637 0 8.32561133422701 129.965508762811 0.108851754526053 0.301368111691095 2.51941822655889 0 5.55158747521403 613.692917979355 64.4473664230295 0.495397905685028 23.9929985917333 0.625538719805476 208.875995998117 0 23.0923430944119 38.0981140841185 0.199384368830401
120.72 0 0 981 432 142.573115661017 387.836576879988 11.1111111111111 2626.37980761962 85835.5166347111 9014.07337546199 0 1544 0 2567.16985822999 0 1160 21862.4 991.835813609601
5452.52 142882.35 5734.73239263965 185340.558452342 304.8 205.3475131474 548.095262734984 46492.0888888889 3771.52397364015 332673.533836825 34935.930505796 1732.42386831276 13006.2371505522 2187.53086419753 76904.3987065716 0 2189.5 46502.4 135.023774634691
4909.28 105466.35 3183.68064776859 333 27730.3628431028 115.241966809225 963.415505424348 2.44444444444445 2122.90496153389 302076.18 31722.7292181069 1278.76131687243 11810 1614.69135802469 86127.8624882716 0 4350 14380.8 76.243789318306
10019.76 188950.8 469.2 9102 155.2 458.604008687255 1245.34368352066 190578.222222222 8448.0745372316 289031.4 30352.8230452674 2290.99588477366 11300 2892.83950617284 85595.4651154063 0 17806 91347.2 303.411234526782
1227.32 1636.95 3320.69117034985 41184.3249521522 193.6 121.671434746718 363.961242512362 0 2228.22972727358 60811.695 6386.18024691359 19.8477366255144 2377.5 25.0617283950617 19126.214749484 0 3190 16620.8 297.314251179313
9919.16 0 55.2 252 110.4 25721.535 1851.72360819361 0 568461.6525 133352.935005802 14004.1463965443 0 5213.5794434984 0 147190.608295306 0 73283 12723.2 146.543650028407
1865.08562059886 0 38794.9777234324 679680.311183844 0 204.017028469031 1695.90167390913 135049.597210962 3747.93870059984 176183.811847298 18502.0591688021 0 5231.47650602007 0 5595.25289528893 0 1342.47974604136 7688.98553979539 51.0253484165089
0 43496.1 1353.45908755519 44136.0754648075 12015.5707434614 50.0421271956098 409.571064177584 0 912.472872774364 41772.9345002893 4386.8122597366 527.382716049383 691.999999999999 665.925925925924 1378.25787408877 0 293.684405208875 7526.4 32.4130655487797
0 0 6962.99426831651 227062.083599855 210.4 252.044486599046 2107.07586107254 0 4642.98298565266 151742.273582614 15935.3149122886 0 5932.53083050332 0 5118.66175793453 0 1510.88632745978 9766.4 166.751985124572
0 0 3252.39932108816 106228.200265479 183.2 117.729425805912 984.2105042678 0 2168.7271493348 0 0 0 0 0 53823.1123287672 0 3291.5 13843.2 368.733084059944
0 134463.75 7973.92704941851 0 68820.1616617303 288.637943950925 2412.99483474161 0 5317.08144407777 60747.75 6379.46502057614 1630.34979423868 2375 2058.64197530864 23905.5282416964 0 1725.5 9139.2 190.96212254251
0 0 2071.16374088981 67540.3046966191 17870.4992219006 74.9713961578985 201.780177524819 0.733333333333334 1381.06935592482 0 0 0 0 0 0 0 449.417715634207 1792 49.6008831836812
15271.08 103595.55 772.8 4711.5 1280 1.89 2248.02877705663 0 7240.11146337083 847143.36 88963.3185185185 1256.07818930041 33120 1586.04938271605 256297.348395571 0 38497.5 276057.6 1701.45
15331.44 128617.5 1186.8 450 454.4 302.141292790079 821.226085791856 0 5565.83046356841 473256.945 49699.3901234568 1559.46502057613 18502.5 1969.13580246914 141042.757740664 0 4277.5 40633.6 456.872151164864
72331.4 324583.8 10213.8997052021 345349.568550252 422.4 374.969837209378 1073.11666380873 8.93333333333336 6870.77400047004 697128.39 73209.3975308641 3935.52263374486 27255 4969.38271604938 331209.333383374 0 11498.5 45292.8 74.8683072906116
0 0 0 216 8582.6271894156 19.8694582883214 301.010837296078 0 642.445817989059 10486.98 1101.29711934156 0 410.000000000002 0 1495.75890410959 0 0 1344 23.8217121606531
0 0 0 0 28091.9396886486 117.366349492731 981.175209405556 8 2162.03881757504 32228.28 3384.47407407407 0 1260 0 11069.5980484143 0 703.555214181401 5779.2 77.6492754466427
32.3824256017944 446.866293473083 23.9294103355293 780.334086274479 5.93977650498658 0.881109184339553 2.33731878435649 0 16.3940742336611 1557.79977870789 163.593370903914 16.7888486876751 60.9038931389436 21.1992719278336 615.36723047363 0 115.824608483198 199.761669403613 2.96120799455281
9315.56 2104.65 593.4 3762 416 301.654616029859 2521.81338459012 0 5556.86525291171 417177.18 43810.1366255144 25.5185185185185 16310 32.2222222222222 121415.9528617 0 0 21683.2 2474.68860888824
0 1870.8 2950.63471216306 96219.7066188 124.8 106.806236298723 892.893335433504 0 1967.50797681778 87642.1493710182 9203.79810347742 22.6831275720165 3426.46607909213 28.641975308642 8284.25345734739 0 640.252378810772 9900.8 70.6627316741452
0 0 0 0 51891.5552243829 217.698582209105 1819.94628707048 0 4010.28733790761 5097.36627816628 562.068444708775 0 0 0 511.949533976929 0 1308.47571872572 3515.42501942502 144.028822974897
845.04 0 6897.04995137318 224911.650405496 238.4 250.81245296558 2087.12041187184 0.666666666666667 4616.09426195551 13812.12 1450.48888888889 0 539.999999999999 0 5831.13980108837 0 1496.57720081053 2374.4 165.172729802186
8727.28842131034 232356.7534647 0 17.5612085006366 115383.25376925 89.3827115425148 1354.09654610564 596299.83638451 2890.04100654131 259177.201023896 27217.6646552798 2154.37244289524 10132.8173048673 2720.32514560067 87183.9767147306 0 594.154220938204 11250.4126138478 150.784167421222
17242.84 389827.95 496.8 3978 766.4 19262.355 1162.23914105376 0 470272.5195 737285.85 77426.5596707818 4726.59670781893 28825 5968.27160493827 234532.585926065 0 7308 60166.4 1677.57
41105.16 58930.2 4167.6 32284.5 211699.2 77195.265 65472.5135802468 5750546.28888889 1998522.98625 689518.935 72410.2855967078 714.518518518518 26957.5 902.22222222222 243464.085269281 0 14137.5 30240 169.568068239895
16035.64 199707.9 4548.2371608288 148317.256434245 0 1.05 1376.34476817292 144555.555555555 1484.84863387501 196119.315 20595.5991769548 2421.42386831276 7667.5 3057.53086419753 60252.839331957 0 1740 23430.4 118.072889366838
3994.6107442652 139300.341225627 6995.66456126 0 58585.0154236199 0.402833365169222 683.855802508688 222186.365927978 2262.93750055836 387062.338214506 40647.6066590425 1661.61461136169 15132.6271879938 2098.12004627673 115560.401893395 0 3214.67115859204 16800.8368833243 847.198216779988
0 0 2340.94643939243 76337.8735701043 30.5712659858037 84.7369135656616 708.39520247086 0 1560.96272229894 0 0 0 0 0 14286.9204525976 0 901.986979227673 10005.6356764204 53.2089054606216
6217.08 309851.25 0 37508.8170765211 659.2 174.069997363956 500.03825163762 26.3333333333334 3204.07233933284 148416.345 15586.0403292181 3756.89300411522 5802.50000000002 4743.82716049383 50904.0780634264 0 1725.5 63705.6 113.844376395311
8369.92 0 7643.77864064401 495 878.4 276.687325727713 881.889106023904 7.86666666666666 5096.93571572995 0 0 0 0 0 364896.153424658 0 7134 38035.2 895.5
80.48 0 6467.87836116923 100965.691056173 112 234.122421778199 1957.24854021288 0 4312.83554559644 140952.37335545 14802.2064255595 0 4375.99999999998 0 6874.43876749179 0 696 1433.6 426.90659964598
0 3233.90737597911 525.907421154818 7942.70074033234 43.2693782223593 18.3908020734051 153.745934447991 0 338.782181953303 31361.4255409157 3293.4407814886 60.4874239241665 1226.10937293438 76.3774438519953 9456.68324120409 0 346.823029127925 6535.57237914775 55.6760955604581
9396.04 229173 248.4 1881 1058.4 11923.8 1374.31277542221 2.88888888888889 279824.78475 1184517.18 124392.852674897 2778.68312757201 46310.0000000001 3508.64197530864 408719.690748733 0 24664.5 62764.8 325.244822673169
121605.28 7035143.4 3160.2 46027.5 643220 344427.615 210856.869135802 13898619.6444445 7803450.83175 1656559.17 173964.653497942 85299.9012345679 64765.0000000002 107708.148148148 986495.783223868 0 103892.5 113836.8 614.91
82894.4 527565.6 3298.2 28834.5 0 52179.225 7715.75308641976 2626898.71111111 1169101.227 1017748.62 106879.542386831 6396.64197530864 39790 8077.03703703704 386369.048451866 0 42195 42739.2 359.416023597033
14124.24 206723.4 1131.6 56887.0700657191 1299.2 219.130216730042 587.055153907584 30.4 3972.96191811322 265307.805 27861.474074074 2506.48559670782 10372.5 3164.93827160494 76819.2765622069 0 5307 42470.4 140.252183032105
11830.56 0 3078.25510547085 0 579.2 6.72 341.506031548021 1 1057.90119702577 67083.4141709514 7044.80897093973 0 2622.69974864928 0 30860.9137899667 0 3567.94447504459 31897.6 338.319107905553
0 0 2960.58587971523 36718.1784345514 25559.2367091834 107.166445832165 895.904664199648 0 1974.14349881474 64519.0869348784 6775.51445544184 0 1381.68465972421 0 2675.99245885972 0 642.411662937323 1553.89463180578 70.9010453765107
5271.44 701.55 5022.86551319757 126 65.6 181.816257596321 1519.9723378246 0 3349.2888573979 254245.32 26699.7399176955 8.50617283950617 9940 10.7407407407408 95921.3889285045 0 4785 26297.6 120.289169151069
3802.68 0 0 154245.273233933 85284.2470864496 357.668793622946 2990.08834301832 0 6588.71830801844 215332.922636927 22613.3288515328 0 8418.67709113016 0 26358.840434132 0 1203.5 4435.2 236.632755425496
0 0 319.893029695836 7069.87579323722 0 2.58788435990685 21.6345484862017 0 47.6721519046691 1483.83274880944 163.616958213034 0 0 0 0 0 15.5131308333291 5779.2 1.71213764724711
0 0 0 0 0 0 0 0 0 0 0 0 0 0 0 0 0 0 0
0 0 0 0 0 0 0 0 0 0 0 0 0 0 0 0 0 0 0
0 0 0 0 0 0 0 0 0 0 0 0 0 0 0 0 0 0 0
3255.14723450714 0 1420.25701473737 0 90.1568157489584 0.656705078066692 422.88566098834 0 458.962272030774 0 0 0 0 0 3982.93969766957 0 116.354215089624 3764.11786130101 21.4336926596586
0 0 0 0 0 0 0 0 0 0 0 0 0 0 0 0 0 0 0
0 0 0 0 0 0 0 0 0 0 0 0 0 0 0 0 0 0 0
0 0 0 0 0 0 0 0 0 0 0 0 0 0 0 0 0 0 0
0 0 0 0 0 0 0 0 0 0 0 0 0 0 0 0 0 0 0
0 0 0 0 0 0 0 0 0 0 0 0 0 0 0 0 0 0 0
0 0 0 0 0 0 0 0 0 0 0 0 0 0 0 0 0 0 0
0 0 0 0 0 0 0 0 0 0 0 0 0 0 0 0 0 0 0
0 0 0 0 0 0 0 0 0 0 0 0 0 0 0 0 0 0 0
0 0 0 0 0 0 0 0 0 0 0 0 0 0 0 0 0 0 0
0 0 0 0 0 0 0 0 0 0 0 0 0 0 0 0 0 0 0
0 0 0 0 0 0 0 0 0 0 0 0 0 0 0 0 0 0 0
0 0 0 0 0 0 0 0 0 0 0 0 0 0 0 0 0 0 0
0 0 0 0 0 0 0 0 0 0 0 0 0 0 0 0 0 0 0
0 0 0 0 0 0 0 0 0 0 0 0 0 0 0 0 0 0 0
0 0 0 0 0 0 0 0 0 0 0 0 0 0 0 0 0 0 0
0 0 0 0 0 0 0 0 0 0 0 0 0 0 0 0 0 0 0
0 0 0 0 0 0 0 0 0 0 0 0 0 0 0 0 0 0 0
0 0 0 0 0 0 0 0 0 0 0 0 0 0 0 0 0 0 0
0 0 0 0 0 0 0 0 0 0 0 0 0 0 0 0 0 0 0
337.68448255412 0 2674.07294471512 26166.2752284559 64.9980072149174 166.885904295433 1393.14656239664 133319.711432575 3072.10871439677 100328.246703117 10536.0369794481 0 1367.09423625742 0 497.123120304564 0 685.835780354585 11261.4387711705 165.205992404766
4.94641758695428 0 0 0 18.5859428217566 7.5564638279293 20.6911244141118 0 139.199763732932 0 0 0 0 0 324.335052460282 0 105.754670244607 770.97244297657 4.99933706478463
0 0 0 0 0 0 0 0 0 0 0 0 0 0 0 0 0 0 0
0 0 0 0 0 0 0 0 0 0 0 0 0 0 0 0 0 0 0
0 0 0 0 0 0 0 0 0 0 0 0 0 0 0 0 0 0 0
0 261912 6003 0 1578.4 267.204514025009 8014.41833107116 18.3333333333334 7613.42409833695 387186.975 40660.6954732509 3175.6378600823 15137.5 4009.87654320987 109099.620942015 0 8656.5 44307.2 334.32
4064.24 0 372.6 2037 223578.4 0 4884.35305598488 2213385.91111111 0 0 0 0 0 0 253926.191780822 0 17255 12633.6 405.857854534164
7303.56 0 1766.4 8041.5 80444.8 277.975528605224 28945.1671134169 679844.777777778 7926.63003100584 0 0 0 0 0 413310.531506849 0 8540.5 32390.4 704.46
26115.76 49810.05 0 6327 582580 47044.935 245699.792592592 5322758.8 1111498.1325 559390.86 58744.8 603.938271604938 21870 762.592592592594 250199.50189529 0 33814 25267.2 368.478193123016
15995.4 662029.35 924.6 0 1211.2 288.100741225317 1792.14550506062 105 8072.08233560219 298751.04 31373.5374485596 8026.99176954733 11680 10135.6790123457 109854.316231939 0 8091 106668.8 930.202360161838
1509 32972.85 1407.24727209091 10252.5277248039 57248 156.875946410467 4569.74007089316 773947.111111111 4384.02432242733 217860.615 22878.7761316872 399.790123456791 8517.50000000001 504.814814814813 61306.5706886845 0 7743 16486.4 1182.06
553.313272557382 8820.66652640437 64.3660814211074 428.864912913082 86.015279143584 17.5869636227277 97.6453869401924 1.38647476553821 568.645157134864 40527.5243808903 4256.02469488064 228.085817811819 1584.46807337908 288.003862839307 20791.7922803219 0 1867.31902123892 2569.89424424932 37.3091903522736
301.8 33967.845107616 479.150487935436 1026.34740179527 433.6 56.3930152561194 1710.24557300284 0 1618.71481682265 270755.971750777 28433.6168976823 411.854267651566 7891.81718897277 520.048204436667 6534.5701091031 0 0 14470.4 142.110242857029
28087.52 3040.05 703.8 5287.5 134547.2 93103.605 7315.5190320034 2487147.35555555 2573110.90575 649617.255 68219.9843621398 36.8600823045267 25397.5 46.5432098765434 272678.713754926 0 98034.5 14739.2 782.07
10.5842567931645 2109.34337688957 1.14543475153128 9.95188976984066 1.34239748397242 0.00400431067662228 2.23158973607322 0.058326093889176 0.0403257639904549 681.739192517899 71.5932908103384 4.09626797659538 26.6533424238759 5.17235579047603 234.844551178258 0 56.8264402828331 50.5014240628128 0.776768971925618
1.01639136409983 207.972117865327 0 3.43702620029258 0.197490801081704 0.055781380380087 0.37092536709785 0 1.60115834406051 267.819370569501 28.1252277883684 0.407387323779274 6.41418382261689 0.514407796354088 20.3531100230757 0 3.2201866382941 10.1627698718801 0.140568924656928
