0 78754.4937369739 0 2510.96361497489 802.537056270008 37.1423976068145 0 3270269.07148952 1200.93752262033 15891.3776481593 1668.84350177903 1013.39208489633 621.290861215077 1279.60974435386 21156.194060121 0 4665.27781954234 35865.2717733978 65.3479210099032
0 23334.3418489206 32.9660485532563 233.509510585566 0 14.7076053587501 0 97229.2726301504 265.800954487551 3207.84735286213 336.874204870661 276.012257326188 125.414315148258 348.520557146275 1886.82122642635 0 828.431226173768 9828.02313197367 0
0 137016.947791004 0 5831.67726129194 784.617644387218 46.8203096508342 0 13523989.5820004 1599.21702531091 23844.5765486152 2504.05392829102 1682.91253903877 932.229906506186 2125.01293028118 13357.0186614455 0 1223.75860803785 15000.4066186785 125.633869219525
0 0 0 0 0 0 0 0 0 0 0 0 0 0 0 0 0 0 0
0 0 552 0 679.2 12.6370440772352 1186.02925898388 9.22222222222224 1605.14057131775 0 0 0 0 0 66762.1479452055 0 3045 7347.2 503.666872727477
0 22625.4405428773 0 1404 3040 55.93999915326 90.3711202475084 466.666666666666 3188.08755773178 46377.2282364494 4870.33520230305 274.329567140881 1813.16866981192 346.395824981953 6973.11286837201 0 6989 64960 8.6115833990268
5432.4 57527.1 1297.2 13147.5 7040 97.3022033111174 89.430849115826 636.111111111111 6325.08388458962 124436.97 13067.8304526749 697.506172839506 4864.99999999998 880.74074074074 41209.7975605178 0 19807 126291.2 1486.53
0 12109.2528531478 0 1833 1877.6 24.771301553742 33.6353333130102 79424.9333333334 2078.10708818518 11142.0967047371 1170.09463204393 146.822603843145 435.612507027019 185.392837944174 5462.31748368879 0 4263 17830.4 111.98510139255
0 0 124.2 1134 1613.6 96.9419447073552 4959.33692764164 7503940.2 12184.5198888958 0 0 0 0 0 29872.4273972603 0 2262 25177.6 36.5109850263087
5351.92 1069162.2 1269.6 14679 0 142.988115831961 8925.4750677156 18912.8666666666 12400.6742787366 314225.73 32998.6222222222 12963.4074074074 12285 16368.8888888889 122878.719159317 0 28217 105728 2352.18
0 546666.45174171 0 0 0 419.90004155668 5429.17781743572 717.797983795498 13576.7680103327 78358.37274826 8228.85618013488 6541.04322037905 3063.50663649463 8259.37242631317 49046.2814791813 0 9593.76742840907 143515.400483023 0
0 14031 1186.8 3702 2744 15.33 41.98419565403 0 3238.57304270193 46807.74 4915.54567901234 170.123456790124 1830 214.814814814815 9843.98904109589 0 5916 24819.2 244.77
0 78742.0603953631 8295.13824483484 297 180.8 100.311619829301 5107.80765739912 5710009.55555555 12608.0504222105 74956.4375789766 8045.18888619769 954.733911284718 0 541.333333333331 0 0 0 5062.4 728.198322734743
31588.4 2392051.65 1504.2 67123.5 618148.945402111 9068.85 378.159792123675 2135.62222222222 43077.0375 491417.325 51606.5144032922 29003.2139917696 19212.5 36622.3456790123 255248.316156877 0 39976.5 134579.2 3629.76
1417.47746954663 32060.9339023863 62.6054683933591 1911.78847216549 779.87306407823 89.7588776351801 25.8710602365318 41.108374244839 2902.20371020417 86243.4439155715 9056.91212783038 789.189899191241 3371.78215323995 996.50974208473 40167.5918111854 0 3664.39466855674 6754.77244660149 176.693868139807
5211.08 426542.4 248.4 9139.5 4133.6 181.335 79.9697225584152 2224.8 861.34125 144771.48 15203.2724279835 5171.75308641975 5660 6530.37037037035 55185.4826046162 0 14848 83955.2 1540.26
0 72493.5 2231.06472141809 8423.443720506 1444 20.1377477649699 101.011305577836 263.466666666666 2531.09001372473 60683.805 6372.74979423868 878.971193415638 2372.5 1109.87654320988 19373.1371739538 0 11890 75398.4 450.657193179219
3521 848173.95 0 142456.725668455 449986.093507343 113.800485249581 10658.453082927 1348633.33333334 14303.450173971 48662.145 5110.28724279835 10283.962962963 1902.5 12985.5555555556 43319.6168887222 0 8004 18054.4 826.118874624514
0 33674.4 510.6 3087 4270.4 58.4867634270635 201.742117016704 96.8 6645.6243877456 80378.865 8441.03950617284 408.296296296296 3142.5 515.555555555558 26458.278251079 0 14123 126112 2865.6
0 59467.4689147791 0 4681.5 2338.4 99.3576313148366 177.593082370554 861.133333333336 4184.89152670993 54719.2509329569 5746.37821613025 721.032811513181 2139.30920841962 910.44781715017 9864.13261413307 0 4814 34585.6 141.213685117899
0 291610.95 11360.5970337471 0 539223.088547029 135.879735121011 12632.8316061779 4157739.86666666 17078.5653215211 30757.545 3230.02386831276 3535.73251028807 1202.5 4464.56790123456 26319.5343216363 0 10048.5 22444.8 731.756020755083
1227.32 78807.45 2718.6 22864.5 4983.2 88.515 264.274793530819 0 1270.6995 92976.03 9763.93909465021 955.526748971193 3635 1206.54320987654 27507.5080502909 0 6293 55238.4 0
0 0 0 0 5779.2 41.7666911268915 3881.16516160356 6253661.77777778 5249.60666164937 11318.265 1188.59506172839 0 442.499999999999 0 3399.24038281103 0 1841.5 1971.2 303.199514438489
0 72727.35 0 99964.2743315453 316375.472543517 79.8557096772517 7454.1830050762 948938.333333336 10036.9709493824 13812.12 1450.48888888889 881.806584362139 539.999999999999 1113.45679012345 6321.03343966973 0 8917.5 9273.6 579.701473734763
100821.32 2529087.75 4788.6 61299 0 10.29 181.746748788664 263.311111111111 10097.8335974788 451963.26 47463.2197530865 30664.7530864197 17670 38720.3703703704 248433.480202665 0 51489.5 33824 3064.99763336982
0 40263.1061524667 0 354 524 51.2922493675423 4759.8538287826 6832377.2 6446.8629595957 58149.1747048652 6106.57392257422 488.183222846934 1570.08358417124 616.428742927189 2559.92920795464 0 0 13708.8 604.378062519557
0 38276.3781253957 0 5142.64113823054 0 52.8629737766554 33694.9459835616 3695242.13492575 5888.65764368627 33484.5223072267 3516.399188277 441.235153837851 375.120869240655 557.147436631248 0 0 3944.57395606868 7073.02916260591 17.4602646890593
0 0 0 0 0 0 0 0 0 0 0 0 0 0 0 0 0 0 0
338.991406488561 92237.1736351262 0 210.981161667469 164.910461185668 1.43962412447201 528.743404168132 250.600485645188 14.510121959044 11022.3854178474 1157.52307231899 1098.1763729969 430.932262798008 1386.66682802221 7508.64943332054 0 1524.17347781402 3755.72388505706 170.278905803521
5925.1629719748 1091219.87110785 1844.91725975813 797.930921862554 2180.16978299177 8.44208110652472 1407.74901575803 1945.09067123915 40.0998852559925 82379.2017297413 8651.10618677845 13076.3288452562 3220.70536123784 16511.474739293 57695.1078592099 0 3714.32870833032 45066.3157612183 524.643086972264
1302.08763495117 496757.319331099 603.433767742404 582.444767125277 1395.06890768505 14.600473554289 1173.05926330164 1681.16905905629 154.292111255309 75159.9320898826 7892.96982548794 6767.01287197742 2938.46008639779 8544.70420699618 43404.068533981 0 6644.76777870549 24369.6289831924 31.9270135816203
6273.07725399695 2953718.0692801 4964.54729919473 3479.08039898278 3633.47302332367 39.9771970016677 3247.29755841457 6148.00371607 561.968167195621 160773.806411085 16883.7672872558 35788.93286498 6285.62852494663 45190.6699456205 176860.403258836 0 18547.1010211462 23100.7340994413 2565.31589608752
2773.8289049242 2838576.97254887 803.014551559801 166.511378584307 804.98404098392 0 1857.06662297775 2741.92751956142 0 89302.2008686811 9378.12950606752 35076.8461062956 3491.36761547739 44291.5183054821 87695.62797965 0 6010.0760221814 22258.8113823667 0
2064.33217566762 648168.486716373 1092.26096088292 4069.83977641562 1796.13641160994 13.9195360420265 909.715504801224 860.523838866608 236.734713717218 81812.3979901863 8591.58291834425 6264.34715027123 3198.54554657074 7909.98841906529 39039.878126217 0 8189.51432560367 11352.68695503 274.179193965056
0 712040.321757224 411.195862164755 1756.01150941967 2696.35057326127 0.713923367341785 546.197870174368 791.684914764464 3.39113599487349 28874.4626101697 3032.27072952514 6708.9489960523 1128.87882595081 8471.38697614733 15736.7775557943 0 16493.4295924037 7005.96797818073 573.900460213556
477.012089974563 65326.2164041318 5.42176195421244 35.8470318112097 4500.2031175135 0.177812657793699 83.6202778218304 1.08892847955946 2.34463770566771 2342.48403875651 245.997505858325 1052.01218842195 91.5819860331735 1328.37533225994 3336.16588791504 0 2104.6651296171 936.498964396979 2.36695746347397
10241.3675994607 1300298.93522748 750.613423324597 1070.3913028915 872.549542925888 10.5699618988603 1678.17151394068 2670.89019549356 166.975563432117 72988.4851269896 7664.93389092555 17415.731593607 2853.56498268003 21990.8367002004 78346.7872933555 0 5856.30281473914 44625.6972039625 353.801466600792
92.8357659536293 344931.295176352 84.6583158485056 403.0786591635 301.510702003745 3.31428969700485 235.299759833041 441.1199050282 15.7428760607731 8952.05062461927 940.105498922765 2662.94198704986 349.990250395624 3362.49568756658 8442.64451546828 0 1801.09963988237 4049.67295690728 60.4521418579566
117.994168895222 580028.877326746 97.9683718932285 122.113223472774 18900.9714215465 0 2281.35467365247 509.95791637177 0 8901.47757045161 934.794536293754 5240.73065311846 348.013041303135 6617.46831380707 14153.2834727836 0 817.907811816537 3965.15719183733 161.103381804802
33.9859505963257 6026.48649334841 0 5.68228353384233 270.469271578986 0.0163901962889144 30.7430396671119 6.89664897562078 0.213882905036094 97.0838940170448 10.1953291429404 67.8952653613202 3.79560145504124 85.7313220092139 281.43616273633 0 7.44775054032848 42.3495812938446 0
9380.68356793798 940423.555552456 1701.57150633448 7646.66814837132 2921.4934694357 16.4868638648747 4765.39099399816 2145.09581239003 186.549370363077 168101.378869515 17653.2771404486 11687.3589670465 6572.10801741791 14757.6230788541 83721.7825266052 0 20812.0767631094 52650.0748699148 5958.67629539526
63.4571519496807 15499.1343623695 53.8008573728449 277.414777513618 134.392631835115 1.72940713978173 118.690512536075 242.593863797374 28.9215747206049 6182.00039499057 649.206847612134 730.936280821154 241.692094573092 922.952923533243 4980.25182329546 0 934.331043261761 1595.47007619012 195.326988315054
750.701004541673 272360.849114502 4341.0193479019 3012.31402637184 27802.5341812122 13.9430269125155 710.085794135932 1248.74528848265 66.2293778344485 16775.1403789969 1761.65242767123 3784.19207129247 655.842535733711 4778.29768073215 16000.851097571 0 3787.08508752384 4526.65762614115 555.50302832324
46572.8860794475 4252884.36796547 4692.28457652553 167732.172579713 593461.128975913 11.534545698148 46987.962034854 497.902561344934 254.762412306835 376983.557052572 39589.1768098283 51729.6832425178 14738.5861698558 65319.0485065176 329452.60878693 0 51869.2739601488 91202.249160383 2664.92469862337
2332.41302123665 1668604.52428086 1737.67728170901 13867.5217607612 2299.31440634695 17.1039490892855 2326.31036341716 3887.9388672179 238.316772847427 130044.053163115 13656.6619881072 20220.285409662 5084.21507401346 25532.145582592 111244.036186085 0 45732.4521311062 38547.8940947235 3397.5969735353
0 99976.9164792843 149.224829261137 0 10256.2791838917 0.13170713191309 1226.54550680065 279.277257655936 4.25853059852325 4010.4821667536 421.163429072665 1744.56525581098 156.794204658441 2202.86178890501 12055.2912664916 0 1099.65002200453 2987.38015680266 44.5269892578815
1582.07471036396 34357.9941913234 11.303341929166 35.8506218377673 3719.10612567325 0.800495870736087 70.4708562633856 105.536382699959 12.0004916092705 1724.38718759589 181.08765748851 532.727374765004 67.4168108372775 672.674624159005 3303.25792579786 0 499.12592459605 776.238420107718 0
45873.6 1726748.4 4388.4 389064 362098.157619362 41425.86 230196.247632724 259594.088888889 910212.387 293699.385 30843.0345679012 20936.5267489712 11482.5 26436.5432098765 148542.211446801 0 27985 134041.6 6320.98821652453
37801.9385859816 2502999.16053058 4112.01477248776 782016.238062341 26063.9582398538 20.1581115196365 164.409288937345 0 39922.2987688377 501345.777224538 52649.1573600255 30347.1816642916 19600.6637432379 38319.373073924 315807.718770196 0 48077.4959368633 36329.3965387227 2186.98273559958
12981.3498614166 817828.548275566 3999.71309449321 216165.453050756 131654.049409302 878.628432179711 36288.964011901 466710.073632802 8845.30332324669 38927.5771449457 4088.0051809649 7973.0210455284 1521.91637911275 10067.5302026266 45628.7719790532 0 5406.89863027277 8663.22688654989 1136.69486992314
22977.04 5557445.25 4333.2 9249 42392.5701061214 2799.60367594496 1876.92148045714 206.444444444445 50215.7783924261 90162.45 9468.46913580246 67383.0658436214 3525 85084.5679012345 220125.73916307 0 12296 32256 65.4279954917135
30119.64 3521547.15 0 254046 109160.720847906 641.97 4646.9313454874 3880.64444444445 64904.7041530629 526203.405 55259.5975308641 42698.1522633745 20572.5 53914.9382716051 278199.768211672 0 29478.5 31539.2 2662.62
5758.24751392528 508945.726056089 886.193843380132 4490.12970969734 665.429132653345 1.59278249837237 753.14164877214 157.828733489512 9491.46728521866 73979.0130324024 7768.95483202188 6143.41276478821 2892.29075894919 7757.28462317235 41509.8770827605 0 0 7747.29407208319 361.311895714281
0 0 1919.31675158059 72122.3602084591 733.98584049897 45.970849477426 54.5640137927464 0 824.771177587741 0 0 0 0 0 1204.03206407106 0 0 0 14.8256371985207
0 0 8.47197260899686 0.162619502868069 0.229674952198853 0.20291792757206 0.146058889926278 0.00609730189080094 3.64058658866971 0 0 0 0 0 6.51364676916629 0 1.18384321223709 4.73697896749522 0.0407017534450365
13862.68 1681849.2 9342.6 54627 3214.4 2968.81289166034 13395.1568488155 503.933333333334 72695.9610241927 185184.72 19447.295473251 20392.1316872428 7239.99999999998 25749.1358024691 124923.329405142 0 22272 96275.2 1725.33
17246.127765255 1101464.2061194 13412.618255295 94611.0925517052 14239.3874214046 3088.62162965206 44454.5553092176 47994.1548833298 73051.5420771719 38212.3618923187 4012.89637962959 8602.53758765335 1493.95425335518 10862.4204662677 45706.1545519503 0 10312.4342210767 90700.5385043883 1614.62969606154
3527.89058142464 174138.062410882 878.806012612678 0 1076.82960290758 2.38151718724697 779.191926447096 32.4514429910578 9560.48081773002 101245.165390986 10632.3278000295 2142.01206859224 3958.29092935281 2704.71770635014 31274.7991908589 0 5805.92953835981 30288.0134583206 448.263201727132
38127.4 991290.15 9232.2 167958 81919.2 1006.87441909588 681.536558778636 1872.8 18064.5128328218 91377.405 9596.05843621399 12019.2222222222 3572.5 15176.6666666667 97630.3015199851 0 16965 23251.2 429.503469534592
0 522187.05 1932 510217.5 42162.8154312475 2782.96865312703 1855.38580822014 177925.222222222 49929.7350238537 101608.605 10670.4946502058 6331.42798353909 3972.5 7994.69135802471 44807.755601426 0 26317.5 31987.2 2252.69970571856
77884.52 4629762.3 1462.8 763753.5 969439.402090456 8878.485 56870.0144463124 281348.666666666 188465.33475 253605.87 26632.587654321 56135.0699588478 9915.00000000001 70881.7283950617 344040.042334397 0 40933.5 66124.8 0
16719.72 906168.75 4526.4 491847 422365.6 0 151308.069135802 572330.733333334 0 108706.5 11415.8847736625 10987.1399176955 4249.99999999999 13873.4567901234 71367.0437230251 0 15703.5 65811.2 886.763493542361
388.848427879703 21914.6552639849 153.868375460885 214.077739771667 136.573669169147 84.9961875991024 69.690854369686 15.8576103534568 1513.51203469967 10076.7730096397 1058.21896177689 201.62882228161 393.962507218693 254.59662610305 4453.21692398019 0 639.507692535501 2308.86806746331 26.975045187994
95268.2 13480283.25 151827.6 2483464.5 1096602.4 32378.85 144423.249382716 262006.044444445 698866.54425 479139.885 50317.1909465021 163446.111111111 18732.5 206383.333333333 592240.782135485 0 110258 71008 2979.46969596312
11267.2 1216721.55 65122.2 1222012.5 0 7108.185 1418.22127168078 88.8666666666664 137364.2655 209291.985 21978.9358024692 14752.5390946503 8182.5 18628.024691358 94825.2808406829 0 13267.5 20249.6 49.0046913536313
39938.2 3341950.35 1366.2 476193 10431.2 0 2053.30702302559 121.533333333334 0 244333.845 25658.879835391 40520.5720164609 9552.49999999999 51165.3086419754 204554.738825295 0 18487.5 20966.4 2304.12358655428
2626.40438729469 67485.7687235224 162.468990726999 793.549278379267 244.550324206417 279.208498464981 189.877969440091 53.642260491749 4994.48919184866 18015.1342369944 1891.87120026485 1342.08782506496 704.321457385035 1694.65371234618 9916.5650718486 0 3568.94071820105 4296.59497538156 219.594967268082
114.281631335979 1235.75420265567 5.3165632825295 17.1525137068141 110.686915213734 3.6812900444897 4.84574737021244 0.079930660839192 119.028378105167 507.095503751274 53.2529686823412 13.2822955217152 19.8254556162043 16.7715487719771 272.894713673669 0 69.4572819503221 109.819727591519 0.164858990514138
12253.08 2545223.4 62472.6 828786 355348.8 12514.005 303061.913068358 1340410.75555555 234488.9085 108130.995 11355.4477366255 30860.3950617284 4227.50000000001 38967.4074074074 113870.481666354 0 14964 23475.2 168.331731053019
4316.13557599201 77099.4775502318 40176.4809037542 1435.19348310577 1312.17689883956 500.645103740624 650.320278075912 87.537521382848 16187.5250209468 76113.6923846609 7993.12959171055 928.518809473886 2975.74839255066 1172.44029643292 20222.5454953161 0 4129.02887004637 18157.8553269975 309.227604041665
621085.554354886 17741297.5331799 386113.398221668 9056638.97533704 10953529.9087119 24676.3007914632 2146489.28401758 8163461.70103592 561933.517926222 353198.670057721 37091.3912193825 214867.556090003 13808.6898920056 271313.169518581 1120700.65396347 0 146145.830768599 527102.090772884 7331.77884882135
60424.1324735472 4250198.174022 102196.860333969 1652152.55915763 1307790.13388869 6000.79776082622 512147.226443036 5129096.9591451 132481.07303044 122610.941372257 12876.0688523315 55408.7105961759 4793.60940543656 69964.5547440828 240635.496404937 0 21954.4574913647 45209.4624476728 3457.94137455982
1810.80433902843 148020.815763403 337.500808715537 5348.65412073101 20735.7840625385 1321.71937346933 841.990082811468 134.456843923066 23385.6838021055 42224.6528086597 4434.24975573279 1769.65802465311 1650.81917306512 2234.54641719623 13488.6408048485 0 13589.0543010653 12884.9004398669 327.104752673701
14828.44 240865.5 1035 178776 79098.1034461166 1573.15889338426 13379.6301380822 2568.6 50865.470886091 223807.5 23503.29218107 2920.45267489712 8749.99999999998 3687.65432098765 91084.7123287672 0 17052 40633.6 1641.75
26.7736104141453 216.080724318836 1.82495498420757 9.13717271305015 4.11276087020693 3.06132223320731 2.10352255238008 0.0468361031575011 54.7405851172992 339.83699264988 35.6882058563107 2.28491816983518 13.2863004398264 2.88516517816633 114.855924565403 0 4.0747409747026 95.7175664905394 2.88363784272466
14084 1994740.5 71825.3260676383 1494478.69472379 128213.6 15465.66 8.39506172839508 158669.377777778 307962.36975 150270.75 15780.7818930041 24185.8847736625 5875.00000000001 30539.5061728395 111308.841433665 0 29696 42022.4 1735.70616569899
3500.88 199941.75 0 4500 165269.368565928 951.200088750564 1129.00447462328 417345.2 17065.6497810771 44697.555 4693.94320987655 2424.25925925926 1747.5 3061.11111111111 39825.8720210171 0 1073 12454.4 911.771651874432
42352.6 977960.7 0 592092 712306.4 0 53057.7185185184 818046.333333336 0 153979.56 16170.2650205761 11857.6049382716 6020 14972.5925925926 136171.86083693 0 18487.5 45472 759.119241898372
90197.96 3056419.5 0 4098334.5 428799.66019279 12729.78 110060.864963734 633420.511111111 439403.09175 162484.245 17063.3901234568 37058.5596707819 6352.50000000001 46793.8271604937 196555.852129855 0 16399.5 29836.8 77.3007668535294
437.271029119366 333156.720026905 417.742239193487 588.541532642998 658.514521983935 692.301094287564 539.337489781752 118.583669617046 12390.7710896549 58666.3089697862 6160.8811183799 4584.23544906878 2293.62377706569 5788.51210550049 40413.4997205469 0 4591.90465824724 5685.3927046534 189.873187800399
22414.9139134344 358601.844650021 5583.16346062589 4554.14588276431 377378.160333674 1898.91983686271 61474.9595553044 1081976.62358422 34068.8581524482 58605.0103687654 6154.44380537617 3861.12642678532 2291.22724094008 4875.44265791472 40603.1719216604 0 2522.70901496041 24096.2795674218 1394.03903439209
17625.12 1395382.95 62624.4 2282526 459752.8 18605.37 185272.512260065 1993667.33333334 455508.86325 133005.6 13967.670781893 16918.7777777778 5200 21363.3333333333 123112.263914431 0 41847 52147.2 1983.73332770888
1019.83761645223 75535.7854555463 69.4385235505781 33065.4350475019 5978.86583374766 4.76279898586206 258.403836483699 129.540305206674 111.493006341474 25608.0706034171 2689.24841922446 2449.7372924093 1001.17564326441 3093.28221247618 19255.9195474386 0 7424.8310454657 4329.45938482104 861.221482773167
0 110611.05 22248.747334771 495 223.2 278.242839148703 632.506831113752 3.33333333333334 8996.51846580808 31333.05 3290.46090534979 1341.13991769547 1225 1693.45679012346 11868.5610058172 0 0 6272 370.660532320322
7464.52 933061.5 133651.480780491 4988562.94667731 2021.6 4.305 2114.25400079168 85.4444444444448 26853.3422695889 336606.48 35348.9514403293 11313.2098765432 13160 14285.1851851852 134894.886094952 0 17661 31046.4 1519.89736543982
16176.48 1484479.8 165.6 1950403.5 0 6.72 5636.83617835852 284.288888888889 40220.1056467226 462833.91 48604.8082304527 17999.061728395 18095 22727.4074074074 160851.205404391 0 25114 28537.6 2973.06
51285.88 1722772.95 690 1658050.5 480928.8 36015.525 65291.19260833 1616440.13333334 706702.248 66886.47 7024.1267489712 20888.3251028807 2615 26375.6790123457 129335.27911428 0 5727.5 35436.8 799.422548249454
684.020257465562 40297.8930207432 101.295698257879 512.080274755219 177.557219371934 106.156112422646 73.5822154886156 24.2343311776944 1904.17271208225 11985.4918767266 1258.66433212715 397.811417271185 468.585967500454 502.316303375805 3963.86182891922 0 323.969810440197 2071.14031810465 15.927621340899
0 95410.8 54917.8200422347 3744 1018.4 1308.73634184116 1544.77440235757 0 23426.2443850023 115228.89 12100.8378600823 1156.83950617284 4505.00000000002 1460.74074074074 41679.8787014449 0 3639.5 16172.8 90.1324165705662
140155.92 1408478.55 0 1460452.5 393666.4 16168.425 14503.2098765432 1239988.33333334 423400.17825 332386.11 34905.7465020575 17077.5596707819 12995 21563.8271604938 426831.446350159 0 33596.5 179155.2 5605.83
0 0 0 61846.2461927683 52166.0379496672 270.823392474401 1982.90742839296 3521613.49623343 7182.94808822422 4530.34893879438 475.757580915227 0 177.11896703395 0 1099.03389465398 0 2757.06509713877 3874.11274717083 181.621065426451
0 54253.2 3744.10555176275 1125 4340 392.106604208038 1581.48026402878 5461.43863028022 9974.30212051272 643862.205 67615.6139917695 657.810699588478 25172.5 830.617283950617 188562.722912366 0 41281.5 73427.2 2453.67
912.59229484819 9510.50039261699 556.775362516726 33106.3139635574 600 72.7377300824118 314.783377500814 852.821924873696 1919.22037200068 207880.632923686 21830.7217335931 115.313178148088 7704.43588635712 145.60589983866 16570.7031546063 0 2235.1851515759 9363.2 370.526033502899
9738.08 422099.25 1979.01926322401 2070 49753.2410917402 2.205 2957.97320760664 1039517.44444445 4364.82019480949 298367.37 31333.246090535 5117.88065843621 11665 6462.34567901235 100769.270031901 0 2552 10169.6 171.131724147013
0 0 1456.18852326206 35260.6941195929 1077.6 7.14 627.692830274052 2208.9389752327 2567.42788835089 0 0 0 0 0 245737.117808219 0 3175.5 23520 220.89
0 16151.4842753218 189.38625701006 1139.40536146813 849.21895534656 115.944561943738 463.01136948082 1635.51481302909 2985.43749839089 418375.907934733 43936.0218299675 282.111200670812 16356.8655850627 356.221690251968 130551.082890238 0 1024.81295233523 11435.6362493727 822.142012409074
0 0 0 0 0 0 0 0 0 0 0 0 0 0 0 0 0 0 0
72411.88 1429525.05 3063.6 13267.5 107278.4 138701.955 91466.251851852 4773623.82222222 3356328.7275 2187110.835 229680.886419754 17332.7448559671 85507.5000000002 21886.0493827161 949326.874385439 0 115144.5 62809.6 2324.47961913302
934.925777169369 9743.24681572745 570.401088688022 33455.4980183618 102.4 73.5496829705047 849.945997317456 873.692672402248 1950.73087983867 87320.0212905942 9169.96961071494 118.135188415004 3413.87212802386 149.169250973952 32059.1371437546 0 0 1478.4 49.3242908628855
964.728661155113 1595.22253888513 92.171259450216 202.37602618417 316.883524480559 0.812035123302818 148.573355138851 15.8438637526001 608.450589808698 94338.2247425295 9906.99087370674 45.8493955390938 3688.25649943427 57.8940117837612 28127.8805380495 0 516.855083026898 4856.85589384899 100.744154535934
7242.00652647509 64443.7430107141 270.723157677535 866.160575367161 1062.4220705833 197.986091831431 781.97765758392 2787.19036111807 6401.5503025496 454001.353662418 47677.2515028722 752.128112726403 17749.6815099859 949.711840452786 190906.17017528 0 5293.3456728002 27015.6805514026 356.443628208702
0 13563.3 1715.09633068444 538394.611886362 42598.1419202328 221.151035450969 2615.0167661816 798406.888888889 5865.50664175545 447103.44 46952.8625514404 164.45267489712 17480 207.654320987654 134704.211972227 0 7525.5 17516.8 399.049517548653
3536.31855068712 16064.2073712256 75.4968148092633 356.148017687177 156.126219400026 32.5756438056481 135.149994382759 41.6641622702329 842.123742111204 74341.8985546387 7807.06349440988 197.423043003886 2906.47816696531 249.28599044032 23457.0205173828 0 1547.58523479569 2085.50252703154 20.9845445493326
5653.72 47062.9319006801 262.2 312 1322.4 355.267990888831 4105.50521274264 4220.20908646359 9422.64075730971 514247.50529493 54004.0408401554 570.629938110034 8209.15783763553 720.534174391478 3817.65842731311 0 5785.5 12723.2 441.231764102109
2444.69118551196 25477.1343248152 1491.51360222836 129131.731199454 37214.5793209726 192.321429193644 1408.13386577481 2284.57576764538 5100.86972003944 0 0 308.905862764156 0 390.055298410472 0 0 0 5779.2 128.975649242666
574.949648327504 5991.78722746431 1468.5785466561 648 928.8 8.505 219.360586395731 41.6888888888889 861.437439291631 36256.815 3807.53333333333 72.649387462557 1417.5 91.7343499164362 5824.91026023922 0 4698 40723.2 328.832871740343
845.04 0 869.4 2700 2391.2 173.611331338291 720.434231724152 2043.29516787509 4547.43272503019 0 0 0 0 0 194604.723287671 0 26578.5 97036.8 460.434879449731
995.797412222947 11428.1893425888 607.539060228291 36006.8902071238 234.948926324646 78.3383940847087 905.284724548404 1196.60891923073 2077.74008324817 162205.585927252 17034.1265571969 99.5992538580099 6341.60551752492 125.763934479635 52191.0499699233 0 1168.98607950743 3018.4026770178 286.30990420749
16759.96 9354 1752.6 847.5 2252 489.788145761817 1992.23632639963 6905.6623535629 15836.4833796321 633055.5 66480.7407407407 113.415637860083 24750 143.20987654321 208381.754175267 0 12325 86777.6 1637.28798922403
3270.98708946315 0 0 3247.5 106392 131.694930376011 497.647351146944 1025485.77777778 3287.34741295015 0 0 0 0 0 155719.681220105 0 6670 12768 80.2201722777052
0 2049.92878046003 95.6914131840013 179.902938634978 170.837165995699 48.8431108094244 576.511163242548 704.87761003948 1295.4476576267 18532.6819619257 1946.22181584614 24.3942726277424 724.555554066999 30.8026374254512 5265.2932899616 0 597.686101268027 2088.26092024088 32.7554342440651
5014.1418239905 53189.8383235577 3348.94332996532 265763.271889039 258.4 395.297560727668 4565.67189356532 4685.73984907096 10470.0311390359 35489.475 3726.95061728395 644.917622529502 1387.5 814.33720116207 9282.70979640352 0 3437.76087621741 940.8 264.533287875602
0 742.954099387078 455.4 2551.08998774988 323.2 1.785 36.1463566751691 68.8441158109089 112.427229556253 6341.36590080635 699.239857347997 9.00819040867526 0 0 0 0 1928.5 13350.4 3.76113679443984
19456.04 423502.35 1518 14563.5 6024 12.495 2664.22021577705 156.488888888889 10201.8792394894 941526.18 98874.9925925925 5134.89300411522 36810 6483.82716049383 321224.596584725 0 22243 168358.4 1188.03
0 0 0 4152 1738.4 131.589712859914 550.550010631592 2576.22087059702 3490.10500083164 148352.4 15579.3251028807 0 5800 0 42990.8620754364 0 3683 43500.8 691.21741330658
6257.32 0 2484 1986 2409.6 279.951776890019 1116.08363890951 258.844444444445 7223.08335114179 0 0 0 0 0 204908.153424658 0 24113.5 40320 26.7764678370664
0 21.7693090909091 2.55155902069582 105.157317978441 1.24356333232772 0.230089771231305 2.66560835810954 3.27475267366734 6.07323617340796 741.880135973795 77.909031641585 0.165539352764504 29.0046186556336 0.209026468657646 290.977809562067 0 24.3120645318853 16.0203651826632 1.04630214911171
0 18250.5298673511 165.6 648 1628.8 144.594340259413 595.419915980464 2686.08759656429 4294.80420943421 160904.69502629 17176.6976068911 221.284529205699 1035.85418192073 279.415878677733 375.79397260274 0 1957.5 8467.2 79.4303814376248
2293.68 260379.51044995 1142.41310066723 99791.6697724994 1564.8 149.19708450906 608.082804441428 105 3924.92600198332 340759.981255109 35785.1341132658 3157.05668840893 13322.3856929826 3986.4141058284 42492.8895157981 0 681.5 19308.8 988.317883088528
0 92838.45 875.201199741482 1221.95547848567 25173.5224052096 112.851767033703 1360.47956814938 1714.2275379683 2993.12543448064 226748.97 23812.1925925925 1125.65020576132 8865 1421.35802469136 72576.9890035654 0 2030 3942.4 75.6812695412055
2615.6 0 993.6 9918 1160.8 514.02496403852 2192.10919529371 216803.511111111 13552.8609789488 0 0 0 0 0 112684.109589041 0 4959 53491.2 1977.32952880989
0 0 416.759279791001 24131.2209938458 556 55.2085245426998 233.87849063188 638.357001994067 1439.25189490684 6778.17 711.813991769548 0 265 0 2051.3837492963 0 0 5062.4 5.36739592575772
14687.6 18967.1136823463 207 279 1160 16200.765 1666.31754533883 1700.81170623093 409759.56 169985.303860944 17851.1187655987 229.972984460979 6645.76213390196 290.386787345504 156880.931046768 0 35336.5 2464 96.0192685037318
0 23125.0113350062 192.670304015837 256424.448232466 545.854157239819 220.211618797775 2536.58582306074 43560.2426470588 5828.51600934809 260598.589527041 27366.932706137 352.563627670317 4218.97535404933 445.181939148296 7209.7419274715 0 3702.33629741661 4741.54502262443 304.241246770442
261.950844368118 49499.897701606 159.817014846573 13816.3288324513 4105.40262649007 20.6074129386646 238.140906049996 248.794334312751 546.562747104717 31499.5855251712 3307.94974333166 600.177728440929 1231.51088924745 757.844156376789 5931.51980047448 0 759.596907281764 12454.4 31.7298560301871
3623.9650623628 37766.8333855098 2693.99221715504 191769.323284732 97.6 289.713734649144 3294.56591570217 3386.61292409157 7605.32506494304 336888.378624323 35544.6927485232 457.916345774326 3133.66583443076 578.210770426217 0 0 3325.63760010973 6406.4 597.151120384027
1590.18794812969 16572.0039391062 970.178552117753 84564.3336599122 615.2 127.82850760834 1461.64832257314 1502.70501532542 3343.87617877009 64712.34 6795.80905349794 200.932691615728 2530 253.717622214346 14780.7852104318 0 1827 19398.4 102.044820536463
3897.24767362295 0 2377.72277779295 2241 60076.7087109552 323.917606442359 3596.40118390509 5147.06288608451 8519.78989361088 0 0 0 0 0 34963.3060114925 0 2233 3897.6 1262.29881142938
826.338845883638 8611.61765508696 504.15186833793 43584.3955735159 12868.9064794485 66.8972568594328 475.968384223688 981.327856934488 1760.45129000568 0 0 104.414379875864 0 0 0 0 1364.0486646759 3225.6 43.5955223195025
12715.84 47705.4 1973.4 6208.5 8253.6 143.115 2055.81760684654 5480.37042861874 9882.1635648087 427983.885 44945.0098765431 578.41975308642 16732.5 730.370370370369 132357.771589416 0 48212.5 219430.4 2913.36
0 2572.35 952.2 4005 2133.6 14521.6527049609 1282.79660515946 4281.52508615357 349390.036523833 459636.66 48269.0469135802 31.1893004115226 17970 39.3827160493827 138029.268380559 0 9236.5 34675.2 560.814802743718
11206.84 0 4732.39928634498 237905.836618666 1328.8 2556.29102792706 2487.50671739006 4054.43180699122 62160.4756449386 0 0 0 0 0 473852.197260273 0 8250.5 25491.2 33.9332838894659
280.543743443386 2923.66196518064 0 312 8275.14519006704 23.2386226010352 269.266031725578 262.169488659184 751.382130766802 2046.24 214.887242798353 35.4488974415461 38.3256793502868 44.7613073645069 0 0 841 1568 14.8007697929346
1555.42252737357 16209.6991622446 0 1980 23720.0826263405 122.363546462343 1414.04289363076 1453.54989437786 3245.4028217415 42139.755 4425.3341563786 196.539808638658 1647.5 248.17073079192 5054.18286000483 0 1153.41792320436 5196.8 82.0601111107877
4.60998506983909 535.189797794118 11.6834211137182 518.239001314841 7.16300488299427 0.780271719440814 3.32535035806494 12.2883962772774 20.6948565419163 2191.06608429798 230.096249532694 12.6378695510621 85.6621348149966 15.9578323794253 718.217901188708 0 76.1534677971874 230.957502504861 4.25323105315058
0 2572.35 262.2 387 1168.8 193.074481508192 2197.6975579947 2246.12424264203 5052.92236077142 390767.895 41036.7481481482 31.1893004115226 15277.5 39.3827160493827 113119.921035842 0 8772.5 11110.4 890.505730196493
0 13783.6329981967 806.938325277407 69760.5649826666 752.8 104.049692712568 1210.93987366641 1599.95630504294 2759.67129176519 119706.41515354 12972.6258719717 167.124174526379 323.526006725156 211.027622406314 0 0 2936.80975192833 4211.2 141.418374294376
0 25945.421241863 0 0 36717.6633973296 190.622147202218 2202.8447230637 2264.39008955281 5055.80029593931 0 0 306.176483246533 0 0 0 0 573.593280084365 1978.96274655314 127.836067454982
4559.22089099504 47513.5198035492 2781.59467125444 240471.433492488 314.4 361.609382440654 4144.8119645602 5129.4035040903 9540.78460006997 0 0 576.093238774555 0 727.432681761777 0 2889.13908910352 3125.86116533539 3539.2 347.992823917255
0 0 108.751052379813 101.320856254485 18257.6829488519 99.8044961176759 1119.37082459796 539525.003571714 3227.01204113818 0 0 0 0 0 79321.0356033326 0 1575.25786793431 4236.56273618751 352.235663776546
14687.6 171178.2 483 4240.5 3109.6 14952.105 1886.6798747651 5293.66462806773 389546.6085 506572.29 53198.0230452674 2075.5061728395 19805 2620.74074074074 196036.507862638 0 12122 43052.8 1982.04
20260.84 0 2760 2391 75717.6 78751.47 38566.024691358 3424302.24444445 1651078.9365 0 0 0 0 0 317632.953424658 0 6061 10617.6 1510.51101947409
0 0 702.295433154009 65994.0901192514 0 0.63 1046.47975640534 1749.86087521931 1568.88550670844 0 0 0 0 0 118185.556164384 0 3581.5 27193.6 332.274805984486
2269.81325582021 0 1760.46564716689 0 839.793427533304 170.950936635436 712.242227564892 276219.377935675 5527.4136178791 0 0 0 0 0 169376.959290938 0 5948.05510706022 8137.88895168888 489.94781408465
654.135243884416 10468.7889672137 399.08992175887 36062.8319210136 325.32119394848 51.812685628897 602.138469552444 758.133876725921 1368.20785029196 6816.14627418349 715.802095242769 82.6551071456665 266.484724145105 104.368567803672 897.845377436214 0 448.483634511778 2669.71530885275 5.13983424948269
0 3507.75 151.8 23619.0522969294 1876 108.823942640534 444.368235832372 1559.10498567513 2779.24400300711 48150.585 5056.56543209877 42.5308641975309 1882.5 53.7037037037038 16437.3878776506 0 11237.5 44038.4 246.939763662674
0 29465.1 2093.16715548395 776.354647405262 1995.2 196.276429525253 760.3484838876 2668.60921690236 4957.03141264615 411422.13 43205.766255144 357.259259259259 16085 451.111111111112 134010.181872772 0 10788 34182.4 0
3074.64941098522 32042.1886042757 1875.8530507842 110023.629456243 328.8 241.879617554329 2795.18013497658 2873.27478414047 6415.28311353865 279729.572589252 30156.8769958403 388.506014430938 1119.26578854999 490.566375261127 0 0 0 3494.4 24.1589006179982
0 0 91.4354271627155 2768.75022131575 149.933978068223 11.7900312840543 139.931554309671 141.516587848867 312.70261367805 20876.0695277789 2192.31420619828 0 816.172864484278 0 6221.2216053391 0 297.428074292882 4604.42410067575 1.17758659019948
1790.68 261678.15 1876.8 961.5 1813.6 5571.3 1248.75519270198 288893.458866722 123723.79425 972475.56 102125.162139918 3172.8024691358 38020 4006.2962962963 312548.698217301 0 25273.5 41843.2 883.704603793543
29717.24 4733591.7 1656 4806 513208 260748.285 137204.009876543 15148303.4444445 6155352.70875 1501940.16 157727.236213992 57393.9835390946 58720.0000000001 72471.3580246911 804608.841884029 0 83955 54252.8 0
20482.16 296054.1 2014.8 25240.5 47520 37825.83 34.0740740740741 3877209.48888889 903776.412 945234.99 99264.4757201646 3589.6049382716 36955 4532.59259259261 350146.468605742 0 25128.5 45248 1071.55564447945
0 4910.85 1932 63338.4300942758 1703.2 147.012834912703 609.606840979088 2012.77077968729 3705.26123334812 164594.43 17284.9925925926 59.5432098765432 6435 75.185185185185 101183.52621505 0 9106 22848 782.026929794842
612.355480786621 6381.60882282172 925.599959947932 1239.63046961049 1599.2 6.405 249.58223444546 34.8 919.079081342751 57192.6616266707 6006.12507098605 77.3759071214298 2236.00991581323 97.7025242317037 20020.3608978774 0 3551.83888531301 18054.4 392.861551896081
1112.30039145963 10436.7864330104 678.617885750887 19382.8989057542 17001.3635400938 87.5035678313563 1011.19820270447 1039.4501095806 2320.82457694804 116067.068780812 12217.7695245132 140.54785901508 1164.77393250259 177.469720381887 0 0 762.607621121898 575.383861252467 58.682121484941
1187.08 1169.25 851.909933823061 1212.20875319734 1083.2 109.848502737308 1296.44027328755 1304.88437257347 2913.47097280684 182818.755 19198.8320987654 14.1769547325103 7147.49999999998 17.9012345679012 52864.0195158566 0 5379.5 29209.6 73.6672040046764
3055.61644329278 31843.838204285 0 54767.2757096952 46556.073140754 240.382312876299 2777.87716280243 2855.48838353732 6375.57065858311 285387.887894206 29970.19721911 386.101050016276 8194.09310520583 487.529627741888 2621.06690079116 0 536.5 5555.2 483.586502050575
19.8030877724743 206.376138718633 12.0819246839073 1044.49356986192 952 1.55788926037783 43.7808702133088 18.506081552413 41.3193172947706 1761.49052800177 194.233293707777 2.5022751135209 0 0 0 0 13.5772546454084 3315.2 1.04476022067774
0 0 0 0 0 0 0 0 0 0 0 0 0 0 0 0 0 0 0
0 0 0 0 0 0 0 0 0 0 0 0 0 0 0 0 0 0 0
0 0 0 0 0 0 0 0 0 0 0 0 0 0 0 0 0 0 0
0 0 193.942971268718 45.1457102016403 75.5772630042274 0.468177735424417 293.285168825927 297.065619652205 430.145200835125 0 0 0 0 0 4896.17201349908 0 126.612351861802 2209.79891120325 33.5535595132934
0 0 0 0 0 0 0 0 0 0 0 0 0 0 0 0 0 0 0
0 0 0 0 0 0 0 0 0 0 0 0 0 0 0 0 0 0 0
0 0 0 0 0 0 0 0 0 0 0 0 0 0 0 0 0 0 0
0 0 0 0 0 0 0 0 0 0 0 0 0 0 0 0 0 0 0
0 0 0 0 0 0 0 0 0 0 0 0 0 0 0 0 0 0 0
0 0 0 0 0 0 0 0 0 0 0 0 0 0 0 0 0 0 0
0 0 0 0 0 0 0 0 0 0 0 0 0 0 0 0 0 0 0
0 0 0 0 0 0 0 0 0 0 0 0 0 0 0 0 0 0 0
0 0 0 0 0 0 0 0 0 0 0 0 0 0 0 0 0 0 0
0 0 0 0 0 0 0 0 0 0 0 0 0 0 0 0 0 0 0
0 0 0 0 0 0 0 0 0 0 0 0 0 0 0 0 0 0 0
0 0 0 0 0 0 0 0 0 0 0 0 0 0 0 0 0 0 0
0 0 0 0 0 0 0 0 0 0 0 0 0 0 0 0 0 0 0
0 0 0 0 0 0 0 0 0 0 0 0 0 0 0 0 0 0 0
0 0 0 0 0 0 0 0 0 0 0 0 0 0 0 0 0 0 0
0 0 0 0 0 0 0 0 0 0 0 0 0 0 0 0 0 0 0
0 0 0 0 0 0 0 0 0 0 0 0 0 0 0 0 0 0 0
0 0 0 0 0 0 0 0 0 0 0 0 0 0 0 0 0 0 0
0 0 0 0 0 0 0 0 0 0 0 0 0 0 0 0 0 0 0
2189.74545035616 19095.3037565984 849.312633637549 648.375586701434 274.970273794002 173.096490422718 2003.88989484963 31297.823583949 4576.82139228615 206008.639894624 22473.2828743445 279.752919901841 226.816844798185 353.243890151817 0 0 1028.07930247718 6417.31671447198 17.2058129700442
80.6044715365953 399.186571871006 0 112.384378096431 22.1320421021145 6.85949961993141 26.2112596647063 162.007716820987 175.262156589293 586.339630204341 61.5748428718123 10.1850057668722 22.9235917665314 12.8606023471391 153.551470497088 0 71.5921404400905 637.252339733403 4.25248559405156
0 0 0 0 0 0 0 0 0 0 0 0 0 0 0 0 0 0 0
0 0 0 0 0 0 0 0 0 0 0 0 0 0 0 0 0 0 0
0 0 0 0 0 0 0 0 0 0 0 0 0 0 0 0 0 0 0
0 111780.3 1959.6 4182 4583.2 1874.29629852489 7316.53913565324 216.666666666666 30546.7520969818 247914.765 26034.932510288 1355.31687242799 9692.5 1711.35802469136 72658.4262713456 0 15892 34496 1176.09
19355.44 0 262.2 1815 156883.2 1.785 5119.32644910812 1228180.24444445 8.47875 0 0 0 0 0 250559.189041096 0 12716.5 9766.4 512.194396747952
1770.56 8184.75 648.6 6678 54394.4 2405.73010279226 9971.73220118952 1545455.37777778 39926.1477232411 609267.96 63982.6765432099 99.238683127572 23820 125.308641975309 185698.137736911 0 19270.5 27776 1480.56
28811.84 4910.85 731.4 4222.5 476200 50685.705 181708.958024691 4600852.46666666 1420609.9005 668672.865 70221.1218106997 59.5432098765432 26142.5 75.185185185185 233661.329930568 0 11701.5 16038.4 62.4950360157485
0 145922.4 565.8 2356.5 1595.2 2360.68098183011 1408.92318450306 73.0888888888889 39135.1774412518 301948.29 31709.2987654321 1769.28395061729 11805 2234.07407407407 85145.3940326515 0 17501.5 59136 927.396683889343
8551 0 525.67121303379 2122.89459736192 44489.6 1231.9926143726 19706.1961452394 722137.244444445 20376.3462024134 0 0 0 0 0 113361.939726027 0 5669.5 11200 95.52
0 9664.47644081634 49.8476950972666 115.227643014696 170.39724179143 284.785661533594 72.3774897367788 1.35121234697368 4953.35354445536 46007.1767193839 4831.47399824313 89.2749020159379 1798.70109935819 112.727379904014 16812.890371862 0 2129.09258570336 1032.97909608326 101.906833470463
0 9233.87302738484 332.813033789075 3684.09736192255 1204 502.324279614778 2021.51851609793 66.2666666666666 8303.17978383464 198601.80574312 20856.2995791859 111.959119020725 3908.37897473616 141.370730838941 7847.76663680741 0 4538.5 20384 199.636589947024
2414.4 2104.65 0 3547.5 308549.6 39995.235 7516.7616518248 1135087.28888889 1123468.899 661383.135 69455.5860082305 25.5185185185185 25857.5 32.2222222222222 225655.302833552 0 42456 7795.2 1086.54
9.39833292521671 6.58939787485243 1.21989323669132 4.4524707380381 4.51853665703511 0.0132876242715118 1.57357966721654 0.615664060161832 0.0631162152896812 513.019345217689 53.8750647998505 0.472264293503771 20.0570547039522 0.596327917776895 168.84128808646 0 27.0791174886135 27.4715118272198 0.733275870512755
0 4.15168930161005 0 3.5888047205167 1.55424926241926 0.967762570121412 0.646850451787344 0 16.0433777991415 385.248193104431 40.4570930141424 0.217178530391043 12.1690812313604 0.274231235762275 53.570238270237 0 5.60806953193526 9.13361294952557 0.387255469641094
