5130.00740027111 38038.0509555873 0 675.939629483514 102.941179125746 2.39160419056591 0 698327.297352352 51.5262581413887 5547.52435005964 1634.28929510542 1529.30972450878 326.13311875718 470.556838310394 4470.22142013388 0 299.5100070219 11227.5223865127 0
30.1051049747825 2881.33388958931 0 71.6322766793296 0 0.118019343398637 0.524247640917117 0 5.79228102071234 797.00333105317 234.795546609824 129.537774351312 46.8549871283463 39.8577767234808 526.752579993986 0 144.760359397892 1865.47288724086 0
0 40500.9824820284 10955.2823282537 2950.19012086997 3242.26577970723 1.46523208293634 0.701487353591333 5978490.22517773 31.567901929691 7733.0583929822 2278.14314144293 1848.98751137464 454.618365254686 568.919234269118 6680.23226108396 0 224.546101884586 8855.10284777333 169.96161718326
0 0 0 0 0 0 0 0 0 0 0 0 0 0 0 0 0 0 0
517.132 732.75 180.72 177.9375 166.92 40.2651911096039 346.853123763005 1.94611111111111 4146.86479626827 24521.868 7224.0920164609 31.7644032921811 1441.61481481482 9.77366255144033 6463.16 0 486.2 5376.8 9.81232571523086
411.136 0 0 251.85 108.55 52.6635956992488 204.057884929116 12.9166666666667 5444.58077802097 7207.11882016924 2123.20242203692 0 423.69893122688 0 2861.35600664501 0 814 20205.9 48.0484064539727
594.22 37546.11 1616.44 2597.34 1155.31 195.106517534605 648.137631208805 845.223611111112 18903.9393611729 14229.306 4191.92436213992 1627.60802469136 836.525925925926 500.802469135802 8894.54273972601 0 4173.4 42042 193.83
215.204 0 90.36 95.53875 148.46 46.1376005225212 185.17326228331 15.7066666666667 4791.18785282457 1308.08379469488 385.35880293121 0 76.9008697645431 0 1614.26031687051 0 360.8 7250.1 64.0902406513247
0 39978.84 0 3604.74 512.98 344.152783869672 760.081044168237 2709518.54916667 35536.0961135944 3072.132 905.043786008229 1733.0658436214 180.607407407408 533.251028806586 13832.7380821918 0 349.8 10324.6 10.7425919375323
3565.32 187378.83 1395.56 15610.04625 0 331.236453136383 2613.76871178069 30.2508333333333 34220.9148585192 45290.952 13342.621563786 8122.79320987654 2662.60740740741 2499.32098765432 31125.6241095891 0 7440.4 41412.8 323.96
534.866511719363 94848.4418585916 0 30099.1124034801 0 10.4222761788404 1485.59297824309 0 11836.0641804693 13199.3328072563 3888.49637211614 4075.98846555455 775.974885788142 1254.15029709371 10274.3190922635 0 1467.5426852574 38506.2943781525 0
176.66 8499.9 953.8 1381.61625 224.9 7.364 370.80974983785 216.603888888889 6206.04963504723 12647.25 3725.85390946502 368.4670781893 743.518518518518 113.374485596708 3479.3 0 908.6 14071.2 0
0 0 8366.30845392909 6758.23563604533 51.48 304.443030811164 673.273016535929 2295072.24694444 31464.7499576112 10041.0778308609 2967.89806043777 0 169.576296296296 0 79.024 0 270.6 2931.5 74.6213256431703
3677.74 455741.19 612.44 21174.83625 96258.1910364686 0 1851.94424554675 191.976111111111 0 62408.43 18385.3954732511 19756.188271605 3668.92592592592 6078.82716049381 55031.8517808219 0 5706.8 52237.9 404.95
0 15671.4654043392 233.274367588295 402.525244029482 92.0749993867288 0.325282982692842 155.815312640971 0 2294.69059428767 11657.8132421905 3434.36787002933 1359.92163252285 685.350572733126 418.437425391648 7950.75887660391 0 758.874475007585 3873.85478674301 16.9063058136647
0 74066.37 662.64 0 219.83 1.134 608.920017744496 1.42083333333333 24.431625 30095.856 8866.17744855968 3210.74588477366 1769.3037037037 987.921810699588 19288.0690410959 0 8459 40626.3 182.91
626.34 16736.01 2119.11736801156 497.6775 104.65 59.9333332705304 235.030070849346 1.59305555555556 6193.80954980549 10844.442 3194.75037037037 725.498971193414 637.533333333334 223.230452674897 4844.91534246575 0 2926 20477.6 123.892147286569
67.452 113019.36 0 23754.5235044642 67937.7355159139 326.879743839023 2559.37386967826 276232.388888889 33681.8404704565 6024.69 1774.86131687243 4899.34156378602 354.185185185185 1507.48971193416 8927.57287671232 0 1399.2 5920.2 114.306817338739
867.24 20604.93 823.28 532.17 152.36 155.768930351446 604.580582023078 16.8777777777778 16097.9380876213 15820.56 4660.70452674897 893.215020576132 930.074074074075 274.835390946502 8000.67068493151 0 1630.2 43314.7 475.93
176.66 0 0 0 191.75 55.7346319993971 226.363827984643 50.7194444444444 5759.89482137652 1580.17686433664 465.51686316273 0 92.8969349992144 0 2495.50271383516 0 787.6 13141.7 13.662871354103
941.116 57740.7 11070.4541780593 601.155 80832.5071055784 385.985421056598 3021.15363152589 1308880.96666667 39889.6583347816 10145.394 2988.81226337448 2503.03497942387 596.437037037037 770.164609053497 7978.57123287671 0 1139.6 10124.4 120.356051349159
2241.976 14742.93 1827.28 4350.16125 809.38 3.472 519.4340260985 444.453888888888 237.68685 16124.094 4750.12502057613 639.099794238685 947.91851851852 196.646090534979 8828.60904109592 0 899.8 19719.7 200.2
0 0 903.6 0 0 113.522104956415 888.550968346666 3127426.84527776 11731.9404649032 6512.184 1918.47604938272 0 382.844444444444 0 3245.93424657534 0 490.6 1515.8 80.6089792221692
73.876 17146.35 0 20497.7114955358 58411.7163420391 279.401277024141 2186.90690550896 475594.284444444 28874.721351614 2869.776 845.430123456791 743.287037037035 168.711111111111 228.703703703703 1750.17534246576 0 734.8 5233.8 68.4928484715612
4294.444 400579.77 10833.16 35722.7325 34869.77 2.016 1019.20622517424 153.363888888889 15918.5246315763 53375.994 15724.4583539095 17364.9639917696 3137.91851851852 5343.0658436214 42444.1087671233 0 3700.4 16645.2 453.660740592539
131.692 0 1044.16 363.54 3636.88 166.265021679604 367.12502565517 2827004.82916667 17165.784913478 4705.97331812225 1386.37008718606 0 276.659219172384 0 2934.74809420218 0 305.8 9152 37.9487550293868
0 0 0 280.930224565334 0 144.057056077983 1127.5516492969 1845468.91740468 14887.5745926751 4084.27613124522 1203.21937108341 0 216.429983199449 0 204.736191068062 0 750.820918355869 2069.67127494432 4.50327846862067
0 0 0 0 0 0 0 0 0 0 0 0 0 0 0 0 0 0 0
340.502706989908 18187.8887982985 0 0 7.28218513000493 0.047500038025895 488.101681578143 15.4236520094401 1.02337135496861 3227.11283854953 950.70082316666 778.598934320637 189.718567815963 239.568902867888 2242.8339323549 0 228.498725197455 1685.25426457295 0.40135676119037
272.77468998888 162185.967950237 352.174588921157 405.573780970991 335.402172584667 47.2299893208926 151.777844445498 100.811874398853 2062.68229044647 17719.708011081 5220.18963550691 6750.90792688104 1041.72298712998 2077.20243904032 16101.2417465614 0 1529.17913610502 18268.9183378496 329.282132941798
303.373140302483 72997.2635407261 359.994117758965 250.895715780462 102.320745743365 0 103.983618796694 56.4774607795295 0 11551.1621451537 3402.94867559232 3464.61226527689 679.080666969642 1066.03454316212 8183.41892977904 0 913.890421383049 11768.0226576619 2.23612172846007
1062.18278388825 411961.777740809 2417.38867389977 2603.94867963815 412.365961528214 2.26588976558689 305.729119108194 257.014044641713 159.173261149891 27862.3876197745 8208.20224476989 17842.6012037152 1638.00044795853 5490.03113960469 48143.7103722961 0 2637.5436424821 19029.8773805083 274.56429690414
870.365444864902 319107.321641296 556.684177444631 3469.51481903279 89.0544441426816 0.100161656396669 189.005830285932 107.810193131397 86.9425535035678 12577.2115522804 3705.22072642137 13623.9597235279 739.401031880096 4191.98760723935 21238.136249366 0 2539.9922901591 14553.3098143353 0
6307.02793024346 113876.472232294 701.806095886469 602.330213163835 155.8855970499 0.409238614406815 78.6866562118135 31.1441635571032 19.1994550134432 11649.0750204978 3431.79360784146 4250.98728927368 684.836861875236 1307.99608900729 11594.1733779288 0 839.511076852241 6124.72610772634 0
91.4776629654029 110653.10394904 189.337918079414 155.769799632619 124.95586745352 0.210135993315229 57.5369970843151 385.358579462842 13.3216405718211 2998.36583138628 883.312424035023 3413.70615536677 176.270771980382 1050.37112472824 4955.16688925244 0 775.57885298324 3536.03841132233 62.1516265705644
48.6937459851356 4711.40306979506 11.0983436716328 33.4517986364826 545.234450878929 0.0454224134333399 8.26939800211141 5.88980803432357 3.09791267722122 270.695475808379 79.7463319547841 444.390932591196 15.9139021639258 136.735671566522 747.75818415961 0 38.5631121885706 377.11944397021 2.40577982048574
451.169702176929 174929.235570009 444.902341521355 309.332311532123 133.202316281055 0.491623274476729 167.970954150533 93.5549254122869 31.2260417246624 8959.30743811572 2639.39359500307 10160.0388626663 526.708256209037 3126.16580389733 18029.837827343 0 1548.78053340254 10772.4859784703 61.2480662785591
38.2827820355296 36675.560253208 86.1796697975549 105.619888771137 17.6123016396734 0.0619989757850302 21.03715154126 15.2607163270749 5.21400861834608 981.622894829295 289.184091428579 1187.24302652426 57.7085770034859 365.305546622848 1535.45353378609 0 156.604820316261 1627.75194572962 0.462595021741226
34.903863875906 60185.0628735229 38.9104112615691 52.5471790471265 1834.71286432513 8.93605452204002 302.631750814124 18.5179010356669 192.524103229309 1059.63071553084 312.165035406891 2121.0609320239 62.2945746931712 652.63413293043 2591.15158639286 0 128.895866693761 2178.77481541691 15.4253802100857
1.47914180194582 551.460509418223 0 0 33.8079419757732 0.00210821872502274 5.57654381265482 0.290754152153203 0.0932352930435741 30.0700677314445 8.85858027753707 26.838368808914 1.76778763853289 8.25795963351198 56.467114579491 0 2.5797990794587 23.6873432461483 0.0919455392332495
988.439452569276 319408.865925788 1375.32681006079 3428.57012664939 503.139169417615 0.945387656318087 316.150732511175 71.3070966260966 46.083837754443 20807.509621733 6129.84965667357 13955.831717398 1223.25159445814 4294.10206689169 22481.7759640384 0 4528.98568253281 28776.2497045279 6.60606130180967
73.8606394522972 1784.77296009814 49.0014011808465 46.2742387477692 12.6346989349518 0.157024487004973 8.95697248852301 13.9669014889811 11.7089865542696 761.867699805027 224.444661710149 361.815952813114 44.7894003412715 111.327985480958 717.659634730842 0 134.733204480358 691.888559252964 8.59864384058049
163.780904248225 30412.6795985347 2235.4599617073 5981.35270100417 2037.05557566073 10.0163049582271 33.4172411535805 236.165976978307 215.797713073233 2794.0485972256 823.120985922492 1685.69232620576 164.259176791628 518.674561909465 1919.0510903791 0 1438.65197330292 2529.6031370936 54.4956666930195
5441.38985247531 535366.657714722 1335.20395556561 34922.2367715549 41718.6222830836 1.69147390668091 6883.96811930515 94.039343249644 89.4814034388254 52239.0177166062 15389.5074728522 23836.0874474754 3071.07687928314 7334.18075306936 67051.8836173588 0 3067.25237507482 32665.0904432843 959.455109152922
1386.6166539301 230164.286007418 1063.49807130852 22675.8348980313 357.640499079725 0.377736479510844 192.601729009916 147.850538802255 8.13819754517561 14329.6851745636 4221.49586108052 9975.95713470055 842.427111967288 3069.52527221555 15919.3262472613 0 1422.40768501517 18548.4600285519 347.676288206205
270.583878229356 14090.2361893491 55.9875478832975 156.746452969109 1171.30003527923 5.57431351186013 188.055736037123 9.6255403951864 240.376377640577 906.845704064991 267.154884403495 971.536745887935 53.3125046481476 298.934383350134 1844.52909161243 0 548.796933501487 2889.89431420887 0.388577913189602
172.136979591837 2667.66435857884 21.6840490569993 306.99054608568 14.9743765068256 2.07493527279502 7.5002546778589 9.3757978565689 91.2138280848379 322.133140825196 94.8997625659181 326.876325401753 18.9378683612696 100.577330892847 833.569081317301 0 78.0734177827591 327.013957538764 7.07153919963877
10467.908 239345.46 5180.64 99717.8175 56420.7410495635 10165.806 3939.6286201068 78685.0611111112 978002.49535 32340.168 9527.34716049383 10375.524691358 1901.24444444444 3192.46913580247 38481.3632876712 0 4802.6 50607.7 9.28322225615021
5803.51629905095 528674.152952444 19596.1631000007 69889.7508727118 5067.03434184097 0.965905514958645 8.14735117287407 144.738619421468 22848.0959370989 51347.4111875256 15126.8420181423 22916.4105762037 3018.6602696958 7051.20325421651 49022.9067627236 0 8128.20489761782 21447.901962591 152.408131606486
3079.6334951843 91029.9283293327 8950.68557714438 32275.8032893863 27214.4413211791 28.9059873326633 7445.16113100448 54823.9399996975 1479.83135734442 2791.30494073604 822.312710348127 3377.5784299525 164.097880113817 1039.25490152384 10407.4794334777 0 614.656293841533 4156.17069893371 79.4468667470214
2887.588 532650.63 140.56 2097.4725 27835.6186253861 91.8908558492756 724.633720133131 62.9041666666668 15845.5999878332 7956.27 2343.90082304526 23090.1800411522 467.740740740741 7104.67078189299 39209.5843835616 0 1610.4 13842.4 469.518937509127
28625.344 580689.72 0 194851.14375 65231.9768332543 3.514 4553.39485860538 214.235833333333 28282.0942088329 40875.912 12041.9598353909 25172.6543209877 2403.05185185185 7745.43209876545 89100.8197260274 0 4059 19076.2 222.04
2588.42166362787 30689.1680986197 1074.79691712083 1309.24338802043 158.68895939064 0.72160631147997 314.701862954496 59.8550793791408 5222.13220002855 11515.0465924861 3392.30910785239 1310.42364553969 676.957471633515 403.207275550674 7616.37185346529 0 2858.86940050897 5343.752453049 82.441017120425
0 0 1381.80026228751 196.987113964251 912.387678413519 3.01369702712358 62.7564032585158 0 519.679973975332 0 0 0 0 0 1373.97666643798 0 0 299.908555159166 6.19092200667075
0.347311807736427 4.23319942611192 4.17128729239911 0.101156279970664 0.0755401771442542 0.00953211932132228 0.184514387119757 0.00157884674451987 1.55687426752292 0.596744833292589 0.175799803915969 0.0901973578261153 0.0350820007814573 0.0277530331772663 0.894393007997844 0 0.615397634315587 1.01514752618613 0.0102745645021537
2473.24 321472.08 8423.56 21183.3225 742.43 132.510351226857 2685.112996684 191.864166666667 22239.7259734976 31539.942 9291.60222222221 13935.6790123457 1854.2 4287.9012345679 33787.5789041095 0 3517.8 38810.2 0
1969.79206731176 222219.993979468 5858.69348523156 26579.4735294506 1271.15439560551 159.204104122033 10923.4761008963 24108.0585502279 23060.4935712885 5144.38059179384 1515.52397080085 7091.94780673568 302.432721445846 2182.1377866879 10810.3287996037 0 1925.03128060895 32276.3366413841 113.976951001993
1362.37871379311 35095.7383229309 579.506381294284 697.149744827587 114.827338923004 74.2901651519331 328.605194256479 0.715423781687922 10895.0064822222 9693.06279827586 2855.55641911451 1533.41728118057 569.844961685824 471.820701901713 6610.00619241172 0 334.774602739727 6953.30697874351 56.9789672396808
2380.092 165337.71 1475.88 4432.83375 14799.72 53.4611650572342 1101.30787124919 84.3027777777776 9144.56192329068 5684.364 1674.60197530864 7167.31995884775 334.177777777777 2205.329218107 20193.8482191781 0 563.2 17360.2 33.535088706858
2052.468 88692.06 12088.16 37190.30625 38980.5329999742 130.709097369768 1042.15733093429 58300.8561111112 22539.3925494538 12196.548 3593.07802469136 3844.7633744856 717.022222222222 1183.00411522634 11503.5468493151 0 880 13127.4 268.510676453405
23354.452 491558.01 3674.64 67303.6275 95493.5636667743 553.154 4607.05750051155 155539.236388889 77799.930125 29994.678 8836.37061728395 21308.8323045268 1763.35555555555 6556.56378600825 92855.3728767123 0 1927.2 32475.3 279.37
5649.908 174453.12 10531.96 92499.30375 102482.12 1781.234 5586.98765432099 208903.394166667 184706.885475 10927.224 3219.13777777778 7562.46913580247 642.4 2326.91358024692 18878.386849315 0 6553.8 27498.9 426.633780517023
31.525207582693 5888.51693949139 146.547872398009 131.653565757269 37.688915665486 6.34793169418663 43.8124785906021 144.449569757089 960.749306240615 2157.3823874422 635.560426374309 163.395241321322 126.830240296425 50.275458868099 972.976413596984 0 63.6705105727029 1741.80370662368 10.4709226820559
8001.092 1306112.22 158411.12 485188.20375 152605.18 5322.912 36951.5209876543 192667.548888889 663701.93015 41280.624 12161.1871604938 56619.413580247 2426.84444444444 17421.3580246913 142111.416986302 0 4983 25954.5 13.4669001057667
2238.764 156163.68 62047.2 169445.2275 205.53 870.184 609.047728244706 43.5722222222224 86068.1921 32717.286 9638.44534979423 6769.62962962965 1923.41481481482 2082.96296296297 25764.6309589041 0 2096.6 10910.9 87.5362683819462
2460.392 346971.78 0 84307.335 2706.6 1019.466 854.351830762349 98703.6383333332 109908.933725 28890.918 8511.20518518522 15041.0802469136 1698.46666666667 4628.02469135802 28712.6309589041 0 2809.4 13427.7 222.61245746667
322.646356132872 9443.54457442587 292.169535585053 642.399760378795 38.8545756070861 11.359404084212 88.8349590365147 4.76232302743602 1936.8104431356 1615.82386555507 476.018396606791 667.490875310858 94.9925846887163 205.381807787957 2529.88307477627 0 285.599218440103 2856.65295380102 29.1203063047746
3.31569568494665 89.3081983830094 6.74873563491705 4.89928210847199 70.1002695208992 0.410027148126456 4.83061020066433 0.166541625682075 60.1324337829738 61.8275601294492 18.2142724007979 8.49486661595324 3.63477719749848 2.613805112601 34.6619536776654 0 4.31098535017157 38.1915011496822 0.38003406894406
2637.052 240342 43694.08 181313.9325 31374.85 1350.258 20253.9876650515 618015.156111112 144746.957775 12812.814 3774.62872427983 10418.7242798354 753.251851851851 3205.76131687243 20612.4479452054 0 3832.4 12026.3 196.310445193809
779.344786524424 34047.3257595061 13674.1807156461 47.8852174595479 159.424599867286 52.6085254193374 623.372826742454 519.780956777206 7715.29076953355 6453.07369222602 1901.06227395254 1431.50181389456 379.369411653499 440.46209658294 4269.01629581657 0 732.420235822572 6092.12255474453 77.525181495352
181738.97824263 3208349.78279198 219070.331979205 1648339.40538776 918216.032800204 1739.18322233381 218219.401300594 2944768.06156761 244587.689827118 57657.9573500924 16985.9159741927 138869.049617881 3389.65063786551 42728.9383439634 331579.547109352 0 13056.1690223674 214429.046694864 823.590812883758
21034.0305712325 497393.652320815 70193.2082950068 404988.850793389 153037.789340705 3179.15556799781 61614.1907173486 626170.575988813 68493.7712998098 12239.6032737752 3605.76202003568 22953.5926710908 719.553396459448 7062.64389879716 49492.3426893078 0 3037.64496461408 23537.0156011684 123.156437491423
396.476086354566 30762.9386543144 777.019146091512 1262.8557160739 17718.8131805654 58.9281173654816 507.563085266718 83.3970551080074 9837.70815743715 6289.55246080654 1852.88925457166 1319.40302050173 369.756170535364 405.970160154378 8015.35892319615 0 1375.03665521969 10828.9524673218 85.6606495055051
2495.724 150946.5 873.48 89728.40625 38939.828267604 1.092 3294.37575978081 0 17022.2463804933 26260.29 7736.22757201646 6543.46707818932 1543.81481481482 2013.37448559671 28672.9164383561 0 2622.4 17817.8 123.76
1.16004814728283 40.3754465998722 7.50656660903696 4.34324246530536 0.420086911826551 0.145549147119415 2.02582271301113 0 25.0066080100492 57.1726121583104 16.8429342761761 5.78030506247255 3.36111770478015 1.77855540383771 50.7202985240095 0 3.70791645250222 67.8646287556656 0.00710704280060361
1358.676 360395.76 57890.8161800829 86593.1090702808 3052.66 2335.634 5686.14814814815 74541.2394444444 221347.9063 16381.638 4825.99695473251 15623.0041152264 963.059259259257 4807.07818930041 41251.6304109589 0 2697.2 32589.7 303.667441153433
3195.94 59851.02 0 652.62 15185.0773877407 50.9184355904773 399.077507815227 0 8780.34223227136 5978.7 1761.31275720164 2594.51646090535 351.481481481482 798.312757201645 12844.7512328767 0 266.2 11196.9 2.49848629679292
10644.568 159123.99 0 217532.42625 17067.18 1421.308 4932.27160493827 231873.291944444 128504.578525 16712.766 4923.54658436214 6897.95781893002 982.525925925922 2122.44855967078 37430.6463013699 0 2259.4 13241.8 105.399210865207
11653.136 263262.42 110309.48 364206.3075 91602.0028268006 5637.002 11986.0024585702 201248.693333333 715289.85085 19757.304 5820.4612345679 11412.3148148148 1161.51111111111 3511.48148148148 36310.7046575342 0 3350.6 14729 6.71586943341786
169.271174810022 59744.6498263337 214.065046010449 0 40.1120531791736 24.1376318048079 191.205829066449 4.97104014329204 4162.27767929318 5239.53607302303 1543.55658039937 2687.55555602892 308.026812053088 826.940171085821 5888.91405388854 0 588.546121764427 3572.43070752196 166.653151565476
4183.20465585984 72327.425307539 4231.26055609997 58466.7478818231 125677.967749493 70.5798938163981 11468.5663845011 174566.620841406 45415.8053565487 4770.13518857579 1405.27204262047 2629.76238593669 280.431228017389 809.157657211291 10722.9206216189 0 555.013454417607 7457.91281034701 180.144708515988
4904.724 184418.52 43443.08 184892.94 39124.41 1849.652 18031.9299281356 715563.243611112 187621.39895 10264.968 3024.03851851851 7994.46502057612 603.466666666667 2459.8353909465 48168.282739726 0 2195.6 25925.9 339.538198899475
346.913393999727 10438.4776313625 124.63215399484 1015.31260012652 4054.06684398422 0.285140243054254 107.248061533782 6.9705490856133 15.5830257819673 2739.63473987002 807.090775152768 1634.2824465043 161.060243378602 502.856137385938 4017.05667687099 0 457.398845570918 1932.45697465554 36.8410386220291
57.816 54604.53 10381.7746791845 211.8825 116.87 38.0103487116046 451.859424553063 2.23888888888889 5574.39864021734 4819.752 1419.88905349794 2367.08333333333 283.348148148148 728.333333333332 3037.71178082191 0 0 1601.6 1.05731228619855
4962.54 243683.34 52194.1447562674 929.655 450.19 0.546 886.747897993378 96.4013888888888 14662.6594154705 27051.318 7969.26279835391 10563.5699588478 1590.31851851852 3250.329218107 51667.7805479452 0 3863.2 18132.4 366.142950689611
1792.296 315961.8 0 113115.69 300.17 0.896 1123.46104224874 133.3 18640.3038638025 37739.394 11117.9480658436 13696.8106995885 2218.65925925926 4214.40329218107 31043.1301369863 0 5042.4 17303 202.02
8823.364 246321.24 491.96 135810.66 42404.05 1117.55 1041.69819602279 405723.005555556 129112.743425 6640.956 1956.4120164609 10677.9218106996 390.414814814815 3285.51440329218 26763.1928767123 0 1278.2 13098.8 789.894512123344
21.1320330744104 10583.8518959108 72.8446544614109 70.5261405441108 21.1901995974036 4.05055702252905 30.5837252562569 49.0188397998046 677.653631026066 1058.72024327259 311.896812147062 401.321314284963 62.2410489872185 123.48348131845 849.329816746269 0 113.086542377462 688.461671567097 13.5625662053101
362.956 55776.93 29223.013352053 919.8 196.43 61.541888591111 1282.44894243242 4.30555555555556 10601.3782183311 8710.506 2566.09720164609 2417.90637860083 512.081481481482 743.971193415637 7499.8994520548 0 858 12698.4 230.515640419704
39950.856 305234.34 55932.84 225603.945 105954.03 8016.876 2424.9199403517 137888.068888889 736040.301475 47590.452 14020.0495473251 13231.7798353909 2797.7925925926 4071.31687242798 71548.0805479452 0 10586.4 71428.5 578.76
0 43.107394953774 0 39030.5521520352 10686.3254928505 43.0057451733983 148.376705930474 1046436.09908658 926.543420566162 1191.51170095407 351.016903213981 1.975089794988 70.0477190449187 0.607719936919387 590.337232865752 0 224.571068142419 1704.23221762901 62.2346167204784
440.044 10082.64 11882.94395049 0 361.79 50.3151793813998 110.056993501907 103.333333333333 2174.82059013068 118838.16 35009.4781893004 437.078189300412 6986.37037037037 134.485596707819 53175.2175342465 0 4340.6 42213.6 404.04
574.852012850086 1075.95878921327 2089.38674583275 7912.07827359269 52.65 9.19827894386697 29.8034453171707 0 198.173634745992 8544.2268004166 2517.11169050094 46.642359476407 502.30610231726 14.3514952235098 5287.89691196415 0 0 6006 12.5991701021231
2074.952 55307.97 9206.56874098298 136.3275 9023.07403648708 0 437.227132822981 689407.165833332 0 59152.338 17426.1574485597 2397.57716049383 3477.5037037037 737.716049382718 30812.98 0 0 6406.4 124.835802500807
902.572 2256.87 5402.03938895181 20696.3619671497 113.75 0 47.9144002588704 0 0 73225.278 21572.0167078189 97.8343621399175 4304.83703703704 30.1028806584362 39943.1306849315 0 228.8 8108.1 13.65
538.479835838504 4858.33188775509 0 39.2830407738527 0 20.1376606216892 69.4781531198834 7.01017460634747 433.858706072643 60106.6785108353 17707.304205622 265.60176463239 3533.60837806204 81.723619886889 26130.5394270317 0 36.4268449747 3265.51487346113 7.71362809652508
0.799189010188549 4.32003528918755 8.22776108740875 44.8598641612524 8.61828400941966 0.0346831776918122 0.417612400392066 0 0.747236676520917 32.6719552623925 10.1063455578457 0.187271706806151 0 0 0 0 0 0 0.0323178724301054
7191.668 232428.3 1034.12 1520.68125 13980.98 21134.134 12217.5901234568 858473.562222224 2346072.933575 334411.686 98516.9967901233 10075.6687242798 19659.7111111111 3100.20576131687 235597.352054795 0 15824.6 39339.3 343.661942017565
295.150491325259 1595.44303273807 3118.93501659364 11720.2153359245 51.74 12.8089310613074 154.229479619795 0 275.963845097631 12669.4695517345 3732.39974383188 69.1617822198465 744.824782582859 21.2805483753374 7276.52679278156 0 0 3374.8 11.9353942618433
139.68713871241 4713.63901706699 43.5852722908885 97.4058043707404 20.0243876021973 0.0336440099854967 11.83637203488 0.707592273504494 0.724848179419674 19105.0853397828 5628.31895502127 201.818360946239 1123.1678624211 62.0979572142276 8110.66952778115 0 64.4662642947904 2769.15008823945 5.39564630891268
577.744466215228 33654.1600364256 675.103227476506 913.003149668924 113.856428279342 0.682499776781528 52.2120263956044 2.1351465717936 36.3975996259683 84222.3316783703 24811.7261656183 1359.48863316452 4951.34225034511 418.304194819853 36930.3576782832 0 861.697994035001 16803.1108836826 0
356.532 0 8256.87952198815 121908.488844307 7723.32907931649 31.0815464583781 374.245962688852 379756.82 669.640817893449 0 0 0 0 0 67103.74 0 2769.8 8594.3 57.1718633649417
30.9859483230744 4212.09799085319 0 4.06284287452899 17.1991031432116 5.76805227764167 15.4872190028844 19.7179067100428 124.270626303119 13470.7618347883 3968.45880690412 139.00430583258 791.931912685968 42.7705556407938 9927.90930576126 0 447.320855665037 1208.20943314532 18.1719160630737
697.004 4866.1147499614 301.2 168.63 128.18 39.2913481219179 481.378995656903 0 1694.26802532477 51749.1393376432 15245.19030719 210.944020994616 2474.12512857545 64.9058526137278 10096.4755052966 0 569.8 8279.7 74.6230534919735
458.359871999701 2477.67523945184 4718.8781011629 25728.5339672332 4979.25520077747 19.9478862555572 68.630192209038 0 429.770085130888 1398.096 411.876213991769 107.406176094165 82.1925925925926 33.0480541828201 322.450903195461 0 96.8 2945.8 18.5353097721789
163.733848462379 885.067229872299 1685.66255278287 413.045658307323 209.56 0 24.5158579045635 0 0 8692.11 2560.67777777778 38.3672909319102 511 11.8053202867416 2913.66074763524 0 440 9938.5 86.7011241141178
2087.8 54516.6 682.72 283.33125 102.83 35.6496178223329 73.1357922882728 2.23888888888889 1543.50796795159 52594.164 15494.1328395062 2363.27160493827 3091.95555555556 727.160493827159 32717.8273972603 0 3372.6 41341.3 152.973137192229
155.295079899693 7357.45054966888 1829.77618523115 6229.90035999861 28.888018597019 6.73949063633205 81.1487023209789 0 145.199918798832 17125.7264878352 5045.20389706294 223.164056455076 1006.80343843828 68.6658635246388 10066.8246777138 0 67.8991890100874 1299.96083686586 18.5353974103495
5094.232 65918.19 1054.2 1183.42125 87.62 0.224 122.969156572687 0 4.826 108232.866 31885.1803292181 2857.52572016461 6362.8962962963 879.238683127571 43207.2134246576 0 2567.4 29615.3 56.6683793726764
1725.93838549136 16237.74 90.36 14.235 18380.31 18.7409316949027 104.541383256164 743160.873055556 403.766680176789 46569.474 13719.2715226338 703.899176954734 2737.77037037037 216.584362139917 18954.217914783 0 224.4 5920.2 17.3193498219962
46.2550887706044 1213.90369345525 50.7994866071428 1113.29719570956 17.1692819940476 5.0550906787519 59.8174710973975 0 108.910123284181 3815.02198377404 1123.89765150048 66.7600601438494 224.281127793888 20.5415569673382 1752.59515492891 0 45.3817050137363 1703.09832589286 5.57358835547977
956.479397256281 5170.27223454077 10760.7273164244 54106.8624264887 13.91 42.293260601282 499.803740944229 0 911.193194918692 0 0 224.129119601936 0 68.9628060313651 0 1178.50884415194 0 1830.4 38.6784336977556
0 387.723167204582 562.24 1663.02386993465 36.27 0 10.7397107843054 0 0 3370.30798479972 1042.53011052447 16.807635685852 0 0 140.8 0 105.6 9094.8 2.90052905060196
4583.524 119760.66 592.36 821.7975 464.23 0.826 207.941120197846 54.9388888888888 17.795875 175313.88 51647.1094650205 5191.57407407406 10306.5185185185 1597.40740740741 81141.1112328767 0 1859 84956.3 443.17
0 0 130.52 182.865 82.68 19.6566909568346 39.5881837635722 0 423.496386418231 0 0 0 0 0 29801.97 0 567.6 10467.6 71.0961541997622
1339.404 12661.92 391.56 0 164.45 41.2038885787402 80.8696066862378 21.8377777777778 887.723063754462 77345.982 22785.9676543209 548.888888888891 4547.08888888889 168.888888888889 35317.585479452 0 1447.6 15572.7 4.20888738847139
1.71339464858665 0 6.36958585761458 24.3683779783936 0.0982912789093919 0.0268502543736933 0.325496944576509 0.000798864675735709 0.57847914110466 79.9552565223073 23.5546545767591 0.241639861743594 4.70048539225792 0.0743507266903368 37.8525359519682 0 4.42210252762091 10.9004827305855 0.188234918932115
0 2213.07307798911 0 189.16125 87.1 17.8935416219337 61.3008631222558 0 385.509963693981 17574.0915858506 5177.29133530513 95.9357840522883 334.894630933459 29.5187027853195 160.45860525254 0 171.6 6034.6 30.940482611061
1079.232 31599.4901667047 5867.67924299235 32066.552500748 143.78 25.7705249407764 85.338070964009 18246.0833333333 1125.83226218024 69489.4295498504 20471.4434169328 1369.82456428866 4085.21043796886 421.484481319588 17831.2657516987 0 508.2 18618.6 31.2376927102324
610.28 0 3332.62451968173 221.7375 3465.71900882545 13.6250695863679 164.056421416521 0.344444444444444 293.547258142015 0 0 0 0 0 30091.16 0 437.8 4375.8 12.6958741974642
526.768 26115.21 451.8 1652.9025 127.4 60.7324118369688 126.231413279126 40511.2822222224 1308.45812288041 43653.708 12860.2928395062 1132.08333333333 2566.35555555556 348.333333333333 19205.6564383562 0 776.6 27827.8 56.5906144921415
0 117.24 3140.94779511829 11147.6886849502 51.87 13.5203030838493 28.8450918719195 0 291.290101261861 5261.256 1549.95522633745 5.08230452674899 309.303703703703 1.56378600823045 1444.08 0 303.6 5519.8 5.90661657882762
128.48 1702.63390835104 0 32.85 36.27 1008.462 164.591487304523 0 158544.16475 13520.67608618 3983.16344298592 73.808461444974 794.866318999409 22.7102958292228 28062.0438150274 0 7084 3846.7 12.7372814715153
98.7574271931176 2958.5713373708 0 102938.286693548 0 25.1878213086355 303.280933794855 0 542.662614444084 31911.9579107321 9401.1973464891 136.00156044266 968.615486949182 41.8466339823568 1336.00892534714 0 0 3865.18922519782 2.58077294420274
74.6742231394925 10075.9532973335 959.541426604756 4222.253557567 1155.36091213015 3.24070941557871 39.0206586616336 0 69.8199269624233 4842.66911082129 1426.64038734104 436.78832356149 0 60.9876543209876 1386.11840661684 0 11 2459.6 26.6797012051879
884.368798916705 4363.77564649057 8311.06716841876 45314.0702858849 19.63 35.0343448659417 421.840725946035 0 754.802447870692 34652.8967498954 10208.6723066188 189.167832837563 1050.27460591335 58.2054870269424 0 0 184.8 4375.8 32.6450908884602
654.667457718923 2080.36699394938 3962.18119865528 21619.253335153 33.02 16.7021177572133 201.106471563804 0 359.841162037104 14256.9 4200.05349794239 90.183031308837 838.148148148148 27.7486250181037 4352.87387447513 0 343.2 7922.2 31.7413180648112
639.476081433681 14655 7426.85445759691 428.6925 6956.68381441219 27.7519613999641 334.155172251214 0 597.90609694744 4525.416 1333.17827160494 635.288065843621 266.044444444445 195.473251028807 2555.37776905026 0 149.6 3632.2 25.8593476116516
260.685465260878 1409.14151089186 2683.79281969914 14632.7269410984 2841.07651532258 11.313219023348 39.0324168407311 0 243.739263422667 1784.412 525.684115226338 61.0856898638313 31.0910364574157 18.7955968811789 0 0 118.8 1401.4 10.541686013295
937.904 6272.34 441.76 298.11375 505.96 1.68 175.51965984354 35.9944444444444 93.94825 106650.81 31419.1098765432 271.90329218107 6269.88888888889 83.662551440329 46151.4764383562 0 5302 83483.4 252.07
748.396 12955.02 1495.96 652.34625 144.17 32.6748049335957 67.9431958872833 0 703.967002721129 62978.706 18553.3976131687 561.594650205761 3702.45185185185 172.798353909465 25324.974520548 0 580.8 13685.1 87.0678978390567
1169.168 42763.29 12558.7647200978 60807.5047899491 156.52 47.0315930628351 108.432325471885 25.6525 2063.82272608251 117633.222 34654.5059259259 1853.77057613169 6915.53333333333 570.390946502058 64575.6928767124 0 798.6 15858.7 4.66542395981719
79.1946359783715 428.088496937927 0 0 873.778081058429 0 42.7161121346846 0 0 1214.136 357.681975308642 18.557455696322 65.6058793311283 5.70998636809909 46.218197289902 0 0 414.7 3.20249917112076
342.552389492067 1851.67512582801 0 0 3694.0119835375 14.866077038153 178.999115118049 0 320.284320473779 2483.46 731.622222222222 80.2693353297866 146 24.6982570245497 1054.08382926576 0 0 4375.8 13.852248070354
1.11192037489486 39.3185481181516 21.0323547875397 109.833137545601 0.366069211358994 0.0871457649849581 0.168843860527858 0.174720330836704 1.87752438311342 219.443973444947 64.647744479503 5.28141251390105 12.9008802730715 1.62505000427725 129.9332614997 0 7.68409500540713 56.0421736692433 0.263301157527937
1316.92 0 0 95.265 153.14 24.8179813370974 301.583328811103 0 534.694544342999 68883.822 20293.0326748972 0 4049.60740740741 0 29711.2260273972 0 1201.2 6234.8 2.54287871823794
0 2132.73050628956 3615.3296453142 19755.5046866053 89.57 15.2400050476428 191.501498809776 2.325 328.34046589252 17842.6724091164 5256.4146949582 92.4529674722883 560.088730864488 28.4470669145502 568.338623830657 0 138.6 5777.2 23.300675132491
0 4695.85960483862 0 0 10258.0727750948 41.2699812876453 496.922632142151 0 889.147007563289 0 0 222.837131714716 0 0 0 0 220.10641025641 1224.9712962963 38.4554726299438
921.464928747401 4981.00068843322 9486.60853378229 51723.4233779239 9.75 39.9897038786594 481.507097652052 0 861.563888028618 1867.194 550.071522633745 215.924277947492 109.770370370371 66.4382393684593 0 0 39.6 1544.4 37.2625069119116
218.105526588973 12003.6364478664 0 0 3921.94929150202 0 190.044173068556 214906.166273946 0 38723.6448571149 11407.9063495714 397.912533833439 2276.52233140005 122.434625794904 15921.3252094505 0 710.877720105769 3884.07102144746 1.61718329577048
0 26466.93 140.56 319.46625 189.54 2174.956 104.261545742838 0.516666666666668 286817.6255 102033.414 30058.8344855967 1147.33024691358 5998.43703703704 353.024691358025 47540.1104109589 0 2365 20963.8 0
9648.848 8353.35 2660.6 4811.70375 32364.28 12630.954 15611.3580246914 2158252.46388889 1342192.753125 96128.298 28319.1994238683 362.114197530864 5651.28148148148 111.41975308642 48110.5493150685 0 2538.8 8251.1 81.6671781893368
0 0 2984.10609938956 16270.1119829842 0 0.042 154.307241911642 67346.1652777776 0.904875 0 0 0 0 0 17918.34 0 277.2 12298 10.4324137651575
489.833862521055 16430.7451253482 6253.3559820242 52674.1824080938 6665.36718152535 0 89.6867984710053 95793.400710536 0 61877.8635902026 18229.0916971594 700.720271018993 3637.73448502073 215.606237236614 25629.7486236905 0 265.870021011687 7529.8188093667 79.4703689908156
236.209937552453 1654.41543377861 2431.81388617296 13644.190524404 21.1408796310162 10.2510308978983 123.4303747426 0 220.854799612756 3452.4436390428 1017.08281482023 55.3504084842035 202.965528456367 17.0308949182164 736.766765041476 0 4.67061008116446 1997.61993171404 1.05033233590602
1188.44 24620.4 200.8 17942.4804774734 89.31 19.7905480247665 43.3726364670847 0 426.380289140729 12628.854 3720.4344855967 1067.28395061728 742.437037037037 328.395061728395 6848.52465753425 0 1306.8 26211.9 196.722611141381
0 0 5506.86005172838 0 165.75 27.5490188001816 87.4922980074354 92.9827777777776 1264.36926722926 0 0 0 0 0 52781.63 0 763.4 10968.1 0
669.026283460185 3269.18670509268 6226.35820289658 23948.5412425748 179.66 26.2464947182789 316.028183996696 0 565.471354957205 25960.7272520563 7647.97700089971 141.717864125555 544.245987769138 43.6054966540169 0 0 0 171.6 106.429245831114
26.3012312166748 110.543851174935 487.175807037621 1868.76293982362 5.51856960296127 2.05363341292149 24.7273415001404 0 44.2447984408887 4711.28669369409 1387.93539673136 7.39233096843375 276.97158693087 2.27456337490269 2119.83037470368 0 77.2729035385362 1685.54483761512 0.798691542491389
369.38 27199.68 431.72 1320.57 191.23 748.048 151.436653075215 0 84180.8451 161277.732 47512.0890534979 1179.09465020576 9481.34814814819 362.798353909465 74928.4378082192 0 4186.6 19548.1 40.8992774938118
20861.94 703850.34 1355.4 4869.73875 143241.54 42649.796 39964.8839506173 4093129.86388888 4437726.859225 264635.658 77961.1220576131 30511.6152263374 15557.6518518519 9388.1893004115 234780.802465753 0 9286.2 33319 148.33
7904.732 74711.19 3182.68 12472.05 7551.96 6098.988 8959.96543209876 1089531.72638889 638419.04955 157616.928 46433.6237037037 3238.69855967078 9266.13333333335 996.522633744858 94017.8860273976 0 8155.4 19977.1 120.905464384267
2527.844 17556.69 973.88 12806.7676231568 261.82 26.8303494771079 88.8980308061603 6.84583333333332 578.050297216618 50598.198 14906.1253497942 761.07510288066 2974.61481481482 234.17695473251 24001.1832876713 0 283.8 14914.9 24.009149415028
729.247601453105 1424.3966355068 2712.84710103905 0 123.63 0 35.2083194996144 0 0 22017.6560616305 6486.35631575895 61.7469930784908 1294.3948301958 18.9990747933817 5300.73329747023 0 68.2 8479.9 117.651714270073
275.836436823886 1416.59036183335 2697.88122728922 4774.42239552304 2837.78735462931 11.3726070802751 136.935023189374 2.09382279639596 245.018757899141 11248.7840271565 3313.86870223243 61.4063554869024 434.162831319953 18.8942632267393 434.483522214233 0 0 782.346756472724 10.5970239544922
520.344 117.24 3624.30754878926 100.1925 99.84 14.4737235905144 180.408208171947 0 311.831205570635 43856.064 12919.9065020576 5.08230452674899 2578.25185185185 1.56378600823045 20426.861369863 0 750.2 14829.1 13.4866521384883
1117.41608418301 6040.21934090089 0 44011.1294576017 12074.4169734204 48.4935855089706 583.900438073182 0 1044.77698065309 47965.5954208582 14130.5660296603 261.840959560025 1585.2496176215 80.5664490953922 226.392263829678 0 0 715 45.1864452583681
7.29259971797051 39.4203220138362 75.0783199226048 409.346260471427 15.6 0.316483996437787 3.8107131535776 0 6.81853467325338 350.691591769331 108.47867482028 1.70885432460613 0 0 0 0 77 3389.1 0.294900585924712
0 0 0 0 0 0 0 0 0 0 0 0 0 0 0 0 0 0 0
0 0 0 0 0 0 0 0 0 0 0 0 0 0 0 0 0 0 0
0 0 0 0 0 0 0 0 0 0 0 0 0 0 0 0 0 0 0
1158.33476874261 0 1311.26816071555 0 12.2112922692437 0.039650117921008 67.2424484543017 0 0.854247629851713 0 0 0 0 0 2076.1061357307 0 90.6052397016364 1793.80201638526 3.78792601058058
0 0 0 0 0 0 0 0 0 0 0 0 0 0 0 0 0 0 0
0 0 0 0 0 0 0 0 0 0 0 0 0 0 0 0 0 0 0
0 0 0 0 0 0 0 0 0 0 0 0 0 0 0 0 0 0 0
0 0 0 0 0 0 0 0 0 0 0 0 0 0 0 0 0 0 0
0 0 0 0 0 0 0 0 0 0 0 0 0 0 0 0 0 0 0
0 0 0 0 0 0 0 0 0 0 0 0 0 0 0 0 0 0 0
0 0 0 0 0 0 0 0 0 0 0 0 0 0 0 0 0 0 0
0 0 0 0 0 0 0 0 0 0 0 0 0 0 0 0 0 0 0
0 0 0 0 0 0 0 0 0 0 0 0 0 0 0 0 0 0 0
0 0 0 0 0 0 0 0 0 0 0 0 0 0 0 0 0 0 0
0 0 0 0 0 0 0 0 0 0 0 0 0 0 0 0 0 0 0
0 0 0 0 0 0 0 0 0 0 0 0 0 0 0 0 0 0 0
0 0 0 0 0 0 0 0 0 0 0 0 0 0 0 0 0 0 0
0 0 0 0 0 0 0 0 0 0 0 0 0 0 0 0 0 0 0
0 0 0 0 0 0 0 0 0 0 0 0 0 0 0 0 0 0 0
0 0 0 0 0 0 0 0 0 0 0 0 0 0 0 0 0 0 0
0 0 0 0 0 0 0 0 0 0 0 0 0 0 0 0 0 0 0
0 0 0 0 0 0 0 0 0 0 0 0 0 0 0 0 0 0 0
0 0 0 0 0 0 0 0 0 0 0 0 0 0 0 0 0 0 0
512.14063570736 2641.29884032404 2362.921686233 17108.4167113067 27.8682770371001 22.2258620238601 267.616643233883 49636.323367807 478.848259496201 24168.0650051502 7181.32011398308 120.00847077599 293.602574519031 36.9256833156891 0 0 102.379490237581 3049.146539166 2.27728721233606
23.3604343650668 206.61782792462 0 0 3.11076891320053 1.39952975827387 3.30069749060174 0.726838568365042 69.2264132340064 35.8037537413561 10.5477124158022 5.16558797954894 1.6064360601062 1.58941168601505 0 0 9.01434616575498 372.653070492311 1.00329622617164
0 0 0 0 0 0 0 0 0 0 0 0 0 0 0 0 0 0 0
0 0 0 0 0 0 0 0 0 0 0 0 0 0 0 0 0 0 0
0 0 0 0 0 0 0 0 0 0 0 0 0 0 0 0 0 0 0
131.692 32241 0 0 402.87 170.213797584534 1068.89460136928 3.61666666666668 9289.54754219702 54764.892 16133.6248559671 1397.63374485597 3219.57037037037 430.041152263374 23261.8657534246 0 2862.2 15915.9 160.16
485.012 0 441.76 449.22375 31630.56 0.308 8645.35003941893 808532.7 6.63575 0 0 0 0 0 54755.14 0 1711.6 7192.9 39.2929931751185
764.456 527.58 351.4 992.07 11494.47 147.807301514132 6989.01747230256 378281.4525 8036.30787835087 87868.494 25885.8781069959 22.8703703703703 5165.69629629629 7.03703703703703 46132.5323287671 0 3740 13227.5 226.59
2518.208 2286.18 1295.16 273.75 68795.22 10209.22 39357.8518518518 2028888.66305556 821470.544 92292.732 27189.2495473251 99.104938271605 5425.79259259259 30.4938271604938 56600.3282191781 0 3682.8 12426.7 55.7370399793593
4101.724 66240.6 0 1434.72375 292.63 192.753248210385 267.693865709424 12.1847222222222 10511.748373433 45852.03 13507.9139917696 2871.50205761317 2695.59259259259 883.539094650206 26215.6369863014 0 3229.6 35049.3 311.624785402703
591.008 0 644.473845888268 1516.0402161715 10554.31 86.4999505365411 547.836377110976 274044.5725 4704.03461896527 0 0 0 0 0 21079.74 0 1421.2 9623.9 57.33
92.2234016287019 786.708026509571 40.7470126579621 33.131177440691 14.9303140868384 1.28840818757141 11.1680316928839 0.0625932782500258 188.951195984432 6562.24157423473 1933.22290808013 72.7310336655209 385.78727655701 22.378779589391 4032.05059876047 0 214.153815411428 928.57734025316 7.69528293595756
32.12 3674.24765180265 154.912934251128 37.1104804770947 72.93 34.4458306082632 218.158264021637 0 1873.23089383541 66898.4808244782 19708.1552366841 159.277085236723 1937.61238878347 49.0083339189916 977.77787286528 0 123.2 6048.9 14.8890745941183
2759.108 175.86 351.4 684.375 29679.65 10189.326 825.603925139036 994173.711388888 1155207.22095 96165.09 28330.0382716049 7.62345679012347 5653.44444444444 2.34567901234568 70507.5016438356 0 12724.8 6835.4 0
1.21773218821822 272.38349474763 1.10361942883535 0.268978633559497 0.290463947568097 0.00108351935955662 0.300092524906721 0.0825915560589566 0.0701781244158043 97.4026901701176 28.6946327433034 1.89117258902751 5.72620165609158 0.58189925816231 48.3632125085544 0 7.25980404015968 22.6640619329866 0.149023169886845
0.0918446601941749 23.9718931900999 0 0.566201456310681 0.0708755596932217 0.0363075875401613 0.0845495026611553 0.0464632375759188 1.97447683681484 60.2374159830746 17.7458191967906 0.167885825751776 1.51938509403957 0.0516571771543924 4.71642575931822 0 0.3585716185663 2.38523518198343 0.015693811694245
