0 749484 12958.2 103837.5 67983.2 15.75 0 3899501.13078498 644.94482847836 106532.37 11187.5670781893 16246.7901234568 4164.99999999998 20514.8148148148 104129.080357427 0 10382 68857.6 268.65
3883.16 96976.555322272 110.4 633 176246.4 4.23796473495475 0 1546262.5581039 236.668995015907 26365.0958101856 2768.74792046155 2102.18996164928 1030.77237509522 2654.43434925236 16285.7127889134 0 3291.5 37318.4 417.9
15874.68 371549.044677727 54289.2 513150 67040 16.2370352650452 0 29323229.7555555 906.756676505736 101013.344189815 10607.982943736 8054.18040872109 3949.22762490477 10170.0100951921 56903.7023312352 0 4828.5 48518.4 202.98
0 0 0 0 0 0 0 0 0 0 0 0 0 0 0 0 0 0 0
3259.44 52320 110.4 1869 381.6 7.31049450283417 3951.06845394248 0 236.372655591637 141190.56 14827.2197530864 1134.15637860083 5519.99999999999 1432.0987654321 34996.1437275589 0 4988 13574.4 3.69302257683904
1669.96 0 303.6 3264 578.4 8.82855891155666 1041.62261963431 0 285.456738140333 21508.1503297799 2258.69258838597 0 840.884757595585 0 24666.5253809641 0 3712 74726.4 82.069899035379
17826.32 374872.8 3643.2 39637.5 820 20.3629765036134 2387.81258194957 0 658.402906950165 147585.06 15498.7423868313 8126.23045267489 5769.99999999999 10260.987654321 56366.6297442914 0 44790.5 127814.4 537.3
1408.4 0 276 1749 418.4 6.66615477077878 852.31334351078 0 215.53900425518 16240.0976612171 1705.46456388056 0 634.924453093173 0 16628.2269953525 0 2755 25401.6 3.36752323110908
1770.56 192537.6 11495.4 129294 38275.2 35.1559121692073 26311.6303203226 5438353.91111111 1136.70782680437 29414.7 3089.00411522634 4173.69547325103 1150 5270.12345679014 62968.7998767688 0 3538 16441.6 196.859616302279
31849.96 1300544.4 14462.4 201690 603980.8 46.5552025145987 25161.4705340415 0 1505.28488130536 364742.28 38303.6510288066 28192.29218107 14260 35598.3950617284 182576.875862955 0 40817.5 107923.2 1546.23
5734.2 413066.4 12185.4 79845 1351586.4 1.575 12371.1923266026 25.2222222222222 385.015767509972 153020.385 16069.5366255144 8954.1646090535 5982.5 11306.4197530864 60732.255250357 0 21735.5 102726.4 674.61
5794.56 16350 3091.2 24591 587.2 4.725 1420.20963719621 0 235.485647369536 85174.74 8944.68148148147 354.423868312757 3330 447.530864197531 34397.8024289049 0 7250 43321.6 334.32
1690.08 0 4491.76273861499 56227.6193577262 28368 36.206370029524 39964.2258383731 3249820.55555555 1170.67263095461 88206.0206305325 9263.01341558654 0 3448.51124523154 0 72748.5251448077 0 0 4614.4 18.2902732356317
30200.12 3648012 4926.6 96189 244709.461624375 26659.815 7403.98995991072 0 627247.69275 580748.49 60987.6855967078 79079.0534979424 2526.85489885816 99853.0864197532 218741.469602496 0 50344 129292.8 2495.46
43177.52 774597.6 2097.6 21349.5 2057.6 3.885 2428.87241333348 0 370.323303516858 299902.05 31494.4115226338 16791.1851851851 11391.7973124992 21202.2222222222 87666.138266292 0 20459.5 29926.4 10.4183970584984
24385.44 619992 2470.2 72639 375.2 4.095 3116.10387125555 0 43.995 237108.06 24900.0592592593 13439.7530864197 9270 16970.3703703704 180512.500306787 0 42340 90182.4 2041.74
9456.4 177626.4 1420.36266189284 23699.4020331366 680.8 11.4489965532928 1383.22220840289 12.4 370.1842218898 127762.11 13417.0222222222 3850.46090534979 4994.99999999999 4861.97530864198 38862.7240855478 0 8685.5 61913.6 5.78365837455603
462.76 534710.4 12019.8 76770.2709743215 139864.701601588 36.1570320157551 19541.6204102546 574735.555555555 1169.07736850941 30693.6 3223.3086419753 11591.0781893004 1200 14636.049382716 64127.2207119682 0 11237.5 17203.2 18.2653492857301
16578.88 252836.4 2152.8 12666 560 22.5349536918389 2648.63146267823 0 728.630169369459 159223.05 16720.9135802469 5480.81069958847 6225.00000000001 6920.6172839506 65822.0146327371 0 17646.5 109222.4 2817.84
3118.6 0 1642.2 14376 630.4 10.380128986346 1313.55280875328 36647.0666666666 335.624170558522 25288.0880013827 2655.64523528974 0 988.665572029975 0 24795.3344405184 0 11034.5 49414.4 5.24370145989656
15995.4 228246 6590.67459949217 23826.4786091372 205500.743073748 53.1248904226354 28712.158744754 1525680 1717.70479033188 61579.035 6466.76296296296 4947.75720164609 2407.5 6247.53086419754 105869.559756816 0 9744 22086.4 396.97695605637
16417.92 29691.6 17871 158869.5 6922.4 46.935 1953.03122668154 22.7777777777778 1065.63975 127442.385 13383.446090535 643.633744855967 4982.50000000001 812.716049382718 49688.9896945575 0 4669 53446.4 746.25
3883.16 8502 2994.6 37873.5 38512 14.8139227311523 8006.41088773212 6440018.37777778 478.983501640591 54417.195 5714.65761316872 184.300411522634 2127.5 232.716049382716 33298.1366932598 0 0 5017.6 7.48350895777093
583.48 114842.4 3505.2 79562.7290256785 132469.893700289 34.2453680792798 18508.4324267306 1677376.53333334 1107.26690123005 24746.715 2598.7925925926 2489.4732510288 967.5 3143.45679012346 62892.2610555507 0 7453 14380.8 17.2996392268558
31849.96 2111504.4 22259.4 188974.5 241691.2 10.815 4005.01470424008 50.6666666666666 655.274743330097 314737.29 33052.3440329218 45771.7160493828 0 55412.7716768974 97066.2375105776 0 23127.5 34048 17.2652292960215
2535.12 0 5175 68112 219703.2 26.3884734836627 58116.9661697804 11672108.8 853.227309305095 64287.6442628796 6751.20935063902 0 2513.39605375242 0 58886.2087629879 0 4495 17292.8 281.980593204838
362.16 0 15925.2 136584 38586.4 30.8266855580603 16660.753222759 8699595.4 996.729499710615 75100.0241142086 7886.67854992188 0 2936.1179182973 0 66004.8329118482 0 609 12588.8 1054.35263269823
0 0 0 0 0 0 0 0 0 0 0 0 0 0 0 0 0 0 0
10220.96 1700661.6 11481.6 82365 861.6 13.23 38234.5464298008 438.29086071594 203.091 178662.33 18762.3423868313 36865.7530864197 6984.99999999999 46550.3703703702 141428.683243709 0 30435.5 70470.4 1174.29264297197
4788.56 938751.6 427.8 3408 3265.6 0 933.609845954124 227.296463592315 0 106020.81 11133.8452674897 20349.6008230453 4145.00000000001 25695.4320987654 82677.7970967315 0 30450 60524.8 1480.56
6961.52 427846.8 1794 15790.5 445.6 11.13 715.34348864186 218.491924120281 52.8675 59149.125 6211.58436213991 9274.56378600822 2312.5 11710.987654321 73865.7063324363 0 7090.5 44396.8 545.3551812119
14124.24 2971776 2359.8 7023 1768.8 2.1 1988.6009561545 472.686050880548 9.975 142085.79 14921.2329218107 64420.0823045267 5554.99999999998 81343.2098765434 138384.069230813 0 18516.5 75174.4 1659.66
12414.04 1877110.8 1366.2 10927.5 3992 28.56 1251.7801386176 498.592264514265 135.66 85878.135 9018.54897119341 40690.695473251 3357.5 51380.1234567903 84437.9133612241 0 54621.5 40768 1426.83
2575.36 2156499.6 690 3645 1597.6 7.035 1852.84437942299 337.111111111111 33.41625 148480.29 15592.7555555556 46747.0905349795 5804.99999999999 59027.5308641976 129654.602609572 0 15471.5 59449.6 2865.6
2615.6 2529541.2 731.4 4401 2226.4 0.84 1733.49256006059 319.172062222647 3.99 80890.425 8494.76131687243 54833.6255144033 3162.5 69238.3950617282 104399.323281073 0 13021 45561.6 61.2352840339342
6659.72 2250544.8 1794 6685.5 202948.669951145 14.385 2912.31112799665 56.9555555555555 208.46175 125779.815 13208.8502057613 48785.7366255143 4917.50000000001 61601.7283950618 226784.788651921 0 39367.5 78176 1200.3670054276
5573.24 3222127.2 1738.8 11520 1144 3.15 2196.17929910037 489.081241045156 63.5355 90801.9 9535.62139917695 69847.0205761317 3550 88195.802469136 146017.403651018 0 15152.5 58822.4 877.59
4788.56 2276050.8 800.4 4201.5 783.2 9.555 2024.93916459415 946.735434655568 45.38625 58317.84 6124.28641975308 49338.6378600822 2280 62299.87654321 130200.423611076 0 19140 43769.6 73.3372029541442
11005.64 3562076.4 524.4 3093 1397.6 7.35 2626.19152553628 628.606191439654 34.9125 100777.32 10583.1967078189 77216.2016460905 3940 97500.8641975308 177592.503474056 0 18560 89868.8 2405.97680105687
2857.04 2242958.4 234.6 979.5 143661.855438122 0 17381.4731215239 470.048881194236 0 75646.935 7944.11275720165 48621.2839506172 2957.5 61394.0740740742 136718.988586887 0 15964.5 89017.6 2082.26904690659
17926.92 1842318 14089.8 115483.5 208012.624257119 4.725 25167.1943567516 663.269358325882 22.44375 101800.44 10690.6403292181 39936.4814814815 3980 50427.7777777778 228087.392908249 0 27637 90630.4 597
5472.64 2539089.6 524.4 2391 1318.4 2.835 2233.04720553842 113.977777777778 44.247 141318.45 14840.6502057613 55040.6090534979 5525.00000000001 69499.7530864198 164298.433188928 0 31001 85209.6 2121.62836264663
10080.12 1175761.2 662.4 4215 1442.4 4.83 1303.65208202622 315.803258999015 150.7905 103654.845 10885.3818930041 25487.329218107 4052.50000000001 32182.8395061728 96276.7043913584 0 27738.5 39020.8 47.4564970474477
1609.6 496516.8 1117.26812252169 17961.0692741538 49747.1556598017 0 744.384733144996 227.35849139372 0 73792.53 7749.37119341563 10763.1440329218 2885 13590.6172839506 59170.238757655 0 21735.5 31136 26.4381098890604
45390.72 3004606.8 7341.6 63727.5 283283.561469499 10.395 34274.13348126 140.622222222222 49.37625 325671.885 34200.6477366255 65131.7654320988 12732.5 82241.851851852 320563.86658524 0 18168.5 121408 1438.77
6720.08 1358096.4 1352.4 28498.5847592827 732.8 7.665 1271.1895051801 293.46036594285 36.40875 127634.22 13403.5917695473 29439.8641975309 4990.00000000001 37173.7037037037 90376.5089941484 0 16196.5 55014.4 42.8748757699715
3762.44 1140052.8 1200.6 4174.5 84771.7966134304 0 10256.4365454286 272.701232518464 0 71874.18 7547.91440329218 24713.267489712 2810 31205.4320987654 97918.277734211 0 36699.5 81222.4 534.591944068633
30361.08 1265228.4 1366.2 45225 2472 0 1637.35447987315 402.941936309698 0 95086.215 9985.54156378601 27426.7366255143 3717.5 34631.7283950617 127762.286275634 0 19763.5 33868.8 1247.73
88125.6 1058695.2 50908.2 367810.5 0 84984.165 0 86224.9333333336 2173815.50925 252126 27801.0370370371 22949.6543209876 0 0 85106.5310564832 0 24331 127680 1229.82
50621.92 2404104 37701.6 361233 2646.4 3.885 56.0790123456792 320.733333333334 18.45375 344937.6 38035.0419753087 52114.4855967078 0 0 102334.429123663 0 33756 69171.2 441.78
210374.72 3082825.2 109806.6 1269003 1157093.6 498.708 288017.185185185 1219565.15555555 16124.892 154625.1 17049.9596707819 66827.329218107 0 0 119657.099793582 0 36105 102188.8 0
15291.2 2076711.6 12599.4 134458.5 0 0 35.358024691358 0 0 72653.7 8011.26502057613 45017.5020576132 0 0 52032.7554137738 0 19908.5 32435.2 1402.95
76335.28 3895093.2 44104.8 155613 0 2.625 0 49.6666666666666 12.46875 346825.5 38243.2139917695 84435.1069958848 0 0 197526.650403453 0 51518.5 62003.2 1910.4
37342.72 330662.4 4540.2 43513.5 8052.8 51.45 376.395061728395 62.1111111111111 244.3875 181482 20011.3744855967 7167.8683127572 0 0 30718.6849315069 0 29478.5 31225.6 0
160.96 0 0 0 0 0 0 0 0 5420.1 597.655144032922 0 0 0 -164.821917808219 0 0 2016 0
6277.44 46172.4 0 19321.5 2679.2 0 0 0 0 14737.8 1625.08477366255 1000.89300411523 0 0 1936.65753424658 0 10599.5 9766.4 101.49
29033.16 1844803.2 18947.4 195355.5 12098.4 0 0 781 0 143236.8 15794.212345679 39990.353909465 0 0 57341.2629761683 0 31102.5 156128 3176.04
105026.4 2886886.8 4857.6 44446.5 156772 3712.695 169535.960493827 262277.022222222 112497.3465 202370.7 22314.6971193416 62579.9135802469 0 0 102112.653330831 0 35191.5 385145.6 1164.15
6036 277034.4 483 9886.5 1308 6.3 6.12345679012344 27.2 29.925 90619.2 9992.25679012345 6005.35802469136 0 0 22477.5890410959 0 6873 28537.6 298.5
26699.24 670873.2 2663.4 28011 47559.2 0 0 2.22222222222222 0 48476.4 5345.32016460905 14542.7201646091 0 0 19317.9754550572 0 1363 55148.8 191.04
20361.44 468264 35107.2 441601.5 0 0 27.8518518518518 80404.6888888888 0 105417.9 11624.0567901234 10150.6995884774 0 0 33207.6087821355 0 5147.5 43590.4 0
82995 2498541.6 16767 433150.5 0 9406.53 132.938271604938 414511.933333334 241027.8885 164125.5 18097.5349794239 54161.6378600824 0 0 89993.896040533 0 18052.5 79385.6 2531.28
52090.68 863803.2 9798 207091.5 547589.6 4569.495 94938.1925925924 664900.511111111 123617.0775 103773.6 11442.7456790123 18724.9218106996 0 0 54201.9134546821 0 44834 88256 0
2172.96 81226.8 345 1662 603.2 0 4.64197530864196 0 0 47502 5237.87654320988 1760.77777777778 0 0 6819.50684931508 0 928 14649.6 0
90982.64 5744474.4 152752.2 1937746.5 1148248 49749.21 166170.291358025 485469.822222222 1139140.70025 217230.3 23953.212345679 124524.699588478 0 0 179475.997447927 0 39338.5 71321.6 6375.96
13460.28 633856.8 15000.6 234771 2061.6 14296.485 10.5679012345679 35 254473.38525 168571.2 18587.7465020576 13740.304526749 0 0 47333.6373803716 0 7598 32524.8 889.53
19013.4 1724074.8 1449 54003 974.4 5934.075 22.2222222222222 0 126664.4715 167901.3 18513.8790123457 37373.2880658436 0 0 65141.7989116156 0 20126 41305.6 0
33077.28 974067.6 12047.4 95257.5 2620.8 0 51.7530864197532 132.222222222222 0 188424.6 20776.9102880659 21115.1563786008 0 0 57569.4735972979 0 20778.5 70201.6 0
9657.6 432294 2014.8 10162.5 0 19.005 0 34 90.27375 183674.4 20253.1226337449 9370.9670781893 0 0 32943.7808219178 0 0 35436.8 561.18
33560.16 1041560.4 26275.2 533283 315996 10868.34 10.5679012345679 1806323.33333334 223232.604 66076.5 7286.02057613168 22578.2181069959 0 0 39791.5106023643 0 24461.5 32345.6 626.85
885.28 271410 0 4557 507.2 1.89 0 0 8.9775 46832.1 5164.00905349794 5883.43621399176 0 0 16329.8443985739 0 4553 20249.6 0
1220539.56 14104556.4 399013.2 7632480 8102238.4 12204.045 834691.120987656 6901508.73333334 465927.6195 300297.9 33112.7810699589 305748.711934157 0 0 440812.21152186 0 83766.5 739916.8 6501.33
186854.44 2673421.2 195973.8 2024083.5 1709545.6 20111.91 302786.883950617 2137972.28888889 388591.54425 107671.2 11872.520164609 57952.5555555555 0 0 90139.3570275851 0 22344.5 78265.6 435.81
6699.96 263169.6 910.8 11688 0 0 64.3950617283952 356.333333333334 0 47623.8 5251.30699588477 5704.80658436214 0 0 16925.1789078626 0 13673.5 38304 394.02
54605.68 915730.8 1863 266367 0 11.655 81.5802469135804 109.222222222222 55.36125 168205.8 18547.4551440329 19850.5720164609 0 0 58975.9351473071 0 8323 80595.2 1761.15
2414.4 179065.2 800.4 3744 440 0 31.7037037037037 0 0 48050.1 5298.31358024692 3881.65020576132 0 0 13422.8824920248 0 7134 22041.6 310.44
13118.24 1862984.4 0 561963 2544 5599.545 30634.2913580247 327490.577777778 177267.81975 75272.4 8300.01975308641 40384.4732510288 0 0 52970.9985363109 0 12571.5 89062.4 1761.15
35873.96 280566 4581.6 54151.5 0 0 24.8888888888889 71652 0 27344.1 3015.1366255144 6081.91358024691 0 0 17726.3150309626 0 10541.5 24505.6 77.61
58609.56 495208.8 49845.6 623238 432589.6 6415.29 23413.0962962963 416604.755555555 174374.5815 104321.7 11503.1827160494 10734.7901234568 0 0 41469.7589791705 0 13427 36243.2 394.02
54243.52 1060918.8 24922.8 534853.5 0 19573.995 0 703242.555555555 596575.4865 118328.7 13047.6847736625 22997.8559670782 0 0 57662.3834865829 0 27492 27462.4 1534.29
20120 650730 786.6 4741.5 600.8 0 25.5802469135802 30.1111111111111 0 85381.8 9414.74732510288 14106.0699588478 0 0 31009.5504597485 0 5031.5 22624 883.56
76415.76 440665.2 21307.2 378198 1447211.2 0 0 438820.2 0 84468.3 9314.01893004114 9552.43209876543 0 0 25710.9773691124 0 3204.5 46860.8 0
52654.04 1125926.4 62100 1395108 325999.2 14460.285 0 1152296.28888889 344608.9395 66259.2 7306.16625514404 24407.0452674897 0 0 58781.7049352601 0 9236.5 65408 0
46819.24 2643860.4 4291.8 39163.5 0 17.43 56.2962962962964 208.711111111111 261.324 270030.6 29775.313580247 57311.7572016461 0 0 162969.98551323 0 48850.5 94931.2 6453.57
0 373434 0 3222 152.8 2.52 0 3.66666666666666 11.97 39402.3 4344.75144032922 8095.04115226337 0 0 15787.2303246388 0 2581 5689.6 149.25
10784.32 2086914 0 0 2148.8 9.03 60.8395061728396 102.666666666666 42.8925 165830.7 18285.5613168724 45238.6625514403 0 0 97312.7794332894 0 20401.5 68409.6 0
6277.44 2091230.4 8100.6 208885.5 16622.4 5.565 11.8518518518518 0 26.43375 221249.7 24396.4172839506 45332.2304526749 0 0 85153.7762431974 0 29087 53088 2370.09
37463.44 1010037.6 6334.2 419541 165060.8 11773.86 68.641975308642 684033.444444445 304739.274 30328.2 3344.18271604937 21894.8888888889 0 0 33174.7572902984 0 5611.5 29120 1134.3
4969.64 1190541.6 414 3634.5 2602.4 0 40 85.4444444444448 0 123322.5 13598.3333333333 25807.7283950617 0 0 53671.548132858 0 19473.5 39558.4 716.4
3299.68 514828.8 0 2334 581.6 0 0 8.55555555555552 0 69426 7655.35802469135 11160.0987654321 0 0 24542.0964533684 0 12209 17024 29.85
197880.2 1447432.8 126201 1042699.5 724754.4 33117.21 129619.733333333 382891.355555555 762801.87375 311929.8 34395.3893004114 31376.4362139917 0 0 114295.702458247 0 60537.5 247968 3480.51
80.48 1831.2 6072 61548.6040152502 110706.019388929 0 1675.7239403721 3100278.88888889 0 12789 1343.04526748971 39.6954732510288 500.000000000001 50.1234567901236 131305.375002848 0 1508 11020.8 300.197010825266
23500.16 88290 14252.9631768617 4248 947.2 0 1732.80115639804 0 0 975289.14 102420.632098765 1913.88888888889 38130 2416.66666666667 306308.880362389 0 25679.5 123558.4 3373.05
919.465703213366 0 2635.32391876852 20974.913100819 223.2 0 329.346380632324 0 0 55667.5470942434 5845.96416277146 0 2176.38388827287 0 52140.4917499011 0 0 12678.4 58.0818394449857
7122.48 243157.2 7041.77020358254 621 57233.8654851184 1.89 2431.30806490927 1862350.77777778 8.9775 339547.95 35657.8518518518 5270.99176954733 13275 6655.67901234566 151137.315136409 0 1261.5 12051.2 155.198745573595
3078.36 10987.2 6540.95504208656 52060.3796091377 243.2 2.94 800.2172986841 0 13.965 584265.465 61357.0230452674 238.172839506172 22842.5 300.740740740741 160257.116603765 0 6554 26476.8 161.19
5231.2 98492.4 193.2 1972.5 516 0 884.924573385336 0 0 553699.755 58147.1448559671 2135.04938271605 21647.5 2695.92592592593 157925.129035476 0 4147 10080 67.8764756821712
0 0 0 0 0 0 0 0 0 0 0 0 0 0 0 0 0 0 0
68367.76 1362412.8 2070 20671.5 173537.6 231671.16 31129.4024691358 1003059.26666666 5463236.93475 2373446.565 249249.055967078 29533.4320987654 92792.4999999999 37291.8518518519 827059.143008047 0 139113 120512 613.775641554392
1364.0717996144 0 3909.6303732465 31117.2971000424 74.4 0 1349.87589519074 0 0 82585.4959892317 8672.77031445995 0 3228.77066186691 0 71064.5400140057 0 3146.5 6899.2 86.1672153509902
10361.8 479512.8 2511.6 15360 571.2 2.835 2376.03964294266 10.3333333333334 13.46625 1582958.475 166235.427983539 10394.5432098765 61887.5000000001 13125.1851851852 440772.522799545 0 10599.5 94259.2 430.459468290592
5231.2 236748 1007.4 11358 569.6 1.365 1016.33692721603 0 6.48375 651983.22 68468.4477366255 5132.05761316872 25490 6480.24691358025 198540.268155721 0 11005.5 47667.2 256.71
2595.48 38847.6 7262.45608599855 373450.320794784 59027.5488549956 0 2507.50415626378 622110.422222222 0 553316.085 58106.8534979425 842.111111111111 21632.5 1063.33333333333 156916.670717011 0 3204.5 24640 160.062603826076
12253.08 175926 331.2 2674.5 772.8 0 1479.67081456636 3.11111111111111 0 825210.225 86659.9958847736 3813.60082304526 32262.5 4815.43209876542 240809.354704986 0 8120 30688 260.609050864178
10341.68 0 469.2 2610 89.6 0 2503.92658031057 0 0 153190.392755587 16087.3901020628 0 5989.14663990878 0 91814.6409715387 0 1624 23475.2 159.834234863645
0 0 0 0 0 0 8.69135802469136 0 0 24786.3 2733.09711934156 0 0 0 3873.31506849315 0 1261.5 10393.6 0
1368.16 139956 1104 213958.408287735 324.8 0 1283.87390668669 0 0 520128.63 54621.6510288066 3033.8683127572 20335 3830.86419753087 194931.38578846 0 11179.5 23923.2 470.457338672314
722.151927763496 0 2069.79362206652 3223.67945907259 257.6 1.365 266.292282762846 220802.488888889 6.48375 75199.32 7897.1061728395 0 2940 0 30569.6106783726 0 1392 30508.8 45.6177018638758
3641.72 144534 2539.2 17374.5 448 0 1132.03603717372 0 0 495637.695 52049.7193415638 3133.10699588478 19377.5 3956.17283950617 179194.440486539 0 39338.5 104025.6 203.632997974122
1281.04906349615 25506 3671.67500250304 29223.376892484 284 0 1267.71717724753 0 0 237172.005 24906.7744855967 552.901234567901 9272.50000000002 698.148148148149 78742.1726014962 0 3320.5 7884.8 80.9227421611247
51145.04 465778.8 331.2 2749.5 593.6 1.26 1721.14722246904 0 5.985 800079.84 84020.9119341563 10096.8271604938 31280 12749.2592592592 273991.554049772 0 27158.5 90003.2 309.091380941005
1865.63314203085 88420.8 1628.4 8040 95456.8 0 28789.2330716216 1201989.88888889 0 452730.6 47543.8024691359 1916.72427983539 17700 2420.24691358025 108146.420887462 0 1319.5 16755.2 117.850404033542
4044.12 87897.6 4664.4 43108.5 503.2 0 2877.18700476304 0 0 200403.63 21045.5193415638 1905.38271604938 7835.00000000001 2405.92592592592 111664.23830612 0 3436.5 23116.8 183.66072994396
2668.39767300771 0 7648.02013591979 150783.250279223 84.8 0 2640.62764041776 0 0 49045.815 5150.57860082305 0 1917.5 0 79825.9391939742 0 0 3897.6 168.560333112329
563.36 0 496.8 3432.80076324636 633.6 2.31 96.5633412897556 0 10.9725 16246.767728202 1706.16502536291 0 635.185226687075 0 15841.8776455799 0 2001 27238.4 16.9513873692305
47744.76 773028 786.6 8599.5 1323.2 1.26 2888.91603783287 49.2222222222222 5.985 1487424.645 156202.879835391 16757.1604938271 58152.4999999998 21159.2592592593 563447.87798244 0 24693.5 279148.8 1295.49
2293.68 523.2 427.8 2617.5 371.2 0 657.753724137756 0 0 334943.91 35174.3555555556 11.3415637860083 13095 14.320987654321 111124.197039837 0 5176.5 26835.2 113.659633249279
8188.84 95484 883.2 29268 710.4 0 1442.69732731347 4.22222222222222 0 581963.445 61115.2748971194 2069.8353909465 22752.5 2613.58024691358 226280.159354763 0 12513.5 62182.4 183.636992830381
5231.2 6147.6 5638.39704686785 44876.793795137 231.2 0 1946.76619896458 0 0 404132.4 42440.2304526749 133.263374485596 15800 168.271604938272 145948.040975394 0 17777 24640 124.268773819764
925.52 0 358.8 1672.5 505.6 0 389.304787931083 0 0 67010.7169994925 7037.17462954575 0 2619.85757289438 0 37580.1176044748 0 986 21862.4 993.235302558947
1086.48 0 4973.06728604196 98045.6688032112 111.2 0 602.440808555228 84837.8888888888 0 105049.119532125 11031.802552317 0 4107.01069403884 0 75384.1532796198 0 333.5 46502.4 109.60508254787
1629.72 63176.4 3464.44114257366 1917 28158.1694094893 0 1196.16565818316 0 0 250216.785 26276.6806584362 1369.4938271605 9782.49999999999 1729.25925925926 86150.0745055638 0 9120.5 14380.8 76.3553629125018
10884.92 96399.6 745.2 13074 457.6 0 1394.0277078754 185669.911111111 0 374973.48 39378.0872427983 2089.68312757201 14660 2638.64197530864 163902.734055897 0 9425 91347.2 251.674616018188
2333.92 7717.2 2716.76319003901 43074.3363334198 533.6 0 370.305633555991 0 0 68612.985 7205.4378600823 167.288065843621 2682.5 211.234567901235 35578.8350835857 0 1682 16620.8 298.682571585781
4084.36 0 138 937.5 131.2 26810.385 2417.31158354843 0 581038.78875 147891.281560853 15530.900445953 0 5781.97206821696 0 168876.001594691 0 113346.5 12723.2 154.305302088996
3983.76 0 121357.2 1233150 78.4 0 3924.7263496616 375997.777777778 0 240115.016027463 25215.8367291344 0 9387.56024816105 0 144141.22709617 0 0 16755.2 122.361747998023
383.845377377892 0 1100.15729850225 21689.9655516699 8941.82187355592 0 379.850695945244 0 0 23239.2905438616 2440.48941940353 0 908.565585419562 0 13447.3641285806 0 0 7526.4 24.2471747479515
2222.7133592545 0 6370.62335195163 125598.949563495 111.2 0 2199.58156632536 0 0 134570.5447967 14132.0144915725 0 5261.18323546405 0 72946.6742616431 0 0 9766.4 140.406847164898
1405.36118174807 0 4027.97181431143 79412.7985284041 120 0 1390.73557844592 0 0 99434.475 10442.1769547325 0 3887.5 0 53221.8419879407 0 3436.5 13843.2 376.173365085161
2475.01621966581 112488 7093.76045265254 2259 57656.4301010862 0 2449.25870916577 0 0 44185.995 4640.22139917695 2438.43621399176 1727.5 3079.01234567901 70116.5107750665 0 609 9139.2 156.344596858776
868.852912210797 0 2490.26021681796 49096.3050383882 20240.2541053937 0 301.671044695377 0 0 10998.54 1155.01893004115 0 430.000000000001 0 24070.1200760196 0 0 1792 54.8846739709498
14345.56 68146.8 1242 12274.5 1945.6 21.105 2809.40530542396 0 100.24875 1087065 114158.847736625 1477.23868312757 42499.9999999999 1865.30864197531 409605.674529667 0 36453 276057.6 1701.45
14587 95091.6 2566.8 8538 268 0 960.64632217862 0 0 526011.57 55239.4518518518 2061.329218107 20565 2602.83950617284 167933.085588816 0 6612 40633.6 464.867702160507
2121.17065449872 0 427.8 124775.669442752 49413.4650924 0 2099.0956171832 0 0 128422.807823679 13486.4058398102 0 5020.83070700129 0 89068.4135111169 0 2175 9049.6 133.992483851701
46296.12 333147.6 10402.4126321039 205087.010695433 236 0 1340.05759021205 0 0 814531.41 85538.5530864198 7221.74074074074 31845 9118.88888888891 263584.622482663 0 8047.5 45292.8 88.2069980879702
376.932101413882 0 138 799.5 8780.77451991784 2.415 373.009366490843 0 11.47125 22380.75 2350.329218107 0 874.999999999999 0 12801.6727703859 0 1638.5 1344 23.8104691882148
968.810003213366 0 82.8 1116 22568.7919891882 0 958.727590972172 0 0 16497.81 1732.52839506173 0 644.999999999999 0 29378.4846775579 0 0 5779.2 61.1988754585194
6156.72 354729.6 8461.68571227406 166824.936632375 1188.8 0 1029.28396473647 0 0 673660.575 70744.9094650206 7689.58024691358 26337.5 9709.62962962964 234460.722660379 0 53432.5 77324.8 1146.24
1891.28 4970.4 607.2 3697.5 636.8 0 2263.161995108 0 0 464496.48 48779.4041152263 107.744855967078 18160 136.04938271605 140309.91959575 0 25317 21683.2 2476.94828947742
160.96 0 2160.50388180754 42595.04966649 96 0 745.95596849128 0 0 45637.6351807328 4792.66634990266 0 1784.25346707064 0 26870.9922529652 0 0 9900.8 47.6169319034045
301.8 0 331.2 2436 74909.1819215608 0 3182.15966365232 0 0 10870.65 1141.58847736625 0 424.999999999999 0 89366.4455843153 0 797.5 5376 203.128182372958
1995.27292249357 0 5718.74561361239 112746.964026765 144 0 1974.50810372462 0 0 18671.94 1960.84609053498 0 730 0 55496.2671848356 0 0 2374.4 126.039634896862
482.88 155259.6 165.6 1129.5 54535.9529370164 0.84 2316.70010542546 899748.844444448 3.99 459380.88 48242.1860082305 3365.60905349795 17960 4249.75308641975 139989.549348735 0 10846 19219.2 262.770196708113
20643.12 178411.2 855.6 5787 368.8 13440.525 1276.75113552033 0 382819.2375 764270.64 80260.3851851851 3867.4732510288 29880 4883.45679012347 261886.17495934 0 4988 60166.4 1677.57
28771.6 59775.6 5713.2 66762 286319.2 62475 70109.550617284 5948936.46666666 1727964.651 714777.21 75062.8 1295.77366255144 27945 1636.17283950617 218587.243533703 0 17893 30240 160.447225236486
764.56 203001.6 3724.39238792366 73427.6295807358 155.2 2.625 1285.91887946566 0 12.46875 153340.11 16103.1127572016 4400.5267489712 5995.00000000001 5556.54320987653 59313.5679948447 0 2842 23430.4 89.3458674715954
1669.96 156567.6 6593.30885933187 231680.687948407 40884 2.835 802.63713588106 211442.222222222 13.46625 455416.29 47825.8419753087 3393.96296296296 17805 4285.55555555555 140225.260949882 0 0 17516.8 889.100252353046
1417.60211992288 0 4063.0561432293 80104.4976942125 219.2 0 1402.84912509454 0 0 50580.495 5311.7440329218 0 1977.5 0 47017.8952349938 0 0 23564.8 125.589916193629
8349.8 146103.6 138 21225.4404755049 700.8 0 639.209084143132 0 0 217604.835 22851.9152263374 3167.1316872428 8507.50000000001 3999.13580246913 83933.9834336625 0 6742.5 63705.6 110.506538978519
2494.88 1700.4 6871.62029753527 2412 603.2 0 941.892281227092 0 0 564762.24 59308.8790123458 36.8600823045267 22080 46.5432098765434 168110.253029728 0 4306.5 38035.2 895.5
1648.1503596401 0 4723.84130186374 37597.7162059654 212 0 1630.99804772523 0 0 99784.5677582265 10478.942176573 0 3901.18726085802 0 55939.1262965347 0 1870.5 1433.6 427.038430594051
2132.72 21582 2496.25909171066 19868.0766158823 83.2 0 861.881982273644 0 0 187039.125 19642.037037037 467.839506172839 7312.50000000002 590.740740740739 56462.8151024939 0 2479.5 30329.6 261.878651924787
2696.08 207841.2 1131.6 4453.5 542.4 6673.065 1514.06273824809 0 210068.3025 1131250.995 118799.069135802 4505.43621399176 44227.5000000001 5689.012345679 348176.091929258 0 22489.5 62764.8 267.428067952911
63981.6 3525452.4 6706.8 112162.5 1125172 406386.96 176338.745679012 15482468.3777778 10866258.78975 1638718.515 172091.105349794 76422.29218107 64067.4999999999 96498.3950617284 770306.001304293 0 124381 113836.8 614.91
57663.92 362839.2 3684.6 39021 111431.2 98910.525 24357.787654321 2310036.06666666 1885053.261 968255.19 101681.957201646 7865.37448559671 37855 9931.6049382716 318066.815222271 0 75632 42739.2 308.35018343136
8168.72 114188.4 869.4 20426.556482452 620 0 585.57423031384 0 0 282445.065 29661.1547325102 2475.2962962963 11042.5 3125.55555555556 83744.6096228763 0 2914.5 42470.4 103.2908810603
762.680215295631 0 2185.95365407957 117 446.4 13.44 307.183518765824 3.55555555555555 63.84 46175.2261715029 4849.12182226164 0 1805.27117724227 0 36596.4846210091 0 0 31897.6 338.104026317766
2133.60186632391 0 6115.21670879305 482674.088775926 49703.054829217 0 2111.39745730304 0 0 129175.435210758 13565.4435011128 0 5050.25550124158 0 72592.4451841523 0 0 4345.6 134.777752564622
1931.52 16088.4 4506.97288528854 540 212.8 0 1556.12001066927 0 0 277968.915 29191.0888888889 348.753086419753 10867.5 440.370370370372 107237.193883385 0 5742 26297.6 99.332485711494
2669.60273946016 0 207 30857.5780963843 62189.3959814678 0 2641.8201657355 0 0 161626.731375029 16973.3377647247 0 6318.97456310224 0 95474.0735050655 0 957 4435.2 168.636456099807
60.0630489717225 0 172.149531011505 3393.98502601313 56 0 59.4379724157544 0 0 3636.41905899486 381.88094517104 0 142.169796660992 0 1933.69462812943 0 0 5779.2 3.79412995477695
0 0 0 0 0 0 0 0 0 0 0 0 0 0 0 0 0 0 0
0 0 0 0 0 0 0 0 0 0 0 0 0 0 0 0 0 0 0
0 0 0 0 0 0 0 0 0 0 0 0 0 0 0 0 0 0 0
12092.12 44079.6 9427.50456999752 180811.169939133 277.6 1.05 3255.02923701525 0 4.9875 18480.105 1940.70041152263 955.526748971193 722.5 1206.54320987654 91509.8031316952 0 3871.5 31897.6 185.346824022093
0 0 0 0 0 0 0 0 0 0 0 0 0 0 0 0 0 0 0
0 0 0 0 0 0 0 0 0 0 0 0 0 0 0 0 0 0 0
0 0 0 0 0 0 0 0 0 0 0 0 0 0 0 0 0 0 0
0 0 0 0 0 0 0 0 0 0 0 0 0 0 0 0 0 0 0
0 0 0 0 0 0 0 0 0 0 0 0 0 0 0 0 0 0 0
0 0 0 0 0 0 0 0 0 0 0 0 0 0 0 0 0 0 0
0 0 0 0 0 0 0 0 0 0 0 0 0 0 0 0 0 0 0
0 0 0 0 0 0 0 0 0 0 0 0 0 0 0 0 0 0 0
0 0 0 0 0 0 0 0 0 0 0 0 0 0 0 0 0 0 0
0 0 0 0 0 0 0 0 0 0 0 0 0 0 0 0 0 0 0
0 0 0 0 0 0 0 0 0 0 0 0 0 0 0 0 0 0 0
0 0 0 0 0 0 0 0 0 0 0 0 0 0 0 0 0 0 0
0 0 0 0 0 0 0 0 0 0 0 0 0 0 0 0 0 0 0
0 0 0 0 0 0 0 0 0 0 0 0 0 0 0 0 0 0 0
0 0 0 0 0 0 0 0 0 0 0 0 0 0 0 0 0 0 0
0 0 0 0 0 0 0 0 0 0 0 0 0 0 0 0 0 0 0
0 0 0 0 0 0 0 0 0 0 0 0 0 0 0 0 0 0 0
0 0 0 0 0 0 0 0 0 0 0 0 0 0 0 0 0 0 0
0 0 0 0 0 0 0 0 0 0 0 0 0 0 0 0 0 0 0
3679.06787930591 0 6348 181186.5 177.6 0 3640.77979505878 216927.222222222 0 222743.147154292 23391.5184651916 0 8708.38795661478 0 121416.46016075 0 1247 29523.2 441.07212512388
1766.37372107969 0 32678.4 351186 317.6 0 622.87816104092 0 0 18096.435 1900.40905349794 0 707.499999999999 0 49410.0359264582 0 2146 18816 111.580273749248
0 0 0 0 0 0 0 0 0 0 0 0 0 0 0 0 0 0 0
0 0 0 0 0 0 0 0 0 0 0 0 0 0 0 0 0 0 0
0 0 0 0 0 0 0 0 0 0 0 0 0 0 0 0 0 0 0
8349.8 200516.4 8431.8 78172.5 664 0 6779.20051270844 0 0 349651.26 36718.8576131688 4346.65432098766 13670 5488.51851851853 120637.547832707 0 10686.5 44307.2 334.32
2615.6 18050.4 276 1443 230819.2 7782.39 4652.78716004924 2043009.04444445 145502.7 487708.515 51217.0312757201 391.283950617284 19067.5 494.074074074073 126068.289043723 0 27347 12633.6 170.763503136445
8812.56 235047.6 648.6 9370.5 825.6 11858.49 1283.30806864198 14.8888888888889 210291.61125 910960.47 95665.1144032922 5095.1975308642 35615 6433.70370370369 397338.419912852 0 42238.5 59673.6 322.31093381285
10039.88 1962 1090.2 10105.5 101513.6 0 12378.4927177882 590110.644444445 0 589445.01 61900.9563786009 42.5308641975309 23045 53.7037037037038 157406.817195385 0 13180.5 32390.4 704.46
28590.52 44341.2 1573.2 18267 605094.4 61258.785 151405.965432099 5186376.82222222 1299255.4155 674300.025 70812.061728395 961.197530864197 26362.5 1213.7037037037 178825.589427399 0 38033.5 25267.2 333.866554628737
11911.04 432424.8 3436.2 34675.5 2836 0 1115.58340442013 0 0 323050.14 33925.3234567901 9373.8024691358 12630 11836.2962962963 117541.95758859 0 6902 106668.8 901.373865618464
3360.04 44472 229.596021491621 1241.42109193424 28532.8 0 3930.3832377337 315511.111111111 0 241776.045 25390.2707818931 964.0329218107 9452.5 1217.28395061728 78236.8514480748 0 12745.5 16486.4 1182.06
5452.52 225499.2 814.2 5670 385.6 0.945 982.37157292092 2.66666666666666 4.48875 666370.845 69979.3736625515 4888.21399176955 26052.5 6172.34567901233 316741.498627767 0 28115.5 42425.6 240.345650192393
181.08 8102.9847501288 97.8807854675707 963.386273506459 468 0 1675.59087478346 0 0 96583.4207921176 10142.7716172352 175.650837921708 3776.0349046883 221.79423656297 28197.4366545276 0 1102 14470.4 61.4964230597765
15874.68 7063.2 3946.8 38113.5 172373.6 84905.625 6304.44296511744 2516188.57777778 2189802.31575 671102.775 70476.3004115227 153.111111111111 26237.5 193.333333333333 226212.915322641 0 141273.5 14739.2 782.07
3903.28 15172.8 552 3909 620.8 1.05 748.547269972288 14.6666666666666 4.9875 462897.855 48611.5234567901 328.905349794238 18097.5 415.308641975309 148245.781052295 0 71557.5 36332.8 254.505999344207
17705.6 244596 1766.4 10384.5 1286.4 3.255 1590.08276195014 55.7777777777778 37.0335 583881.795 61316.7316872428 5302.18106995884 22827.5 6695.06172839506 206925.966630642 0 42354.5 45024 692.52
14486.4 74294.4 304.033401560701 4252.17212585777 583.2 1.05 771.791001567444 0 4.9875 308982.24 32447.9736625515 1610.50205761317 12080 2033.58024691358 118723.470953965 0 48053 26521.6 191.017742628091
1830.92 8222.02056213864 524.4 3757.5 112.8 0 260.015630966196 0 0 98002.2665971148 10291.7726449699 178.231213026312 3831.50623962448 225.052475084023 36151.063902642 0 7221 10662.4 62.3998280247809
