0 9870.83263387088 0 458.250859732917 130.412271643876 4.9523196809086 0 1267229.26520219 726.281263679915 2285.85333658252 673.407704486716 454.114377665809 134.382912203557 139.727500820249 4518.19782720136 0 707.835255378838 11448.0666598122 9.96090588258156
0 2924.65067176336 23.983994744543 42.6154856818657 0 1.96101404783335 0 37676.3431441833 160.746291523424 461.424348293469 135.934666588513 123.684737952773 27.1266518691046 38.056842447007 402.956767239457 0 125.693013626365 3137.06988364338 0
0 17173.2595242861 0 1064.28110018578 127.500367212923 6.24270795344456 0 5240545.96302515 967.145534354692 3429.86027201756 1010.42980121492 754.135335890014 201.637876073931 232.041641812312 2852.57605987786 0 185.673719840226 4788.07621980139 19.1502212713179
0 0 0 0 0 0 0 0 0 0 0 0 0 0 0 0 0 0 0
0 0 401.6 0 110.37 1.68493921029802 296.507314745971 3.57361111111112 970.727869320735 0 0 0 0 0 14257.98 0 462 2345.2 76.7733424090459
0 2835.79928292381 0 256.23 494 7.458666553768 22.5927800618771 180.833333333333 1928.0339039616 6671.01016997204 1965.26591329113 122.930702256527 392.181667840801 37.8248314635466 1489.20468970817 0 1060.4 20735 1.31265341593206
867.24 7210.26 943.76 2399.41875 1144 12.973627108149 22.3577122789565 246.493055555556 3825.16977782325 17899.308 5273.09942386831 312.561728395062 1052.28148148148 96.1728395061728 8800.92219178079 0 3005.2 40311.7 226.59
0 1517.73444997118 0 334.5225 305.11 3.3028402071656 8.40883332825256 30777.1616666667 1256.76000095009 1602.70553585381 472.153763583557 65.793147948579 94.2213718902885 20.2440455226397 1166.55344133035 0 646.8 5691.4 17.0697558236551
0 0 90.36 206.955 262.21 12.9255926276474 1239.83423191041 2907776.8275 7368.73345661794 0 0 0 0 0 6379.67 0 343.2 8036.6 5.56532602578575
854.392 134005.32 923.68 2678.9175 0 19.0650821109281 2231.3687669289 7328.73583333332 7499.45539714069 45198.972 13315.5244444444 5809.07407407406 2657.2 1787.40740740741 26242.4498630137 0 4281.2 33748 358.54
0 68517.3987622387 0 0 0 55.9866722075573 1357.29445435893 278.146718720755 8210.71208243927 11271.2536169911 3320.48819731071 2931.12785818872 662.625139152912 901.8854948273 10474.5117095166 0 1455.6060925862 45809.6032791793 0
0 1758.6 863.44 675.615 445.9 2.044 10.4960489135075 0 1958.56560201497 6732.936 1983.50913580247 76.2345679012347 395.822222222222 23.4567901234568 2102.32 0 897.6 7922.2 37.31
0 9869.27427918791 6035.01362160448 54.2025 29.38 13.3748826439068 1276.95191434978 2212628.70277778 7624.86858867017 10781.9112182567 3246.37521387776 427.82887533985 0 59.1111111111109 0 0 0 1615.9 110.998404302951
5042.84 299811.99 1094.36 12250.03875 100449.203627843 1209.18 94.5399480309188 827.553611111112 26051.35125 70686.63 20824.1362139918 12996.7232510288 4155.59259259259 3998.99176954732 54511.8079452054 0 6065.4 42957.2 553.28
226.289146728815 4018.41339610409 45.547746570241 348.901396170203 126.729372912712 11.9678503513573 6.46776505913295 15.9294950198751 1755.14224379014 12405.4608982004 3654.62333600392 353.646417090415 729.303991663753 108.814282181666 8578.34474052709 0 555.97712212585 2156.09924076789 26.9332361821146
831.908 53461.44 180.72 1667.95875 671.71 24.178 19.9924306396038 862.11 520.906375 20824.272 6134.78781893004 2317.53086419753 1224.23703703704 713.086419753084 11785.6230136986 0 2252.8 26798.2 234.78
0 9086.1 1623.18042050997 1537.27847899234 234.65 2.68503303532932 25.2528263944589 102.093333333333 1530.70681782401 8728.902 2571.5166255144 393.878600823045 513.162962962963 121.19341563786 4137.40136986302 0 1804 24066.9 68.6931399988424
562.1 106307.37 0 25998.352434493 73122.7401949433 15.1733980332774 2664.61327073175 522595.416666668 8650.1817718777 6999.678 2062.090781893 4608.37962962963 411.503703703704 1417.96296296297 9251.50328767126 0 1214.4 5762.9 125.924317572581
0 4220.64 371.48 563.3775 693.94 7.79823512360847 50.435529254176 37.51 4019.0204630652 11561.886 3406.10790123457 182.962962962963 679.711111111111 56.2962962962965 5650.53123287671 0 2142.8 40254.5 436.8
0 7453.45954198065 0 854.37375 379.99 13.2476841753115 44.3982705926384 333.689166666668 2530.86297091505 7870.94643961744 2318.76467716211 323.104325913925 462.724658413724 99.4167156658231 2106.62193860342 0 730.4 11039.6 21.5250340799478
0 36549.57 8265.24595788555 0 87623.7518888922 18.1172980161348 3158.20790154448 1611124.19833333 10328.4656944437 4424.238 1303.37144032922 1584.40843621399 260.096296296297 487.510288065843 5620.9005479452 0 1524.6 7164.3 111.540699981093
195.932 9877.47 1977.88 4172.77125 809.77 11.802 66.0686983827048 0 768.47065 13373.892 3939.92115226338 428.184156378601 786.237037037037 131.748971193416 5874.60876712329 0 954.8 17631.9 0
0 0 0 0 939.12 5.5688921502522 970.29129040089 2423293.93888889 3174.76212394986 1628.046 479.619012345679 0 95.7111111111109 0 725.954794520548 0 279.4 629.2 46.2163413968216
0 9115.41 0 18243.480065507 51411.0142883215 10.6474279569669 1863.54575126905 367713.604166668 6069.97766938843 1986.768 585.297777777778 395.149176954732 116.8 121.584362139918 1349.94410958904 0 1353 2960.1 88.3632062141766
16095.332 316987.65 3483.88 11187.0675 0 1.372 45.436687197166 102.033055555556 6106.78508038004 65011.464 19152.2439506173 13741.2808641975 3821.95555555555 4228.08641975308 53056.4054794521 0 7812.2 10796.5 467.193944114998
0 5046.44704438229 0 64.605 85.15 6.83896658233897 1189.96345719565 2647546.165 3898.81712318407 8364.31478513332 2464.10997981261 218.761349860655 339.603264131853 67.3111845725091 546.708285634994 0 0 4375.8 92.1246292952759
0 4797.43700173337 0 938.532007727073 0 7.04839650355406 8423.73649589041 1431906.32728373 3561.23581308646 4816.49286389664 1418.92891868665 197.723300068848 81.137254680201 60.8379384827224 0 0 598.48708298973 2257.68564788537 2.6614473814144
0 0 0 0 0 0 0 0 0 0 0 0 0 0 0 0 0 0 0
54.117315986146 11560.7079719716 0 38.504062004313 26.7979499426711 0.191949883262935 132.185851042033 97.1076881875104 8.77516899427899 1585.48598128643 467.080918126708 492.107336956158 93.2090523977914 151.417642140356 1603.57592950968 0 231.253906978679 1198.81365081062 25.9554111023792
945.905738865957 136769.956904729 1342.24415130229 145.622393239916 354.277589736162 1.1256108142033 351.937253939507 753.722635105171 24.2508829881478 11849.6191650662 3490.87350149904 5859.67566178931 696.62664109737 1802.97712670441 12321.5881944004 0 563.553321263911 14385.0070398532 79.9707217997924
207.868065778487 62261.9500944816 439.019929574909 106.296170000363 226.69869749882 1.94672980723854 293.264815825409 651.453010384312 93.3099910924965 10811.1823498747 3184.95214566172 3032.38784357479 635.578033502337 933.042413407628 9269.53910446456 0 1008.171662976 7778.69853704578 4.86659671009623
1001.44752186075 370209.436008552 3611.88803506631 634.932172814357 590.439366290097 5.33029293355569 811.824389603642 2382.35143997712 339.85693920878 23126.0844689836 6812.89705108864 16037.4935008165 1359.55816984031 4934.6133848666 37770.9850576715 0 2814.04291355321 7373.67182191989 391.028051162419
442.820002118119 355778.024654298 584.222180989884 30.3883265916359 130.809906659887 0 464.266655744438 1062.49691383005 0 12845.4397308645 3784.24019767448 15718.3980193306 755.169884236592 4836.43015979402 18728.6141669306 0 911.873603365455 7104.93309749651 0
329.554420886898 81239.3343838224 794.659423714823 742.745759195851 291.872166886616 1.85593813893687 227.428876200306 333.452987560811 143.168136390889 11768.0887749431 3466.85481579419 2807.13669469701 691.833555258263 863.734367599083 8337.50588706177 0 1242.54700112607 3623.73713073504 41.7928084603352
0 89244.8228809247 299.159888125663 320.472100469089 438.156968154957 0.095189782312238 136.549467543592 306.77790447123 2.05082986356635 4153.3709764382 1223.57457075814 3006.36865389136 244.172309020471 925.036508889651 3360.80648332523 0 2502.45138643366 2236.27995732108 87.4789646221668
76.1512342444481 8187.77593673339 3.94452826234007 6.54208330554577 731.283006595944 0.0237083543724932 20.9050694554576 0.421959785829292 1.41794756485618 336.948443013252 99.264320203133 471.420556132478 19.8088443864346 145.052478809993 712.484363828663 0 319.328502424664 298.927124796357 0.360792511182799
1634.95391299542 162975.248199775 546.09846160717 195.346412777699 141.789300725457 1.40932825318137 419.54287848517 1034.96995075375 100.980459789899 10498.8362842763 3092.93563538352 7804.21934619183 617.215536994495 2401.29826036671 16732.0399458948 0 888.542496029386 14244.3631700148 53.9295367850454
14.8205010061162 43232.5690041431 61.5919921100722 73.5618552973388 48.9954890756085 0.44190529293398 58.8249399582602 170.933963198428 9.52069171294372 1287.68412925558 379.349103334161 1193.29947532895 75.7015949003869 367.169069331983 1803.04349625559 0 273.27029018905 1292.6411447271 9.21464808890125
18.8368424697541 72698.9369016332 71.2755401310155 22.2856632837813 3071.4078560013 0 570.338668413118 197.608692594061 0 1280.4095815625 377.206036504465 2348.44062285969 75.2739318966781 722.59711472606 3022.62942251204 0 124.096357654923 1265.66401435879 24.5567968915192
5.42559012501978 755.340257088056 0 1.03701674492622 43.9512566315852 0.00218535950518859 7.68575991677798 2.67245147805305 0.129348233045638 13.9647768733877 4.11399462401062 30.4247651383274 0.820974536942253 9.36146619640841 60.1045847545938 0 1.13000353025674 13.5178351004906 0
1497.55246621356 117869.63614814 1237.95492199987 1395.51693707777 474.742688783301 2.19824851531662 1191.34774849954 831.224627301137 112.817952552909 24180.099817684 7123.40781094484 5237.25991447839 1421.52262302669 1611.46458907027 17879.9445129957 0 3157.69440543729 16805.7158624951 908.273941174152
10.1304359871956 1942.61119589929 39.1420730451712 50.6281968962352 21.8388026732062 0.230587618637563 29.6726281340187 94.0051222214823 17.4906666167468 889.233554353323 261.966381222384 327.542201311366 52.277104900254 100.782215788113 1063.60165268783 0 141.760572081095 509.268350212472 29.7734605304354
119.843520208144 34136.8248344924 3158.24885890834 549.747309812861 4517.91180444699 1.85907025500206 177.521448533983 483.888799287026 40.0530046903569 2412.97585747147 710.857738402009 1695.74644704144 141.856311432773 521.768137551212 3417.20304025254 0 574.592220176031 1444.89294762987 84.6746659588187
7434.99553117224 533042.723220303 3413.80703973306 30611.1214957976 96437.4334585858 1.53793942641974 11746.9905087135 192.937242521162 154.070601728419 54226.2062361335 15974.9291348202 23180.7542832037 3187.90160118362 7132.53977944732 70359.160865932 0 7869.82087671223 29111.4322096758 406.211302470229
372.351422674558 209137.475333214 1264.2231817651 2530.82272133893 373.63859103138 2.28052654523807 581.577590854289 1506.57631104693 144.12490548392 18705.8441003102 5510.70330474879 9060.97695244287 1099.69689008291 2787.99290844395 23757.70240889 0 6938.71687506439 12304.3501239854 517.891665982768
0 12530.7822194048 108.56646998419 0 1666.6453673824 0.0175609509217454 306.636376700163 108.219937341675 2.57539707624978 576.877237779335 169.946851027814 781.762732556806 33.9140057483442 240.542379248248 2574.57417207253 0 166.843451614481 953.561076836564 6.78719601753303
252.565803662478 4306.31947721911 8.2235907948425 6.54273848539253 604.354745421903 0.106732782764812 17.6177140658464 40.8953482962342 7.25744016370165 248.039930432512 73.0720547554137 238.722172654129 14.5820064922111 73.4529762012706 705.456413408426 0 75.7294506283663 247.772531418312 0
7323.36 216425.04 3192.72 71004.18 58840.9506131463 5523.448 57549.0619081811 100592.709444444 550461.7769 42246.414 12445.7069135802 9381.9341563786 2483.62222222222 2886.74897119341 31723.2435616438 0 4246 42785.6 963.500716421662
6034.78264106227 313717.790870863 2991.63973302733 142717.963446377 4235.39321397625 2.68774820261821 41.1023222343363 0 24143.4854459162 72114.7620441207 21244.8609849751 13598.9729156023 4239.55097261145 4184.29935864687 67445.1058969329 0 7294.5166249034 11596.2136273155 333.359177453203
2072.37056435736 102503.975839029 2909.93619338492 39450.195181763 21393.7830290115 117.150457623961 9072.24100297524 180850.153532711 5349.30248596347 5599.4347420316 1649.58199010795 3572.81603455282 329.184876074757 1099.32801063164 9744.65529233503 0 820.357033558627 2765.2710820907 173.265047174214
3668.104 696552.15 3152.56 1687.9425 6888.79264224473 373.280490125995 469.230370114284 79.9972222222224 30368.5897897053 12969.18 3820.69382716049 30195.2417695473 762.444444444444 9290.84362139918 47010.895890411 0 1865.6 10296 9.97311154061295
4808.364 441379.29 0 46363.395 17738.6171377847 85.596 1161.73283637185 1503.74972222222 39251.8925116142 75690.342 22298.2195061728 19133.6059670782 4449.75555555556 5887.26337448561 59413.4079452054 0 4472.6 10067.2 405.86
919.258996755865 63789.6054338421 644.738129531632 819.448672019765 108.132234056169 0.212370999782983 188.285412193035 61.1586342271859 5740.07783439414 10641.3161603259 3134.90991462993 2752.94439931547 625.591778972713 847.059815173992 8865.00832379168 0 0 2472.90859890156 55.0743425628133
0 0 1396.37247723689 13162.3307380438 119.272699081083 6.12944659699014 13.6410034481866 0 498.790188350681 0 0 0 0 0 257.137698789643 0 0 0 2.25985424634067
0 0 6.16366702857453 0.0296780592734226 0.0373221797323136 0.0270557236762746 0.0365147224815696 0.00236270448268536 2.20168807981454 0 0 0 0 0 1.3910793499044 0 0.17961759082218 1.51202676864245 0.00620411987185649
2213.068 210797.52 6797.08 9969.4275 522.34 395.841718888045 3348.78921220387 195.274166666667 43963.7478574879 26637.408 7847.32576131687 9137.98353909464 1565.98518518518 2811.68724279835 26679.1046575342 0 3379.2 30730.7 262.99
2753.20886590452 138053.948605343 9758.16574515662 17266.5243906862 2313.90045597825 411.816217286942 11113.6388273044 18597.7350172903 44178.7897323849 5496.55648894436 1619.27426776008 3854.91071144844 323.136771836823 1186.12637275337 9761.18141096174 0 1564.64519216336 28951.2879601061 246.116084324288
563.200027213516 21825.8995478424 639.363214973281 0 174.984810472481 0.317535624966263 194.797981611774 12.5749341590349 5781.81458977006 14563.3439872749 4290.3312680521 959.863898661617 856.163667682238 295.342738049728 6679.16589102652 0 880.899654095972 9667.82572441929 68.3282267289263
6086.74 124245.09 6716.76 30652.335 13311.87 134.249922546118 170.384139694659 725.71 10924.7291893732 13143.942 3872.17835390946 5385.97222222223 772.718518518519 1657.22222222222 20850.3010958904 0 2574 7421.7 65.4687030613867
0 65449.23 1405.6 93114.69375 6851.45750757772 371.062487083604 463.846452055036 68946.0236111112 30195.601657283 14615.622 4305.73226337448 2837.19650205761 859.237037037037 872.983539094652 9569.31589041092 0 3993 10210.2 343.376337052578
12433.652 580279.38 1064.24 139385.01375 157533.902839699 1183.798 14217.5036115781 109022.608333333 113976.654825 36479.268 10746.7175308642 25154.866255144 2144.57777777778 7739.95884773662 73474.5090410959 0 6210.6 21106.8 0
2669.172 113576.25 3293.12 89762.0775 68634.41 0 37827.0172839506 221778.159166667 0 15636.6 4606.51028806584 4923.48251028808 919.259259259257 1514.91769547325 15241.4191780822 0 2382.6 21006.7 135.168304710812
62.0765979299009 2746.71176304211 111.944818088934 39.0691875083293 22.1932212399864 11.3328250132136 17.4227135924215 6.14482401196451 915.314420985035 1449.46685655901 427.009962968264 90.3525382865707 85.2126311910062 27.8007810112526 951.046061158535 0 97.028753350214 736.982441176906 4.11177405713141
15208.82 1689574.95 110460.08 453232.27125 178197.89 4317.18 36105.812345679 101527.342222222 422647.862475 68920.614 20303.8715226338 73242.3611111109 4051.77037037037 22536.1111111111 126481.209589041 0 16728.8 22665.5 454.157022332736
1798.72 152499.93 47378.76 223017.28125 0 947.758 354.555317920195 34.4358333333332 83072.67485 30105.054 8868.88716049383 6610.80761316874 1769.84444444444 2034.09465020576 20251.2501369863 0 2013 6463.6 7.46972682274783
6375.82 418869.21 993.96 86905.2225 1695.07 0 513.326755756398 47.0941666666668 0 35145.558 10353.8093004115 18157.8034979424 2066.17037037037 5587.01646090536 43685.4934246575 0 2805 6692.4 351.214818050988
419.284835586012 8458.44721525098 118.202077311527 144.822743304216 39.7394276835427 37.2277997953308 47.4694923600228 20.7863759405528 3020.47679697514 2591.33950601101 763.403303423455 601.407280099862 152.342122634393 185.048393876881 2117.81961507831 0 541.494453796021 1371.45777115974 33.4725997008299
18.244165002543 154.885420910146 3.86799241714465 3.13033375149357 17.9866237222317 0.490838672598627 1.21143684255311 0.0309731310751869 71.9838286636008 72.941816303139 21.4885094733266 5.9519720498252 4.2881726221716 1.83137601533083 58.2804401808394 0 10.5383462269454 35.0540648339 0.025129259860614
1956.108 319010.04 45451.08 151253.445 57744.18 1668.534 75765.4782670895 519409.167777776 141809.95895 15553.818 4582.12288065843 13828.950617284 914.392592592595 4255.06172839506 24318.6161643836 0 2270.4 7493.2 25.6586055708958
689.037150600712 9663.39827666151 29229.8455270792 261.922810666803 213.228746061429 66.7526804987499 162.580069518978 33.9207895358536 9789.5984650488 10948.3734858724 3225.36837293647 416.081541981222 643.643356018365 128.025089840376 4318.80426402629 0 626.473345800139 5795.92257089428 47.1351959259489
99151.4314407502 2223636.65040625 280911.486822141 1652836.61299901 1779948.61016569 3290.17343886176 536622.321004396 3163341.40915142 339835.98465062 50804.9318506672 14967.0287181729 96284.9897573124 2986.76848034492 29626.1506945577 239341.123705497 0 22173.8501855805 168249.104867238 1117.57433038985
9646.23824577702 532706.044389929 74351.9186777569 301517.842046268 212515.896756912 800.106368110162 128036.806610759 1987525.07166873 80119.5060707901 17636.6477244822 5195.72024543828 24829.3750313052 1036.83996028702 7639.80770194008 51391.0381949906 0 3331.02113662085 14430.6989509313 527.089891264562
289.080692691814 18552.4486210192 245.544066630724 976.129377033409 3369.5649101625 176.22924979591 210.497520702867 52.1020270201879 14142.7706803209 6073.6939015412 1789.29776575549 793.007133688892 357.066072988901 244.002194981197 2880.6857889078 0 2061.78754912715 4112.81420290394 49.8601884309996
2367.244 30189.3 753 32626.62 12853.4418099939 209.754519117902 3344.90753452055 995.3325 30761.4990596836 32193 9483.99176954735 1308.69341563786 1892.59259259259 402.674897119341 19452.4 0 2587.2 12970.1 250.25
4.27419665259616 27.0828566593332 1.32772087256841 1.66753402013165 0.668323641408626 0.408176297760974 0.525880638095019 0.0181489899735317 33.105020523319 48.8829565782094 14.4008187450339 1.02390201006765 2.87377757661431 0.315046772328507 24.5290711239411 0 0.618236561679016 30.5527053753284 0.439549486914479
2248.4 250014.3 52255.5270810934 272742.361787092 20834.71 2062.088 2.09876543209877 61484.3838888888 186243.909325 21615.3 6367.82304526749 10838.0144032922 1270.74074074074 3334.77366255144 23771.5424657534 0 4505.6 13413.4 264.571626597333
558.888 25060.05 0 821.25 26856.2723919633 126.826678500075 282.25111865582 161721.265 10320.6548676038 6429.402 1894.08864197531 1086.34259259259 377.977777777777 334.259259259259 8505.36575342466 0 162.8 3975.4 138.980268543674
6761.26 122574.42 0 108056.79 115749.79 0 13264.4296296296 316992.954166668 0 22148.784 6524.98633744856 5313.54938271604 1302.1037037037 1634.93827160494 29081.384109589 0 2805 14514.5 115.71164323744
14399.396 383081.7 0 747946.04625 69679.9447813284 1697.304 27515.2162409334 245450.448055556 265734.250725 23372.118 6885.37802469136 16606.4300411522 1374.02222222222 5109.67078189299 41977.2205479452 0 2488.2 9523.8 11.7828639592482
69.8068859608053 41756.7819713004 303.922614601638 107.408829707347 107.008609822389 92.3068125716752 134.834372445438 45.9511719766052 7493.46632564846 8438.70060058008 2486.02388847189 2054.25645123365 496.10232807643 632.078908071893 8630.8617754253 0 696.702775734064 1814.75704635142 28.9421442040809
3578.36498459003 44945.9913050764 4061.95370613652 831.131623604487 61323.9510542221 253.189311581695 15368.7398888261 419265.941638887 20603.5475493377 8429.88326486675 2483.42631945581 1730.22174785191 495.583966188522 532.375922415976 8671.36889709928 0 382.755850545717 7691.44637977972 212.491712110016
2813.712 174892.77 45561.52 416560.995 74709.83 2480.716 46318.1280650163 772546.091666668 275474.407775 19131.84 5636.20082304526 7581.52777777777 1124.74074074074 2332.77777777778 26292.3265753425 0 6349.2 16645.2 302.378111928824
162.80906680142 9467.41018474262 50.51904177158 6034.4418961691 971.565697983994 0.635039864781608 64.6009591209248 50.1968682675863 67.4267228827008 3683.52542669842 1085.1590354961 1097.75963574945 216.550583580154 337.772195615215 4112.36792462585 0 1126.52608965686 1381.94797327993 131.27496638586
0 13863.63 16186.7698000798 90.3375 36.27 37.0990452198271 158.126707778438 1.29166666666667 5440.75164360774 4507.02 1327.75884773662 600.982510288066 264.962962962963 184.917695473251 2534.69534246575 0 0 2002 56.4993441225281
1191.652 116946.9 97236.2947127632 910412.737768609 328.51 0.574 528.56350019792 33.1097222222224 16239.87842018 48418.272 14263.9236213992 5069.59876543208 2846.45925925926 1559.87654320988 28808.6684931507 0 2679.6 9909.9 231.67614783086
2582.448 186059.88 120.48 355948.63875 0 0.896 1409.20904458963 110.161944444444 24323.587700637 66575.124 19612.8949794239 8065.61728395059 3913.88148148148 2481.72839506173 34351.9994520548 0 3810.4 9109.1 453.18
8187.388 215926.77 502 302594.21625 78150.93 4802.07 16322.7981520825 626370.551666668 427386.5976 9621.108 2834.35868312757 9360.33436213992 565.614814814815 2880.10288065844 27621.3375342466 0 869 11311.3 121.85502829263
109.198462573528 5050.80711754536 73.6962906166019 93.4546501428275 28.8530481479393 14.1541483230195 18.3955538721539 9.39080333135658 1151.5711163545 1724.02149162767 507.893195325677 178.264550192276 101.353409266765 54.8506308283925 846.537512931419 0 49.1540402047196 661.100592609298 2.42782837859599
0 11958.48 39954.7038568142 683.28 165.49 174.498178912154 386.193600589393 0 14167.3001756918 16574.796 4882.90090534979 518.395061728396 974.414814814819 159.506172839506 8901.31452054793 0 552.2 5162.3 13.7387770651952
22374.792 176534.13 0 266532.58125 63970.79 2155.79 3625.8024691358 480495.479166668 256056.298275 47811.204 14085.0826337448 7652.68004115225 2810.77037037037 2354.67078189301 91155.7583561642 0 5097.4 57185.7 854.49
0 0 0 11286.9399301802 8476.98116682092 36.1097856632534 495.726857098241 1364625.22979045 4343.97336764036 651.65610351131 191.976551494938 0 38.3101765732692 0 234.713887608284 0 418.313325083124 1236.60295277997 27.6842830047019
0 6799.92 2723.97244490565 205.3125 705.25 52.2808805610717 395.370066007194 2116.30746923359 6032.07794907198 92614.662 27284.0894650206 294.77366255144 5444.71851851852 90.6995884773662 40270.177260274 0 6263.4 23437.7 374.01
145.688193392266 1192.01525126194 405.074249251299 6041.90229834923 97.5 9.69836401098824 78.6958443752035 330.468495888557 1160.67136782898 29902.0417801558 8809.08017692225 51.6733581323981 1666.44094727132 15.8994948099687 3538.90282796512 0 339.131540239103 2988.7 56.4788426277451
1554.608 52904.55 1439.80821759196 377.775 8084.90167740778 0.294 739.49330190166 402813.009722224 2639.67697495622 42917.868 12643.5158847737 2293.38991769547 2523.0962962963 705.658436213992 21520.6712328767 0 387.2 3246.1 26.0854051882381
0 0 1059.42991112689 6435.0766768257 175.11 0.952 156.923207568513 855.96385290267 1552.68258009792 0 0 0 0 0 52480.56 0 481.8 7507.5 33.67
0 2024.37461667599 137.785363795725 207.941478467934 137.998080243816 15.4592749258317 115.752842370205 633.761990048772 1805.47886807449 60180.1798605626 17728.9575524944 126.417755017581 3537.92944506541 38.8977707746402 27880.9892449098 0 155.488861733621 3650.21424924172 125.318129194683
0 0 0 0 0 0 0 0 0 0 0 0 0 0 0 0 0 0 0
11559.988 179172.03 2228.88 2421.31875 17432.74 18493.594 22866.562962963 1849779.23111111 2029779.75425 314599.194 92680.277283951 7767.03189300412 18494.9555555556 2389.85596707819 202741.883013699 0 17470.2 20048.6 354.317663887948
149.253558462625 1221.18693251645 414.987458726648 6105.62838835104 16.64 9.8066243960673 212.486499329364 338.555910555871 1179.7277225691 12560.3183334254 3700.24401879603 52.9379382048367 738.407897320716 16.2885963707189 6846.67210809441 0 0 471.9 7.51844299585021
154.011354852397 199.940015457444 67.057930788418 36.933624778611 51.4935727280909 0.108271349773709 37.1433387847127 6.13949720413253 367.967737646213 13569.8333127185 3997.64506109875 20.5457196991222 797.756220618376 6.3217599074222 6007.09789150366 0 78.4193919075294 1550.29105540269 15.3563116629312
1156.12947132396 8077.1695858201 196.960906020467 158.074305004507 172.643586469786 26.3981455775241 195.49441439598 1080.03626493325 3871.41375439904 65304.62821154 19238.6095260334 337.038541080228 3839.19037104879 103.704166486224 40770.6528326461 0 803.128308976583 8623.30874743431 54.3322783366698
0 1699.98 1247.79472174433 98257.016669261 6922.19806203783 29.4868047267959 653.754191545399 309382.669444444 3547.23496906163 64312.416 18946.3058436214 73.6934156378602 3780.85925925926 22.6748971193416 28767.9473972603 0 1141.8 5591.3 60.8266433784379
564.545486322416 2013.43561278863 54.9266681655799 64.9970132279098 25.3705106525042 4.34341917408641 33.7874985956897 16.1448628797152 509.284358324395 10693.5144718988 3150.28743015635 88.4678730441942 628.660462780645 27.2208840135982 5009.57113708999 0 234.806035624173 665.684958405157 3.19864916916125
902.572 5898.71513367087 190.76 56.94 214.89 47.3690654518441 1026.37630318566 1635.33102100464 5698.45417227778 73970.577116315 21791.5802988165 255.70681188893 1775.61043599228 78.6790190427476 815.313754556498 0 877.8 4061.2 67.2564330540903
390.275749893857 3193.22132589409 1085.13018596904 23566.5409439004 6047.36913965805 25.6428572258191 352.033466443703 885.273109962586 3084.81168783337 0 0 138.424796993372 0 42.5922452287297 0 0 0 1844.7 19.6596048259341
91.7861963433371 750.99116372452 1068.44410205995 118.26 150.93 1.134 54.8401465989327 16.1544444444444 520.964546619224 5215.266 1536.40666666666 32.5551500421835 306.6 10.0169692437488 1243.99014334364 0 712.8 12998.7 50.123603565111
134.904 0 632.52 492.75 388.57 23.1481775117721 180.108557931038 791.776877551597 2750.11407656588 0 0 0 0 0 41560.53 0 4032.6 30973.8 70.1835410886525
158.971236981119 1432.37216006533 442.006678600872 6571.25746280009 38.1792005277549 10.4451192112945 226.321181137101 463.685956201907 1256.53805034532 23332.0350200776 6873.56966101967 44.6317411156177 1371.6657860128 13.7328434201901 11146.1205121937 0 177.363405166644 963.463354494522 43.6418781957816
2675.596 1172.4 1275.08 154.66875 365.95 65.3050861015756 498.059081599908 2675.94416200562 9577.30185339654 91060.2 26826.1481481481 50.8230452674899 5353.33333333333 15.6378600823045 44502.805479452 0 1870 27699.1 249.569861003997
522.187402154853 0 0 592.66875 17288.7 17.5593240501349 124.411837786736 397375.738888888 1988.06248306985 0 0 0 0 0 33256.0914946128 0 1012 4075.5 12.2278654560656
0 256.931419949897 69.6189701715488 32.8322863008835 27.7610394743011 6.51241477458992 144.127790810637 273.140073890298 783.437392945671 2665.7847945233 785.334732725853 10.9313957529978 156.718682805603 3.36350638553778 1124.47619995722 0 90.6834084682524 666.565427666174 4.99287188644878
800.468366732479 6666.64169879614 2436.47761107622 48501.7971197497 41.99 52.7063414303558 1141.41797339133 1815.724191515 6331.87597455983 5104.89 1503.89012345679 288.99610443539 300.111111111111 88.9218782878122 1982.45105492341 0 521.591305357124 300.3 40.3224944668004
0 93.1194554331206 331.32 465.573922764353 52.52 0.238 9.03658916879227 26.6770948767272 67.9917054935432 912.157065534707 282.155580628363 4.03668909822712 0 0 0 0 292.6 4261.4 0.573305608532706
3106.004 53080.41 1104.4 2657.83875 978.9 1.666 666.055053944263 60.6394444444444 6169.70792102453 135431.352 39897.7985185185 2301.0133744856 7961.86666666667 708.004115226338 68601.9550684931 0 3374.8 53739.4 181.09
0 0 0 757.74 282.49 17.5452950479886 137.637502657898 998.285587356347 2110.68254812199 21339.36 6286.5316872428 0 1254.51851851852 0 9181.29315068496 0 558.8 13885.3 105.361448259462
998.932 0 1807.2 362.445 391.56 37.3269035853358 279.020909727377 100.302222222222 4368.24564569051 0 0 0 0 0 43760.97 0 3658.6 12870 4.08150514769354
0 2.72849454545455 1.85635163534681 19.1912105310654 0.202079041503255 0.030678636164174 0.666402089527384 1.2689666610461 3.6728618762991 106.713792957807 31.43766452673 0.0741803703425842 6.27359159070001 0.0228247293361798 62.1423353931756 0 3.68872703242397 5.11364335071614 0.159486592243158
0 2287.46217837101 120.48 118.26 264.68 19.2792453679218 148.854978995116 1040.85894366866 2597.33397427688 23144.911796885 6931.09958710229 99.1605201629311 224.051423052484 30.5109292809019 80.256 0 297 2702.7 12.1074785775944
366.168 32635.1227337525 831.146922514421 18211.9797334811 254.28 19.8929446012079 152.020701110357 40.6875 2373.64572500896 49015.7214416216 14439.9310014836 1414.71879905117 2881.5826832229 435.298092015745 9074.94422371965 0 103.4 6163.3 150.648119532757
0 11636.07 636.740583000324 223.006874823634 4090.69739084656 15.0469022711604 340.119892037345 664.263170962718 1810.12823894781 32616.108 9608.6385185185 504.418724279835 1917.46666666667 155.205761316873 15499.8197260274 0 308 1258.4 11.536005909966
417.56 0 722.88 1810.035 188.63 68.5366618718026 548.027298823428 84011.3605555556 8196.25402060237 0 0 0 0 0 24065.25 0 752.4 17074.2 301.40198847856
0 0 303.207476021859 4403.94783137685 90.35 7.3611366056933 58.46962265797 247.363338272701 870.404717396041 974.988 287.229465020576 0 57.3185185185185 0 438.101369863014 0 0 1615.9 0.818145777628061
2344.76 2377.27646794771 150.6 50.9175 188.5 2160.102 416.579386334707 659.064536164485 247806.972 24451.0880430521 7203.24038631946 103.053931716005 1437.45373562916 31.7089020664631 33504.0924549347 0 5361.4 786.5 14.6361029042539
0 2898.41386456717 140.174626979638 46797.4618024251 88.7013005514706 29.3615491730366 634.146455765186 16879.5940257353 3524.86444374861 37485.1173112788 11043.0386748884 157.988418059812 912.548743246226 48.6118209414806 1539.74009780841 0 561.733783056314 1513.48423713235 46.3751314172701
41.8183952341151 6204.1565175714 116.272668772434 2521.48001192236 667.127926804637 2.74765505848861 59.535226512499 96.4078045461911 330.540328010948 4530.97486371921 1334.81590145494 268.947566990039 266.371244192781 82.7530975353965 1266.75808504814 0 115.249185932406 3975.4 4.83654421900675
578.537563633663 4733.5723178503 1959.97694639395 34997.9014994635 15.86 38.6284979532192 823.641478925542 1312.31250808548 4599.41087260841 48458.820964681 14342.9086819418 205.198362493212 677.800313817617 63.1379576902191 0 0 504.579497947683 2044.9 91.0230351004129
253.861018359471 2077.08118646655 705.840048062481 15432.990892934 99.97 17.0438010144454 365.412080643284 582.298193438602 2022.24892716096 9308.376 2742.22847736625 90.0405929410104 547.229629629629 27.7047978280033 3156.64109680233 0 277.2 6191.9 15.5545706345363
622.164986465055 0 1729.87947022038 408.9825 9762.46516553022 43.1890141923145 899.100295976272 1994.48686835775 5152.44436423134 0 0 0 0 0 7466.89753383736 0 338.8 1244.1 192.410706599788
131.918507603292 1079.35220641693 366.788750587885 7954.15219216666 2091.19730291038 8.91963424792437 118.992096055922 380.264544562114 1064.65387538439 0 0 46.7894626802221 0 0 0 0 206.95910774393 1029.6 6.64521361989067
2029.984 5979.24 1435.72 1133.05125 1341.21 19.082 513.954401711634 2123.64354108976 5976.35606062241 61562.214 18136.1019753086 259.197530864198 3619.17777777778 79.753086419753 28266.8326027397 0 7315 70041.4 444.08
0 322.41 692.76 730.9125 346.71 1936.22036066146 320.699151289866 1659.09097088451 211297.783992985 66115.224 19477.409382716 13.9763374485597 3886.84444444445 4.30041152263374 29478.0591780822 0 1401.4 11068.2 85.4843334165466
1789.084 0 3442.99194455823 43417.8151829065 215.93 340.838803723608 621.876679347514 1571.0923252091 37592.287651939 0 0 0 0 0 101197.69 0 1251.8 8136.7 5.17241010710451
44.7866055636261 366.442301472929 0 56.94 1344.71109338589 3.09848301347136 67.3165079313944 101.590676855434 454.40728860659 294.336 86.7107818930039 15.8851191365419 8.28970249650647 4.88772896508983 0 0 127.6 500.5 2.25606373728148
248.310991944528 2031.67108165657 0 361.35 3854.51342678033 16.3151395283125 353.51072340769 563.250584071419 1962.69599219605 6061.482 1785.70016460905 88.0720840597761 356.348148148148 27.0991027876235 1079.39064802763 0 175.001340072385 1658.8 12.5083251441904
0.735947914727792 67.0789522058823 8.5001121725892 94.5786177399584 1.16398829348657 0.104036229258775 0.831337589516235 4.76175355744498 12.5154608610636 315.168126411336 92.8478836054037 5.66319626108915 18.5284024933178 1.74252192648897 153.38536559961 0 11.5543192519871 73.7208099513285 0.648314951150257
0 322.41 190.76 70.6275 189.93 25.7432642010923 549.424389498674 870.373144023787 3055.81495151415 56208.978 16559.0496296296 13.9763374485597 3304.46666666666 4.30041152263374 24158.3235616439 0 1331 3546.4 135.738729393435
0 1727.5958228657 587.076868535157 12731.3031093367 122.33 13.8732923616758 302.734968416602 619.983068204141 1668.94406692466 17218.8538053368 5234.68270110213 74.8905499056889 69.9774770101819 23.0432461248274 0 0 445.584927878781 1344.2 21.5562346076855
0 3251.91488817192 0 0 5966.62030206606 25.4162862936291 550.711180765925 877.451159701713 3057.55541706806 0 0 137.201725983116 0 0 0 0 87.0279459438347 631.677840975667 19.4858997293188
727.843812220481 5955.19035895671 2023.71090575323 43886.0366123791 51.09 48.2145843254205 1036.20299114005 1987.64385783499 5769.90306766136 0 0 258.154989073503 0 79.432304330309 0 364.984326416003 474.268590602611 1129.7 53.0441322888948
0 0 79.1203308618353 18.4910562664434 2966.87347918844 13.3072661490234 279.842706149489 209065.938884039 1951.57394868833 0 0 0 0 0 16940.1041461372 0 239.004642031412 1352.29569480985 53.6908633227231
2344.76 21454.92 351.4 773.89125 505.31 1993.614 471.669968691274 2051.29504337624 235582.94895 72866.556 21466.3379423868 930.06172839506 4283.74814814815 286.172839506173 41866.3073972603 0 1839.2 13742.3 302.12
3234.484 0 2008 436.3575 12304.11 10500.196 9641.5061728395 1326917.11972222 998509.64255 0 0 0 0 0 67834.91 0 919.6 3389.1 230.245398278295
0 0 510.94537310625 12043.9214467634 0 0.084 261.619939101334 678.071089147483 948.802187390344 0 0 0 0 0 25240.16 0 543.4 8680.1 50.6482535085229
362.357861714439 0 1280.80254330113 0 136.466431974162 22.7934582180581 178.060556891223 107035.008950074 3342.76918795545 0 0 0 0 0 36172.7921038891 0 902.463533484999 2597.58508948998 74.6821626159182
104.427554838804 1312.12403091312 290.352377859352 6581.46682558498 52.864694016628 6.90835808385293 150.534617388111 293.776877231294 827.439985652758 980.450597074669 288.838734914544 37.0388451831996 57.6396588521263 11.3965677486768 191.747297362042 0 68.0457928224767 852.163591888266 0.783458821947948
0 439.65 110.44 4310.47704418962 304.85 14.5098590187379 111.092058958093 604.153181949112 1680.78089705668 6926.094 2040.41308641975 19.0586419753087 407.177777777778 5.86419753086421 3510.43150684931 0 1705 14056.9 37.6407344946455
0 3693.06 1522.85494500427 141.68472315146 324.22 26.170190603367 190.0871209719 1034.08607154966 2997.82375907648 59179.932 17434.2865843621 160.092592592593 3479.12592592592 49.2592592592594 28619.7276712329 0 1636.8 10910.9 0
490.84363360261 4016.06392127997 1364.75106013575 20079.3123757644 53.43 32.2506156739105 698.795033744145 1113.39397885443 3879.71883533052 40236.9631507693 12168.8302651557 174.094676278015 242.093044634516 53.5675927009276 0 0 0 1115.4 3.68251248951062
0 0 66.5225861386712 505.296915390125 24.3642714360863 1.57200417120724 34.9828885774177 54.837677791436 189.110628271963 3002.86320301056 884.637340491063 0 176.535167725488 0 1328.6279119913 0 45.1270181685752 1469.71572856391 0.179498123464242
285.868 32797.89 1365.44 175.47375 294.71 742.84 312.188798175495 111946.215310855 74823.437475 139883.184 41209.2990946502 1421.77469135802 8223.58518518518 437.469135802469 66749.0969863013 0 3834.6 13356.2 134.702041784275
4744.124 593293.02 1204.8 877.095 83396.3 34766.438 34301.0024691358 5869967.58472224 3722522.828625 216042.624 63645.713909465 25719.0020576132 12700.9185185185 7913.53909465018 171835.345753424 0 12738 17317.3 0
3269.816 37106.46 1465.84 4606.39125 7722 5043.444 8.51851851851852 1502418.67694444 546569.5444 135964.836 40054.9618106996 1608.54938271605 7993.22962962963 494.93827160494 74778.6208219178 0 3812.6 14443 163.335952508593
0 615.51 1405.6 11559.2634922053 276.77 19.6017113216938 152.401710244772 779.948677128824 2240.80084112005 23675.652 6974.79851851851 26.6820987654321 1391.86666666667 8.20987654320985 21609.141369863 0 1381.6 7293 119.20343485985
97.7577437518204 799.850137254243 673.407507092554 226.232560703915 259.87 0.854 62.3955586113649 13.485 555.824015859664 8226.72768226002 2423.57710150844 34.6731659270558 483.640663272195 10.6686664390941 4275.62494707329 0 538.899692944043 5762.9 59.8834191332385
177.570022732024 1308.11293714575 493.719099488326 3537.37905030014 2762.72157526525 11.6671423775142 252.799550676118 402.786917462482 1403.54629177334 16695.3616177325 4930.08488853474 62.9813519171348 251.936287622782 19.3788775129646 0 0 115.705983894357 183.660473569426 8.94484598849184
189.508 146.55 619.795343158227 221.228097458514 176.02 14.6464670316411 324.110068321888 505.64269437222 1761.95625498319 26297.082 7747.06641975308 6.3528806584362 1545.97777777777 1.95473251028807 11289.8424657534 0 816.2 9323.6 11.2290042955202
487.805169774176 3991.20332592514 0 9995.02781701937 7565.36188537252 32.0509750501732 694.469290700608 1106.50174862071 3855.70225542883 41050.8686035016 12093.5016919323 173.016979960124 1772.35199016304 53.2359938338843 559.765085461516 0 81.4 1773.2 73.7125153879435
3.16140745155007 25.866515398089 8.79003795843688 190.620076499801 154.7 0.207718568050378 10.9452175533272 7.17110660156002 24.988349030647 253.37696264853 78.3765501745453 1.12130252728531 0 0 0 0 2.05999725654472 1058.2 0.159251557925752
0 0 0 0 0 0 0 0 0 0 0 0 0 0 0 0 0 0 0
0 0 0 0 0 0 0 0 0 0 0 0 0 0 0 0 0 0 0
0 0 0 0 0 0 0 0 0 0 0 0 0 0 0 0 0 0 0
0 0 141.100538517241 8.23909211179936 12.281305238187 0.062423698056589 73.3212922064818 115.112927615229 260.135430981242 0 0 0 0 0 1045.64524649994 0 19.2101499376527 705.359920317109 5.11452917204305
0 0 0 0 0 0 0 0 0 0 0 0 0 0 0 0 0 0 0
0 0 0 0 0 0 0 0 0 0 0 0 0 0 0 0 0 0 0
0 0 0 0 0 0 0 0 0 0 0 0 0 0 0 0 0 0 0
0 0 0 0 0 0 0 0 0 0 0 0 0 0 0 0 0 0 0
0 0 0 0 0 0 0 0 0 0 0 0 0 0 0 0 0 0 0
0 0 0 0 0 0 0 0 0 0 0 0 0 0 0 0 0 0 0
0 0 0 0 0 0 0 0 0 0 0 0 0 0 0 0 0 0 0
0 0 0 0 0 0 0 0 0 0 0 0 0 0 0 0 0 0 0
0 0 0 0 0 0 0 0 0 0 0 0 0 0 0 0 0 0 0
0 0 0 0 0 0 0 0 0 0 0 0 0 0 0 0 0 0 0
0 0 0 0 0 0 0 0 0 0 0 0 0 0 0 0 0 0 0
0 0 0 0 0 0 0 0 0 0 0 0 0 0 0 0 0 0 0
0 0 0 0 0 0 0 0 0 0 0 0 0 0 0 0 0 0 0
0 0 0 0 0 0 0 0 0 0 0 0 0 0 0 0 0 0 0
0 0 0 0 0 0 0 0 0 0 0 0 0 0 0 0 0 0 0
0 0 0 0 0 0 0 0 0 0 0 0 0 0 0 0 0 0 0
0 0 0 0 0 0 0 0 0 0 0 0 0 0 0 0 0 0 0
0 0 0 0 0 0 0 0 0 0 0 0 0 0 0 0 0 0 0
0 0 0 0 0 0 0 0 0 0 0 0 0 0 0 0 0 0 0
349.575665335188 2393.34339579174 617.905713168188 118.328544573012 44.6826694915254 23.0795320563623 500.972473712408 12127.9066387803 2767.887222954 29632.7698764681 9068.36489854201 125.3609782579 49.0596434674593 38.5726086947386 0 0 155.98444589309 2048.38457627119 2.6226616084992
12.8678709033571 50.0327492903108 0 20.5101490025987 3.5964568415936 0.914599949324188 6.55281491617657 62.7779902681325 105.99187565162 84.3404788274224 24.8465320733996 4.56403560307952 4.95828799690902 1.40431864710139 32.7930401088196 0 10.8622557909103 203.408670941689 0.648201321706351
0 0 0 0 0 0 0 0 0 0 0 0 0 0 0 0 0 0 0
0 0 0 0 0 0 0 0 0 0 0 0 0 0 0 0 0 0 0
0 0 0 0 0 0 0 0 0 0 0 0 0 0 0 0 0 0 0
0 14010.18 1425.68 763.215 744.77 249.906173136652 1829.13478391331 83.9583333333332 18473.5119824604 35660.646 10505.5531687243 607.335390946503 2096.45185185185 186.872427983539 15517.211780822 0 2411.2 11011 179.27
3089.944 0 190.76 331.2375 25493.52 0.238 1279.83161227703 475919.844722224 5.127625 0 0 0 0 0 53510.38 0 1929.4 3117.4 78.0731827538755
282.656 1025.85 471.88 1218.735 8839.09 320.764013705635 2492.93305029738 598863.958888888 24145.8131469125 87638.544 25818.135308642 44.4701646090535 5152.17777777778 13.6831275720165 39658.4054794521 0 2923.8 8866 225.68
4599.584 615.51 532.12 770.60625 77382.5 6758.094 45427.2395061728 1782830.33083333 859130.74935 96183.486 28335.4576954733 26.6820987654321 5654.52592592593 8.20987654320985 49901.6084931506 0 1775.4 5119.4 9.52604401580086
0 18289.44 411.64 430.06125 259.22 314.757464244014 352.230796125766 28.3219444444444 23667.4644525666 43432.956 12795.2597530864 792.839506172841 2553.37777777777 243.95061728395 18183.9764383562 0 2655.4 18876 141.361973591173
1365.1 0 382.444853540525 387.428264018551 7229.56 164.265681916347 4926.54903630986 279828.182222222 12322.8379414596 0 0 0 0 0 24210.01 0 860.2 3575 14.56
0 1211.31410938776 36.2660042591708 21.0290448501821 27.6895517911073 37.9714215378126 18.0943724341947 0.523594784452301 2995.59952450395 6617.78108475867 1949.58473396444 40.0052626958212 389.052385935254 12.3093115987142 3590.62525760776 0 323.0347371412 329.72323825872 15.5335374301711
0 1157.34367514496 242.133540524805 672.347768550866 195.65 66.9765706153037 505.379629024483 25.6783333333333 5021.44682165237 28567.3533384192 8415.88369954082 50.1703599385323 845.367896757747 15.4370338272407 1675.99909823307 0 688.6 6506.5 30.4303679818747
385.44 263.79 0 647.41875 50139.31 5332.698 1879.1904129562 439846.324444444 679431.1913 95134.914 28026.5505349794 11.4351851851852 5592.88148148148 3.51851851851852 48191.8106849315 0 6441.6 2488.2 165.62
1.50037004750477 0.825893742621016 0.887516528723248 0.812575909691954 0.734262206768206 0.00177168323620158 0.393394916804134 0.23856982331271 0.0381702825799501 73.7939156667809 21.7395361981306 0.211627867371973 4.33826664707707 0.065116266883684 36.058392109954 0 4.10855575689308 8.76880846270631 0.111772368872129
0 0.520359262049136 0 0.654956861494297 0.25256550514313 0.129035009349522 0.161712612946836 0 9.70242371662368 55.4150110278294 16.3251485881188 0.0973205678639108 2.63212719967203 0.0299447901119726 11.4406652476065 0 0.850879515190177 2.91541663344231 0.0590288906823108
