26936.4380666483 167557.686025389 0 0 928.227156703584 19.5207682053328 0 1925126.60571502 92.7236489753307 35332.9015395918 3710.50795210171 2204.0897516735 1381.3785886149 2783.10316974737 23486.2310416207 0 2862.19421504295 51599.1195695808 214.461803453352
231.69739440593 26694.8091034962 33.456357045117 143.341094948735 0 1.12527826040987 0 0 13.9824429570292 4082.36650600847 428.712410356806 351.149246349587 159.604601845667 443.396000470454 2053.39499521709 0 1080.96762300663 13974.7365002367 0
0 208974.164228323 0 0 0 12.6088857763908 2.65978809086428 12964863.6971762 59.8922074378564 69743.4912921719 7324.15872375956 2748.89099190824 2726.69838502509 3471.02345857789 34341.841038042 0 1077.75278388843 36266.7851331621 67.5251706727104
0 0 0 0 0 0 0 0 0 0 0 0 0 0 0 0 0 0 0
0 1077.75 552 252 548 93.9120999319753 2075.48929944652 8.64444444444448 1011.58581756306 151677.54 15928.516872428 14.1769547325103 5930.00000000001 17.9012345679012 46627.6689810472 0 5524.5 15276.8 293.54430423522
2716.2 0 0 252 906.4 119.548758330979 527.634290988808 0 1284.69369319748 6565.00340986925 689.428161754531 0 256.666018057285 0 8895.49003093345 0 4582 80236.8 691.71649105585
7303.56 170500.05 1297.2 13468.5 4615.2 499.364044187463 1669.11697014502 0 6760.02917190491 90865.845 9542.3366255144 2242.79423868313 3552.5 2831.97530864198 37139.1336460875 0 15268.5 119660.8 1438.77
0 1293.3 0 642 1280 168.916511462713 1290.2346750766 0.333333333333334 1819.39560597526 44630.2663776463 4686.87685083298 17.0123456790124 1744.86927741209 21.4814814814815 10719.9825335358 0 899 28896 522.152134143439
0 268790.85 124.2 259.5 970.4 954.972022708196 9571.87101147444 8641546.88888888 10298.9433219692 34530.3 3626.22222222222 3535.73251028807 1350 4464.56790123456 73827.9704259711 0 1102 26252.8 341.041017725234
26840.08 1182938.4 1269.6 17217 0 775.25773708934 17188.4858399216 211.066666666666 8409.85102211837 309685.635 32521.8411522634 15560.6255144033 12107.5 19648.3950617284 157226.040457872 0 51562 131353.6 0
0 452883.132992206 0 0 0 33.5874729064778 9437.08979404816 22.1244346078827 1085.99495730945 70249.504766949 7377.29806245578 5957.32189798 2746.48153753027 7522.30776668013 101015.543535032 0 3968.17537859953 115220.39346247 696.851028109865
0 22417.2 1186.8 5389.5 2321.6 28.875 1011.45288713967 214.666666666666 665.727903357569 65223.9 6849.53086419754 294.880658436214 2550 372.345679012346 17697.8098705198 0 6177 39065.6 119.4
0 0 8027.8197308863 0 228 723.423602195555 7248.77144557712 3983940.11111111 7801.79785336327 44338.6388971046 4656.2513986779 0 815.999999999998 0 1265.22752265437 0 0 4972.8 890.548493834767
43097.04 3389739.3 1504.2 124237.5 523812.858207089 3948.084 4404.17937201844 1916.8 127654.716 480482.73 50458.2106995884 44589.3580246913 18785 56302.9629629629 274965.942428223 0 28637.5 121811.2 2059.65
0 157922.386326258 55.660408174023 1217.48245756607 942.383381360696 1.91821994921985 393.031765468671 28.1017311326649 117.786785238403 65752.7434193581 6905.0677045769 2077.34495216642 2570.67571426061 2623.06256659621 51463.2354058872 0 2177.66008706423 9916.94801799269 95.414629408705
10321.56 502015.95 248.4 2413.5 11813.6 45.36 1501.62889917339 0 651.42525 143620.47 15082.3983539095 6603.62551440329 5615 8338.3950617284 59380.3979733533 0 47748.5 83148.8 794.01
1146.84 112948.2 2390.6854409239 3240 1156.8 164.44878479124 762.180197627728 146.666666666666 1773.5061066278 43354.71 4552.92345679012 1485.74485596708 1695 1876.04938271605 12312.4512666541 0 15196 61689.6 202.439645546992
0 751838.4 0 24008.9957252525 398437.697364364 823.219460927644 18378.3637813984 643240 8878.05126017443 28135.8 2954.69958847737 9889.84362139917 1100 12487.9012345679 58127.2151623193 0 8366.5 16128 1013.39913267912
4024 141400.8 510.6 3534 2062.4 369.327562968689 1551.72345792968 224.6 4019.41995607772 77053.725 8091.84773662551 1860.01646090535 3012.5 2348.64197530864 40062.747082004 0 9657 144211.2 0
0 0 0 2178 2308 113.563517603289 557.27575720022 265.133333333334 1224.73140932748 6428.28817131069 675.070920833445 0 251.320985663879 0 10587.050381071 0 3770 45337.6 963.658894104713
2052.24 257151.15 11468.2948281898 378 495533.421186417 1022.26833927062 22829.5348145396 2974010.44444445 11024.703798269 50708.385 5325.17448559671 3382.62139917696 1982.5 4271.23456790123 38981.4136986302 0 4350 30956.8 1591.76885821443
5553.12 65527.2 2718.6 13414.5 4705.6 98.07 2639.60373261997 2401.6 1494.8955 99498.42 10448.89218107 861.958847736625 3890 1088.39506172839 31222.5206980672 0 12412 57612.8 644.76
0 0 0 0 0 286.42237515642 6394.37580815348 9063727.33333336 3088.93636434953 32739.84 3438.19588477366 0 1280 0 8668.10883843121 0 2508.5 3673.6 352.591502436461
0 149160.6 0 45157.5085494948 373973.62324213 778.17999884246 17243.931574821 1278960 8399.67091402992 20526.345 2155.58765432099 1962.09053497942 802.499999999999 2477.53086419753 9061.21193469693 0 6119 13126.4 950.84554369247
18731.72 2731449.6 4788.6 101818.5 62706.4 48.615 2924.39695453309 686.311111111111 1515.04660918226 370305.495 38887.8757201647 35930.0740740741 14477.5 45368.8888888888 266966.448939763 0 35510.5 51520 3972.0058434575
0 0 0 885 601.6 441.304603840588 4421.91297244496 7820465.82222222 4759.2714703717 24980.1452498444 2623.30642419338 0 976.626211972957 0 6495.47376447911 0 0 34854.4 156.968740285365
0 0 0 1363.8982717989 0 340.211136920161 7595.20921645392 4809495.54965116 3669.0239434523 19257.7270708697 2022.36290602394 0 523.736936370779 0 1067.53936341627 0 2979.66309112334 9097.50456140351 15.1553424203979
0 0 0 0 0 0 0 0 0 0 0 0 0 0 0 0 0 0 0
1610.69569223464 117801.429746261 0 44248.9243131878 112.128564185438 0.63866975575758 1180.19823015824 280.076090260505 8.96506916831971 9351.52617730359 982.056687484069 1549.58528131545 365.608185835625 1956.66066000645 12250.1643364417 0 1610.31111689784 4664.71570427444 52.6972288135261
0 979323.612632109 1819.00756190769 14609.0254629954 2196.00872377059 478.109862451679 321.893095909984 2213.00782551818 6003.43882733026 100732.134121534 10578.4514829983 12882.2329155777 3938.2334084578 16266.3898934 86406.1339322247 0 5239.30221033917 65328.6785951256 863.959459663759
1514.74421746017 357011.35952375 597.091879783092 4356.17467076534 764.969886562686 2.54413061820622 193.572926543331 1522.53920672225 987.092676640304 80567.5284173543 8460.85211934248 4696.20402037594 3149.87600349342 5929.89477173739 28731.9241371281 0 6712.95689480774 30548.9512708038 383.971299123185
0 2614349.22127693 4964.61765802451 18124.1522050647 7155.92474347461 17.7329187483182 663.66444580558 4736.50035357145 3333.45592746493 158092.223425169 16602.159081875 34389.710568329 6180.7890931726 43423.87256088 151710.638204915 0 25140.3721279693 80092.6337281043 2487.79509127927
0 1996107.4669042 802.501820887621 7540.56476850758 1465.08024736406 4.60297867164639 423.92483916648 3199.22354730177 2189.14993017596 73169.6065328723 7683.95447478762 26257.2258868259 2860.64612295225 33154.9876945408 100348.638248419 0 9080.70622297586 39920.037067405 1233.78616068171
706.092903136178 591976.450727587 1079.67422135848 5638.8782468159 1640.72876246282 11.3250852079336 158.274267070646 151.001136105782 905.610627705036 61187.5084236688 6425.64654139456 7786.98524210355 2392.19283852016 9832.62287464454 43632.4839554008 0 5210.02214171376 14323.0211967084 615.080107497833
796.911583552818 574770.072693935 417.650404776803 2031.58221407333 606.102912097062 1.6422057789225 132.94875172075 1076.11288638199 631.739042527551 23573.8639564325 2475.62486692728 7560.64885380059 921.646100415692 9546.82801568434 25740.1829664882 0 5263.08163766858 11884.1669112951 474.135606194395
100.008148313831 60757.8392525515 5.18028042101497 129.681757616038 2998.52444447346 0.358814026163254 14.3047864393929 6.21495578746456 5.40606337032445 1469.20072701449 154.289083072113 799.221653192817 57.4400159126784 1009.17683349456 2591.44299699091 0 973.554874775529 1036.86380408873 1.7775466513928
0 1821554.56339647 771.784247548617 3048.82323617923 2335.55302254059 12.27041795259 386.047001642101 2945.80820566796 187.982803033678 57512.9827460331 6039.76380454118 23961.1195435576 2248.53322175437 30255.6952146519 80993.9595109724 0 6178.8232169768 48202.8761627078 0
206.730162789137 195708.498417671 90.6545755085174 402.825004326679 180.298509149604 1.36773532725597 56.8819009842052 403.781929890446 282.206668986213 7816.09449452014 820.812316922171 2574.39157767097 305.578797971699 3250.68312419992 11251.0069407535 0 1515.90665437537 5976.53174723709 71.4827818000022
154.843157258286 338038.660054692 103.944879898862 443.21487660089 41263.4479629873 110.575922505094 3872.44897315891 472.183648110402 1378.12494555072 6769.26170546365 710.878481345083 4446.63306094529 264.651720441928 5614.76162993092 15694.6908591918 0 523.531454405541 8421.434705656 224.179180412181
10.7612909519264 3626.67076157425 0 0 198.274930760701 0.0598557296005914 13.6001699115204 7.29207798038929 5.88159701986147 107.48989277379 11.2881219636262 47.7060053041583 4.20243540440182 60.2383521257152 246.189158233612 0 19.1706603841251 69.9230306273896 0
0 2180933.81994663 1701.81168816646 7027.77703766434 3515.38184317357 27.2122232406373 716.223774320824 523.487791708914 394.911067237174 139169.885096897 14615.0172457951 28688.471389454 5440.99949553902 36224.9203321117 113363.83537093 0 27059.5187837903 77043.9747957967 3014.73913797473
310.857758257019 51164.4500803766 55.1625564478349 744.573246044786 159.711814629947 1.26857711029889 20.0005618514906 186.700436694439 44.7586072633709 5037.4583982964 529.012015169933 673.028153749274 196.944968265556 849.832356693568 3162.98814198309 0 963.188897819609 1575.48788479053 204.700910447064
0 324853.336582269 3647.20723656416 21924.935017883 16774.3713406067 117.975573397868 66.340911524912 1107.14423840323 1465.43907455239 16362.3794015398 1718.3060614676 4273.19048706262 639.705192022043 5395.75576740855 16016.8924319189 0 14392.3350379282 5793.39033256605 113.117237253918
41563.1031419609 3890255.29133063 4675.32527940084 158756.481442531 296389.989266553 11.8577090419586 20687.2508397782 305.819823594154 7718.35921532374 375509.929940746 39434.4228870366 51173.2527609399 14680.9730995678 64616.4439797062 355080.093915191 0 59743.3078972266 119982.989050612 1939.60846847651
0 1390383.49254233 1737.82982416226 77480.0544073027 2800.03682733665 26.9699435271557 409.4493766172 3355.37021371009 2355.67734261023 107623.297291579 11302.1315270227 18289.4027692899 4207.65100053089 23094.0209133269 69885.3291439867 0 9724.071356215 53058.37917249 657.170624689677
429.074681014897 132998.953171375 140.58714428411 921.762667741037 5842.76807261807 49.3100682850566 399.335218665275 217.256946159541 623.198193133417 4920.52865624799 516.732561210522 1749.49676509566 192.373471586832 2209.08880353153 6671.18690415313 0 1875.03858908005 7393.66129243737 42.7229287666655
795.488711434729 69322.283019541 11.1175170630909 124.405883523718 219.739315329498 24.4407851309773 18.6725860316854 111.658674902574 304.856734945161 1343.35765939342 141.073590350644 911.880184015122 52.5200429819931 1151.43071131082 3746.44548526008 0 823.392398538344 808.823121718205 14.9218892621052
69756.04 1752421.5 4388.4 201772.5 81223.6152759376 35438.34 46116.8120165 130393.133333334 787197.19575 237363.84 24926.920164609 23051.7283950617 9280.00000000001 29107.4074074074 194078.937136423 0 30609.5 143494.4 2672.75101303109
53679.2001854343 3442271.95022383 4112.32646926873 266774.729916418 291941.979911704 29.2944761981393 108.817807362263 1130.80200284061 78733.0646965208 350028.671288695 36758.491708499 45280.3837766765 13684.7553088081 57175.5208791127 304417.111174666 0 42440.7411354608 69169.9632017999 1345.42011762688
22836.7422045432 620645.435591532 4069.87068719154 158531.569750288 250257.623814195 2746.57367825522 26543.6653239552 196315.671756002 13046.2249717123 24963.3428933567 2621.5419136481 8164.10321996778 975.969305393567 10308.8095810914 70968.1154975038 0 3892.62836663603 15400.4634190424 1716.60518085533
6378.04 4043718 4333.2 99397.5 43600.8114719154 8178.32230838297 842.58376652588 140.088888888889 125281.195099208 61515.09 6460.04773662551 53191.9341563786 2405 67165.4320987655 229416.163632952 0 16892.5 47712 41.1796796255743
4064.24 3549461.85 0 0 109367.879634227 66.465 24523.9391146111 881.444444444448 123751.486581985 341146.575 35825.732510288 46690.3827160493 13337.5 58955.925925926 458074.922574593 0 24534 64108.8 1677.57
5159.53454910983 247690.411798283 897.07267877465 4420.86997978812 781.291644917052 2.20352498124209 302.375895834852 82.1011398353608 17481.1490908324 58227.3952061576 6114.78830009251 3258.17281905924 2276.46396145741 4114.0933999732 30488.7775588907 0 5410.53677449928 14469.4557467447 753.862077254917
0 0 2792.19759095188 43133.9259732955 1175.92004755126 210.366137627237 243.021267581718 0 3223.42027900196 4217.24868107486 442.877150906625 0 164.87796860876 0 4741.75300466388 0 0 1387.77286547786 24.1611081603905
0 0.152907865608297 0.279736137698137 0.0157410012108462 0.0170839397756877 0.0210934973233545 0.0243470702045264 0 0.323108957923342 0.232282689790976 0.0243933198251271 0.00201138287077114 0.00908134685241128 0.00253977227513918 0.170532110500825 0 0.0402575800198139 0.0624649894203839 0.000106267290679431
26980.92 2367816.75 9342.6 71929.5 5523.2 10954.7509284335 12922.6739079388 1494.97777777778 167858.604490326 194968.305 20474.7251028806 31146.7695473251 7622.5 39329.012345679 191835.002439482 0 25302.5 146944 1802.94
7153.48912369881 1247564.98102433 14706.4145174987 290143.749749441 14923.818709509 1720.39424528061 38800.5953216058 64667.2241911301 48147.3893367144 35958.75377614 3776.23223738156 16410.7374269051 1405.84696911956 20721.8310034941 71529.8096078419 0 12390.1247333107 126455.934872304 726.885644060219
1497.18447738731 201428.385055309 871.66746181052 2636.02831289035 1519.4044698623 3.36155259989466 453.184436531364 40.0329044071538 22650.9567633546 77682.3915892841 8157.86757301361 2649.63219371075 3037.07841071563 3345.68941731256 46531.6616266632 0 3161.67649936038 25933.0155165927 19.5864392394516
11448.28 1298042.1 9232.2 37603.5 206515.2 3760.23275130894 4341.3862992944 116.066666666666 57604.8485938464 38814.615 4076.14238683128 17074.7242798354 1517.5 21560.2469135803 207646.64559955 0 9497.5 53536 18.9487834036413
12655.48 832669.65 1932 736876.5 55042.9275167097 10989.9884890073 1082.33236706848 105119.866666666 168398.546272865 91057.68 9562.48230452674 10953.1152263375 3560 13830.4938271605 76685.7679864889 0 12905 55686.4 1262.22929012874
106636 4262285.7 1462.8 470041.5 566496.625631395 0 19708.6458079738 442225.955555555 0 206862.075 21723.7572016461 56067.0205761317 8087.49999999999 70795.802469136 504809.725802213 0 23968.5 81446.4 1211.91
49233.64 1244801.25 4526.4 200262 852401.6 0 112370.311111111 689257.733333334 0 91377.405 9596.05843621399 16374.3827160493 3572.5 20675.9259259259 283096.954775755 0 28652 98828.8 2805.6409550604
0 20996.7239310178 148.994102166894 586.619291140186 248.947311446649 302.692093054325 30.2624831732733 21.3267635951897 4629.61395879515 9450.71749379424 992.47332898761 276.195411460037 369.486179286661 348.751825791338 4063.04011607969 0 0 4471.45456242184 34.5971717745111
83055.36 10002382.2 151827.6 2390376 1503768 34763.505 131799.585185185 438404.266666666 824717.22375 296512.965 31138.5045267491 131573.481481482 11592.5 166137.777777778 888769.015725278 0 40339 70022.4 131.350896929064
5271.44 1106418.15 65122.2 911185.5 1480 0 816.104355166456 54.8 0 215047.035 22583.3061728395 14554.061728395 8407.50000000002 18377.4074074074 130253.667404766 0 25708.5 34137.6 941.213307825067
67784.28 2773912.95 1366.2 245838 10060.8 6081.705 978.96759601018 172633.866666666 152008.836 232120.35 24376.2716049383 36488.646090535 9075 46074.1975308642 202671.60607994 0 26201.5 38572.8 5126.60058313962
1900.4550258627 81761.5268237451 160.012422594041 865.259139974258 277.523028728235 769.36120419357 86.1589930832988 11.8045532917264 11767.2309417193 9859.96914185631 1035.45116065092 1075.50866586979 385.486321911654 1358.04432410263 8059.41852846261 0 1690.13884200685 9948.73406347896 85.8641958358048
5.7397042010707 1653.8440953634 4.63391253062336 42.3586675437802 107.49243483332 7.34284107568093 23.6177821719831 0.27081178356471 237.418528113684 400.369908923873 42.0451099714984 21.7550200645755 15.6529012793757 27.470054363107 300.3691825645 0 30.3771776608294 102.641429997278 5.10560056210114
19053.64 1610805.15 62472.6 627034.5 85112.8 6741.0315 61727.972156352 1611803.2 217960.0185 99498.42 10448.89218107 21188.8765432099 3890 26755.1851851852 141033.204278476 0 15399 37184 912.613521555336
0 156430.086196319 26450.7113899981 566.466257668711 947.543558282208 713.843217558139 2427.224536087 0 23080.9307010465 38600.9419325154 4053.70336876299 2057.71491608249 1509.14621676892 2598.27572858021 18342.9271196958 0 4991.86468984322 26958.4534423994 227.627461571879
1151112.11517369 23810492.3847361 386146.004414012 10518233.8279447 8494863.57332872 22392.8721605387 1165704.15853939 7246323.45661777 510205.179907977 314533.369912772 33030.9292305059 313208.325397526 12297.0275202429 395488.016104279 1651626.99717396 0 97371.3232231181 706286.230692291 7635.93070624854
97836.0150161624 4211164.2662397 101686.728687624 2290913.53675681 1398955.74624838 0 331645.950578472 2282539.11098301 0 78033.5463621592 8194.74432302268 55394.5582682859 3050.80719220265 69946.6846058181 251865.869335739 0 22803.471272961 74357.4073059498 766.143435227333
5014.55823744663 168414.422627821 341.211183675544 2929.96559895305 25727.4537088872 4389.25808637893 534.570028702116 344.178237446635 67256.1833619711 37882.4079273607 3978.24604644277 2215.35944875571 1481.0543407366 2797.33341134611 20188.5546964916 0 8934.29341371891 32167.6101646676 405.919987675248
14285.2 1019767.05 1035 503478 68476.2792644362 120.96 13010.9988641612 974.6 61024.0446205589 201938.31 21206.6847736626 13414.2345679012 7894.99999999999 16938.1481481482 104155.11863389 0 18661.5 59136 1468.62
7.94318931126917 396.613455896321 1.55660341515926 11.6480887350402 2.69021677185132 5.98571407184839 0.685357509559996 0.0771565199241076 91.7185262853126 179.193657787534 18.8181401247727 5.21713849273635 7.00577284336281 6.58767850316492 63.4638535698726 0 9.81336935643878 84.6431306330077 2.9552632583065
6378.04 2534436.9 91213.6232068371 654675.805907098 18444.8 14197.47 0 134346.288888889 276022.24125 101736.495 10683.9251028807 33338.5267489712 3977.5 42096.5432098765 168047.55894164 0 15674.5 84179.2 3622.62059856408
18852.44 292070.25 0 5892 101136.19943982 3815.98256705125 426.702585554556 271104.933333334 58471.9372123811 43674.435 4586.49958847737 3841.95473251029 1707.5 4851.23456790124 58608.5149183712 0 9599 33644.8 2138.59100403727
69092.08 1011145.05 0 889621.5 616119.2 2380.98 54479.0716049384 655345.555555555 52443.53625 84471.345 8870.81399176955 13300.8189300412 3302.5 16794.9382716049 255631.752899231 0 25940.5 56851.2 60.3666651492818
108326.08 2304660.6 0 2076168 134976.317963864 16257.78 69895.128623234 467627.422222222 404370.477 108962.28 11442.7456790123 30316 4259.99999999999 38280 247111.969675361 0 17182.5 44217.6 4309.4915214802
895.864113707243 447007.751725867 399.398663019581 2872.48676120966 597.242742471496 2010.66274159893 211.311067286707 14.0999156398589 30809.1935736738 32671.8291683816 3431.05368244798 5880.03587223273 1277.34104184774 7424.71873562045 30763.9193277196 0 2690.11548392045 10156.6887059666 158.554647697076
36106.8611457023 408057.479262228 5722.09104909336 322472.361454738 701811.191118835 5623.30257432949 66627.2246405272 736060.271279634 86165.3294465899 30263.5531331746 3178.14698670213 5367.67563141995 1183.18684545995 6777.76168263478 61295.9620731839 0 2611.7754070153 22015.0725721995 645.851196629975
28208.24 1240705.8 62624.4 1516414.5 347398.4 20324.535 80206.3119529848 2430617.82222222 467214.3945 77309.505 8118.7086419753 16320.5102880658 3022.5 20607.9012345679 184977.9026459 0 17443.5 76966.4 1445.89979006851
1058.26294739721 237285.035664715 63.3601440036001 0 5781.39518999033 2.53096227405685 126.36411642071 28.94929000676 30.8178332134774 16143.2217846035 1695.29107982238 3121.29826891279 631.136984306962 3941.26196510033 20840.6371652193 0 2458.34522921896 6234.24925858439 96.3450917831676
0 399198.6 26421.3011982464 0 208 716.973469627792 2299.60018917116 0 23182.1421846319 17009.37 1786.25020576132 5251.14403292181 665.000000000002 6630.61728395063 18678.2462750985 0 0 4614.4 290.627030316021
8369.92 1569850.65 127302.84729044 1875685.61052954 2675.2 5.985 969.24378916128 310.488888888889 55625.4559176093 188381.97 19783.0567901234 20650.1522633745 7365.00000000001 26074.9382716049 194521.726702946 0 26042 65452.8 2447.7957401704
2575.36 2050742.7 165.6 1042890 2335.2 4.515 1361.85713488435 118.888888888889 81959.6515483622 259872.48 27290.679835391 26975.9094650205 10160 34062.4691358025 168728.027922687 0 33915.5 45158.4 0
34847.84 1851574.5 690 520744.5 484295.2 7489.125 39346.5630614682 1195472.2 165879.91875 43674.435 4586.49958847737 24356.0082304526 1707.5 30754.3209876543 225023.334959655 0 7757.5 41216 2052.13311979458
227.400064785886 64545.5718647704 97.6956344136162 451.870254138494 180.636321753322 349.090931979197 36.7862055369775 20.9690816300096 5354.7069444847 8354.94406864069 877.399960241547 849.046300636361 326.64571384161 1072.09039412719 5120.35554415032 0 1492.94479210383 2823.8087261988 103.325930407463
4406.28 336042.45 56141.0848372669 2493 1486.4 4186.0414907333 4842.24060011736 45.5555555555555 64142.3148334032 73920.42 7762.80164609054 4420.37448559671 2890 5581.6049382716 45709.0690185776 0 12731 35212.8 540.496920644462
81667.08 1606278.6 0 1446369 327653.6 15022.14 107749.010035996 359233.222222222 370949.0505 301948.29 31709.2987654321 21129.3333333333 11805 26680 263777.751623194 0 50257 213964.8 2764.11
0 0 0 102314.281225831 59603.1739076806 0 1208.42651788085 2458204.25963125 0 0 0 0 0 0 2192.60505715649 0 1314.90358605504 5641.20843319394 265.878495976536
1046.24 68113.8 3982.81549946477 2232.18217437846 4680.8 2.835 1746.72427876936 16778.3498551786 13.46625 785564.325 82496.5555555554 895.98353909465 30712.5 1131.35802469136 261035.033064365 0 38555.5 136908.8 3098.43
884.763128478578 11606.7566716553 539.161569306752 25323.9584492328 822.36400796516 0 531.062864772524 2891.38938661234 0 67582.6122380442 7097.2325851042 152.677767502036 2642.21644530629 192.786150546838 25546.7852785505 0 3900.32929604587 8870.01179019236 584.380096678754
18027.52 261031.05 1867.94821819604 477 50492.9951209863 3.675 2586.68324913543 1753342.31111111 113.84625 390831.84 41043.4633744856 3433.65843621399 15280 4335.67901234568 127496.752711578 0 2015.5 15590.4 225.239709900557
6116.48 9699.75 1599.09027986309 59472.5090885047 868.8 1.575 714.687838100568 6882.18616675756 7.48125 629218.8 66077.8271604937 127.592592592592 24600 161.111111111111 195225.070369675 0 1667.5 21772.8 0
1677.61518704044 25927.774267394 188.631241902341 1186.12145044026 10516.8751825842 3.73161804632891 1277.07668012232 6959.28293704549 17.7251857200624 509052.407408007 53458.4742101469 341.059505547288 19901.9629137543 430.655689152599 144557.847438693 0 386.48901194121 8940.57410894807 74.9125476521803
0 0 0 0 0 0 0 0 0 0 0 0 0 0 0 0 0 0 0
59434.48 1556271 3063.6 19413 91807.2 158389.665 0 2595499.51111111 3689090.9895 2288847.33 240364.811522634 20471.5226337449 89485.0000000001 25849.3827160494 1027139.00544192 0 149408 129606.4 2094.03483799795
1091.66122347106 14320.9473596604 665.242209414964 30868.3181631953 65.6 58.968 910.516239758536 6085.39516522444 1906.632 83386.5187036214 8756.89024296984 188.380814144809 3260.08752457665 237.868371997074 73091.817558868 0 4060 4480 80.2158008464164
242.168612983055 19602.1770926542 92.2776358285331 390.121126300262 370.293048487221 0.473002069235501 155.443934315578 1188.94093372198 2.24675982886864 109192.084243575 11466.878723174 257.851243146563 4268.98444927577 325.588652449217 35023.1927105942 0 372.524323129299 7902.28790336111 160.966146285531
10787.0811098189 241217.714600195 270.111043600029 5769.85783115374 1259.49698969138 4.28909785678685 854.419116042788 7994.1096007517 20.3732148197375 567415.746287589 59587.5387247393 3173.0295713909 22183.7417424188 4006.58305821493 187419.898835261 0 1480.75997436689 45216.6227391039 325.154466095459
965.76 67036.05 1621.06444043843 574923.378747444 43819.4153802138 2.1 2233.32679554129 691712.333333334 9.975 658249.83 69126.5399176955 881.806584362139 25735 1113.45679012345 182483.630549822 0 8410 44620.8 422.330131740098
413.227126270621 24437.0035294897 77.942194045577 244.301027186335 134.155049145114 0.92729645880311 167.077315652679 1340.92164904005 4.40465817931478 107290.906695277 11267.2253093887 321.449587414306 4194.65582513401 405.894254064508 34843.8913587831 0 1390.73930692918 4471.72543482355 36.1608274977377
0 55196.3880913968 262.2 1047 561.6 1.47 3427.12223205293 13427.9386759012 6.9825 389444.26959504 40897.7467535073 726.065131403204 6282.42560749406 916.802125284163 5071.672843176 0 5698.5 24460.8 301.9269096349
2324.23452962942 30490.4485335604 1416.35415863996 103698.662680668 38666.6384002006 0.945 1395.07921157466 7595.55505271163 4.48875 14835.24 1557.93251028807 401.077901771486 580 506.440891932064 -1098.13193743425 0 1305 8691.2 170.785890476452
0 126.428530083947 0.14247289440978 129.549081784486 0.910587629488592 0.00162604933837249 1.7240407167319 9.39571652346496 0.00772373435726932 359.630893093835 37.7668753626378 1.66306801011174 14.0601647155304 2.0999552522456 109.18318922989 0 1.76832865548009 15.2342755790631 0.018508242439513
1953.4799506392 9790.06642252261 1572.57196819977 3438.54611460888 788 0 284.19431237389 0 0 41756.085 4385.04279835392 128.780634191948 1632.5 162.611250721328 7008.86558673897 0 6916.5 39334.4 556.317015924964
0 0 869.4 6658.5 2786.4 3.57 1017.17108575583 9900.2453223312 35.952 0 0 0 0 0 310244.810958904 0 29826.5 115718.4 220.457736900258
2137.86624528818 18833.4581969885 368.849955764109 8764.48352018978 402.368311496426 0 513.507224179456 1988.20685600083 0 135881.823119093 14269.7192491963 247.739349863447 5312.44910153619 312.820369203482 45247.2945294428 0 1551.16792690611 5168.95416639508 44.4764240378008
2293.68 476365.5 1752.6 5977.5 3060 20.475 2174.9926782161 21178.5439652327 97.25625 772135.875 81086.3580246913 6266.21399176955 30187.5 7912.34567901233 251490.235316194 0 12122 124185.6 1203.45280389206
12665.5797856388 87728.85 0 30 144464 0 69122.2456055612 1380298 0 267801.66 28123.3679012345 1154.00411522634 10470 1457.16049382716 80483.3425139459 0 1493.5 14649.6 232.390042540364
0 0 92.6653397213873 5340.00807343718 92.615599871832 0 441.792480966192 1720.09030853293 0 0 0 0 0 0 15927.3430387888 0 248.823597400021 5465.01675033185 38.6761932477648
4206.72000127383 55185.8162585638 2853.31297258633 188457.632519771 32 0 3508.67722964277 13758.0824307481 0 32356.17 3397.90452674898 725.92606724592 1265 916.62652903331 5014.89598743787 0 0 4569.6 309.111844026
0 2011.03271541409 455.4 3508.3565350452 301.6 6.405 58.0522550868624 507.506931210027 30.42375 11709.6315576045 1229.69467882469 26.4535558079543 457.80090537198 33.4028934004649 2517.15958250197 0 2436 27820.8 11.2643804731582
16196.6 804432.6 1518 8698.5 6840 86.94 3259.34568703864 26781.9064504322 1181.3865 1160921.475 121914.934156378 10581.6790123457 45387.5 13361.4814814815 468471.685944828 0 18212 236633.6 3480.51
1448.64 5819.85 0 873 610.4 2.52 889.034492188908 4843.57778869806 11.97 213448.41 22415.4255144033 76.5555555555555 8344.99999999998 96.6666666666666 63189.4776505913 0 2929 36736 108.835789504299
1669.96 84280.05 2484 13422 1924 5.67 1475.86338893943 11403.1362618692 26.9325 541997.82 56918.258436214 1108.6378600823 21190 1399.87654320988 167659.394858323 0 10759 56000 720.345198141384
1.14107610276297 49.2118516723219 1.79533430477924 54.662294153844 1.05632573921474 0.001832283082889 1.61458911072832 6.31578638966674 0.0196283325254484 527.615991274843 55.4079412099126 0.647343255357474 20.6277266117305 0.817400046677799 234.982414535125 0 21.0436257876878 35.3752787203102 1.02698595975109
0 21642.9913663055 165.6 1314 1028.8 3.36 504.95720562438 4854.57973335793 15.96 133292.682308382 13997.8189197968 284.696551961236 2673.30594036487 359.48621220069 1294.17189249959 0 2450.5 12902.4 708.062131388995
1891.28 286019.918368433 1290.95918007388 95114.8433885076 1964 16.065 716.02654519636 0 76.30875 371046.683332197 38965.7121015764 3762.36737212301 14506.4775718273 4750.73964259363 70880.0350226891 0 1841.5 53536 155.665595213404
0 0 500.321992092842 442.437398180136 14673.9341649286 0 693.08642605896 2741.2357281981 0 0 0 0 0 0 106483.715068493 0 2494 13798.4 60.3294991039379
3098.48 117043.65 993.6 7518 3168.8 1.995 2035.12157092425 147268 9.47625 243310.725 25551.4362139919 1539.61728395062 9512.50000000002 1944.07407407408 72506.0224432352 0 7917 82656 440.460427955747
0 1293.3 626.246622099537 15822.6730782118 663.2 0 363.844344263302 3358.40486344128 0 22636.53 2377.19012345679 17.0123456790124 885.000000000002 21.4814814814815 2383.73698630137 0 0 14873.6 6.62201351631195
3219.2 16544.3428494166 207 351 277.6 15977.325 1056.67823558092 4123.00434029246 436456.86525 96332.6740756009 10116.4392854691 217.627835449138 3766.23168643369 274.798573063499 201362.941339192 0 50967.5 8288 92.6696871243234
0 32632.0783173774 195.781463565254 306473.502264307 581.02885961301 2.93123018731987 2094.95707505381 0 54.4151649855908 243969.937318863 25620.6638303121 429.249359436965 4390.36146251741 542.012979260029 4173.56179422531 0 497.691308151503 9267.17233429393 223.672347078468
324.521504230499 39822.9822614755 197.758606640376 14478.9372891673 6086.46443703077 0 270.67197533427 1060.53021747533 0 29264.7180103222 3073.25365768897 523.840052734399 664.164814637355 661.452606500617 523.06183691203 0 0 17427.2 23.8459989180182
3517.3086455835 41390.787447442 2405.70093586983 142795.946707301 524 2.52 2636.9318722294 10323.1002050109 11.97 241005.960357471 25309.3998353987 544.463298525019 2919.91977967306 687.493569980796 -3202.99230170628 0 2117 7974.4 279.601866279935
1095.78971934008 14375.1069933852 667.758053757894 48890.0440236161 449.6 0 913.959672990108 3581.02034598465 0 75646.935 7944.11275720165 189.093241586837 2957.5 238.767953817922 19609.9173193701 0 0 9632 96.6109608125091
3107.12771994913 140538.6 1893.43769377574 1206 52158.8077785882 0 2597.94597341306 10240.7020498527 0 19055.61 2001.13744855967 1848.67489711934 745.000000000001 2334.32098765432 36571.2505556964 0 0 10528 228.313265167861
802.992446524142 10534.0487594795 489.33172470004 35826.5234363023 13514.4533826898 0 481.981510435576 2624.16432452633 0 8824.41 926.701234567901 138.567137474551 345 174.968664155093 -159.84397707808 0 362.5 5062.4 59.0042778718018
4647.72 38583.45 1973.4 9619.5 5249.6 29.61 2164.34840804964 20546.3973929581 433.56075 558303.795 58630.6411522634 507.534979423868 21827.5 640.864197530862 172930.916269469 0 36496.5 256748.8 2053.68
945.64 0 952.2 3160.5 1362.4 8.715 1114.89313987481 10675.2467522031 41.39625 0 0 0 0 0 250663.747945205 0 4741.5 38304 21.0491680299135
0.456395929706768 5.98722565569551 0 20.6045258338184 7.62632440052371 0.00140315678063596 0.38836087366987 1.50657781960698 0.0246979510837053 34.8617931190619 3.66103419069211 0.0787572508412151 1.36296008753859 0.0994467463452207 12.0264292986848 0 0.343500069025816 2.79610878468547 0.0335361962276787
7645.6 231069.6 4749.43235030921 205792.954027554 1587.2 0 1567.9107667724 14507.6061740434 0 783645.975 82295.098765432 3039.53909465021 30637.5 3838.02469135802 322740.040983299 0 13050 43500.8 28.040821374602
342.556512500423 4493.82434564184 0 0 5642.7452192695 1.5435 294.425452667507 1119.46828781376 49.9065 0 0 59.1127295977889 0 0 0 -350.775480541842 0 1792 25.1712201501544
1489.30056243444 20830.675239473 0 0 24630.8298971603 4.305 1245.37322995721 4877.0064349353 20.44875 26984.79 2833.82551440329 274.011171345517 1055 345.993786749782 10105.8320575709 0 0 20876.8 109.434534036891
9.70732771364903 1246.13642336021 10.3488885979556 463.874612614128 4.99287524039195 0 3.42269653752897 32.5546502628993 0 2078.60693992491 218.286278335869 16.3919458728925 81.2654210620419 20.6981029164246 764.536924086441 0 86.5274646443944 218.928099148325 0
0 2586.6 262.2 1392 565.6 6.405 2032.44115660273 8028.14097495768 30.42375 452538.765 47523.6567901234 34.0246913580247 17692.5 42.9629629629629 143814.136686057 0 7699.5 20832 1138.06199187624
0 17580.2670206635 696.491644411368 50993.7798065081 901.6 0.84 958.087305161208 3740.31144554417 3.99 107190.4555854 11256.676369852 231.254604256451 2832.13319383494 292.005088103212 -1407.05528283019 0 1986.5 18592 83.9838997715267
0 39908.7668297627 0 0 50309.9139793778 0 2537.37266080542 9941.77685538624 0 0 0 524.968481350828 0 0 0 0 0 527.487184614988 223.540636777974
3638.50859614309 47731.7403538042 2217.25334328295 162336.66214068 76 0 3034.75207698182 11890.578166471 0 15666.525 1645.2304526749 627.873553514097 612.500000000002 792.815662637538 -559.715329160377 0 725 4972.8 267.359391953273
0 75591.5211329066 113.490065986606 478.455790611235 165557.609756594 0 18053.4468511057 511929.120342808 0 209600.115237503 22011.2943025276 994.347087230629 8194.54669002667 1255.56163409383 65429.7881057439 0 1277.64437640201 11263.4778532794 9.30472081129051
3118.6 298967.85 483 4354.5 1500.8 15540.735 1523.53820253537 14458.6003567855 456751.7325 625062.375 65641.3374485596 3932.68724279835 24437.5 4965.8024691358 213222.085644586 0 6742.5 85478.4 0
80781.8 47852.1 2760 19552.5 165102.4 77091 75563.9308641976 3764226.86666666 2278091.025 603321.075 63358.1604938272 629.456790123457 23587.5 794.814814814815 234876.694013886 0 11339 18905.6 595.100295785347
1388.28 0 698.544043743759 51288.0466481431 0 1.89 963.563088411524 3746.11795265556 25.0845 0 0 0 0 0 78002.4876712328 0 0 40096 76.8448849563621
2971.49455556291 175088.523011119 1752.45230577585 0 0 0 706.439066803132 216082.908052281 0 420194.329808061 44126.9846019804 2303.15199713358 16427.9587852084 2908.18902395678 112054.506742428 0 5019.97374554429 17228.5460586405 700.252517306121
858.66119707567 11264.3387332239 523.255438225851 40558.5482646785 161.473421508959 0 722.824107631804 2806.08876207318 0 18191.6442587382 1910.40751658103 148.173528473744 711.222310530075 187.098649887021 5175.46649181388 0 0 8168.03002958078 5.53297129619423
4225.2 0 151.8 29522.5452016591 1597.6 1.26 692.220662575872 6782.16604702712 5.985 0 0 0 0 0 129608.745205479 0 7931.5 66483.2 820.705144757419
0 14441.85 1877.23468534483 4249.12201274364 1192 2.205 658.479550287024 6334.95973903988 147.2415 410846.625 43145.3292181069 189.971193415638 16062.5 239.876543209877 123828.632463877 0 6684.5 39737.6 0
2423.86165362653 31797.4060105517 1477.06545502068 68538.2342974606 138.4 0 2021.65777358807 7921.13463403901 0 185146.619454399 19443.2943193329 418.26990083307 2188.27486259102 528.149221661498 -1397.6995352003 0 333.5 761.6 15.6186828997695
0 0 117.243425534582 5477.91403099236 19.6970547738187 0 160.470940423397 628.747328331734 0 0 0 0 0 0 16742.5500131802 0 599.505877019176 8324.79296101017 76.1210741465784
2172.96 355010.85 1876.8 10182 2040.8 5184.48 1584.4775306116 15054.6897196821 136174.4055 1201782.33 126205.963786008 4669.88888888888 46984.9999999999 5896.66666666669 408869.30050666 0 14645 61241.6 1159.80358234654
62995.72 5418711.45 1656 6588 442691.2 230869.59 146490.785185185 11361579.1777778 6323266.383 1559298.825 163750.794238683 71278.8930041152 60962.5000000001 90003.827160494 1039541.84064552 0 95946.5 85120 1671.6
33519.92 389283.3 2014.8 29754 51605.6 33582.885 0 2974049.37777778 879116.15925 992106.675 104186.736625514 5120.71604938271 38787.5 6465.92592592593 414587.111127793 0 24606.5 40768 1005.98538967239
3299.68 112517.1 1932 39947.5429152168 1747.2 10.08 720.630526200672 6683.60152440042 100.8525 260575.875 27364.547325103 1480.07407407408 10187.5 1868.88888888889 85603.3534246576 0 5263.5 61331.2 316.566719032711
720.965752284428 9457.98235257825 991.34586999181 1188.4601130506 1245.6 3.675 284.148049673814 1894.9800827026 17.45625 55070.9532361895 5783.31246540085 124.412329086878 2153.05939620727 157.095393767176 29805.1966786434 0 1087.5 23968 1115.06570057028
1257.98710711143 16502.8918795812 766.598743783751 19170.4863306345 20930.517527481 0 1051.97039038618 4111.07838122938 0 96091.3176915119 10091.0930856545 217.08258049857 1084.03569629895 274.110079874828 252.05433916642 0 0 2779.94923031086 92.437508158945
1207.2 0 1047.84916883068 0 624.8 0 1443.43438539372 5619.35445329159 0 282125.34 29627.578600823 0 11030 0 87445.6475886656 0 3204.5 37184 245.751062897715
9238.76947225742 51253.5417994374 0 110475.277614118 64735.7615065496 0 3258.66585369792 12767.903297834 0 298433.777776765 31340.2199469982 674.200085336532 7047.39902884965 851.312154198522 920.215208162881 0 899 3718.4 287.086028487061
0 0 0 90 272 3.15 0 0 14.9625 1406.79 147.734979423868 0 54.9999999999998 0 150.4 0 580 8915.2 65.67
0 0 0 0 0 0 0 0 0 0 0 0 0 0 0 0 0 0 0
0 0 0 0 0 0 0 0 0 0 0 0 0 0 0 0 0 0 0
0 0 0 0 0 0 0 0 0 0 0 0 0 0 0 0 0 0 0
0 79.548029546011 225.946651772388 14.1160386459518 138.909201211406 0.755623245165657 313.353439561079 1211.69569210076 3.58921041453687 831.854005629871 87.3576968882286 1.04639184777006 32.5222458999871 1.32127853056598 724.545595038205 0 159.197546951567 4257.32344626667 24.4212810756879
0 0 0 0 0 0 0 0 0 0 0 0 0 0 0 0 0 0 0
0 0 0 0 0 0 0 0 0 0 0 0 0 0 0 0 0 0 0
0 0 0 0 0 0 0 0 0 0 0 0 0 0 0 0 0 0 0
0 0 0 0 0 0 0 0 0 0 0 0 0 0 0 0 0 0 0
0 0 0 0 0 0 0 0 0 0 0 0 0 0 0 0 0 0 0
0 0 0 0 0 0 0 0 0 0 0 0 0 0 0 0 0 0 0
0 0 0 0 0 0 0 0 0 0 0 0 0 0 0 0 0 0 0
0 0 0 0 0 0 0 0 0 0 0 0 0 0 0 0 0 0 0
0 0 0 0 0 0 0 0 0 0 0 0 0 0 0 0 0 0 0
0 0 0 0 0 0 0 0 0 0 0 0 0 0 0 0 0 0 0
0 0 0 0 0 0 0 0 0 0 0 0 0 0 0 0 0 0 0
0 0 0 0 0 0 0 0 0 0 0 0 0 0 0 0 0 0 0
0 0 0 0 0 0 0 0 0 0 0 0 0 0 0 0 0 0 0
0 0 0 0 0 0 0 0 0 0 0 0 0 0 0 0 0 0 0
0 0 0 0 0 0 0 0 0 0 0 0 0 0 0 0 0 0 0
0 0 0 0 0 0 0 0 0 0 0 0 0 0 0 0 0 0 0
0 0 0 0 0 0 0 0 0 0 0 0 0 0 0 0 0 0 0
0 0 0 0 0 0 0 0 0 0 0 0 0 0 0 0 0 0 0
0 0 0 0 0 0 0 0 0 0 0 0 0 0 0 0 0 0 0
2001.6845525085 26259.0797316889 853.634278462942 6199.86350477851 455.213736764881 1.74720466352064 1679.82419487534 50094.5241243782 40.1781107189595 161508.402918849 17346.6380040018 345.417568706595 653.096291771739 436.158613606295 -1920.62788865827 0 1064.78197247888 16076.3086489273 12.8982923774637
66.7497276397751 875.655666106224 0 0 31.8373081900536 3.71638010722868 22.824909409964 218.13686380533 49.0230680347569 0 0 11.5185625048982 0 14.5444838595958 0 -27.8344221335769 42.4178837739569 1279.42416959389 4.90480264736333
0 0 0 0 0 0 0 0 0 0 0 0 0 0 0 0 0 0 0
0 0 0 0 0 0 0 0 0 0 0 0 0 0 0 0 0 0 0
0 0 0 0 0 0 0 0 0 0 0 0 0 0 0 0 0 0 0
0 192701.7 1959.6 12784.5 1881.6 2.94 5945.49568317584 231.977777777778 74.27175 281869.56 29600.7176954733 2534.83950617284 11020 3200.74074074074 80700.9879527114 0 10527 35436.8 0
1187.08 23710.5 262.2 729 184872 0 19415.0949731677 2189665.24444445 0 399975.975 42003.7407407407 311.893004115226 15637.5 393.827160493827 119938.637643085 0 13557.5 18368 427.390865377538
0.337929951224889 3.21047080382486 0.019014026288958 0.0333365482653146 0.0220562704951914 0.552337209622752 0.00973072903655744 0.000191364998882429 8.4231853419769 13.9972748629061 1.46993304889974 0.0422312217637401 0.547238832704124 0.0533253453330243 8.14848786648576 0 0.545413210614786 0.726523188845104 0.01767692733561
0 6897.6 648.6 4359 73707.2 2.835 21631.0831138 1171212.13333334 13.46625 545898.465 57327.8872427982 90.7325102880658 21342.5 114.567901234568 186182.965359355 0 24708 31673.6 0
8048 14657.4 731.4 2754 379144.8 56493.255 181868.128395062 5409239.6 1407023.19975 672317.73 70603.8897119341 192.80658436214 26285 243.456790123457 330037.235053481 0 12861.5 27372.8 507.994159248138
11488.52 511500.15 565.8 8586 2048 4.2 860.893733525568 193.488888888889 19.95 345494.835 36282.3679012345 6728.38271604938 13507.5 8495.92592592594 137533.490260837 0 11571 79251.2 1557.45830535664
2857.04 25219.35 510.383219622592 1313.95388696969 55930.4 0 12725.2407872481 940419.755555552 0 203025.375 21320.8436213991 331.740740740741 7937.50000000001 418.888888888889 64940.7810846314 0 7264.5 14067.2 0
115.202129269863 10713.7834031561 50.4353469795307 215.263908485099 245.45202196705 409.52222590028 37.7925744629446 14.0910349451668 1945.23057302633 46249.6353021555 4856.93594617914 140.93140553975 1808.18028392194 177.954024411585 22495.4090499862 0 2110.03096261404 2518.74610113815 60.3328464291034
0 21927.3485658726 334.264242686459 1491.33544114221 818.4 0 1402.29349641962 0 0 327579.449124129 34400.9718408826 288.437047573511 4076.9085507481 364.209334381646 5808.70416855786 0 797.5 17382.4 157.297318166012
20793.4772518374 0 0 563.71255878829 147182.550526636 87310.229866687 4349.94910238476 2671039.97247705 2184441.89038998 0 0 0 0 0 609384.086975927 0 58158.8443742064 13298.8188337118 0
0.141393169769449 0.066437553939095 0.00765626926396252 0.0354456910368636 0.0361320018082439 3.2363457033658e-05 0.00783887693810304 0.0011178235318292 0.000153726420909876 8.32259955615827 0.874003279936695 0.000873933838768973 0.325381169605063 0.00110351587769087 3.50655102067619 0 0.856604200057536 0.417013931697694 0.000713943110985653
1.88219069009556 42.7777566389218 0.248262650284054 1.24074514466904 0.567500770687454 0.00455337561104504 0.179727644698925 0.0412992567147674 0.021628534152464 115.897109195402 12.1710113394811 0.562707788845593 4.53112476328885 0.710530879964682 47.6198051397669 0 6.68888888888889 8.23769938785396 0.154882943585678
1.15622256800987 0 0.087436230638403 0.398520482702676 0.143878664305772 0.00166013843429737 0.060046359796654 0.00626690434599433 0.0196423109942587 0 0 0 0 0 42.505398427981 0 4.16851335157662 2.89460034698002 0.0904218363374911
0 2.27290795226719 0 0.183871327216671 0.0617807659448014 0 0.0191334889655076 0 0 34.8808190293258 3.66303220920331 0.0298983188591552 0.841192922212711 0.0377525942053194 2.68982388147033 0 0.36033208276067 1.10331711303443 0.0149263700247655
