0 67541.9993726419 3516.37429862937 7068.2659895765 4120.50798913179 0.783276481626388 0 563607.222026196 145.479829351236 5715.63114854629 1683.81321313893 2715.50812563846 336.015940537701 835.540961734909 8294.60148644595 0 587.531958979946 8197.95815110218 15.2738913917146
118.577250206797 4007.97854372423 15.3635730270067 22.0970911978633 5478.25381021406 0.108084795304377 0 114610.254239452 27.3775336923559 725.411935106827 213.704868203788 180.188981942614 42.6462042978734 55.4427636746504 665.277753337219 0 95.5250046026786 2278.50280802293 12.184506994775
1333.3177144584 41593.1476516587 20780.1739051832 49270.6522334318 5731.50242251799 1.13900748982457 0 5978119.87536781 288.506961970952 7644.4575295537 2252.04150880444 1898.84802426222 449.409613730376 584.260930542219 6393.65699381319 0 385.432226430757 8147.89837225021 16.2780140400869
0 0 0 0 0 0 0 0 0 0 0 0 0 0 0 0 0 0 0
520.344 11724 80.32 341.0925 62.01 0.974732600377889 987.767113485619 0 142.949177429228 20309.184 5983.04395061728 508.230452674899 1193.95555555555 156.378600823045 7473.91048224197 0 756.8 4332.9 0.562923039350675
266.596 0 220.88 595.68 93.99 1.17714118820756 260.405654908578 0 172.633360684868 3093.78320014568 911.422185162781 0 181.880258679934 0 5267.8776279027 0 563.2 23852.4 12.5098171058953
2845.832 84002.46 2650.56 7233.84375 133.25 2.71506353381511 596.953145487393 0 398.176996107957 21228.984 6254.01514403292 3641.47119341564 1248.02962962963 1120.45267489712 12037.8733203899 0 6795.8 40797.9 81.9
224.84 0 200.8 319.1925 67.99 0.888820636103837 213.078335877695 0 130.349778763847 2336.0140478204 688.184947133712 0 137.331807632005 0 3551.18783969896 0 418 8108.1 0.513307561190832
282.656 43144.32 8363.32 23596.155 6219.72 4.68745495589431 6577.90758008066 2107362.14055556 687.437590495976 4231.08 1246.46748971194 1870.28806584362 248.740740740741 575.473251028808 13447.8580587887 0 536.8 5248.1 30.0070771918046
5084.596 291429.33 10521.92 36808.425 98146.88 6.20736033527982 6290.36763351038 0 910.338952027526 52465.392 15456.196872428 12633.3384773663 3084.38518518519 3887.18106995885 38991.816839881 0 6193 34448.7 235.69
896.687975529519 91459.9631723455 8683.91103889074 14273.5349693291 215138.495799742 0.205702819319219 3029.51088086006 9.57361600231046 228.078259979877 21560.411882433 6351.65311841223 3930.37299976222 1267.51392606896 1209.34553838837 12704.8065998938 0 3230.31789309962 32118.9279771203 100.725813859978
925.056 3663.75 2248.96 4487.8575 95.42 0.63 355.052409299053 0 142.412748647291 12251.736 3609.33629629629 158.822016460905 720.266666666666 48.8683127572017 7346.12642298155 0 1100 13828.1 50.96
269.808 0 3267.92013736916 10261.540532785 4609.8 4.82751600393653 9991.05645959328 1259305.46527778 707.978210148739 12687.7625734559 3737.78883051055 0 745.900210079711 0 15536.453641298 0 0 1472.9 2.78796459705608
4821.212 817455.9 3584.28 17554.4925 39765.287513961 3554.642 1850.99748997768 0 379335.509425 83536.236 24609.6037860082 35436.3683127572 546.549355901173 10903.4979423868 46715.2659815969 0 7638.4 41269.8 380.38
1759.93719475556 22138.9356213018 389.645097510119 994.815384315268 85.3701868863254 0.132257916039946 155.037453530117 0 57.1817422760558 11014.3320116586 3244.79961934681 1921.14883296764 629.119646461002 591.122717836196 4780.25970680953 0 792.577264423171 2438.95852737448 0.405471078017071
3892.944 138929.4 1797.16 13256.6175 60.97 0.546 779.025967813887 0 26.6065 34106.184 10047.6118518519 6022.53086419753 2005.06666666667 1853.08641975308 38550.9408899867 0 6424 28785.9 311.22
1509.64 39802.98 1033.36529894233 4325.14087104744 110.63 1.52653287377237 345.805552100723 4.805 223.873315142879 18377.604 5414.00444444444 1725.44238683127 1080.4 530.905349794239 8299.67219167417 0 1317.8 19762.6 0.881596167645895
73.876 119819.28 8744.84 14010.5744528137 22728.0140102581 4.82093760210068 4885.40510256365 222710.027777778 707.013456193789 4415.04 1300.66172839506 5194.11522633744 259.555555555555 1598.18930041152 13695.2548488592 0 1705 5491.2 2.78416546901413
2646.688 56656.23 1566.24 2311.545 91 3.00466049224519 662.157865669557 0 440.647769094863 22903.02 6747.18271604938 2456.02366255144 1346.44444444445 755.699588477365 14057.2015292787 0 2677.4 34863.4 429.52
497.86 0 1194.76 2623.62 102.44 1.38401719817947 328.38820218832 14200.7383333333 202.972712671106 3637.49837261268 1071.59955976767 0 213.844701505743 0 5295.38658397241 0 1674.2 15772.9 0.799291177304166
2553.54 51145.95 4794.95456368851 4348.33234616755 33393.870749484 7.08331872301805 7178.03968618849 591201 1038.80242081976 8857.674 2609.45259259259 2217.15534979424 520.733333333333 682.201646090536 22609.9086395541 0 1478.4 7049.9 60.5107252950246
2620.992 6653.37 13001.8 28993.68375 1124.89 6.258 488.257806670384 8.82638888888888 644.458325 18331.614 5400.45588477366 288.420781893004 1077.6962962963 88.7448559670784 10611.7709374281 0 708.4 17059.9 113.75
619.916 1905.15 2178.68 6911.91375 6258.2 1.97518969748698 2001.60272193303 2495507.12138889 289.670974801691 7827.498 2305.96485596707 82.587448559671 460.170370370371 25.4115226337449 7111.27759699139 0 0 1601.6 1.14070237044749
93.148 25734.18 2550.16 14520.1980471863 21526.3577262969 4.56604907723731 4627.10810668264 649983.406666668 669.632840267696 3559.626 1048.65851851852 1115.5658436214 209.266666666667 343.251028806584 13431.5121350019 0 1130.8 4590.3 2.63696343323933
5084.596 473151.33 16194.52 34487.84625 39274.82 1.442 1001.25367606002 19.6333333333333 396.285201918678 45272.556 13337.2021399177 20510.9104938272 0 6050.81989575316 20729.8374257962 0 3509 10868 2.63171836840529
404.712 0 3765 12430.44 35701.77 3.51846313115503 14529.2415424451 4522942.16 515.999372770224 9247.28676096594 2724.2317128458 0 543.638257552376 0 12575.9642650743 0 682 5519.8 42.9819664684092
34.4355562554838 0 6900.78636476125 14846.4205037847 3734.62231965542 2.44807450003389 2480.81112867135 2007843.33287846 359.021782927589 6434.07251125297 1895.46456501083 0 378.252352219457 0 8395.80798193618 0 55.0339940156134 2393.32357308376 95.7220539842376
0 0 0 0 0 0 0 0 0 0 0 0 0 0 0 0 0 0 0
112.981956336299 26720.7830684155 578.398130671936 1040.81948300367 9.69457773178653 0.12214295492373 661.859478614572 11.7599090572648 8.50442481108611 1779.4658122967 524.226978473977 1143.88060384598 104.61292253361 351.96326272184 2091.3900615342 0 319.745882792972 1557.52347718758 12.3940499697649
705.656263232103 202225.276577284 287.300322540944 574.120641972644 489.84317298412 0 215.449821576613 81.3027232351692 0 14077.2764170447 4147.13675882629 8417.52366074102 827.588266728083 2590.007280228 16298.8627948836 0 4264.64300905784 17833.3155162102 208.321349412159
971.917653191289 76579.2331756623 1141.44476362599 2520.20916032531 63.325172643394 1.29781185199277 156.398459872854 74.0431575920501 27.9608928469513 7440.68592219157 2192.01081122764 3634.62050023115 437.430095366936 1118.34476930189 13795.8476720919 0 940.826139065919 12393.3161038714 72.6983141366589
2252.72602504396 665891.547401193 1715.24258604507 1280.50495935992 287.162564075239 0.27973947723295 496.687671338932 182.995420170875 6.02688713002774 20418.9397398215 6015.37776645078 28840.6302894429 1200.40798000126 8874.04008905936 29526.3337849057 0 2806.78602620803 23973.0737571269 252.74461767997
1772.32831512093 381944.051115449 888.898928500299 1783.47554732246 580.132736647495 3.40549631748676 279.866902072303 172.782883871626 73.3702019115674 11047.2172104072 3254.48753144794 16306.7094238823 649.454274568325 5017.44905350225 16126.8173816152 0 7411.42599305141 11637.532452588 194.501416515282
130.630999202453 178298.328365986 159.501385428743 211.359193933302 82.4863638867649 0.298032469187572 147.176915090551 41.5054872319471 6.42100310847867 6786.03918655188 1999.15322564171 6655.84306156272 398.944102677947 2047.95171125006 8797.84651870298 0 745.84372939329 6029.31123512822 138.785269233616
80.352001253395 153267.467216049 102.397037328663 154.558198215118 69.6200558805097 0.0215524095707927 83.3949590230976 23.7998590698536 0.464338966913596 2239.03941954171 659.616420545633 4728.38155985088 131.630771284051 1454.88663380027 4290.45343449998 0 380.169110250519 2798.5611395446 1.7961665600797
15.2629071222348 3327.35710786412 18.7374633417178 17.5158207851038 473.44911148655 0.0275348258423343 10.4522914113764 0.316841113088138 1.80985814487278 259.735610202479 76.5175780268587 313.844369994012 15.2695831982645 96.5674984596961 695.305000548367 0 85.7484435642663 358.232678131746 2.62672641637221
371.946450901813 225282.663583835 528.846179544253 878.902017227786 77.7149376915168 0.175579740884546 229.526543019075 79.2278418095302 16.062975301873 5460.17878202761 1608.55746991603 13084.6088113196 320.998164728254 4026.03348040605 13036.392737992 0 961.090057841835 7849.2087068432 55.9221474717279
96.058173272636 58439.2681748062 20.8587735815738 30.8613023446344 12.4167437306333 0.0535793617895323 35.8953229273755 13.3174728977403 1.15434821426912 792.539796235127 233.4805984075 1891.76697333889 46.5925806134701 582.082145642736 2073.59429949533 0 153.958655917676 1568.33352696139 20.0507193019098
34.6597809117388 46979.8551600134 12.9701370871897 13.5840490569175 1774.01288009888 0 330.208708055232 13.841293006639 0 826.875419837062 243.595802695483 1655.67884478995 48.6111357928902 509.439644550758 2218.80159522776 0 184.065303800041 2159.21474226106 24.1193631637792
2.78041212137916 357.249621707097 9.95899208995949 20.4756991135656 32.839685619238 0.000612063500813053 6.11266709668092 0.249699443027936 0.0131866895309098 14.226314362098 4.19104303175007 17.3865525100522 0.836350050681831 5.34970846463145 47.3243779383572 0 4.07381693906238 28.1052758867789 0.0884091723396632
842.807307519884 544560.416770715 368.045202692323 420.945912491653 206.673317846518 0.364649524579833 538.544710227454 42.606488652755 25.8138099557654 19609.6359334882 5776.9585250527 23793.3080360205 1152.82986087527 7321.01785723708 33848.9322849108 0 4537.47487781403 26237.980315442 311.975310474112
75.5187354400019 2643.92289688895 22.6160313142369 36.0995588232181 10.9996920230411 0.0302222862017938 15.2947773022364 5.74288025591523 4.27956723775491 699.709655175042 206.133029253344 535.986090942171 41.1351943077626 164.918797212975 964.917899303291 0 197.505456069674 584.514971008081 0.33947217731289
62.0970253073841 21028.5121595697 196.434292448609 792.13705487557 1953.56062187218 0 44.9720555850475 21.2906126348293 0 2565.10109880536 755.67352247777 1165.55338256413 150.799594286029 358.631810019731 3053.76979187007 0 796.947268285692 2401.7406834427 0.973873923349464
6298.49949060251 569796.019754665 4642.66996314317 10109.0935859771 40012.6399115162 1.20471882562165 7447.81634861894 47.3639735819601 25.9552368412951 40718.2915871863 11995.5251850682 25368.9832162331 2393.78551364999 7805.84098961018 59506.5449107552 0 2396.05188651418 33684.3208148022 190.625458619831
1072.06009817743 304161.356957491 983.234065926746 5197.36587761201 118.996984074474 1.02128751867747 317.575825712873 113.636615433985 22.0032748443637 18346.4089855221 5404.81445716274 13183.1949764027 1078.56607792605 4056.36768504697 19287.6976973978 0 2455.68683796282 17548.1578698472 6.53081023098765
44.6594750475636 11941.8999053254 64.9455555446251 56.6452900419466 1024.23879957867 0 190.64831746321 7.85697331868053 0 768.698771771529 226.457081500398 823.406678059045 45.1909918736937 253.355900941245 1554.84799222444 0 414.010443723477 1927.6594524138 6.0587905843019
102.629277836461 2123.81212679285 21.046282908264 174.762376127851 8.50566606729614 0 8.6674075426888 3.30613567953571 0 289.608210645144 85.3179848461424 260.236600461824 17.0257619426892 80.0728001420997 577.745899391039 0 63.492880929535 228.909770277135 4.0271163289496
14068.56 237235.14 37037.56 67125.41625 46370.7125844062 11331.222 4650.00825368755 33412.1616666668 1314640.807975 38079.72 11218.2074074074 10284.0432098765 2238.66666666667 3164.32098765432 54264.3293259544 0 3691.6 40755 196.471126198624
8080.60155418495 538697.800824146 27426.5971256157 65918.5743338741 429.997937528793 0.517949334108259 14.018381805933 124.272010357529 20214.4220235977 52092.3763149104 15346.307216686 23350.9051109116 3062.45598559144 7184.8938802805 43448.2051218752 0 5121.09905322173 22077.0404201603 75.3026668537739
3778.9752171866 90814.1536844036 8989.09568816583 26059.0422611607 21157.0342635578 95.000955244475 8101.98328674058 53175.2630546205 4642.15914736399 2627.78021673296 774.138662059289 3369.57231811854 154.484433670368 1036.79148249801 7454.75343482471 0 616.389114645757 3670.23823626318 18.9293877157127
2441.12 465354.87 9166.52 24538.67625 19438.9872757166 262.547258291402 450.215407554028 0 20884.3166865589 10973.214 3232.68633744856 20172.9372427984 645.103703703704 6207.05761316874 16686.2433198734 0 3020.6 10353.2 217.62753883329
12186.328 872822.49 32087.84 28399.3725 60658.8917516928 0.35 6082.81243881003 19.2458333333333 29882.2261923195 52382.61 15431.8094650206 37836.4866255144 3079.51851851852 11641.9958847736 73930.02965452 0 7816.6 19791.2 291.2
2954.55756930709 37281.2191029845 1637.07493394792 3935.73486456835 648.543672442623 3.3998758906268 304.710096352945 11.928338457376 5011.79068627439 13584.655124944 4002.01153657962 1591.90340025196 798.627579361787 489.816430846756 12041.2299449689 0 2216.65960764101 4939.78177689012 26.5920708966058
25.6625049396268 0 403.069567684399 0 731.972108496227 9.88617706805801 73.4014242239861 0 786.395767574776 817.554915889133 240.850001349532 0 48.0631931739643 0 814.767793013773 0 0 642.661189626784 1.96986733729018
0.471136017451153 9.89615494978479 1.32495498858435 1.3687441284054 0.204679654737951 0.032497466131226 0.241282376522446 0 2.58501032771011 1.04646557722323 0.308286612664236 0.210858723924628 0.0615206100660338 0.064879607361424 2.45786994791286 0 0.756059950730579 1.46557722323561 0.00774045577478459
4634.916 413388.24 13784.92 35652.37875 1965.99 411.485153090617 3055.13406000621 302.6375 32731.5787065795 21633.696 6373.2424691358 17920.2057613169 1271.82222222222 5513.90946502058 29222.7284435022 0 4719 49835.5 484.12
4838.73627829054 253586.551218698 1019.91103204822 2340.91879999391 7352.03857903412 142.861078003527 12231.7262510007 29330.3917884331 19634.173217817 8820.83421389629 2598.59966716782 8092.98278488512 518.567561075618 2490.14854919542 13911.1991726884 0 1540.91389117345 35478.796331157 51.2108420400662
842.708482758617 53864.3288173677 307.313990080302 1577.92375280173 185.883860533774 0.734615115729807 238.489529473693 9.2176706188002 5234.45674656359 11969.5248496552 3526.19747024265 2353.4621750293 703.675770114942 724.142207701326 12438.7073152236 0 911.972193670287 7966.28875082663 41.8450514578008
4262.324 150330.99 1937.72 5112.0075 7728.37 135.421111761206 1005.45462668116 0.861111111111112 10772.0697693514 7321.608 2156.93069958847 6516.78497942388 430.42962962963 2005.1646090535 9309.705401287 0 206.8 17603.3 31.0684435368108
3250.544 104929.8 25541.76 80592.27375 28414.4579340775 383.771948641981 647.366876193989 31156.8169444444 30527.1323837679 15921.738 4690.51135802469 4548.66255144033 936.022222222223 1399.58847736626 30864.6432146908 0 781 13913.9 76.4683680449739
13249.5 559879.62 12198.6 79049.96625 40340.3914895003 1254.204 961.104017183085 160623.374166667 145764.48495 24788.61 7302.67366255144 24270.5452674897 1457.2962962963 7467.86008230454 41650.4570666253 0 2739 25339.6 385.84
8315.868 193563.24 7128.4 37794.19875 88983.31 609.266 23734.5481481481 257648.948055556 74758.89925 15673.392 4617.34913580247 8390.88477366256 921.422222222221 2581.81069958848 29016.7061651033 0 6802.4 28171 65.6287884625691
87.3005748443808 7156.10375621164 63.1671863784522 76.3328889895624 24.6679187602227 14.0549618384305 23.7753382510723 0 1118.0016731521 1805.53461609969 531.906794605108 198.568385245677 106.145480076407 61.0979646909773 1311.84751175231 0 35.4340232752433 1176.79713236765 2.8005173346367
14524.664 1287236.58 111132.76 353638.73625 186590.3 6633.228 41542.5728395062 188119.556111111 688908.899675 32809.266 9665.54246913581 55801.1625514404 1928.82222222222 17169.5884773663 61039.1100219989 0 5968.6 22765.6 983.812941185584
2148.828 142036.26 10913.48 42845.7075 335.01 1906.198 381.604176282863 13.5625 153895.809175 25460.064 7500.48263374485 6157.21193415637 1496.77037037037 1894.52674897119 20844.2666652724 0 1152.8 10381.8 138.867794649347
3035.34 386335.11 1054.2 9855.5475 158.34 791.21 563.796460133426 0 76601.84705 25358.886 7470.67580246913 16747.4639917695 1490.82222222222 5153.0658436214 25779.6302230768 0 3053.6 13184.6 66.7071108824219
352.445587695975 8934.8337499364 585.009184783833 1160.31732366834 28.4250981886587 26.8199565691376 45.9198339064036 3.41972266633409 2133.3929371601 1899.45252280676 559.57481728777 631.534055195017 111.666814979821 194.318170829236 2226.01414989624 0 210.41834448569 1495.61482746615 5.34400264828185
4.62655211853021 132.479172197418 4.39872947632987 5.56549904173335 53.8047957811009 0.0076040908237051 5.39549061306055 0.0395358707980721 26.819989070102 83.2463934600085 24.5242167682172 12.6012271838984 4.89396786948903 3.87730067196872 65.9360466091189 0 0 33.9432330442681 0.26714635619515
5357.616 233395.53 19116.16 97324.1475 51349.35 1449.112 443.724459603969 699950.291666668 135002.5748 9979.83 2940.03744855967 10117.5977366255 586.703703703704 3113.10699588478 20648.1098371197 0 3711.4 10324.6 99.3681111613008
132.911513980909 58971.7871043203 3622.09053643976 1226.47944073809 77.5116536164565 0.236992680312388 659.60475649472 0 3248.92930784457 6652.02904734827 1959.67411349799 2479.43761588581 391.065787616007 762.903881811019 7665.20782181589 0 649.660887142056 6078.67416058394 17.7017527803718
194215.404240789 3155098.19273351 289351.769167545 1388394.21790703 1312328.72680027 1621.91014216649 207993.639819758 2665630.82160589 280858.21694769 45207.7258218008 13318.1033023922 136564.127086764 2657.71462797183 42019.7314113121 115430.128282428 0 12668.0363524046 235410.139272294 987.7647524564
23335.6877213041 440229.890433686 111537.848382835 288975.42800447 217321.99197475 2097.78838150131 59217.0392340834 648102.05862948 183843.125413209 12721.704049403 3747.78791970787 20315.6142815756 747.895593733277 6250.95824048477 25829.0636203214 0 2652.13081613049 19543.3299692211 51.967745299849
1047.82965679421 58391.5401627176 649.155235975188 2089.65210015881 12585.5780209412 169.983598247344 309.574054153915 135.269247284736 13521.3421020691 7046.46135293798 2075.87306171208 2504.37629929196 414.254047791768 770.577322859066 13764.4849012839 0 2032.38176468991 11977.6899864944 61.2835051337462
8717.368 205199.31 1355.4 48611.9775 29860.3097732521 1.554 703.847759934383 42.3236111111112 14769.5406070643 25404.876 7484.22436213991 8895.30349794239 1493.52592592593 2737.01646090535 34344.1882762338 0 1262.8 25725.7 268.45
2.44220662585861 76.9832679599232 3.68966833325545 4.3293662912948 0.453034904910986 0.528818054283618 0.965163825302401 0 42.0648221089828 45.9828654361946 13.5464578429184 11.0212223266364 2.70328427020544 3.39114533127274 46.1247617452943 0 6.85825148357554 44.578634643241 0.307435389121334
2094.224 417462.33 9995.74785727631 100377.900108821 413.4 746.606 7658.57283950617 126902.598888889 107204.824325 11368.728 3349.20395061728 18096.8158436214 668.355555555556 5568.2510288066 16896.6015562822 0 1907.4 28428.4 271.977484530265
5726.996 62869.95 3333.28 9882.64875 10684.8013346354 144.311288237798 249.918975451364 27765.15 11479.2386887484 4129.902 1216.66065843621 2725.38580246913 242.792592592592 838.580246913579 12230.070828004 0 1599.4 7822.1 13.9063556966774
9356.556 110967.66 36264.48 113740.935 70295.81 855.372 5853.27407407407 161434.342777778 105455.10405 15756.174 4641.73654320987 4810.40123456792 926.288888888891 1480.12345679012 34481.0471787336 0 2037.2 11568.7 65.9792475613143
8659.552 237733.41 18132.24 97610.76375 26565.7303878782 2609.866 2663.98462917763 272506.490277778 360786.12755 17871.714 5264.97028806584 10305.6430041152 1050.65925925926 3170.9670781893 30524.3285429162 0 4171.2 8765.9 239.032464317278
1292.14637259558 56529.0286964644 230.220898539539 348.108637821702 39.27529587687 76.624368375238 131.382400182202 4.69390898547784 6095.08393068003 5187.73275026716 1528.2954277683 2542.90393519282 304.981349222055 782.431980059332 6234.96894459265 0 307.106021431964 2905.11675893493 55.2825093282502
7140.58934065424 68911.5090104919 9073.70319252549 40400.3992450685 137654.00147635 187.986247802546 1395.73246850014 99531.8045662435 14953.3625198588 7467.46896902327 2199.90104189006 2505.56263524342 439.004642505777 770.942349305669 14710.1723480132 0 284.589265490235 8755.30505008192 37.4571451488998
8405.804 252300.48 45180 254607.21 52974.87 1928.038 2326.11677145871 446514.811944444 208406.35865 10007.424 2948.16658436214 10937.1193415638 588.325925925926 3365.26748971193 27663.6649147909 0 1401.4 20878 62.4257839580455
555.586695001627 12193.3049215633 232.099400553265 531.280998009928 3121.34818076732 0.172749198346738 71.620006106602 6.01169853187147 11.7474509499485 3031.57984441818 893.097204149585 1909.02398816408 178.223388854685 587.391996358182 4218.97212451669 0 550.939117171408 2252.40722183448 73.7283870573902
0 83680.05 3205.18634157611 137.97 24.83 0.336 583.683962365436 1.42083333333333 2880.41767508329 5951.106 1753.18362139918 3627.49485596708 349.859259259259 1116.15226337449 6349.74888113458 0 391.6 1816.1 23.8811054858487
1721.632 467641.05 16288.9142955371 0 349.18 1.204 688.264690363146 39.7833333333332 14616.725586501 25046.154 7378.54559670782 20272.0421810699 1472.43703703703 6237.55144032924 35160.8135271505 0 3095.4 21836.1 79.6066059142959
1002.144 468608.28 5893.48 38121.60375 2701.14 0.742 861.225982432327 0 18894.4197630368 33416.334 9844.38345679012 20313.9711934156 1964.51111111111 6250.45267489711 40451.8298524216 0 4413.2 16945.5 361.27
5980.744 226331.82 4608.36 76566.2325 26822.38 1569.848 454.425483344267 265062.959722222 184294.7038 4580.604 1349.43654320987 9811.38888888891 269.288888888889 3018.88888888889 19158.9726829206 0 851.4 9295 176.583882351564
48.7814221437325 18753.0114768503 18.5198274054435 40.7839710115467 26.0021574086586 16.1195738358022 27.7716770146054 2.03581122509207 1282.23119536681 1145.25026315545 337.388378524466 711.08168242588 67.3280577986739 218.794363823347 1341.60960900009 0 181.668931115947 776.387810975411 6.94628871024938
526.768 115364.16 6775.76013969336 335.07 94.51 166.190578208445 1233.90720691429 3.31527777777776 13219.6263949375 10485.72 3089.07160493827 5000.98765432099 616.444444444445 1538.76543209877 13366.0733462313 0 1852.4 5434 6.94115566086975
31590.02 324344.46 91815.8 190292.65875 117772.59 4415.628 23617.2339607816 148370.400277778 461313.514125 47112.156 13879.1445267489 14060.195473251 2769.67407407408 4326.21399176955 82586.4435357602 0 9185 79150.5 530.53
6.65733521802907 201.167843117612 2289.0289585278 5820.30808425073 9321.5792948654 0 217.07378587978 622497.150153792 0 953.209360763254 280.813522571185 9.21708570994402 56.0381752359349 2.83602637229047 14530.3174422037 0 118.555284704627 1822.78750233364 23.7103695181469
3751.616 19784.25 10369.5471228762 775.26 153.92 0 433.200289099511 0 0 140287.896 41328.526419753 857.638888888891 8247.37777777777 263.888888888889 65416.4975880315 0 3896.2 39439.4 514.15
146.785479061696 0 1917.29363365478 3827.92164089946 36.27 0 82.3365951580811 0 0 8007.35160173353 2358.94935814346 0 470.743774352354 0 11135.3231050986 0 0 4046.9 8.85334571104473
1137.048 54487.29 5123.14295970788 113.3325 9300.50314133174 0.252 607.827016227317 721660.926388888 5.42925 48841.38 14388.5703703704 2362.00102880659 2871.33333333334 726.769547325101 32277.4638442915 0 191.4 3846.7 23.6567602130606
491.436 2462.04 4758.78178424268 9501.01927866763 39.52 0.392 200.054324671025 0 8.4455 84042.126 24758.6379423868 106.728395061728 4940.74814814815 32.8395061728395 34225.1235725593 0 994.4 8451.3 24.57
576.151264683173 12073.6762755102 96.9726766978 248.351916430847 57.8483134683448 0 152.627889436602 0 0 54947.6065482815 16187.4521871285 660.059830918117 3230.31196638927 203.095332590189 23268.4029304017 0 434.086569281842 2219.76086564578 7.13795787639
0 0 0 0 0 0 0 0 0 0 0 0 0 0 0 0 0 0 0
10914.376 305292.96 1506 3772.54875 28199.86 30889.488 7782.35061728395 388685.465833332 3303957.574825 341402.166 100576.377860082 13234.3209876543 20070.674074074 4072.0987654321 176629.918041346 0 21106.8 38467 93.5570910912056
217.763350912596 0 2844.39774981122 5678.90672075774 12.09 0 337.468973797685 0 0 11879.2930191407 3499.6153580459 0 698.371135751953 0 15176.8153274592 0 477.4 2202.2 13.1343661590287
128.233291331357 8433.48005689002 141.652134945388 217.306195371761 7.1954769743175 0.029302847406723 46.0480999269002 0.310406044509045 0.631319382075199 17651.2050304667 5200.0087979231 361.086437886243 1037.69576898687 111.103519349613 7297.26700668912 0 124.668886771142 2332.3826203586 5.08648010060418
701.932529046538 47850.7695726079 616.031695072312 1742.25298621297 77.7982504173623 0.152974087899308 213.562107746233 0 3.29577209018776 78826.0412881093 23221.9900848764 1932.97284055599 4634.10001693765 594.760874017231 35638.7767348924 0 1403.49523062782 12788.6337483821 32.8894288983512
414.348 8705.07 5283.69993503083 68154.6835450481 9591.97668893679 0 626.876039065946 241067.788611111 0 79590.294 23447.1373662552 377.361111111111 4679.02962962963 116.111111111111 33511.7251557872 0 486.2 7865 24.3981523419982
207.36750031596 5489.60445513325 25.5442301121071 51.7432060377513 13.3127673368128 0 39.2150686602052 0.127801247194722 0 12583.4369509912 3707.05471611276 181.16355750467 739.767016519175 55.7426330783601 5451.91300897357 0 130.604629391251 1038.42341493669 4.21118595395141
1650.968 0 341.36 476.325 14.56 0 625.981645077642 0 0 22035.2683175524 6491.54485022937 0 1295.43023618768 0 19608.2863564217 0 246.4 7493.2 24.3633423326494
0 0 0 0 0 0 2.17283950617284 0 0 3565.32 1102.85275720164 0 0 0 827.2 0 191.4 3317.6 0
115.285884293059 0 1505.84985257593 588.321501280748 41.86 0.182 66.5730706907115 85560.9644444444 3.921125 10816.848 3186.6212345679 0 635.911111111111 0 6528.56313157797 0 211.2 9738.3 6.95345204290234
581.372 32387.55 1847.36 3170.84625 72.8 0 283.00900929343 0 0 71293.698 21002.9772016461 1403.9866255144 4191.28148148148 431.995884773663 38269.4509868859 0 5968.6 33204.6 31.0395357045982
114.760528682938 4583.7151986755 1498.98772307151 2992.76409406845 25.8970873786408 0 177.844975680298 0 0 19143.857608011 5639.74118571623 139.031920155718 1125.44724326931 42.7790523556055 9436.57314359224 0 282.707532423818 1412.30313140982 6.92176529250053
8164.904 104372.91 240.96 501.78375 96.46 0.168 430.28680561726 0 3.6195 115085.376 33903.9157201646 4524.52160493827 6765.74814814815 1392.16049382716 58514.6856122253 0 4120.6 28728.7 47.1144316007228
297.833680526993 19813.56 1184.72 1467.3 15511.73 0 7197.30826790541 465771.081944444 0 65121.84 19184.7604938272 858.909465020577 3828.44444444444 264.279835390946 23096.1638225085 0 200.2 5348.2 17.9637969297358
83.7592148008242 2014.18094321463 440.262217261905 1020.6733693016 10.6085249255952 0 93.3187906800398 0 0 3739.84325841346 1101.75015320692 110.772247942387 219.861449642179 34.0837685976575 3093.87534463743 0 67.6444282280219 957.297098214285 3.63198771287402
425.988733881748 0 5564.21175106048 27517.9431759582 13.78 0 660.15691010444 0 0 7054.866 2078.34905349794 0 414.748148148148 0 17047.933290628 0 0 1244.1 25.6934511109246
89.936 0 361.44 626.486139292461 102.96 0.308 24.1408353224389 0 6.63575 2336.97348602708 688.467595661515 0 137.388211994538 0 3383.25206101081 0 303.6 8694.4 2.58387981675038
7622.076 173222.1 572.28 1569.40875 215.02 0.168 722.229009458218 19.0736111111111 3.6195 213954.678 63030.6093004115 7509.10493827159 12578.1703703703 2310.49382716049 120332.08670742 0 3746.6 89103.3 197.47
366.168 117.24 311.24 477.69375 60.32 0 164.438431034439 0 0 48179.124 14193.4711111111 5.08230452674899 2832.4 1.56378600823045 23732.1091018588 0 785.4 8565.7 17.3250027230894
1307.284 21396.3 642.56 5341.41 115.44 0 360.674331828368 1.63611111111111 0 83710.998 24661.0883127572 927.520576131686 4921.28148148148 285.390946502058 48325.2574366688 0 1898.6 19848.4 27.9915684213813
1.29125393806531 0 6.34268372149975 12.6633165899727 0.0580903468401109 0 0.752517458839877 0 0 89.8821097867277 26.4790851876766 0.0923339309101539 5.28407464942548 0.0284104402800473 48.193530754499 0 4.1703828452794 12.1607819509575 0.0292881438380471
147.752 0 261.04 305.23125 82.16 0 97.3261969827708 0 0 9638.97998219301 2839.62373242474 0 566.665489840858 0 8025.75383946628 0 149.6 6978.4 151.397675934446
173.448 0 3618.08663419285 17893.334556586 18.07 0 150.610202138807 32874.6819444444 0 15110.5137455077 4451.52635653795 0 888.331201969881 0 16099.3284796635 0 50.6 14843.4 16.7069723816687
260.172 14156.73 2520.50645445214 349.8525 4575.70252904201 0 299.041414545789 0 0 35991.774 10603.1027983539 613.68827160494 2115.91851851852 188.827160493827 18398.5398478637 0 1383.8 4590.3 11.6387571608671
1737.692 21601.47 542.16 2386.005 74.36 0 348.506926968849 71947.0905555556 0 53937.072 15889.750781893 936.414609053497 3170.9037037037 288.127572016461 35003.6955975759 0 1430 29157.7 38.3624624081325
372.592 1729.29 1976.5436542023 7861.06638084911 86.71 0 92.5764083889977 0 0 9869.454 2907.52090534979 74.9639917695472 580.214814814815 23.0658436213992 7598.35227981897 0 255.2 5305.3 45.5278291696919
652.036 0 100.4 171.09375 21.32 3574.718 604.327895887108 0 351390.124625 21273.0316333838 6266.99148648253 0 1250.61914364396 0 36065.8056597172 0 17197.4 4061.2 23.5205736852574
291.850307227422 0 40517.21650133 103275.713486426 5.84640444620137 0 450.26565111431 66861.5457933838 0 15849.8647915637 4669.33765823715 0 931.796871932031 0 14126.5250282596 0 0 2454.29672364005 8.55918003757612
61.2779002056555 0 800.404295432069 3958.41871317976 1453.04605445284 0 94.9626739863109 0 0 3342.79450187565 984.780403910067 0 196.519371068527 0 2871.87058384314 0 0 2402.4 3.69596801015677
354.838733097686 0 4634.85930823147 22921.8082953379 18.07 0 549.895391581339 0 0 19356.9453599194 5702.51640036818 0 1137.97444796704 0 15578.7711255584 0 0 3117.4 21.4020487303278
224.354876529563 0 2930.49543591933 14492.8357314337 19.5 0 347.68389461148 0 0 14302.89 4213.60205761317 0 840.851851851851 0 11366.2604032756 0 521.4 4418.7 57.3396586645723
395.116903457584 25206.6 5160.96774961098 412.2675 9369.1698914265 0 612.314677291443 0 0 6355.818 1872.41094650206 1092.69547325103 373.651851851852 336.213991769547 14974.3505724411 0 92.4 2917.2 23.831420961723
138.705544434447 0 1811.75453455451 8960.07566950585 3289.04129212647 0 75.4177611738442 0 0 1582.056 466.070452674897 0 93.0074074074075 0 5140.50702687333 0 0 572 8.36600558016153
2290.156 15270.51 903.6 2240.09625 316.16 2.814 702.35132635599 0 60.626625 156366 46065.1028806584 661.970164609051 9192.59259259257 203.683127572017 87476.956555139 0 5530.8 88116.6 259.35
2328.7 21308.37 1867.44 1558.185 43.55 0 240.161580544655 0 0 75662.748 22290.0903703704 923.708847736627 4448.13333333334 284.218106995885 35864.432906335 0 1003.2 12970.1 70.8592309825898
7390.812 74652.57 7568.13208886397 37428.3794519165 38.35 0 335.014397553013 0 0 117164.124 34516.310617284 3236.15740740741 6887.95555555555 995.740740740742 56292.1414504199 0 1221 14457.3 13.4452878157542
60.1742499871465 0 100.4 145.90875 1426.87585948665 0.322 93.2523416227108 0 6.937375 3219.3 948.399176954735 0 189.259259259259 0 2733.97426452656 0 248.6 429 3.62940150105117
154.662909061696 0 60.24 203.67 3667.42869824308 0 239.681897743043 0 0 2373.084 699.105679012345 0 139.511111111111 0 6274.18170108485 0 0 1844.7 9.32847180355991
2.53916145311811 66.2721581705575 15.9039451889666 78.6533438272057 0.499063163375656 0 0.664765647910262 0 0 250.334841390635 73.7481308166285 8.90192090596626 14.7169218924536 2.73905258645115 129.357362773226 0 20.9437056915128 63.7632114390996 0.451373412905035
301.928 1113.78 441.76 674.79375 103.48 0 565.790498776999 0 0 66814.272 19683.3474897119 48.281893004115 3927.94074074074 14.8559670781893 29965.1237860072 0 3841.2 6921.2 377.558281980645
25.696 0 1571.84485314114 7773.59656413442 15.6 0 186.48899212282 0 0 6564.62535604629 1933.92516531248 0 385.927416581205 0 5738.67201572634 0 0 3160.3 7.25819230018393
31.5054273504273 0 157.566371406371 290.70917055167 7959.88876500255 0 520.212225511927 0 0 1022.49432400932 301.224730634401 0 60.111365315069 0 12480.1775661462 0 79.1232193732193 1122.11111111111 20.2467734244899
318.529653431876 0 4160.59463483104 20576.3209348847 23.4 0 493.627025931156 0 0 2685.816 791.235884773662 0 157.896296296296 0 11851.9953588891 0 0 757.9 19.2120716509454
45.1252813632357 26632.3672217147 70.5258133385565 120.665258758936 5187.63505166751 0.0655618450690431 339.033779873527 204092.078633486 1.41250653706786 38680.5707249045 11395.2167985707 882.845191888396 2273.99004849526 271.644674427199 17500.7419167615 0 963.290823621584 3591.09152629517 23.4464076663956
3295.512 39978.84 622.48 1056.1275 59.93 1792.07 319.187783880082 0 231514.49125 109934.496 32386.4770370371 1733.0658436214 6462.93333333334 533.251028806586 55929.4144926464 0 756.8 19204.9 255.71
4593.16 13394.67 4156.56 12184.065 46526.87 8330 17527.387654321 2305212.88083333 1045007.1937 102815.244 30289.16 580.653292181068 6044.4 178.662551440329 46682.3288716925 0 2714.8 9652.5 24.4567797261646
122.056 45489.12 2709.63040396765 13400.5423984843 25.22 0.35 321.479719866414 0 7.540625 22056.804 6497.889218107 1971.9341563786 1296.6962962963 606.748971193414 12667.2327393246 0 431.2 7478.9 13.618884321466
255.699437668224 34204.5250696379 4600.80885884459 40553.5471159604 6372.10449168215 0.3625500286523 192.457749081401 78584.9833159441 7.81101088516071 62830.6450655009 18509.7791655503 1458.71680766911 3693.74750532045 448.835940821263 28723.0200363407 0 0 5362.76713016826 129.985209552384
96.0910284144352 0 1255.12903734094 6207.27087200816 15.1242846446435 0 148.912756045893 0 0 3089.23407068196 910.082020953406 0 181.612820145912 0 4263.55442819623 0 0 3193.76317350026 8.12835680046554
1332.98 32739.27 100.4 3873.64288677964 113.88 0 159.802271035783 0 0 31300.794 9221.14971193415 1419.23353909465 1840.14074074074 436.687242798354 17925.2629513912 0 1023 20334.6 16.8443803133086
398.288 381.03 4999.35273820682 440.19 98.02 0 235.473070306773 0 0 81236.736 23932.1758024692 16.5174897119341 4775.82222222222 5.08230452674899 35902.2694635296 0 653.4 12140.7 136.5
263.11426218509 0 3436.76570077623 6861.58320758868 34.45 0 407.749511931308 0 0 14353.2481701488 4228.43747125033 0 843.812355681883 0 11946.5740468397 0 283.8 457.6 65.092960107301
73.3665923412506 675.545757180158 391.346299928374 781.33205278847 2.91335654166483 0 46.4306492455615 0 0 5797.43945269466 1707.91377174557 45.1753559182061 340.825364649892 13.9001095132942 2598.40697640512 0 81.0654386815317 2086.13136209404 8.60169627939718
430.408 46573.59 823.28 812.76375 88.14 889.742 378.515684562023 0 127041.30675 162721.818 47937.5138271605 2018.94547325103 9566.24444444447 621.213991769546 74357.8196327644 0 3412.2 20034.3 40.7637423512812
10214.16 789992.43 4879.44 20469.65625 182840.45 54184.928 44084.6864197531 5999456.49638888 6571499.363325 235717.146 69441.7877366255 34245.8384773663 13857.5629629629 10537.1810699588 164509.499746635 0 18871.6 36336.3 93.73
9205.592 81305.94 2680.68 7121.3325 18107.57 13188.07 6089.44691358025 895138.975833332 1140008.4007 139276.116 41030.4581069959 3524.57818930041 8187.89629629629 1084.48559670782 67927.5671870967 0 11475.2 13642.2 47.0014517458188
1304.072 25587.63 632.52 3727.84655804749 100.75 0 146.39355757846 0 0 40627.566 11968.7976131687 1109.21296296297 2388.45185185185 341.296296296297 17884.8195550983 0 442.2 13556.4 15.7445061582703
121.755907133676 0 1590.36048456224 21.3525 72.54 1.792 76.7958796914559 1.37777777777778 38.608 6641.95371530977 1956.70594134477 0 390.473469447958 0 7815.68541241231 0 0 10181.6 51.5367946313513
121.795925782413 0 1590.88320316453 31498.4129398864 2888.07365808259 0 188.747766390807 0 0 6644.13678813902 1957.34907012261 0 390.601810002294 0 5543.58797120856 0 0 495.99761684872 7.34610428798086
308.352 3605.13 3278.98607016645 98.55 34.58 0 389.030002667318 0 0 39983.706 11779.1177777778 156.280864197531 2350.6 48.0864197530866 22901.9858213718 0 871.2 8394.1 15.1411326628911
426.181113277635 0 150.6 5631.50800259014 10105.7768469885 0 660.455041433875 0 0 23248.7712125658 6849.04031410749 0 1366.77079438952 0 20389.8087831297 0 145.2 1415.7 25.7050544473742
9.58859410025709 0 125.245021112718 619.402267247396 9.1 0 14.8594931039386 0 0 523.071115875123 154.09567787555 0 30.7508004629702 0 412.967230422323 0 0 1844.7 0.578334716724795
0 0 0 0 0 0 0 0 0 0 0 0 0 0 0 0 0 0 0
0 0 0 0 0 0 0 0 0 0 0 0 0 0 0 0 0 0 0
0 0 0 0 0 0 0 0 0 0 0 0 0 0 0 0 0 0 0
227.800784036097 1048.74341236763 809.387669454898 3893.9765423743 5.32326434350198 0.0165208824670866 96.0284918779634 0 0.355936512438215 313.686951667313 92.4115325638244 50.5284294414251 18.4413257887897 15.5472090589 2306.21890160781 0 69.316902579762 1201.49297804921 3.33393720595628
0 0 0 0 0 0 0 0 0 0 0 0 0 0 0 0 0 0 0
0 0 0 0 0 0 0 0 0 0 0 0 0 0 0 0 0 0 0
0 0 0 0 0 0 0 0 0 0 0 0 0 0 0 0 0 0 0
0 0 0 0 0 0 0 0 0 0 0 0 0 0 0 0 0 0 0
0 0 0 0 0 0 0 0 0 0 0 0 0 0 0 0 0 0 0
0 0 0 0 0 0 0 0 0 0 0 0 0 0 0 0 0 0 0
0 0 0 0 0 0 0 0 0 0 0 0 0 0 0 0 0 0 0
0 0 0 0 0 0 0 0 0 0 0 0 0 0 0 0 0 0 0
0 0 0 0 0 0 0 0 0 0 0 0 0 0 0 0 0 0 0
0 0 0 0 0 0 0 0 0 0 0 0 0 0 0 0 0 0 0
0 0 0 0 0 0 0 0 0 0 0 0 0 0 0 0 0 0 0
0 0 0 0 0 0 0 0 0 0 0 0 0 0 0 0 0 0 0
0 0 0 0 0 0 0 0 0 0 0 0 0 0 0 0 0 0 0
0 0 0 0 0 0 0 0 0 0 0 0 0 0 0 0 0 0 0
0 0 0 0 0 0 0 0 0 0 0 0 0 0 0 0 0 0 0
0 0 0 0 0 0 0 0 0 0 0 0 0 0 0 0 0 0 0
0 0 0 0 0 0 0 0 0 0 0 0 0 0 0 0 0 0 0
0 0 0 0 0 0 0 0 0 0 0 0 0 0 0 0 0 0 0
0 0 0 0 0 0 0 0 0 0 0 0 0 0 0 0 0 0 0
224.034969399946 0 1761.65960399868 12613.0220759966 11.0084653064702 0 347.188132903691 32063.8902441661 0 12221.4185118064 3600.40482645808 0 718.484333439528 0 9890.89789776732 0 72.1691488559998 3594.61103633343 25.6452610722841
11.5542485599709 0 974.152527608628 2626.10214315203 2.11468366188461 0 6.3804992758088 0 0 106.657497987408 31.4210801439161 0 6.27028206863071 0 432.368873097798 0 13.3412323253174 246.091650325111 0.696892891494852
0 0 0 0 0 0 0 0 0 0 0 0 0 0 0 0 0 0 0
0 0 0 0 0 0 0 0 0 0 0 0 0 0 0 0 0 0 0
0 0 0 0 0 0 0 0 0 0 0 0 0 0 0 0 0 0 0
1332.98 44932.23 6134.44 14266.48125 107.9 0 1694.80012817711 0 0 50294.664 14816.7048559671 1947.79320987654 2956.77037037037 599.320987654322 25763.8167312936 0 1621.4 14142.7 50.96
417.56 4044.78 200.8 263.3475 37508.12 1037.652 1163.19679001231 791666.004722224 87994.49 70153.146 20666.9729218107 175.33950617284 4124.22962962963 53.9506172839505 26923.6266229015 0 4149.2 4032.6 26.029277697515
1602.788 439.65 793.16 1844.25375 16495.96 0 3094.62317944706 228667.874722222 0 84787.164 24978.1246090535 19.0586419753087 4984.54814814814 5.86419753086421 33616.4027148655 0 1999.8 10338.9 107.38
4564.252 9936.09 1144.56 3333.7275 98327.84 8167.838 37851.4913580247 2009721.01861111 785740.17985 96992.91 28573.912345679 430.725308641975 5702.11111111111 132.530864197531 38190.6777420749 0 5770.6 8065.2 50.8908818613318
1901.504 96898.86 2499.96 6328.27875 460.85 0 278.895851105032 0 0 46468.296 13689.464691358 4200.52469135802 2731.82222222222 1292.46913580247 25102.710623308 0 1047.2 34048.3 137.395346350553
536.404 9965.4 167.039424331585 226.559349277999 4636.58 0 982.595809433425 122260.555555556 0 34777.638 10245.4208230453 431.995884773663 2044.54074074074 132.921810699588 16708.5616257458 0 1933.8 5262.4 180.18
52.7268815218951 1435.22183883863 35.8816977137278 62.6806059688748 3.79557562756125 0.00763234167048704 14.8765783569568 0.0625932782500258 0.164436075454333 5806.17417601461 1710.48700332 132.686033904082 341.338869842129 40.8264719704868 4097.5090953555 0 258.397167444156 820.301064570655 2.2191700704158
28.908 1815.73763781556 71.2118178329282 175.817994914929 76.05 0 418.897718695866 0 0 13892.7876213292 4092.78673800998 78.7114603894448 816.742364569618 24.2189108890599 6021.95256212384 0 167.2 4618.9 9.3738266305522
2534.268 1582.74 2871.44 6955.71375 28010.71 11320.75 1576.11074127936 975023.073888888 1324309.019525 96533.01 28438.4267489712 68.6111111111109 5675.07407407407 21.1111111111111 48310.8965436384 0 21434.6 4704.7 119.21
3.17042699891133 383.841096592366 1.44146211113188 2.12572954353014 0.234470897434488 0.000486798552844276 0.445881329158963 0.0242433406277606 0.0251211047208507 94.2044236779307 27.7524299946089 2.66502844120682 5.53817893462263 0.820008751140562 49.5680965441861 0 7.20798354905044 16.119874198621 0.118401970595027
0.278595469255663 10.8696842970548 0.363642328323802 0.653610436893204 0.0174710732810214 0 0.0619578851994195 0 0 13.4363112014793 3.95830972099232 0.0761252317203635 0.789906596206892 0.0234231482216503 7.35878142685294 0 1.04426120494747 3.24391984749746 0.00906583006879381
