86153.84 754633.95 0 9930 1698.4 48.09 0 4831606.08888889 228.4275 103399.065 10858.5209876543 9149.80658436214 4042.5 11553.4567901235 56118.4339275662 0 5292.5 94304 0
985.88 124642.05 0 2052 0 4.62749468098115 10.962962962963 0 50.0721994693208 28967.085 3041.99753086419 1511.26337448559 1132.5 1908.27160493827 12894.6762244323 0 4988 30553.6 0
0 646829.1 28621.2 30726 37924 20.8875053190188 5.33333333333332 29325046.3555555 99.2156502653396 102184.11 10730.9316872428 7842.6913580247 3995 9902.96296296295 59454.2291611934 0 2813 52729.6 2119.35
0 0 0 0 0 0 0 0 0 0 0 0 0 0 0 0 0 0 0
3239.32 5846.25 248.4 975 1027.2 301.988933322029 1387.41249505202 5.02222222222222 6857.0205292625 170477.37 17902.7934156378 70.8847736625514 6665 89.5061728395062 30263.3643835616 0 3204.5 16844.8 64.3731698021189
2575.36 0 0 1380 668 394.976967744366 816.231539716464 33.3333333333334 9002.85010538901 50104.2849484368 5261.73452036548 0 1958.88204505578 0 13398.130242821 0 5365 63302.4 315.218666516722
3722.2 299561.85 2221.8 14232 7109.6 1463.29888150953 2592.55052483522 2181.22222222222 31258.4824082387 98922.915 10388.4551440329 3632.13580246913 3867.5 4586.29629629629 41648.1702383185 0 27506.5 131712 1271.61
1348.04 0 124.2 523.5 913.6 346.032003918909 740.69304913324 40.5333333333334 7922.43660703276 9093.87021654317 954.998776878093 0 355.534843089497 0 7558.67844512219 0 2378 22713.6 420.460150207042
0 318971.4 0 19752 3156.8 2581.14587902254 3040.32417667295 6992305.93333334 58760.4738886206 21357.63 2242.88559670782 3867.4732510288 835.000000000001 4883.45679012347 64770.9778194782 0 2305.5 32345.6 70.4761251286458
22333.2 1495003.05 1918.2 85534.5 0 2484.27339852287 10455.0748471228 78.0666666666666 56585.7647266853 314865.18 33065.7744855967 18126.6543209876 12310 22888.5185185185 145743.893713642 0 49039 129740.8 2125.32
3420.4 765858.75 0 168372 0 79.8 6066.50947154816 0 19980.2968294424 93679.425 9837.80658436213 9285.90534979424 3662.5 11725.3086419753 49113.8975417526 0 9874.5 123155.2 0
1106.6 67816.5 1311 7570.5 1384 55.23 1483.2389993514 558.977777777778 10261.9718374797 87924.375 9233.43621399177 822.263374485596 3437.5 1038.27160493827 16291.6164383562 0 5988.5 44083.2 0
0 0 11499.5076358786 37031.4281427142 316.8 2283.32273108373 2693.09206614372 5922767.08888889 52028.3267015618 69806.1232761904 7355.06493184455 0 783.999999999999 0 370.025205479452 0 1783.5 9184 489.548696801897
23037.4 3636133.65 841.8 116026.5 592358.098685961 0 7407.776982187 495.422222222222 0 433866.825 45562.8106995886 44087.4938271605 16962.5 55669.2592592591 257683.390654907 0 37613 163654.4 2656.65
0 980299.2 1255.8 8638.5 2219.2 9.555 2441.0586334551 0 14860.9917711708 317422.98 33334.3835390946 11885.9588477366 12410 15008.3950617284 145810.556276975 0 19589.5 47532.8 434.399927167538
0 590938.95 910.8 0 1352.8 8.505 2435.68007097798 3.66666666666666 40.39875 209228.04 21972.2205761317 7165.0329218107 8179.99999999999 9047.28395061727 90315.2423343969 0 55752.5 127276.8 1199.97
3923.4 133528.35 2912.73104368122 2727 644 449.499999528978 940.120283397384 4.11111111111111 10241.73232645 75391.155 7917.25185185185 1619.00823045267 2947.5 2044.32098765432 22686.0294989679 0 19285 64153.6 812.786944286609
422.52 901725.6 0 130161.772627201 418078.372405624 2451.59807879267 10237.495478713 712857.777777778 55694.3818802824 41883.975 4398.4732510288 10933.267489712 1637.5 13805.4320987654 41802.8319009195 0 9222 18547.2 749.902966496999
5432.4 164396.55 1131.6 2916 937.6 1168.26697763584 2418.32232809231 43.5555555555555 26618.6377826809 109985.4 11550.1893004115 1993.27983539095 4300.00000000001 2516.91358024691 37462.6672171139 0 10744.5 135699.2 3122.31
1106.6 0 0 0 1180 418.009739995478 905.455311938572 130.888888888889 9524.23553141 10985.476145902 1153.64702078933 0 429.48925427719 0 11685.0438406229 0 5191 41171.2 89.6344417406536
5895.16 460684.5 15216.3613204401 3294 497430.812957406 2894.89065792448 12084.6145261036 3377757.33333334 65959.2775614499 70531.335 7406.89465020575 5585.72016460905 2757.5 7053.08641975308 37359.1878401201 0 7511 31718.4 789.588600609318
14043.76 117626.55 2511.6 23836.5 4980.8 26.04 2077.736104394 1146.97777777778 393.0255 112095.585 11771.7917695473 1426.20164609054 4382.50000000001 1800.86419753086 41339.4395946708 0 5930.5 61779.2 1313.4
0 0 1242 0 0 851.415787173111 3554.20387338666 8070778.95555552 19399.2716348793 45273.06 4754.38024691359 0 1770 0 15198.8951022706 0 3233.5 4748.8 528.830336215769
462.76 136802.25 0 112316.227372799 359456.71595101 2095.50957768106 8747.62762203584 1227340.08888889 47745.6022349523 19950.84 2095.15061728395 1658.7037037037 780.000000000002 2094.44444444444 8195.09251266656 0 4843 16396.8 449.343192720023
26900.44 3196027.95 14890.2 195741 214583.2 15.12 4076.82490069696 395.777777777778 26321.9698632364 371072.835 38968.458436214 38751.2880658437 14507.5 48931.2345679013 198742.028598236 0 24389 52147.2 2976.2138696016
824.92 0 1435.2 1992 22380.8 1246.98766259703 1468.50010262068 7295496.33333334 28384.3687545699 32716.1843691376 3435.7116731012 0 1279.0751571326 0 13741.7843514324 0 2015.5 28672 248.960513764219
0 0 0 2584.5 0 1813.99772354737 7572.46674595168 7996058.57777778 41331.4330252055 47672.6420799803 5006.37394121889 0 1680 0 1609.56254734869 0 8308.5 10886.4 49.6023989408469
0 0 0 0 0 0 0 0 0 0 0 0 0 0 0 0 0 0 0
30803.72 2069572.5 0 0 647.2 5.145 28196.8408850592 574.83826462285 24.43875 324009.315 34026.0518518518 25093.2098765432 12667.5 31685.1851851852 151669.961343592 0 21750 76249.6 38.0271414931088
1851.04 1346040.6 524.4 2407.5 2236 383.741177513116 657.699732286024 281.837823226318 3694.93843637459 133453.215 14014.6773662551 16320.5102880658 5217.49999999999 20607.9012345679 81675.3423156313 0 10918.5 62003.2 2340.24
2172.96 729144.3 565.8 1572 720 0 475.605736092952 166.657790894537 0 91825.02 9643.06502057613 8840.74897119342 3590 11163.2098765432 43815.6490148247 0 6887.5 42156.8 16.7745371391119
6659.72 3286995.6 3325.8 14281.5 2540 17.01 1224.05538463216 663.879749936298 263.445 193881.24 20360.566255144 39854.2551440329 7579.99999999998 50323.950617284 225640.020116345 0 17400 59673.6 1802.94
6096.36 2803861.5 855.6 21258 612.8 0.84 845.379509627532 311.103317218857 160.755 97771.905 10267.5810699588 33996.3374485596 3822.5 42927.1604938272 111200.112591481 0 18719.5 50982.4 0
124341.6 2462440.5 3036 10387.5 3019.2 9.66 990.604597249152 252.955555555555 99.918 254884.77 26766.89218107 29856.6666666667 9964.99999999998 37700 170864.306248827 0 17414.5 60390.4 0
2977.76 3265013.7 1352.4 4435.5 3996 8.19 1195.9950282638 5167.91684107656 114.471 108322.83 11375.5934156378 39587.7283950617 4235 49987.4074074076 120573.752373804 0 26564 57568 2118.88618283299
21246.72 5697287.55 1062.6 12768 233720.169565817 23.73 2304.09379872149 1058.75555555555 356.8215 131087.25 13766.2139917695 69078.6296296296 5124.99999999999 87225.5555555558 243893.229048602 0 17704.5 82297.6 1099.39836171557
6760.32 4473082.8 1462.8 4054.5 1960.8 8.82 1607.19683006283 577.523733847616 123.5115 148991.85 15646.4773662551 54235.3580246913 5824.99999999999 68482.9629629629 201947.744342278 0 24418 80729.6 961.17
4386.16 3996730.35 2166.6 10585.5 1982.4 8.505 1539.13057728602 720.330414235814 157.69425 124820.64 13108.1218106996 48459.6666666667 4880.00000000001 61190.0000000001 131503.562244323 0 18879 93273.6 55.5088759577708
2877.16 5137216.8 703.8 3789 148577.418598251 881.952389305237 15929.8816602243 628.866006933442 4189.27384919988 96940.62 10180.283127572 62287.8683127572 3790 78650.8641975309 159662.596659786 0 11179.5 89824 1331.70148523913
9536.88 5084366.7 0 0 214145.738563138 16.275 22959.8569253396 772.321786507411 158.6865 215174.925 22596.7366255144 61647.0699588478 8412.5 77841.7283950617 272152.271420529 0 17501.5 76384 620.88
6418.28 2662616.1 1959.6 19474.5 3209.6 7.35 1310.90231944685 190.755555555555 78.9915 149951.025 15747.2057613169 32283.7613168724 5862.5 40764.6913580247 109123.695102271 0 30943 93452.8 44.9253724661804
9858.8 1419001.8 1435.2 5403 1656.8 25.095 763.44856826436 768.045442667077 412.566 112862.925 11852.3744855967 17205.1522633745 4412.50000000002 21724.9382716049 71605.9931694501 0 18922.5 46188.8 1202.04701092913
4245.32 1283836.5 12714.7257398682 135622.351655747 51873.3433073322 310.859059994295 553.127577001856 2521.97253152186 1476.5805349729 80378.865 8441.03950617284 15566.2962962963 3142.5 19655.5555555556 37183.7823231375 0 39237 32793.6 1479.41370023793
39213.88 5047184.55 2111.4 220149 295361.663866405 14.595 31679.3582384123 279.2 170.226 417816.63 43877.2888888889 61196.2427983539 16335 77272.4691358027 361210.873634828 0 23258 117734.4 7241.61
8691.84 1837359.45 1462.8 124337.831518215 2202.4 2.835 770.944375401876 381.815958316384 13.46625 99690.255 10469.0378600823 22277.6666666667 3897.5 28130 74593.3057609307 0 9381.5 58150.4 2282.50050725353
22795.96 2404913.4 1035 11551.5 96943.4163252168 562.284592707117 10116.9616880612 334.084974322454 5345.7776307176 84791.07 8904.39012345679 29159.1604938271 3315 36819.2592592593 116161.266428974 0 48647.5 121766.4 34.2858230770319
50923.72 2841277.5 1407.6 79443 4352 734.952582625949 1416.8683699823 1142.69422339761 7123.11178494653 105765.03 11106.9843621399 34450 4135.00000000001 43500 184334.829048602 0 24302 48384 2190.99
65571.08 1909619.1 7120.8 546399 347204.560305006 76243.545 15758.5144804272 203058.222222222 1617169.4805 224830.62 23610.7358024691 23153.8024691358 8790 29236.2962962963 180186.707299681 0 31653.5 158547.2 60.9020185376008
36356.84 4218186.3 26937.6 382995 31184.8 7.245 32.5925925925926 373.555555555555 37784.0117933954 357004.935 37491.1086419754 51144.7818930041 13957.5 64580.4938271604 229569.315368737 0 53577.5 67200 999.962142822858
171442.52 5524706.25 109337.4 1571742 1488377.6 1926.7090565754 264667.832098766 1257377.26666666 21746.7752874664 172459.665 18110.9654320988 66986.1111111111 6742.49999999998 84583.3333333331 433096.753612312 0 36003.5 115718.4 4632.08777321655
18087.88 4249756.05 193.2 11493 171296.114617761 689.181418869567 2898.53488053252 162.333333333334 26201.3858066533 55312.425 5808.670781893 51527.5596707819 2162.5 65063.8271604937 183596.559504597 0 10614 43366.4 3080.25061201043
179309.44 4633036.2 0 1067677.5 401427.549743103 26.355 18213.5794344215 552.866666666666 46765.6675894088 284171.58 29842.4658436213 56174.7654320988 11110 70931.851851852 417209.317770689 0 26752.5 59763.2 1456.68
32715.12 486641.85 2980.8 14475 1970.4 10.92 2539.92186693597 311.666666666666 17423.0622226917 161525.07 16962.6617283951 5900.44855967078 6315 7450.49382716049 71958.3987990243 0 38019 33779.2 1091.28285466245
0 0 1901.76618933908 1080.79027013993 5622.02178198402 22.6322290997561 251.35325517514 0 860.434930587569 0 0 0 0 0 6441.96164383563 0 0 940.8 40.6681811356434
4627.6 35311.35 12195.491282873 1179 988.8 152.066852744986 1569.90745021877 8.66666666666664 5475.86759497762 8824.41 926.701234567901 428.144032921811 345 540.617283950619 8908.08842184274 0 8627.5 6764.8 143.377230052318
15492.4 2564866.8 11578.2 116073 4568.8 993.827634201425 10740.451986736 495.133333333334 36774.3500349172 219267.405 23026.5111111111 31098.5679012346 8572.50000000001 39268.1481481481 158208.339575905 0 23185.5 121587.2 0
42755 4522892.85 27903.6 504658.5 27105.6 4137.42 151403.160493827 215578.088888889 132129.03375 123925.41 13014.1086419753 54839.2962962963 4845.00000000002 69245.5555555555 175398.263689248 0 43964 350380.8 2590.98
9758.2 322713 910.8 4368 808 637.106466278216 1502.9822134886 2.11111111111111 20599.7757429956 77053.725 8091.84773662551 3912.83950617284 3012.5 4940.74074074073 35391.0617376619 0 2523 24908.8 427.431906507257
14908.92 1319147.85 2028.6 24289.5 91075.2 400.958737929256 4405.23148499676 217.555555555555 15120.9291644964 39518.01 4150.0098765432 15994.4403292181 1545 20196.1728395062 94556.4997560518 0 3712 54387.2 220.004922615321
12856.68 707630.1 16615.2 203782.5 239880.203076764 980.318230273263 4168.62932373716 150453.822222222 37269.8616959472 84791.07 8904.39012345679 8579.89300411522 3315 10833.8271604938 53864.6776505913 0 5800 41126.4 1761.5480642053
146292.52 3921898.35 5050.8 368787 587652.699487842 4148.655 18428.2300020462 401391.577777778 128645.55375 208524.645 21898.3530864198 47552.341563786 8152.49999999999 60044.3209876545 434789.790805029 0 12702 101740.8 1832.79
35391.08 1391875.2 14476.2 506845.5 630659.2 13359.255 22347.950617284 539105.533333334 305420.83425 75966.66 7977.68888888889 16876.2469135803 2970 21309.6296296296 88396.9297053854 0 43195.5 86150.4 2798.90513152377
784.68 119497.35 800.4 2866.5 921.6 189.180207310655 696.369919683012 1481.24444444445 6312.593764691 59596.74 6258.59094650206 1448.88477366255 2330 1829.50617283951 18103.2604991556 0 1667.5 21683.2 272.960672991054
50118.92 10420823.7 217736.4 2658565.5 939108.8 39921.84 147806.083950617 497206.577777778 1097459.8845 286985.16 30137.9358024692 126350.691358025 11220 159542.962962963 665428.303696754 0 32842.5 81312 88.3487842103598
14023.64 1245952.8 85284 928467 1264.8 6526.38 2436.19091297882 112.444444444445 142317.483 227452.365 23886.0600823045 15106.962962963 8892.5 19075.5555555556 120641.360405329 0 13818.5 34182.4 574.276398066175
15411.92 2768316.3 0 461958 16656 7645.995 3417.4073230494 254719.066666666 181739.18175 200851.245 21092.525925926 33565.3580246913 7852.5 42382.962962963 134445.196021768 0 18516.5 42067.2 1460.43557261101
30280.6 1840633.35 6016.8 52738.5 3582.4 1276.44493414127 5323.89117580124 184.133333333334 47983.0625621754 168303.24 17674.4757201646 22317.3621399176 6579.99999999999 28180.1234567901 177483.514955902 0 28202.5 134086.4 2862.29340223529
6921.28 521017.8 3091.2 8946 143755.886613598 1024.78601726463 6439.04263232832 143.222222222222 33134.7478915564 143236.8 15042.1069958848 6317.25102880658 5600.00000000002 7976.7901234568 54085.9736535935 0 9468.5 39872 830.835003865404
16518.52 1917570 60057.6 993501 193076 10126.935 81015.950660206 1594877.82222222 239345.36325 89075.385 9354.31028806584 23250.2057613168 3482.5 29358.024691358 96516.5682116718 0 25259 37676.8 1287.88281077697
5190.96 280152.3 19985.3747773465 279 1043.2 419.549299630207 2651.38909998456 1426.31111111111 13565.42735471 47702.97 5009.55884773662 3396.79835390946 1865 4289.13580246914 21255.2256708576 0 5133 20294.4 540.805797332535
1142131.92 25642354.05 302095.8 9061488 5669010.4 13086.465 875727.723456792 7624215 405756.90225 402150.105 42232.058436214 310909.12345679 15722.5 392584.814814815 1557671.16712329 0 86333 673971.2 5420.76
168424.52 5400298.05 123330.6 2836681.5 1203859.2 30479.19 315043.930864198 2065624.26666666 144776.1525 108770.445 11422.6 65477.683127572 4252.5 82678.6419753086 296237.946631638 0 25592.5 94259.2 1032.81
2535.12 247881 1090.2 7063.5 111303.8912519 451.141639862187 2072.42634231171 219.688888888889 16604.9890101331 44633.61 4687.2279835391 3005.51440329218 1745 3795.06172839506 38311.0767498594 0 9251 34630.4 573.645228845209
15633.24 1204327.5 1200.6 491662.5 239629.712416025 8.19 13177.5030391232 0 28147.021574044 182562.975 19171.9711934156 14602.2633744856 7137.50000000002 18438.2716049383 134259.235128542 0 17284 55820.8 811.92
1146.84 167904.3 1628.4 3756 408 172.284142560985 1278.89769560918 0 6525.96496091114 62730.045 6587.63703703704 2035.81069958847 2452.5 2570.61728395062 37482.4938262338 0 3857 33555.2 7.35861780904597
8510.76 2875419.6 79571.0421598749 474482.789426196 18785.6 17517.255 22744.5925925926 192364.488888889 366008.349 113886.045 11959.8181069959 34863.9670781893 4452.49999999999 44022.7160493827 193158.319234378 0 17777 102099.2 1992.19189416043
20019.4 477521.7 0 3576 93446.630078404 381.88826692858 1596.31003126091 0 14518.6761321022 41564.25 4364.89711934156 5789.8683127572 1625 7310.86419753086 60144.7878401201 0 1754.5 35078.4 16.3911683426964
66677.68 1269571.65 0 1191958.5 105028.8 10659.81 19729.0864197531 598382.688888889 212487.88575 116188.065 12201.566255144 15393.3374485596 4542.49999999998 19437.1604938272 175266.787164571 0 14891.5 41484.8 691.465152599217
72995.36 2100440.7 151620.6 1995651 563704.632780311 42277.515 47944.0098342808 519351.466666666 1182762.7455 137353.86 14424.3061728395 25467.4814814815 5370.00000000002 32157.7777777778 170022.726665416 0 22083.5 46144 44.0590555137414
2635.72 1229583.3 731.4 0 613.6 450.007493353706 1901.18746911857 31.8888888888889 17108.441444323 90546.12 9508.76049382716 14908.4855967078 3540 18824.938271605 68544.2990429725 0 9642.5 27820.8 2717.75493899606
44767 826893.6 9936 547321.5 1321302.4 904.354499661644 78372.8362563384 769637 128297.748037579 56655.27 5949.69053497943 10025.9423868313 2215 12659.7530864197 85779.1681741414 0 6249.5 39916.8 2019.06773352043
30723.24 1471384.2 59712.6 1013112 240765.6 13872.39 72127.7197125424 1846614.82222222 310240.1085 71362.62 7494.19259259258 17840.2798353909 2790 22526.9135802469 225545.13462188 0 14471 81222.4 2227.51983234051
29234.36 4046540.4 2304.6 74844 335627.565567706 28.77 5771.245189902 242 346.647 256227.615 26907.9119341563 49063.6049382716 10017.5 61952.5925925927 253046.50418465 0 40556.5 81446.4 3251.50845134645
362.16 435662.55 14269.7699773652 1161 719.2 285.077615337035 1807.43769821225 5.77777777777778 9217.50956256411 33507.18 3518.77860082305 5282.33333333333 1310 6669.99999999999 14223.9057234002 0 0 5017.6 6.93643335011576
31085.4 1944228.9 71740.9559398894 5094 2770.4 4.095 3546.99159197351 248.777777777778 24245.3423405418 188062.245 19749.4806584362 23573.4403292181 7352.49999999999 29766.1728395062 241931.326102458 0 25462 56806.4 2402.05869848019
11226.96 2520903 0 619812 1847.2 6.72 4493.84416899496 344 30822.5496960513 262366.335 27552.5736625515 30565.5144032922 10257.5 38595.061728395 145357.620566711 0 33234 54208 1325.34
55269.64 1965275.4 676.2 744168 260948 8381.625 4166.79278409116 1047027.11111111 213493.51275 46168.29 4848.39341563785 23828.6255144033 1805 30088.3950617284 125317.067517358 0 8424.5 41036.8 5182.05520590809
2152.84 1201287.45 1628.4 6285 2120.8 494.076327687789 1989.61207262158 2057.35555555555 18223.9021992157 119705.04 12570.9037037037 14565.4032921811 4680.00000000002 18391.7283950617 64679.5072996811 0 12122 35078.4 1447.08100408599
2273.56 445016.55 40167.0900655709 5040 1208.8 461.564164433333 5129.79576972968 11.1111111111111 17529.8379988152 60555.915 6359.31934156378 5395.74897119342 2367.5 6813.2098765432 35117.8355413774 0 5655 39782.4 1512.28392670948
250252.56 2435313.9 76879.8 1236186 652024.8 60126.57 9699.6797614068 355840.177777778 1217074.51425 330851.43 34744.5810699589 29527.7613168724 12935 37284.6913580247 335019.654869581 0 69774 223776 3796.92
0 701.55 0 412740.350532742 126914.176212562 622.4763316238 1145.40960030497 5211660.4 2956.76257521305 15986.25 1678.80658436214 8.50617283950617 625 10.7407407407408 5334.6702195534 0 2856.5 10304 787.952540977688
2756.44 80444.4 16333.1301311517 0 2226.4 377.363845360498 440.227974007628 266.666666666666 3596.16003092474 826169.4 86760.7242798354 975.374485596708 32300 1231.60493827161 248989.81062113 0 28608.5 132249.6 2650.68
3600.87873553665 8584.54325682441 2871.8662442721 43353.8535539326 324 68.9870920790022 119.213781268683 0 327.688687375262 59399.9328933072 6237.92311842698 104.08610746314 2322.30561002843 131.429482573195 24760.2644943776 0 0 18816 82.656093966676
12997.52 441274.95 12654.4470742595 747 55526.6094553051 0 1748.90853129192 1779115.26666666 0 411230.295 43185.6205761317 5350.38271604938 16077.5 6755.92592592594 144279.956164384 0 0 20070.4 818.977737285512
5653.72 18006.45 7425.11390114891 113404.723107669 700 0 191.657601035482 0 0 509066.145 53459.9168724279 218.325102880658 19902.5 275.679012345679 187031.346669169 0 1508 25401.6 89.55
4889.16 70856.55 0 312 0 218.918591816763 402.828901298228 26.2222222222222 1039.86331112963 605687.04 63606.6238683128 859.123456790124 23680 1084.81481481482 177350.754287859 0 348 14828.8 73.3506556051431
5.00612792185355 34.4674258743265 11.3090740046057 245.807474856178 53.035593904121 0.260123832688591 1.67044960156826 0 1.23558820527081 227.137223228276 25.0456135244245 0.417911598346358 0 0 0 0 0 0 0.212019448799703
45048.68 1854430.5 1421.4 8332.5 86036.8 158506.005 48870.3604938272 2215415.64444445 3879333.19725 2324848.365 244145.483950617 22484.6502057613 90892.5 28391.3580246913 1103170.66466504 0 104298.5 123244.8 2254.57339982952
1848.82561813954 12729.2512182122 4286.98239332592 64220.3580050659 318.4 96.0669829598054 616.91791847918 0 456.318169059075 88078.8465411677 9249.65814473903 154.339977164289 3443.53923454404 194.885021963617 34071.9062775326 0 0 10572.8 78.3014326848403
11287.32 479158.65 772.8 6885 1589.6 3.255 610.74592063816 23.5555555555555 15.46125 1713342.33 179927.774485597 5809.71604938271 66985 7335.92592592593 489903.996397072 0 5481 111910.4 456.62363663681
4305.68 297691.05 1104 5952 833.6 6.09 248.47577611327 6.55555555555555 71.60475 696616.83 73155.6757201646 3609.45267489712 27235 4557.65432098764 205735.543929443 0 6757 62630.4 0
2233.32 0 11349.0973509399 667991.719694834 47528.1789496399 233.111598437836 1496.98385075541 980017.6 1107.28009257972 0 0 0 0 0 314209.293150685 0 18255.5 26924.8 375.072554163409
1830.92 241333.2 0 210 998.4 408.077441770828 584.366845202556 480 1938.36784841144 883400.175 92770.8518518518 2926.12345679012 34537.5 3694.81481481482 438512.762319385 0 27811 35705.6 1124.56819750206
4366.04 38824.3239262529 414 924 788.8 294.685110914384 1925.51598262761 0 2801.54555368663 359762.852244574 37780.7331398605 470.738236324827 11438.5922040303 594.400966041507 47276.1493149631 0 3755.5 25939.2 489.56003224954
2871.17080468057 19768.1458459848 6486.10735020399 140978.268313607 30641.5704663229 149.609146916679 274.520768836152 0 710.643447854225 9719.64 1020.71440329218 239.685361389085 380 302.650601463721 1509.85728021785 0 638 9228.8 121.599779494405
1025.63045798975 7061.51387600263 2316.94653669359 2263.26388113601 1289.6 0 98.063431618254 0 0 60428.025 6345.88888888889 85.61963871121 2362.5 108.111880520686 13643.0440985162 0 2900 31136 568.797484572839
13078 434961 938.4 1552.5 632.8 267.372133667497 292.543169153091 5.77777777777778 2552.25726984121 365637.51 38397.6641975308 5273.82716049383 14295 6659.25925925924 153199.291424282 0 22228.5 129516.8 1003.57102092045
1733.52823443935 73195.05 4481.92028265736 60832.9692887237 316.8 90.0760059381964 578.44537609306 0 427.861028206433 212169.51 22281.1209876542 887.477366255144 8295.00000000001 1120.61728395062 84001.2189022022 0 797.5 7257.6 216.698359754672
31910.32 525928.65 1449 6484.5 539.2 1.68 491.876626290748 0 7.98 752440.815 79018.0683127572 6376.79423868313 29417.5 8051.97530864197 202315.221017077 0 16921.5 92780.8 371.769477862504
10811.2952416208 129552.9 124.2 78 113109.6 140.55698771177 418.165533024656 1917834.51111111 667.64569163091 323753.535 33999.1909465021 1570.80658436214 12657.5 1983.45679012345 88752.004183791 0 1479 18547.2 113.622547733316
2233.32 94709.25 538.2 47020.5 814.4 292.232969027748 1844.28076323146 0 1388.1066028818 204432.165 21468.578600823 1148.33333333333 7992.50000000001 1450 63254.7149559016 0 2305.5 41126.4 281.842722690421
5991.39647347334 41251.0461292173 14790.6411321371 296475.958501308 85.6 317.199454509615 1999.21496377692 0 1506.69740892067 0 0 500.1618247959 0 631.554118392502 0 9328.82790318164 0 5734.4 253.747526566594
0 3093.45147222079 772.8 9112.45956128573 223.2 0 42.9588431372216 0 0 23430.5657847378 2583.60513068954 37.5075659515856 0 0 659.287671232878 0 696 28492.8 19.0287455297733
28711.24 955511.1 814.2 4503 2856.8 6.195 831.764480791384 141.777777777778 29.42625 1218791.7 127992.213991769 11585.4074074074 47649.9999999999 14628.8888888889 379938.453593545 0 12252.5 266156.8 2907.39
0 0 179.4 1002 508.8 147.425182176259 158.352735054289 0 700.269615337232 0 0 0 0 0 139545.961643836 0 3741 32793.6 466.422022607231
8390.04 101023.2 538.2 0 1012 309.029164340551 323.478426744951 56.3555555555555 1467.88853061761 537713.505 56468.3382716048 1224.88888888889 21022.5 1546.66666666667 165372.504860199 0 9541 48787.2 27.6121513287629
6941.4 28763.55 5662.311990681 86357.6825145682 391.2 130.240751479269 842.0621237741 1.33333333333334 618.643569526527 359498.79 37753.0024691359 348.753086419753 14055 440.370370370372 114631.640007506 0 18850 22086.4 798.675487770899
0 17657.0160111823 0 1036.5 536 134.201562164502 245.203452489023 0 637.457420281387 122176.047668756 12830.3982033091 214.08827599037 1548.31421835675 270.329172876084 751.337927458968 0 1131 18905.6 202.983166140697
6760.32 252116.710183688 8065.13680809706 175707.1369904 884.8 193.278937055823 341.352283856036 47086.6666666666 1861.61240203032 483094.321870535 50732.4687418385 3056.8716592547 18887.1030522533 3859.91051313728 83493.847106335 0 3349.5 58329.6 204.932995033063
3822.8 0 4580.6990409968 1215 21327.501592772 102.188021897759 656.225685666084 0.888888888888888 485.393104014355 0 0 0 0 0 140900.076712329 0 2885.5 13708.8 83.2905153394079
3299.68 208360.35 621 9057 784 455.493088777266 504.925653116504 104545.244444445 2163.59217169202 303482.97 31870.4641975308 2526.33333333333 11865 3190 89929.3501970351 0 5118.5 87180.8 371.259306063829
0 935.4 4317.23900125821 61083.2256709601 319.2 101.40227312887 115.380367487678 0 481.660797362132 36576.54 3841.10946502057 11.3415637860083 1430 14.320987654321 6761.81917808219 0 2001 17292.8 38.7500010720888
804.8 13584.4742227189 0 180 223.2 7563.465 658.365949218092 0 262159.6425 93996.4810100869 9871.10243031381 164.709408698258 3674.89565290823 207.978498646567 131398.86020486 0 46690 12051.2 83.562165258183
1348.04 54545.77855318 0 1229121 0 411.654094099466 2643.53869603182 0 1955.35694697247 483445.151486821 50769.3113453142 661.35816412056 9758.49620763765 835.096665870665 13632.0832990232 0 0 26387.2 36.8946426237436
467.760077698191 80391.0501051323 1318.89160230534 23135.635931874 7109.9133054163 24.3053206168403 156.082634646534 0 115.450272929991 33666.5010101617 3535.50980175426 974.727627316167 0 558.518518518518 6490.41744567786 0 72.5 7705.6 175.030567247222
5539.6949670623 34816.408561304 11423.5783789023 248296.275539095 120.8 262.757586494563 1687.36290378414 0 1248.09853584918 240908.836994136 25299.2003613593 422.142953279615 4855.72163692818 533.039723299368 0 0 1218 13708.8 214.1661457188
4100.8434773676 16598.2197726053 5446.02595034292 118461.662110428 203.2 125.2658831791 804.425886255216 0 595.012945100723 99114.75 10408.6008230453 201.250554078668 3875 254.118987007897 20382.0744309172 0 2262 24819.2 208.236998732882
4005.68454497063 116925 10208.2262464977 2349 42810.3619348442 208.139710499731 1336.62068900486 0 988.66362487372 31460.94 3303.8913580247 1417.69547325103 1230 1790.12345679012 11965.405244868 0 986 11379.2 169.648687078637
1632.93635150961 11242.8434773818 3688.8785768773 80179.325704649 17483.5477866005 84.84914267511 156.129667362924 0 403.033427706773 12405.33 1302.75390946502 136.317539485602 143.742805539422 172.128097753954 0 0 783 4390.4 69.1580939553528
5875.04 50043.9 607.2 1633.5 3113.6 12.6 702.07863937416 92.8888888888888 155.3475 741442.275 77863.0493827161 606.773662551441 28987.5 766.172839506171 216101.558416213 0 34945 261542.4 1653.69
4687.96 103361.7 2056.2 3574.5 887.2 245.061037001968 271.772783549133 0 1164.03992575935 437831.415 45979.1547325102 1253.24279835391 17117.5 1582.46913580247 118582.695139801 0 3828 42873.6 571.203681427658
7323.68 341187.15 17262.047125234 333191.807068214 963.2 352.736947971263 433.72930188754 66.2 3412.62025572699 817792.605 85881.0296296296 4136.8353909465 31972.5 5223.58024691358 302371.862037906 0 5263.5 49683.2 30.6072319122073
496.075988756175 3415.50648273403 0 0 5377.09588343649 0 170.864448538738 0 0 8440.74 886.40987654321 41.4124274486344 303.314853071997 52.2914541078549 216.413974856827 0 0 1299.2 21.0098022544955
2145.75158050448 14773.6004153832 0 0 22732.3814371538 111.495577786148 715.996460472196 0 529.603994484201 17265.15 1813.11111111111 179.127358841208 675.000000000001 226.184038014297 4935.68517813108 0 0 13708.8 90.8768362417727
2696.08 376264.65 11190.2533545368 232957.752583713 872 252.996315625517 261.427886251103 174.533333333334 1201.73249922121 590532.075 62015.1152263374 4562.14403292181 23087.5 5760.61728395063 235504.541339839 0 19604 67961.6 668.64
8249.2 0 0 522 942.4 186.13486002823 1206.33331524441 0 884.140585134093 478884.105 50290.3300411523 0 18722.5 0 139121.058359917 0 7917 19532.8 16.682402140528
0 17016.0023505907 4969.27779933625 108249.340748522 551.2 114.300037857321 766.005995239104 6 542.925179822277 124043.236268857 13026.4822452887 206.316095832896 2589.45132420225 260.515244375355 2661.21198705264 0 913.5 18099.2 152.862670924144
0 62719.9440206882 0 0 96537.0072824048 473.344086795521 3039.69625935375 0 2248.38441227872 0 0 760.468511615888 0 0 0 0 2218.5 5868.8 385.809140737709
5772.06549389717 39740.9420330982 13039.3623273103 283416.018509172 60 299.922779089945 1926.02839060821 0 1424.63320067724 12980.835 1363.19094650206 481.852072893351 507.500000000001 608.434402637469 0 0 261 4838.4 244.458424466057
2333.92 125109.75 0 0 41230.2021735255 0 1298.61796056918 947423.222222224 0 459892.44 48295.90781893 1516.9341563786 17980 1915.43209876543 127355.694501783 0 8004 20787.2 18.1242081426289
0 211166.55 193.2 1750.5 1166.4 16312.17 417.046182971352 1.33333333333334 474265.365 709341.885 74492.0057613168 2560.35802469136 27732.5 3232.96296296296 222603.754850816 0 15587.5 65676.8 0
60440.48 66647.25 3657 26365.5 199164.8 94732.155 62445.4320987656 5569683.77777778 2219373.84375 668289.195 70180.8304526749 808.086419753087 26127.5 1020.37037037037 225274.801276037 0 16733 25849.6 535.772586582792
0 0 4101.65977804541 89151.2985368995 0 0.315 617.228967646568 173796.555555555 1.49625 0 0 0 0 0 83901.5671232878 0 1827 38528 68.4412199758133
3199.08 134463.75 8961.53451747404 300925.361289154 42765.6 0 374.0351084573 257743.511111111 0 448510.23 47100.5975308641 1630.34979423868 17535 2058.64197530864 125123.966222556 0 1827 24595.2 543.578191454539
3484.73435810275 23992.5597297069 7872.17573289346 176077.546950667 306.4 181.070574160574 1162.78952734166 0 860.085227262727 56527.38 5936.26008230452 290.90565166141 2210 367.326439688573 8124.96313926522 0 72.5 14739.2 16.2285137426964
7444.4 196434 276 98314.961520402 549.6 148.429110185749 173.490545868339 0 705.038273382307 87796.485 9220.00576131686 2381.72839506172 3432.5 3007.40740740741 32067.8115969225 0 8613 82118.4 1290.58680056488
0 0 7569.1901109414 0 1020 206.617641001362 349.969192029742 239.955555555555 2090.68933951294 0 0 0 0 0 247146.860273973 0 5031.5 34361.6 0
4190.78730486268 26083.2245303966 8558.14175298534 131224.883520958 1105.6 196.848710387092 1264.11273598678 0 935.031374338686 180480.398361898 18953.2680346082 316.254602048607 2516.20576537102 399.334548305207 0 0 0 537.6 698.222634738185
764.56 6313.95 3107.52149132805 47519.7774529147 157.6 71.477151900962 459.008229580928 0 339.51647152957 151997.265 15962.0930041152 76.5555555555555 5942.49999999998 96.6666666666666 46063.4502533308 0 2363.5 24505.6 24.3161648188341
2313.8 217012.8 593.4 7236 1176.8 5610.36 605.74661230086 0 139196.673 1121211.63 117744.778600823 2631.24279835391 43835.0000000002 3322.46913580247 350847.977781948 0 27593.5 61241.6 268.317238063798
130679.4 5615673.9 1863 26683.5 881486.4 319873.47 159859.535802469 10562915.7777778 7337973.54675 1839761.595 193203.776954732 68089.0781893004 71927.5000000001 85976.0493827159 1099347.21951585 0 61204.5 104384 973.11
49515.32 596083.65 4374.6 68340 46473.6 45742.41 35839.861728395 2811694.77777778 1055653.5465 1095761.52 115072.118518519 7227.41152263375 42840.0000000001 9126.04938271607 440233.189866768 0 53751.5 62585.6 793.192991619863
15834.44 140076.15 1338.6 70174.0691679826 1611.2 201.227621078309 355.592123224641 17.6666666666666 955.831200121967 351761.445 36940.4600823045 1698.39917695474 13752.5 2144.56790123457 112384.120998311 0 1870.5 46726.4 157.510573634854
4568.01424073365 11364.5565750006 3728.81374445607 0 760.8 0 140.833277998458 0 0 153067.951387363 16074.5318410465 137.793289817264 5984.35966015182 173.99152705518 24820.3701101969 0 449.5 26566.4 771.846960650916
4832.0593043397 31606.6295267572 10370.4208622234 73162.0981535959 48837.6396100789 238.533554575439 1531.8022846381 15.1111111111111 1133.03438423333 218699.075385346 22966.8276018972 383.22493568361 5613.47431363754 483.897959426328 5689.49594262107 0 0 6854.4 194.421834549327
3259.44 935.4 4981.617945547 549 614.4 108.552926928858 721.632832687788 0 515.626402912074 304889.76 32018.1991769548 11.3415637860083 11920 14.320987654321 95647.570050666 0 4944.5 46457.6 88.4783662272257
6999.50548373663 48191.9240146596 0 241156.873740283 74304.1044518181 363.701891317279 2335.60175229273 0 1727.58398375708 333459.44761761 35018.4637596813 584.318772912899 7329.06501297614 737.81906013675 1060.06838356113 0 0 2240 296.442943068634
45.6809172869137 314.515261103227 103.195300292027 2242.99320806261 96 2.3736299732834 15.2428526143104 0 11.2747423730961 2438.02716195802 268.832581435065 3.81344333491051 0 0 0 0 507.5 10617.6 1.93467747029729
0 0 0 0 0 0 0 0 0 0 0 0 0 0 0 0 0 0 0
0 0 0 0 0 0 0 0 0 0 0 0 0 0 0 0 0 0 0
0 0 0 0 0 0 0 0 0 0 0 0 0 0 0 0 0 0 0
61486.72 0 15273.2578517825 0 636.8 2.52 2279.28327735688 0 11.97 0 0 0 0 0 82379.0246575344 0 5060.5 47622.4 210.58586659565
0 0 0 0 0 0 0 0 0 0 0 0 0 0 0 0 0 0 0
0 0 0 0 0 0 0 0 0 0 0 0 0 0 0 0 0 0 0
0 0 0 0 0 0 0 0 0 0 0 0 0 0 0 0 0 0 0
0 0 0 0 0 0 0 0 0 0 0 0 0 0 0 0 0 0 0
0 0 0 0 0 0 0 0 0 0 0 0 0 0 0 0 0 0 0
0 0 0 0 0 0 0 0 0 0 0 0 0 0 0 0 0 0 0
0 0 0 0 0 0 0 0 0 0 0 0 0 0 0 0 0 0 0
0 0 0 0 0 0 0 0 0 0 0 0 0 0 0 0 0 0 0
0 0 0 0 0 0 0 0 0 0 0 0 0 0 0 0 0 0 0
0 0 0 0 0 0 0 0 0 0 0 0 0 0 0 0 0 0 0
0 0 0 0 0 0 0 0 0 0 0 0 0 0 0 0 0 0 0
0 0 0 0 0 0 0 0 0 0 0 0 0 0 0 0 0 0 0
0 0 0 0 0 0 0 0 0 0 0 0 0 0 0 0 0 0 0
0 0 0 0 0 0 0 0 0 0 0 0 0 0 0 0 0 0 0
0 0 0 0 0 0 0 0 0 0 0 0 0 0 0 0 0 0 0
0 0 0 0 0 0 0 0 0 0 0 0 0 0 0 0 0 0 0
0 0 0 0 0 0 0 0 0 0 0 0 0 0 0 0 0 0 0
0 0 0 0 0 0 0 0 0 0 0 0 0 0 0 0 0 0 0
0 0 0 0 0 0 0 0 0 0 0 0 0 0 0 0 0 0 0
8410.29490871399 57905.2754688684 8514.6 245763 449.6 437.008038916833 2806.35533063468 335812.955555555 2075.78818485496 440478.399023504 46656.4150831732 702.091485221881 3558.60942956499 886.530612689457 0 0 1769 25043.2 39.1669988241238
3571.26274039279 23203.0402557731 0 0 467.2 256.172112618051 322.221239158088 45.7777777777778 2793.67481987149 6074.775 637.946502057614 281.332864111789 181.260348431714 355.238885017789 0 0 1450 28492.8 160.63884268885
0 0 0 0 0 0 0 0 0 0 0 0 0 0 0 0 0 0 0
0 0 0 0 0 0 0 0 0 0 0 0 0 0 0 0 0 0 0
0 0 0 0 0 0 0 0 0 0 0 0 0 0 0 0 0 0 0
824.92 257235 0 0 2479.2 1276.60348188401 4275.57840547712 9.33333333333336 15360.6691642628 380728.53 39982.4576131688 3118.93004115226 14885 3938.27160493827 108922.310377181 0 18864.5 49862.4 1050.72
3038.12 0 607.2 2461.5 194649.6 2.31 34581.4001576757 2086536 10.9725 0 0 0 0 0 256387.704109589 0 11281 22534.4 257.779306874129
4788.56 4209.3 483 5436 70735.2 1108.55476135599 27956.0698892102 976210.2 13288.3831059345 610866.585 64150.5572016461 51.037037037037 23882.5 64.4444444444444 216012.853743667 0 24650 41440 1486.53
15774.08 18240.3 1780.2 1500 423355.2 76569.15 157431.407407407 5235841.71111111 1358337.12 641624.13 67380.5810699589 221.160493827161 25085 279.259259259259 265027.688797148 0 24273 38931.2 365.65948206239
25693.24 528501 0 7861.5 1800.8 1445.64936157789 1070.7754628377 31.4444444444445 17381.6311686687 318765.825 33475.4032921811 6407.98353909465 12462.5 8091.35802469136 122753.169450178 0 21286 109804.8 2044.39557016938
3702.08 0 885.830584985866 8307.06967765205 64949.6 648.749629024058 2191.3455084439 707211.8 7778.32496049376 0 0 0 0 0 98704.6356164383 0 9367 30150.4 376.11
9536.88 220988.25 924.6 2997 1516.8 159.524532551134 737.478511343208 2.66666666666666 5157.95988581998 753144.21 79091.9358024691 2679.44444444445 29445 3383.33333333333 311681.492212423 0 23301.5 48025.6 833.432194005125
201.2 29315.0055740037 212.928136719677 203.345098504629 448.8 258.343729561974 872.633056086548 0 3097.46840712941 465081.904361954 48840.8828405995 355.439390212477 8958.13946869068 448.813163258134 4578.38705102547 0 812 18950.4 97.6788739855891
17283.08 1403.1 483 3750 182644 76419.945 3302.41570055614 2565609.57777778 1910185.1685 668544.975 70207.6913580246 17.0123456790124 26137.5 21.4814814814815 330147.205704635 0 83868 21414.4 0
6800.56 310318.95 1352.4 1314 1593.6 7.245 1070.17701715461 190.022222222222 103.4565 603704.745 63398.4518518518 3762.56378600824 23602.5 4750.987654321 201896.082266842 0 42659 63302.4 871.62
603.6 32418.5504679144 0 3255 457.6 285.694274003517 354.824768656313 125.8 3425.39371605451 439361.906089572 46139.8802634185 393.069337162475 7369.9010695187 496.328480887303 23170.1146055234 0 2479.5 7840 108.020020598563
