57303723.7073863 10165138.6721754 11499125.5291393 0 7092610.51882717 0 0 0 0 2129098.58444041 4269735.39392565 24029592.2179638 198912.430669164 204873.232626452 0 0 0 0 176141.069673088 32025.6490314706 0
15233643.1512426 2618213.44385777 2444193.0214418 0 2239312.3541209 78713.7638621099 0 0 0 444369.779060475 1125334.89272689 5670347.09369703 48160.9893077975 58441.8612311901 0 0 0 0 46825.4072524108 8513.71040952924 0
203942866.696306 20806327.1569406 29600807.5607814 0 13537757.635869 391586.125148605 0 0 249875.744751439 1438256.66998953 3399616.09493216 50480034.6085046 512461.505209936 279859.70793581 0 0 0 0 626882.728869731 113978.677976315 0
0 0 0 0 0 0 0 0 0 0 0 0 0 0 0 0 0 0 0 0 0
1675457.79110424 1673756.325 0 0 0 34890.1438375669 548690.065361485 0 0 1484154.66 12526410.48 0 95482.8 1267925.4 0 0 0 0 5150.04799730267 936.37236314594 0
9594457.77321804 81646.65 2043561.20913245 970.072574917136 440674.423465478 378570.008361635 684504.437975714 0 93385.2362956428 977038.245 6356645.295 4714794.64506841 37422 448043.4 0 0 0 0 29491.5922695974 5362.10768538135 0
60421671.0011989 14865133.41 6655154.48906888 32232.195182135 1094065.70055041 131807.210053031 0 0 386936.417259093 2610878.43 14135756.67 15383344.6277865 84823.2 1262709 0 0 0 0 185725.064149972 33768.1934818131 0
12508578.420457 0 11153041.201621 1397.92577544021 1272926.39169512 62723.7213916622 986407.019424507 1396484.83753527 342130.664499086 94347.24 4455185.535 4763020.5994497 56926.8 399281.4 0 0 0 0 38449.061256817 6990.73841033036 0
96818793.8852906 16921721.805 49481924.7925495 7987.60206070353 11958083.6758866 3827728.10404389 5636226.81509429 0 100360.69904491 2518345.56 4937807.955 58356806.7451019 86637.6 478774.8 0 0 0 0 297603.101789616 54109.6548708393 0
102999407.143251 85631913.705 13472622.5176017 87134.8817124703 6677806.9044799 287128.43428245 910813.74 0 135897.17537086 7858943.655 36248391.045 31396321.0019677 296427.6 1970325 0 0 0 0 316601.166139708 57563.8483890379 0
53706811.1975971 38191355.0371763 15132654.1365586 0 3445730.39166164 160460.640043414 2523439.2693609 2753597.98087374 26719.9900504473 4238825.85107453 10599998.4356444 28982436.7491004 69231.6768186227 859608.10300679 0 0 0 0 165084.824528706 30015.422641583 0
11746542.1089844 1362591.87 6546128.99626331 33003.300330033 0 4389125.31321122 1173668.34070765 0 0 1013325.645 6516309.855 4761550.95975637 68493.6 499980.6 0 0 0 0 36106.7022904446 6564.85496189902 0
91447288.3819552 0 30680960.2734618 6050.87868362029 3694915.69706682 4418309.28673034 4269632.41687823 0 0 0 1115837.55 49432800.7250223 0 117142.2 0 0 0 0 281092.085333797 51107.6518788722 0
99774474.6837749 219917066.145 22560330.0701889 180376.916196293 7396297.81230405 847770.324059978 4269212.61 0 19813.0461288356 18820460.01 68254785.03 42440500.0040823 698770.8 2964049.2 0 0 0 0 306688.319010677 55761.5125473958 0
1897469.05108501 3728077.51134939 4441.18366854702 203008.179933835 11183.862469308 0 0 0 0 1558535.3481124 7829775.61473072 0 65703.560982852 634810.66615693 0 0 0 0 5832.469632102 1060.44902401855 0
46473292.6213225 24666360.15 3405481.75605614 0 1174384.27506445 119344.546336489 1876838.54886829 0 0 4781772.135 15493812.615 11232129.5895623 280098 1240596 0 0 0 0 142850.323573214 25972.7861042207 0
23764289.8824549 2086525.5 4911617.50177582 1375.48684259211 779061.868598899 61716.905867535 970573.617352215 0 132412.942225466 2068381.8 6561669.105 7388286.97164412 41958 569154.6 0 0 0 0 73047.040734936 13281.2801336247 0
112675406.985368 46652895.81 38689163.0401946 6885.59382490532 10535972.4447851 1618923.21062524 4858625.68751464 6878496.37143914 0 3460003.59 3339347.985 48921556.6205907 74617.2 255943.8 0 0 0 0 346343.403678235 62971.5279414972 0
37970496.5182791 6130756.23 8826655.99817112 0 350340.521145405 134508.782500468 2115314.65749964 0 0 1055963.34 16301207.265 20703603.6109592 159894 911962.8 0 0 0 0 116714.297781068 21220.7814147397 0
9803185.42853839 3628740 2331665.0201259 0 0 42619.8888292527 670249.732884238 0 0 0 4777236.21 2773917.70562028 65091.6 539443.8 0 0 0 0 30133.182555531 5478.76046464201 0
122540694.65317 14430591.795 51112462.816755 8550.48367824805 3829839.58057549 729628.124364966 6033408.40256168 8541670.10870518 82935.3789880106 2295178.05 5120152.14 70627726.6579033 109771.2 320355 0 0 0 0 376667.477054557 68484.9958281012 0
13341409.7816098 2749677.735 10639048.3266519 139462.077048826 3103271.09315126 90428.774639301 1913752.19886088 0 23623.2473074578 2130977.565 9298646.25 14741030.4351494 163976.4 628236 0 0 0 0 41009.0311387016 7456.18747976393 0
32164300.3914298 0 17164275.78061 25528.8559859153 1021476.34640842 0 1690459.44060384 2393232.13519801 230625.172826989 0 2615414.355 22675805.6483152 0 185409 0 0 0 0 98867.1225828682 17975.8404696124 0
89885137.7421969 4966837.875 42709743.4390113 0 4783843.09900369 2087634.62710831 4558719.69342394 6453910.81478124 0 552475.665 1614789.3 57869321.8157126 85503.6 330220.8 0 0 0 0 276290.322605731 50234.6041101329 0
62687839.0794436 160473769.02 12093909.9764041 136794.053237099 6380025.08186442 1371850.23369234 14766250.245 0 0 12874769.52 31536472.155 23724148.629561 485352 2959059.6 0 0 0 0 192690.846537855 35034.6993705191 0
54521958.2712158 1282759.59 7394083.88376783 3691.17155185198 1084747.09120045 425523.267628531 2604571.42475985 3687366.80835546 29795.7732168258 941658.03 3406479.675 22895244.6269701 70761.6 206161.2 0 0 0 0 167590.436174841 30470.9883954256 0
52001643.8015824 1085306.35767478 7361353.79562 2347.17159890156 532231.971996875 0 2461026.31767123 2961324.21752291 0 270738.772764317 723603.621085329 25821450.2066989 43172.3573283686 114896.401452176 0 0 0 0 159843.454689647 29062.4463072085 0
0 0 0 0 0 0 0 0 0 0 0 0 0 0 0 0 0 0 0 0 0
2182655.71335125 6005726.88009344 193732.682726118 57912.9663683876 3191.29202856415 316.055111937302 0 159081.45025474 2362.52063581069 813947.594342067 1954463.89128553 118510.705584663 52075.8366781798 166817.978982217 0 0 0 0 6709.08079274106 1219.83287140747 0
6707636.5215011 68004702.1627606 0 46897.9982110361 53593.0373551643 5543.50428441746 0 4891795.6413091 0 7131586.02902629 20346126.821883 0 278345.615188747 1302578.60411408 0 0 0 0 20618.0365853465 3748.73392460845 0
8183704.92727051 16933669.9260996 0 130449.851693179 35398.3276088655 4007.98633819588 67457.3826549114 0 26563.0051670446 2657164.38393447 11433220.9054928 1115134.86509395 167117.280854507 786350.139375303 0 0 0 0 25155.1984150124 4573.67243909315 0
19440063.8495729 119608767.400626 0 660612.371909485 0 11595.9217309041 0 10182515.1294013 0 10875748.0959449 48091397.2246936 363836.474595779 744445.06430915 3010610.10344245 0 0 0 0 59755.1680666005 10864.5760121092 0
16682269.9481412 104722997.926183 199324.41407147 475235.542916938 90769.2721825656 8651.84972137963 828116.391258169 6980011.01769827 15168.2691784851 8623276.01531798 25565276.5561002 1878935.42677793 541166.431369447 1737380.42738893 0 0 0 0 51278.2186415234 9323.31248027699 0
1210039.65518086 24016908.7571044 0 0 0 1972.91146591345 33205.5632106503 0 11549.0912773586 3665832.23361083 11979743.3234146 0 142964.946828926 1084074.96305628 0 0 0 0 3719.43855339613 676.261555162932 0
6086003.7921315 37353637.1913694 166479.065967425 321541.037159912 45601.2389976544 8129.28241958584 271415.117780192 0 16962.5765441798 7871160.53979036 6301394.43328077 600568.117034394 147605.156018957 671158.030521327 0 0 0 0 18707.2523149545 3401.318602719 0
1521817.68068815 2713184.70812279 84543.819503649 486720.52880807 561.964633064752 0 0 0 4803.73146953391 107017.103662749 382415.287059705 83105.6575164833 7283.95127483895 19738.2212594138 0 0 0 0 4677.78665645907 850.50666481074 0
18517503.2248655 72278620.7654828 1047794.0556656 522389.309742205 131447.374880282 7690.82801371047 36096.4136842105 2592216.61704087 0 16000005.4583812 14382846.5949354 1697636.41994406 539438.367835675 1476870.73755899 0 0 0 0 56919.3869905919 10348.9794528349 0
6375611.30364682 14235109.208991 39864.1242697728 62959.8971680996 0 0 0 0 34015.6903566909 2561872.30007915 1276708.77691016 591775.6900282 55617.5175124228 272264.968852582 0 0 0 0 19597.452350194 3563.17315458072 0
5828569.19214352 19619905.2905392 70874.3256242928 46140.3973109542 10577.1073295284 531.946984960857 8953.06228333686 0 5100.88030500039 3476003.74917137 1638330.24837889 183182.620496635 39914.2075935251 158088.772218641 0 0 0 0 17915.9458713402 3257.44470388003 0
135289.891922857 351270.743668746 297.784837462473 2994.17693277201 0 0 0 169326.899526168 0 32250.3448174283 28597.3258136913 7637.71310026047 150.018011661857 291.75854475088 0 0 0 0 415.856156240976 75.6102102256321 0
27520930.7351332 104039128.971237 133671.976318517 1032152.91052853 58560.720201035 12310.7836972336 705300.338095238 0 23687.3425873959 19023741.395766 40685583.1670434 1716095.75945093 564029.132510811 3333631.34385653 0 0 0 0 84594.2613230299 15380.7747860054 0
235336.862207026 657738.63878401 0 8544.86958401088 28016.9738775003 0 0 0 218.593394223243 149577.048494243 1244968.71639192 239.547845299193 42254.3956180391 204132.537885704 0 0 0 0 723.382076430586 131.52401389647 0
3025337.27472769 13650279.6197134 258960.704151356 113919.906209718 3510.3517182673 1112.87489583752 18730.5098772738 0 6477.34200365779 1107940.28077328 3391009.69699434 335056.249836943 91124.8020426774 233918.923509028 0 0 0 0 9299.32837198349 1690.78697672427 0
79232617.1874693 244838214.172159 2184998.21798443 7601467.24214353 584437.45914191 28743.5703263022 622168.143037975 0 334391.731434312 38009893.2871348 80574212.5790542 5524186.39257472 1317180.32451048 5120747.86143649 0 0 0 0 243546.440640824 44281.1710256044 0
12963234.4763961 64323689.4136412 0 461331.229205207 92576.4648505539 7416.23974129161 204653.095211177 0 0 8762859.47003049 28500888.7402078 616622.713553616 430063.736778999 1908081.94022164 0 0 0 0 39846.5900532944 7244.83455514444 0
814682.667058097 3604052.47208281 30774.6519492665 86561.792603385 29922.7681231945 442.381093574695 7445.60190342344 124862.154573964 99493.98428396 313563.704591561 2055152.9628182 23949.8874616656 45527.3212591259 94176.4574876837 0 0 0 0 2504.18414608614 455.306208379299 0
471101.008787839 1344678.6139237 14249.401415409 37203.1090007469 0 0 0 0 1390.36781142044 113124.04155117 396722.788541608 143465.774170435 20847.9361967564 34208.1242202816 0 0 0 0 1448.07754615892 263.28682657435 0
71353318.4990557 88624717.02 9490443.25966084 1065960.33435119 3184939.55967394 0 7613096.52 0 743598.862019915 8356081.035 59539458.735 29260308.5699045 1120165.2 1279265.4 0 0 0 0 219326.930817381 39877.6237849783 0
61809942.5063222 202596253.247372 2331420.08017701 2034684.30955245 2036442.72974291 41618.7672210622 3500826.915 0 73816.297500508 42254400.5755524 42245607.8024977 5474952.16867109 847016.352 3692699.9928 0 0 0 0 189992.354512423 34544.0644568042 0
21230925.8748186 43398346.9931233 1271476.61818637 78146.6909617467 1307098.86772459 3973.89871074082 285380.241333333 0 60825.337999251 6633839.8044156 4978199.77629971 3325482.70069661 73267.2 407937.6 0 0 0 0 65259.9473785779 11865.4449779232 0
46180893.5343207 223544898.96 895446.022039152 423028.284136825 1592937.88754964 25254.0830732327 554290.035 0 47881.528144686 19362049.455 15276995.4 5256193.57876316 225439.2 700812 0 0 0 0 141951.542750192 25809.3714091259 0
48964847.4872433 175731713.535 231658.760549428 1143163.38175874 50294.3635476904 65189.32458186 853661.085 0 26900.020321073 29723009.34 107801700.735 2377632.08386744 986126.4 4515928.2 0 0 0 0 150508.903344984 27365.2551536334 0
15788382.0113051 17479112.9610636 1372023.29372749 1545224.22593188 138803.222117942 9661.26100642604 0 0 14411.9188440518 6691699.21474489 7570684.48243183 3863429.85234283 109441.988721207 506990.413343924 0 0 0 0 48530.5721156855 8823.7403846701 0
0 0 0 0 0 0 0 0 0 781086.285 1637410.54180693 33175.755299548 4919.40241179098 86201.3468066101 0 0 0 0 0 0 0
259.35986037778 99.7777810934669 0 488.252861346014 0 0 0 0 0 0 332.952563599443 0 0 0 0 0 0 0 0.797224338691912 0.144949879762166 0
61413277.6719317 124829563.185 5181514.10990183 1426498.25730237 559138.333449453 33874.4691180809 1152124.95 0 141612.477138793 29301168.315 22796651.865 12114185.5610622 654091.2 1780493.4 0 0 0 0 188773.080027086 34322.3781867428 0
44372900.9831372 86926832.3675424 3812652.64098251 23322.8046219626 1150935.20347846 25959.4151176765 0 0 107800.194289283 14676344.4160582 10363356.7930906 8502527.46438883 130012.035211268 503275.721830986 0 0 0 0 136394.107363399 24798.9286115271 0
11041767.3784162 13882699.7037517 57691.5648422693 673658.32276278 143814.184251316 12580.6552744324 78925.095 0 11430.6035358667 9083427.49417107 17084899.3407583 270604.048966054 110657.789617498 768344.688858726 0 0 0 0 33940.3548545475 6170.97360991773 216231185.718074
19913550.2269205 56916786.9 1480308.1888868 445498.288146572 38101.7905664321 11620.6380079524 165107.67 0 226325.95001016 6656923.53 7345476.945 4408401.9845579 357210 565072.2 0 0 0 0 61210.5777954258 11129.1959628047 0
65565535.0974416 29811006.285 8159004.12859892 1081459.54782394 433729.011356511 89078.9403514503 2663452.46470878 0 138843.730948994 10715669.22 16016351.175 18600249.8387479 260366.4 797315.4 0 0 0 0 201536.352937971 36642.9732614493 0
89321933.8119386 262081210.575 10264317.4204013 701890.749822646 6679439.83836132 210678.723836619 3992521.185 0 396641.942694574 25689664.83 47628119.685 23350288.6209064 510073.2 1543147.2 0 0 0 0 274559.13767914 49919.843214389 0
45326117.2108467 59266396.05 5493159.37153852 938882.205977607 2164464.74604612 0 0 0 162187.563503353 9492783.84 19741252.785 16094976.8259593 216594 884746.8 0 0 0 0 139324.118104688 25331.657837216 0
693248.724806905 1261996.01471781 4555.64639238362 23847.0076683766 0 597.28105207917 43511.4360210707 0 0 501332.154796385 2109455.80232481 52570.0364160067 13462.2365578456 73801.9039867609 0 0 0 0 2130.91862163319 387.439749387852 0
134943581.525643 601731274.575 17937660.0614527 850467.289719626 14096552.1145405 858565.332249543 28622593.935 0 117532.0056899 43022341.44 88323531.6 32723677.8005481 1493931.6 2516119.2 0 0 0 0 414791.662001201 75416.6658184003 0
22981811.6882721 73325949.18 3324352.20187406 870793.621418216 1338940.46540793 177289.279553237 4913313.96 0 245376.955903272 11375192.715 34326973.215 1120518.61951845 1131278.4 1139896.8 0 0 0 0 70641.8471942331 12843.9722171333 0
39250544.1663713 186187927.845 2842827.47790778 1082785.84867833 916489.584059082 30816.7425929591 4620293.205 0 208849.82727088 25795805.475 28836689.595 6352136.55674306 382838.4 2250309.6 0 0 0 0 120648.927982743 21936.168724135 0
2993902.57555043 3535863.84335585 138609.648793212 169962.843436722 70897.867162171 21227.5878626968 0 0 5166.36641710563 3049261.43151339 1591514.30169674 426071.562100859 36284.4462550924 177854.768912567 0 0 0 0 9202.7039088647 1673.21889252085 0
40802.600259498 38752.5715398117 721.522198895768 1919.4728254224 0 0 0 0 0 137151.568531128 55249.8310834762 2577.55779466233 432.091170015195 1056.35049805842 0 0 0 0 125.419661937694 22.8035748977626 0
28766613.981991 94383527.4 1304441.30558436 757502.853089047 702967.149724796 21478.7227806955 2107390.755 0 167420.239788661 15716980.125 15030241.08 8343607.20341174 377848.8 1013342.4 0 0 0 0 88423.2616982199 16076.9566724036 0
4677579.55193243 7768451.47990345 0 0 0 6426.37446560334 468156.12253924 0 0 2326079.33591623 9522642.53267046 164531.908143541 59645.3846153846 559148.369230769 0 0 0 0 14378.0161646309 2614.18475720561 0
375845080.83968 1373713575.5349 24791932.9731434 335877.235503924 14093472.3711303 407063.116214155 3634183.11 0 1903670.05192727 129833469.987674 58602386.7939602 53044543.8467216 1627720.31573712 5506644.45996447 0 0 0 0 1155278.40578947 210050.619234449 0
60100697.3310299 219277162.873686 7029366.13683286 540920.714234307 4600296.14765467 32390.8070088036 1648881.89758065 0 278979.837961531 14092811.2285868 17823481.3865206 19801539.6173259 310478.494840834 978927.055982437 0 0 0 0 184738.450332532 33588.8091513695 0
27694431.4614808 15820016.1504698 1646849.05076026 604290.172529224 0 13723.249068433 0 0 35620.9746650133 3156625.17700951 11027714.6476463 3385972.3110163 104114.423321555 472768.607067138 0 0 0 0 85127.570531415 15477.7400966209 0
54533707.3435088 45992465.13 1421985.2655013 1116976.65093612 193034.557235421 0 230424.99 0 252489.3314367 21717101.715 24280806.525 12137182.7007079 371271.6 1315099.8 0 0 0 0 167626.55065445 30477.5546644454 0
1483.86936112763 7005.88560825489 0 0 0 0 0 0 0 7393.24918367347 34962.1082529388 500.857598568947 3658.45929217585 17356.3010315823 0 0 0 0 4.56114052655278 0.829298277555051 0
38124812.6916797 134180826.165 1022814.79546153 706332.315474538 485634.536333867 21250.0219193334 253104.615 0 46992.4812030075 22490930.52 10664866.86 8249033.16759063 344962.8 1489055.4 0 0 0 0 117188.63721474 21307.0249481345 0
20758706.8408839 17737281.12 1104515.87619102 422688.99787175 99173.5177314847 11799.8468853548 1042355.565 0 34825.2387726072 5781490.005 7751895.825 6493466.90725213 67359.6 350973 0 0 0 0 63808.4332294803 11601.533314451 0
90274285.0534963 62262828.105 7660388.03931014 827195.336356065 2454081.89925451 1096485.34198734 605092.395 0 319142.450721398 11341626.87 14789837.055 26172976.5919056 371952 964580.4 0 0 0 0 277486.489612655 50452.0890204827 0
43165039.4487409 120356233.95 4664881.32659476 1505428.5802412 2425864.8017836 32430.4207473864 283041.72 0 65941.8817313554 11593824.3 45882695.745 13093945.356619 422074.8 1487127.6 0 0 0 0 132681.363951262 24123.8843547749 0
3639784.63197961 23989841.8608642 836362.967004926 181400.97758833 149091.528898886 3577.1726115722 260594.098344373 0 0 3443652.0933229 5434930.59211065 150716.673343003 110242.111355654 663062.44720206 0 0 0 0 11188.026134747 2034.18656995399 0
42386321.4968833 26841176.4988064 2978598.52315352 793362.713811542 2104340.62686838 19422.2562643615 1380525.86033378 5341510.10151409 443507.417191628 7319204.77690773 11488189.7790553 8560614.64355505 77934.5731343284 301110.850746269 0 0 0 0 130287.728701409 23688.6779457107 0
41693048.5343183 67382980.245 2433886.62546232 1067595.07726474 644529.889221766 0 453592.5 0 383357.041251778 19781168.925 14509516.89 11028557.2764855 275335.2 983971.8 0 0 0 0 128156.735577381 23301.2246504329 0
1274768.32406243 3177835.43004978 30783.4326517559 93834.3501971542 345.385028966398 335.594327399478 3564.85373239437 0 1567.35683051473 665368.892699077 5377056.34613182 82632.0765931975 2128.80789473684 9272.68815789474 0 0 0 0 3918.40253405353 712.436824373369 0
6923034.38050898 27550301.265 0 110052.126707998 0 6155.3659405338 448413.373194221 0 0 0 8044009.395 244939.948889197 202078.8 388848.6 0 0 0 0 21280.1298462431 3869.11451749874 0
3146872.52500922 61624169.865 0 161361.463249129 0 29416.5984015836 0 0 0 6081768.24 61948034.91 0 496465.2 3626418.6 0 0 0 0 9672.90529862248 1758.710054295 0
25165260.2852557 88771680.99 723579.824568565 897951.944727183 153604.647112102 43489.4843889576 363781.185 0 43537.8988010567 18511109.925 79996480.485 1475082.8033105 751615.2 3652954.2 0 0 0 0 77353.3651649109 14064.248211802 0
48733047.5598934 94433422.575 2192294.18920795 217158.631751026 745379.885738173 21018.527155651 533424.78 0 259423.897581792 11678192.505 7311003.915 16204437.7675629 344736 655565.4 0 0 0 0 149796.393153464 27235.7078460843 0
68107.9168850898 1467990.98259453 0 623.958477473401 0 0 0 0 0 116091.705132159 2831654.81399738 0 40043.418404908 231089.34076966 0 0 0 0 209.351165285602 38.0638482337458 0
11540494.9456371 17135817.465 0 94229.0490731316 0 12944.1494499709 99790.35 0 0 5929361.16 21342434.31 262630.056308973 113173.2 830314.8 0 0 0 0 35473.3513420764 6449.70024401389 0
226877867.701577 250129048.2 35352182.8231778 914746.614848401 4791811.81634502 0 0 0 194752.082909978 21482140.8 58100663.325 56738325.2094917 742316.4 2375843.4 0 0 0 0 697380.688664637 126796.488848116 0
26459297.3269029 0 12483969.0793166 86857.8360087475 1554657.39103144 0 0 0 0 0 531610.41 21184043.537285 27362.8039312039 58701.9759213759 0 0 0 0 81330.99618024 14787.4538509527 0
6949463.53033651 5318825.655 0 76868.7504445492 299628.202188156 182889.624931999 182039.969826023 0 40993.662320778 1422466.08 46466015.7 2891135.0789387 915138 6781206.6 0 0 0 0 21361.3681745748 3883.88512264996 0
0 0 0 11006.0558643127 52354.0963895459 0 0 0 7162.83091120634 0 11504920.17 0 71668.8 1060403.4 0 0 0 0 0 0 0
2535469.84189009 20573141.43 4528694.71501237 38129.280470987 1614405.52497736 55882.9506197927 110194.934640765 0 24814.8466759302 834610.2 19918153.86 6096119.8790541 191192.4 1695443.4 0 0 0 0 7793.56630216356 1417.01205493883 0
0 0 0 26162.3570085006 124450.264244256 26091.1775514704 75610.1134086117 0 17026.6752959287 1076828.595 25558123.005 0 553165.2 4644183.6 0 0 0 0 0 0 0
366490.736238995 2249696.72232799 755646.973315988 97930.3537830418 67836.1290869026 11033.8727879957 109733.981449903 0 0 669921.230769231 20085678.0565936 409288.292776254 322411.060234321 2928192.23388008 0 0 0 0 1126.52487709265 204.822704925936 0
0 0 0 0 0 0 0 0 0 0 0 0 0 0 0 0 0 0 0 0 0
41256754.6258859 117048637.44 4311051.96264938 74242.0036396163 2283908.41635895 339661.750183817 3264570.54558828 0 73663.8894533631 20699240.145 92496582.6 9502445.31715641 847324.8 14821833.6 0 0 0 0 126815.648633092 23057.3906605621 0
1709252.03102589 5871301.32 0 13579.1809092109 64594.0521269839 13542.236274455 39244.3008176936 0 0 216184.036601155 10101230.9683988 0 175543.2 1741597.2 0 0 0 0 5253.92525315054 955.259136936462 0
71714.3350915112 1173844.40511362 27232.4052091225 143.601018560639 30657.3628998597 701.014099785835 49918.0801650118 0 0 39960.6644171779 4927184.96593948 16236.7202988374 43237.4089186986 876069.188640957 0 0 0 0 220.436629186889 40.079387124889 0
4906228.63643957 13005807.7949168 0 29602.2408956333 163621.038086472 30743.1475265673 89091.1445616386 0 22336.6722110489 3938740.4766508 25530127.2416451 418547.856236682 377631.102127724 3540362.7083456 0 0 0 0 15080.8412468283 2741.97113578696 0
1054059.62857167 0 614608.762862749 33089.7934476542 0 32999.7666381401 95630.643463498 0 21535.1074239793 0 37170998.19 587066.626387653 482403.6 3455638.2 0 0 0 0 3239.98474207185 589.088134922154 0
237751.11919135 3172209.65429836 269752.263794912 6576.42533278695 0 3456.28483181853 10016.032721817 0 0 158010.281470588 3351804.2730861 100822.530964066 58652.5568260402 710213.60797667 0 0 0 0 730.803056781811 132.873283051238 0
18431789.2950262 2128256.01 11795464.2564576 51111.1287804894 3294411.44708423 0 147712.923658954 0 0 253104.615 4594892.025 17699605.6466823 39236.4 507238.2 0 11051.3096763642 0 0 56655.9181911666 10301.0760347576 0
25442002.2929758 0 12813951.7794887 0 0 28832.510013875 83554.2722325756 669523.486156551 0 460273.198149733 1593593.64185027 14924218.3013687 31978.8 132791.4 0 6251.20750678106 0 0 78204.0190161722 14218.9125483949 0
799838.763690379 0 473496.136752695 0 162077.296148395 9257.72501684232 26828.1351827963 0 0 147787.435053079 4062458.14994692 1853896.04204258 35380.8 321829.2 0 2007.17731800491 0 0 2458.55672699092 447.010313998349 0
9816763.24769149 9833885.4 0 0 481954.991987738 37218.2379298443 107855.430640984 0 24288.0127226133 3465446.7 21442224.66 3314119.15512047 706482 3351537 0 0 0 0 30174.9182654417 5486.34877553486 0
535793.853114851 1789440.18210309 0 3666.18718796833 63481.4008710897 13406.1130794192 38849.8268544584 0 8748.60990591471 0 8050707.51712232 0 74237.5576915979 1216947.45559569 0 0 0 0 1646.93140874806 299.442074317829 0
20943811.094984 30218332.35 813391.139161271 78407.3365834593 1635742.52769456 78194.0151444399 226599.904940381 0 51028.1340626681 2135513.49 46596650.34 12414835.7405487 1111773.6 4563896.4 0 0 0 0 64377.4095404216 11704.9835528039 0
836438.752219308 6861947.34 1403533.12268498 28566.5787011465 210539.608444228 32521.6122399816 61120.0302046265 0 0 283041.72 15858500.985 1043716.33776675 156945.6 1722205.8 0 0 0 0 2571.05833617827 467.465152032413 0
355712.563662364 131734.297994207 415826.754341928 365.637224809012 0 6364.66808112295 18444.2911582868 0 0 0 2391116.78970954 2009142.1475463 20865.6744158737 214539.577474226 0 0 0 0 1093.394764005 198.799048000909 0
23232149.5974916 0 16821985.8098123 0 4056098.89918484 52185.0506117535 151228.038182832 0 64536.7190657545 0 717583.335 23372251.5696568 0 178491.6 0 11314.2969505241 0 0 71411.3397203174 12983.8799491486 0
67914.147092352 0 13335.619439523 1906.86945291567 9070.68148399426 1901.68146728265 5510.91843687955 0 4898.79932201174 30357.8498849751 738027.845115025 0 23587.2 182120.4 0 0 0 0 208.755552708356 37.9555550378829 0
32671614.8114841 48245912.67 1730691.24775132 14959.4398692206 1460604.92579948 110789.455460691 4127691.75 0 0 5158253.91 61696744.665 11208751.4322183 2123755.2 10672074 0 0 0 0 100426.513471063 18259.3660856479 0
2391725.32842056 0 1787735.04029262 18424.061836711 0 18373.9358210236 53246.1736711402 0 0 0 13091586.735 1407887.61066523 120884.4 1621960.2 0 0 0 0 7351.72219982474 1336.6767636045 0
6277211.17429695 6619728.945 1187713.81216372 17164.8005922088 305184.456211245 53567.8466326124 1271072.81874005 0 34957.4996803545 3538021.5 36992282.745 1583945.00281681 279190.8 3893929.2 0 0 0 0 19294.9885150659 3508.17973001197 0
0 0 0 0 0 0 0 0 0 0 6777.75391376147 0 128.470508624052 2170.27536760341 0 0 0 0 0 0 0
13409824.9552392 544311 2544898.85340888 18478.1190855534 0 0 0 427915.422157646 0 0 2180624.29341087 7206160.51187006 22680 142430.4 0 3995.36111065384 0 0 41219.3267545063 7494.42304627388 0
12728228.4542843 18219903.54 4953747.17298476 26351.557379449 125350.260989656 26279.8631683518 76156.9090012149 0 17149.8084402766 623236.095 10864447.56 4609225.52709716 238820.4 1872914.4 0 0 0 0 39124.2249182507 7113.49543968195 0
0 0 0 10212.7657375505 48580.5386070479 10184.9800483735 29515.2449521607 0 0 406418.88 10559633.4 0 129049.2 1410015.6 0 0 0 0 0 0 0
39214921.1795896 10378196.4 15515612.2001867 74562.5147595436 2905337.73427158 0 215488.237362123 0 0 1485061.845 18587313.465 22951036.504217 158306.4 1518312.6 0 0 0 0 120539.429496593 21916.2599084715 0
5745221.19729466 0 2121016.66408119 12783.1879200066 0 12748.4089291471 36943.8536459558 0 0 0 2705225.67 4040039.51697842 0 314798.4 0 0 0 0 17659.7495193762 3210.86354897749 0
0 2191758.96 0 15687.4136140645 74622.5872900109 15644.7331482757 45337.1659924152 0 0 1282759.59 16123399.005 58050.7678867398 146512.8 6511654.8 0 0 0 0 0 0 0
5885663.34083204 1088285.64962924 2080438.722947 58681.0305223944 263138.593883431 15525.299735826 31263.5848026814 0 0 0 1680482.22420979 10539517.442704 23530.6213573051 273719.952938852 0 1563829.92474407 0 0 18091.4427460882 3289.3532265615 0
0 0 0 4036.72505730623 0 0 0 93482.2910835141 0 64265.6963900926 2318909.29860991 0 14515.2 94462.2 0 872.825542128502 0 0 0 0 0
18877652.8103156 0 11901060.5899787 39246.9140908036 1779897.93074619 0 0 0 0 0 1170268.65 15968941.6144808 66679.2 146853 0 0 0 0 58026.4203405961 10550.2582437447 0
3234777.63092846 0 1050601.87188552 13630.5352956112 200306.556120672 13593.4509418943 39392.7167642573 0 0 77110.725 5999214.405 1573521.44721408 261727.2 508939.2 0 0 0 0 9943.10936887465 1807.83806706812 0
16707456.3652362 0 8438752.76578026 0 529941.47564969 0 111698.622520424 0 0 568804.995 4085961.24 12320207.2736279 88452 282592.8 0 0 0 0 51355.6370388163 9337.38855251206 0
7159143.1360772 0 3710513.63907282 9988.42815485449 627003.065561207 0 0 231311.554535739 0 159018.333451347 32397.7015486526 3515187.63760862 0 53638.2 0 2159.70993701766 0 0 22005.8845803915 4001.06992370754 0
20965956.4679201 5824127.7 4081788.17048909 11196.4467474785 324627.255626002 75747.8408970139 219511.090650561 0 49431.8007984442 3345698.28 42750185.94 6297705.45698991 870458.4 5905645.2 0 0 0 0 64445.4803292797 11717.360059869 0
3393828.5051038 3363841.98 1448765.36657985 40633.4825236112 629310.945446945 40522.9317340804 117432.164877149 0 0 1720929.945 32265848.895 3911663.7682106 247665.6 2082137.4 0 0 0 0 10432.0023988065 1896.72770887392 0
15943390.8962886 16510767 1627272.15822032 0 606645.823172856 53982.9549897514 156438.21904378 0 0 5636340.405 39452568.465 8457177.6930467 911282.4 4414095 0 0 0 0 49007.0408169038 8910.37105761888 0
2180968.51562529 0 0 4261.06264000219 20269.212416041 4249.46964304903 12314.6178819853 98677.4903871175 0 0 404806.176858734 1618563.18225982 12247.2 34246.8 0 0 0 0 6703.89465835096 1218.88993788199 0
13782814.1607199 1564894.125 6320566.51888623 179686.395088966 0 0 0 429010.795504791 0 0 2409389.06882478 6758083.69870209 0 83349 0 0 0 0 42365.8267265737 7702.87758664977 0
2779.49525847559 32825.8539801628 0 0 0 0 0 0 0 0 35359.6224694775 0 1501.08222288617 18615.4190319689 0 0 0 0 8.54365539103807 1.55339188927965 0
0 1451496 0 30311.2508571548 144185.907161238 30228.783578797 87600.5596178394 0 19726.8092469851 0 25539072.12 0 168966 3656356.2 0 0 0 0 0 0 0
9013041.52833925 0 4301036.6402948 112378.741772962 67628.3268686177 0 41087.7831013273 0 9252.57627528127 422748.21 1010604.09 5038714.11969943 14515.2 276355.8 0 0 0 0 27704.4260494542 5037.16837262804 0
13590333.9734624 0 5655614.59065592 54030.3859595438 775539.059074888 0 0 0 18824.8589646371 526284.693743497 0 16441878.5560527 29739.2794520548 13834.4116438356 0 0 0 0 41774.1781585414 7595.30511973479 0
33531827.2728847 0 18908003.2767522 45259.4315932995 2619596.07747509 0 0 1048115.81131131 0 55338.285 490787.085 15467304.5991558 0 116688.6 0 0 0 0 103070.647801163 18740.1177820296 0
2041016.96689051 6353829.2415625 4217426.57370152 22755.3360429423 232534.026100702 143287.70948506 18669.7139007651 0 0 425852.037924528 10790409.4417707 1996067.08905068 132883.364243918 1049906.34999257 0 0 0 0 6273.70942950915 1140.67444172894 0
10565296.8939916 22910049.99 6755607.08366332 54678.9072040878 2741543.57973943 54530.1432787072 158023.926262329 0 35585.4787165285 1068663.93 32889992.175 7786178.31083968 450878.4 3830652 0 0 0 0 32475.7725313679 5904.68591479416 0
9442446.32188776 36274699.41 391903.918222716 0 2486980.07385216 37978.3714149949 471736.2 0 97939.9260193901 4386239.475 26643116.265 1448248.27113219 384879.6 3581172 0 0 0 0 29024.3371261691 5277.15220475801 0
2613179.05778108 2316043.305 1618590.39780969 14258.9508134041 0 14220.1567408216 41208.8592682609 0 0 0 8915814.18 2463987.02362582 126327.6 921828.6 0 3083.08747740135 0 0 8032.43008840528 1460.44183425551 0
190285.522376375 7367038.37225625 261424.40744944 26596.1664304609 0 26523.8067158912 76863.8375887948 0 8654.50100273457 493508.64 17256882.6464321 144620.093444367 220008.812092772 2702593.45505678 0 0 0 0 584.902573274776 106.345922413596 0
5939568.30153428 0 795329.085893183 15430.6416820631 7194.37536161202 3407.7451796097 9875.3687521251 0 0 327546.35481847 1711895.77469871 3144742.05303606 41695.102097711 165051.118442091 0 0 0 0 18257.1366456202 3319.47939011276 0
2482636.59356189 13034434.08 0 25742.061898751 122450.985759832 25672.0259311126 74395.4460564717 0 16753.1438109846 1491184.73588165 12808772.4191184 2643391.92841222 175089.6 1133206.2 0 0 0 0 7631.16664865492 1387.48484520999 0
505185.057271993 845496.42 0 23389.2201428855 111258.883375966 23325.5855097525 67595.6522941703 0 0 322957.86 20308243.41 0 254242.8 2885689.8 0 0 0 0 1552.84562003567 282.335567279213 0
10044379.6034573 0 10622038.6079791 30150.4305418487 2259436.18058942 30068.4008044478 87135.7833641266 0 0 0 1918696.275 9531076.07562657 16556.4 71782.2 0 6519.16231834177 0 0 30874.5689301072 5613.55798729222 0
0 10414.9150594228 0 0 0 0 0 0 0 0 2530350.16401344 0 11176.0363829244 280058.323477988 0 0 0 0 0 0 0
6273403.37261564 29440874.805 0 0 572463.073921828 56714.8531713119 1801823.96308811 0 37011.1846235847 5278002.33 54618887.295 990482.722208161 936457.2 9701143.2 0 0 0 0 19283.2840355337 3506.05164282431 0
56885200.241007 321104481.045 4568674.35778106 12491.9033959471 2849121.26384728 135388.668884393 14680509.1161068 0 812436.496647023 17308182.615 91427011.485 15011308.0609737 655678.8 9445539.6 0 0 0 0 174854.605787639 31791.7465068434 0
26259051.3182126 68210332.965 707304.925742372 70972.5178125289 1817977.94886087 0 205931.031539979 0 104602.723023776 6061810.17 48968939.115 6503400.58295708 672235.2 5939892 0 0 0 0 80715.4769105222 14675.5412564586 0
3558490.8764937 8125656.045 1023114.16651018 25292.035302138 672289.76520588 25223.2237138163 73094.8536826369 0 0 377388.96 15377692.935 3771830.27294475 234057.6 1220637.6 0 0 0 0 10938.1441354174 1988.7534791668 0
1187332.6874176 0 0 8968.09758295419 42659.8457319531 8943.69824017552 25918.1110893924 0 5836.51104208807 140613.675 4477865.16 854214.463976138 48081.6 407559.6 0 0 0 0 3649.64152569725 663.571186490409 0
5485414.8563357 0 4774273.33538225 8931.10489266528 0 109259.316061699 25026.5837202127 0 0 0 1128620.61136364 5370395.80730437 0 169948.886047615 0 1191011.54770854 0 0 16861.1527817882 3065.66414214331 0
606868.39295914 938936.475 236230.972928693 21389.1019357167 101744.632067454 21330.9089884355 61815.2417437935 495327.827579102 13920.2019685244 1368942.165 18992825.16 0 499640.4 1936872 0 0 0 0 1865.40142543708 339.163895534014 0
13470824.9361208 0 14954427.5617317 48598.8181405388 7360068.45258831 0 140452.259325744 0 31628.5071706644 397347.03 2517438.375 16789572.0899093 61916.4 217614.6 0 0 0 0 41406.8294364853 7528.51444299732 0
0 0 0 0 0 0 0 0 0 0 42637.695 0 0 38669.4 0 0 0 0 0 0 0
0 0 0 0 0 0 0 0 0 0 0 0 0 0 0 0 0 0 0 0 0
0 0 0 0 0 0 0 0 0 0 0 0 0 0 0 0 0 0 0 0 0
0 0 0 0 0 0 0 0 0 0 0 0 0 0 0 0 0 0 0 0 0
734131.677030835 0 941973.726108149 0 79263.9990770016 9970.68709777252 28894.2413862756 0 1626.67678908106 0 461082.118975578 2360452.57861457 1418.40366785532 44258.6269485481 0 0 0 0 2256.58527067835 410.288231032426 0
0 0 0 0 0 0 0 0 0 0 0 0 0 0 0 0 0 0 0 0 0
0 0 0 0 0 0 0 0 0 0 0 0 0 0 0 0 0 0 0 0 0
0 0 0 0 0 0 0 0 0 0 0 0 0 0 0 0 0 0 0 0 0
0 0 0 0 0 0 0 0 0 0 0 0 0 0 0 0 0 0 0 0 0
0 0 0 0 0 0 0 0 0 0 0 0 0 0 0 0 0 0 0 0 0
0 0 0 0 0 0 0 0 0 0 0 0 0 0 0 0 0 0 0 0 0
0 0 0 0 0 0 0 0 0 0 0 0 0 0 0 0 0 0 0 0 0
0 0 0 0 0 0 0 0 0 0 0 0 0 0 0 0 0 0 0 0 0
0 0 0 0 0 0 0 0 0 0 0 0 0 0 0 0 0 0 0 0 0
0 0 0 0 0 0 0 0 0 0 0 0 0 0 0 0 0 0 0 0 0
0 0 0 0 0 0 0 0 0 0 0 0 0 0 0 0 0 0 0 0 0
0 0 0 0 0 0 0 0 0 0 0 0 0 0 0 0 0 0 0 0 0
0 0 0 0 0 0 0 0 0 0 0 0 0 0 0 0 0 0 0 0 0
0 0 0 0 0 0 0 0 0 0 0 0 0 0 0 0 0 0 0 0 0
0 0 0 0 0 0 0 0 0 0 0 0 0 0 0 0 0 0 0 0 0
0 0 0 0 0 0 0 0 0 0 0 0 0 0 0 0 0 0 0 0 0
0 0 0 0 0 0 0 0 0 0 0 0 0 0 0 0 0 0 0 0 0
0 0 0 0 0 0 0 0 0 0 0 0 0 0 0 0 0 0 0 0 0
0 0 0 0 0 0 0 0 0 0 0 0 0 0 0 0 0 0 0 0 0
6052758.27243328 0 9186022.62318328 0 327418.815976467 11569.1843968705 33526.5567284915 1593987.29476583 3962.60922576712 0 196270.76506169 7001010.98566864 19972.2436791251 225311.87400513 0 1941526.46196442 0 0 18605.0617237918 3382.73849523486 0
158678.279817377 0 200691.066847954 6035.06506549996 58441.0131533318 19059.0443108904 55231.5624299971 616919.327113256 0 0 15828.812805507 463807.404985078 66.5653468942971 6411.07497275699 0 2272.71654275112 0 0 487.747743648214 88.6814079360388 0
0 0 0 0 0 0 0 0 0 0 0 0 0 0 0 0 0 0 0 0 0
0 0 0 0 0 0 0 0 0 0 0 0 0 0 0 0 0 0 0 0 0
0 0 0 0 0 0 0 0 0 0 0 0 0 0 0 0 0 0 0 0 0
11914861.9740945 10645815.975 855684.103669473 38709.478424478 652172.019786804 0 2652607.20561931 0 10764.9299001346 3071728.41 24371525.025 1528588.57436785 333169.2 2306896.2 0 0 0 0 36624.0864876587 6658.92481593795 0
518111.541926974 5431316.595 25075.96133573 0 10067.4847393225 0 751149.18 0 6898.67960326932 1401600.825 24266291.565 40099.3028232097 417312 5600145.6 0 0 0 0 1592.57924792114 289.55986325839 0
2667640.64235459 5620918.26 0 40251.6887202739 32658.6776283704 0 0 0 11257.7158405586 1353520.02 36878884.62 65436.6607160984 534114 5105608.2 0 0 0 0 8199.83494697702 1490.87908126855 0
15486780.3617802 46436078.595 311890.201585578 0 310540.479342298 220102.621418411 1456939.11 0 9448.02984923147 1311789.51 32991596.895 2044296.02897912 264902.4 6766351.2 0 0 0 0 47603.5043140579 8655.18260255598 0
34388031.5219893 33296411.055 4869868.84826514 0 610586.636940012 417725.055882951 1987964.49621406 0 13386.4346206303 4880655.3 17356263.42 9940425.16132017 307540.8 1989829.8 0 0 0 0 105702.461626491 19218.6293866348 0
1394732.62241487 2259797.835 42118.8229787865 13879.8926621634 21772.4517522469 0 0 0 0 1295460.18 13203170.49 31404.6319845202 294613.2 2733847.2 0 0 0 0 4287.15064442557 779.481935350103 0
230403.841275022 560543.50166798 1523.26383834758 0 0 0 0 0 0 101559.548962656 2520115.09321972 13162.18567975 39232.0248228551 497910.070812836 0 0 0 0 708.218880612461 128.767069202266 0
381030.681399732 938029.29 234217.022237826 21590.9441411431 0 0 4706.86400975917 0 2538.99624064792 0 5960205.45 14758.1834460732 7938 496918.8 0 0 0 0 1171.21798476359 212.948724502471 0
7685220.9999427 14995768.05 0 5623.4099310645 11499.6258778415 0 0 0 7880.04516945833 1014232.83 28056510.495 0 493290 9809440.2 0 0 0 0 23622.9508315443 4295.0819693717 0
10990.6249458715 15125.2753816272 0 0 0 0 0 0 0 0 8745.63351470557 0 2095.6651119403 27388.796641791 0 0 0 0 33.7831524566702 6.14239135575821 0
215.53742304116 0 0 0 0 0 0 0 0 0 10288.1730468275 0 212.327443657437 2552.00383773342 0 0 0 0 0.662522254974458 0.120458591813538 0
