1129945.89075575 104288.07168 1111270.35879092 0 495042.721584338 0 0 0 101726.55996 248281.953595 742876.325319454 56892.88239453 12374.775 0 0 6150716.04397374 15235.9131791584 7909.35383617514 690288.984981388
541620.088958698 48433.1328 418414.914938953 0 145402.960001393 11007.7120879268 0 0 72558.20124 183143.53382 301083.309007401 21130.10780769 5414.85 0 0 2948239.73267306 7303.07240282409 3791.21244955349 330878.128334773
2807862.41323457 149042.20032 1523377.79777411 0 508009.275036577 9183.25400649005 0 1197.28787003404 79067.63208 174853.189485 1067356.42694891 100737.18487224 11617.83 0 0 15284240.1885294 37860.527921785 19654.372418413 1715335.6732
0 0 0 0 0 0 0 0 0 0 0 0 0 0 0 0 0 0 0
12581.2568685125 6539.2704 0 0 0 611.218012972919 4462.1723531704 266.955022023202 31229.99664 347942.47592 0 11303.39947527 31698.135 0 0 68484.4638204379 169.64258103115 88.0658207538757 7685.94594184238
72046.1824821001 318.9888 38929.455413973 17.7671353087671 8269.30843726051 6631.92474525711 5566.67046039081 333.032997771519 20559.11148 176566.695305 51759.5290075499 4430.07342855 11201.085 0 0 392174.18650315 971.453049360538 504.306227810116 44013.3342527489
453715.138230862 58077.22752 126779.43718911 590.341164060331 20530.2741587125 2309.04582678659 0 1379.90329198085 54938.83272 392644.81893 168880.032416237 10041.49977138 31567.725 0 0 2469740.3680488 6117.78361310008 3175.89859696452 277176.601819931
93928.7393590395 0 212463.330312005 25.6033796295922 23886.6164913259 1098.81657506954 8021.86591103937 1220.11578432991 1985.28096 123750.398265 52288.9587860719 6739.08139737 9982.035 0 0 511289.088169935 1266.51207779955 657.47894749157 57381.4858597936
727026.441392829 66112.20096 942621.33005886 146.295040468729 224394.875148053 67055.5093394381 45836.1050403608 357.909084853182 52991.73024 137156.061445 640647.378920415 10256.29121034 11969.37 0 0 3957475.51635163 9803.04617294995 5089.01304060244 444143.696073824
773437.567603347 334558.99776 256650.916676443 1595.89836217267 125309.847899394 5030.01856017521 7407.1104 484.640243979884 165370.08612 1006861.059555 344672.230704995 35091.55134009 49258.125 0 0 4210108.55032018 10428.842412642 5413.87994098901 472496.460100673
405794.960980449 150137.3952 297306.295767609 0 66098.4944123179 2833.31643518918 20684.5119033569 99.6456576407236 89681.24952 308279.85591 321515.055849517 8350.01718957 21894.705 0 0 2208893.00760834 5471.63969940447 2840.46869641216 247901.951781431
88206.4975761223 5323.56864 124702.522124274 604.464158415842 0 76890.2663491336 9544.75167733673 0 21322.68108 181001.651545 52272.8249214894 8108.37682074 12499.515 0 0 480140.796353815 1189.35477344725 617.424609166603 53885.7428295621
686691.023295814 0 584466.503712244 110.823440522478 69335.5364453425 77401.5216305121 34722.3996414853 0 0 30994.29645 542678.669096965 0 2928.555 0 0 3737914.8229951 9259.17329089527 4806.67465920793 419502.609235263
749221.079505768 859203.42144 429770.030702814 3303.65083964098 138792.416003623 14851.5436147735 34718.9856 70.6578299634221 396025.37304 1895893.39537 465916.430390861 82721.55292947 74101.23 0 0 4078289.19234115 10102.3132282117 5244.37025508258 457702.499500034
145656.157197389 148896.8832 4674.35502360405 23325.8199374479 4774.46335957639 2147.82330445125 19339.3866606246 0 270742.69092 935952.156945 0 30876.2693505 62999.37 0 0 792860.676167726 1963.99188954526 1019.5586311847 88981.9961563183
348974.731025037 96370.0608 64873.7848384621 0 22037.4618476974 2090.72042839793 15263.2198263097 0 100619.38404 430367.145585 123307.541700806 33158.42838945 31014.9 0 0 1899599.34773646 4705.48965850167 2442.74053310196 213190.219845225
178449.518034057 8151.936 93565.3865866068 25.1924046506009 14619.1894516826 1081.17882078133 7893.10220007794 472.214675920368 43523.4672 182261.582295 81109.4188852775 4967.05202595 14228.865 0 0 971367.144737656 2406.16952180879 1249.1043965674 109015.606571886
846096.061371269 182270.20032 737021.255270641 126.111468699911 197708.787243086 28360.8755687808 39512.334168012 0 72806.36136 92756.101815 537066.175649145 8833.29792723 6398.595 0 0 4605615.77505147 11408.5517171611 5922.47220289781 516883.858049246
285125.995210289 23952.51456 168146.131175173 0 6574.18192015606 2356.37293873294 17202.6052207315 0 22219.87536 452793.912935 227286.414856507 18928.49555835 22799.07 0 0 1552046.91449512 3844.56896890838 1995.81449205627 174184.742327687
73613.5488825492 14177.28 44417.7786482091 0 0 746.630449121103 5450.74535990647 0 0 132695.90659 30452.3706241984 7705.64287269 13486.095 0 0 400705.945187259 992.587033379191 515.277421699581 44970.8453782916
920175.945024187 56379.49824 973682.771737449 156.604365894804 71867.3993102487 12781.8863246799 49066.1483939208 295.766429269966 48295.7772 142220.98306 775358.873903618 12994.88205708 8008.875 0 0 5008860.15396146 12407.4266941771 6441.01385763292 562139.589418925
100182.591493333 10742.83392 202671.863034299 2554.28475913759 58233.2544555146 1584.16360241821 15563.4167477593 84.245874187157 44840.62476 258285.80375 161828.637267874 19411.77629601 15705.9 0 0 545331.132991489 1350.83748570883 701.254432471798 61201.9920250208
241526.421834758 0 326976.214721781 467.567737000019 19168.1262175156 0 13747.5085776318 822.461833527861 0 72647.607045 248937.463575681 0 4635.225 0 0 1314718.20905426 3256.68301787968 1690.62779616705 147549.568469152
674960.606349198 19405.152 813612.553184578 0 89769.3898139761 36571.9297270626 37073.3757835551 0 11625.34716 44853.5347 635295.716283345 10122.04656099 8255.52 0 0 3674061.79754819 9101.00322663278 4724.564516558 412336.445197025
470732.124782835 626961.85344 230386.702929686 2505.41919866752 119721.936264196 24032.562830281 120085.1952 0 270914.49408 875979.453245 260446.286977865 57456.7099218 73976.49 0 0 2562370.15949421 6347.23648495694 3295.01347579732 287572.354811737
409413.335045816 5011.66848 140855.902722148 67.6047814414587 20355.4093360274 7454.46872688478 21181.4416500584 106.258505829608 19814.63112 94620.799325 251346.488578065 8376.86611944 5154.03 0 0 2228589.16438808 5520.42896759926 2865.79645858978 250112.432638346
669774.301541181 7272.94464 418642.514967276 85.9781349743684 37713.6029262175 0 26938.0480242721 1611.60229466982 16474.01412 46138.664065 448294.963738801 8403.71504931 4723.11 0 0 3645830.8101597 9031.07236496761 4688.26161022908 409168.1084554
0 0 0 0 0 0 0 0 0 0 0 0 0 0 0 0 0 0 0
226298.023825208 323972.11392 32680.0459802416 18133.359832701 1830.76932348638 182.713292540466 0 75.8275745467101 264195.0816 886814.857695 14155.3747442533 86936.83491906 58812.075 0 0 1231824.37074957 3051.34703513099 1584.03261386582 138246.47219622
53214.6476465536 280703.05536 0 954.714418432498 1023.32328199614 97.5914794624146 0 0 154661.02248 603053.25418 0 36004.41495567 35582.085 0 0 289667.13338384 717.533253614582 372.489940401013 32509.0656204017
77132.7868349742 83039.87328 0 2746.92240214676 755.875088190663 72.0856931950348 563.220161167646 163.079010800917 82350.98136 357089.573165 13234.5493619707 21962.42463366 21823.83 0 0 419862.467206259 1040.03957454829 539.91125454693 47120.7635415967
146016.959976562 467428.46592 0 12109.0553604145 0 203.141502423997 0 0 228899.07684 1336433.74514 3995.22291105904 88279.28141256 75393.99 0 0 794824.659983871 1968.85686570318 1022.08416525575 89202.412183538
138958.73209475 453857.26464 4529.18871852318 9792.31936633664 1927.59867623493 154.723825548225 6874.88547262427 64.2117070563536 202135.96236 785365.233705 26029.002751163 70746.93020745 47965.365 0 0 756404.098583672 1873.68545255341 972.678240396575 84890.5092860948
22433.354863079 231663.84384 0 0 0 152.073540853172 1188.18146004258 145.364777341151 217063.74804 1056603.125565 0 59013.94785426 94501.89 0 0 122113.100109785 302.485853355793 157.028175239346 13704.6365537069
164866.365648406 526476.83712 4017.99594420267 16696.4863869714 3469.10562948513 195.816054011558 3034.9809992293 153.010205796264 532971.5808 1122522.702405 20818.9595920958 74290.98895029 71337.105 0 0 897428.990716597 2223.0176274215 1154.02554428985 100717.598189496
1138661.59167577 1056228.62592 362520.184520832 44388.8537192561 1560.70939873197 383.42237699966 2995.75690261802 316.148495605568 351509.26536 405974.886265 335082.142087049 62316.36622827 35661.465 0 0 6198158.84802465 15353.4335521244 7970.36168006457 695613.445551317
405600.827264023 823707.05664 47886.2164374627 29755.7368076247 12357.7950742005 284.431424187634 619.7184 0 884079.97212 726854.049675 86016.8026957878 127022.28721497 73440.675 0 0 2207836.26553416 5469.02204799937 2839.10980633848 247783.354628099
222202.028145494 590788.52352 8425.34865667584 19875.0074966225 0 220.168428177609 7032.09264443104 695.133873587324 666901.68864 1077719.564935 29889.4780154312 44569.2235842 45666.18 0 0 1209528.34175439 2996.1176342642 1555.36161341584 135744.210164587
583251.424858485 677549.9328 58041.1179289593 27279.6934372167 0 304.316248814539 2658.03345705846 254.746149801183 687594.4248 1063608.340535 104982.160512516 87581.20923594 90541.395 0 0 3174854.58896464 7864.41912260135 4082.62194889142 356310.897139713
497215.011151252 870814.61376 125367.176421109 26347.2933498658 7239.32194663136 260.92744870056 2038.67914972501 381.099346995021 641016.6792 456951.68441 137720.161952569 45106.2021816 37728.18 0 0 2706526.36680428 6704.32522765136 3480.38741326164 303750.868225689
799393.922700177 1079901.1392 246441.059369451 35948.669832516 5228.37648575211 379.88012027958 2951.04 1165.31067262752 481430.6328 543332.53663 334860.450836675 66907.53323604 27479.655 0 0 4351398.65194653 10778.8315368453 5595.56828415466 488353.313212125
217340.031987787 427483.97952 2809.48645440442 20134.8705927639 1416.89533895353 219.143172976429 5828.304 90.9462855943694 431836.78728 1181260.67397 19301.7787708008 67713.00113214 84517.02 0 0 1183062.6870557 2930.55967087652 1521.32879089219 132773.99502407
156206.722720145 227148.38016 0 1657.7570774498 2190.59115353399 140.880317194278 5031.5232 58.4665330347952 250832.6136 818325.022125 1964.44740055438 40917.76912188 41745.375 0 0 850291.331179358 2106.25312666362 1093.41009307675 95427.3836967883
125471.705996981 294550.7136 23207.9445737146 9585.84118885907 907.009127011775 97.4787013902847 761.620891386952 115.04544109429 130360.41996 342020.801395 21118.9299632223 40864.07126214 22152.69 0 0 682989.195725308 1691.82970144907 878.272249386128 76651.2248817602
698535.06113848 1123078.04544 55768.2283522645 163330.17004238 12016.6452448965 568.281016048596 5710.2624 1475.9333635821 890665.75992 2536769.770665 69343.9475261244 179485.09618095 147357.63 0 0 3802386.32926836 9418.87539144527 4889.58012124208 426738.184785723
97411.8594107339 251487.2256 0 8451.7647421116 1737.20847209643 129.920339093654 1664.32279549373 0 184478.41536 792244.4556 6769.35129343887 50932.41996339 47721.555 0 0 530249.007012344 1313.47761405608 681.859963581024 59509.3394364319
182860.981002965 420891.54432 15491.8370075768 17496.6952471546 3690.95515920017 139.496222672684 1089.91231870957 1703.66898477189 198909.8808 542752.968485 30644.1843475682 59712.02003088 26084.835 0 0 995380.379603359 2465.65260620887 1279.98359338712 111710.588977683
343681.765541427 510396.25728 124484.772666653 35647.8500527436 17673.6039712952 225.845778854149 1564.0512 619.795990525298 420936.83124 274866.49242 99680.692120815 72250.47028017 25035.885 0 0 1870787.76659211 4634.12061045405 2405.69102728489 209956.723621101
535802.473344165 346251.70944 180791.153249896 19523.3449371703 59765.7730300286 0 61912.8192 2651.84271070413 175830.98964 1653810.301065 321222.853635412 132606.86462793 31981.635 0 0 2916572.28559375 7224.62910112453 3750.49051697721 327324.121005376
464172.963518929 791588.4288 44413.1125884029 37265.7802861109 38214.0921967533 0 28470.1584 263.245710094493 889157.70996 1173474.301935 60104.6210752129 101488.9549086 93438.765 0 0 2526666.20344554 6258.79436364606 3249.10089916051 283565.333937346
1187579.14970573 1263029.06496 330817.937295529 25101.3627878226 133608.572848882 783.182005689901 26109.3264 2275.72564659114 1001326.0842 1319802.65924 458124.072572784 45535.78505952 53541.81 0 0 6464435.32326866 16013.0259035621 8312.77301004587 725497.399957033
346779.06364313 873377.15712 17058.0777491815 7747.87470343296 29891.6706124155 0 4507.7136 170.756422411603 407421.64932 424344.6766 57703.0654545808 26687.83629078 17520.3 0 0 1887647.51295959 4675.88381819132 2427.37138102829 211848.876847465
367684.179831551 686573.77152 4413.05567445849 20937.3391320441 943.779767296036 0 6942.3216 95.9315922195694 625439.85936 2994376.619065 26101.9039170544 116739.14707476 112898.205 0 0 2001441.8411599 4957.76327618377 2573.70224719922 224619.905577851
223356.860398537 128655.27168 40645.5285204647 57141.3527025077 4964.03643837525 0 0 104.62794052276 281069.96976 488248.36424 72446.4299302853 18337.81910121 17939.88 0 0 1215814.52353089 3011.68910904702 1563.44516589873 136449.702339299
0 0 0 0 0 0 0 0 16435.83564 45533.897305 364.207054186431 590.67645714 2185.785 0 0 0 0 0 0
36548.1176001059 7315.47648 4986.46257952792 6063.00147682057 1011.19260781718 0 0 780.950195018797 69981.15384 202672.460445 8604.42900206321 4430.07342855 3039.12 0 0 198945.007136278 492.805851300056 255.82817417216 22327.4080710924
461161.257317393 487701.97632 98706.8660419173 26126.6921780328 10492.297923779 0 9369.552 505.022310315485 616563.36276 633215.996335 132990.848203007 77432.31374508 44512.335 0 0 2510272.36564758 6218.18525609221 3228.01966846316 281725.469184593
764610.126927941 779332.17024 223443.087487014 1663.68873507912 38052.3013795025 0 0 643.348600513106 570100.1526 1504810.89057 233321.974086712 84600.97802037 69159.825 0 0 4162057.50519171 10309.8153682278 5352.08994525485 467103.737215742
98995.0273927527 64758.27072 1238.57965299357 14563.6317794022 3117.74173343551 0 708.2496 51.6345680501931 240715.3164 536176.12997 3491.78658103103 14713.21356876 21574.35 0 0 538866.779586211 1334.82466272398 692.941764802068 60476.5038186413
149533.752446125 222370.6368 28199.5916641383 8159.41875895254 714.984672193966 0 1342.7232 807.129826889862 140076.84312 204033.185655 48395.9170173687 42287.06454525 14126.805 0 0 813967.870329457 2016.27643258132 1046.70088030178 91350.8363904537
492341.163807368 116469.89952 155427.48904573 19807.2171237161 8138.97694558629 965.182824057611 1527.1632 495.148331512903 225482.10288 444881.547825 204195.568110979 30822.57149076 19932.885 0 0 2679996.20168827 6638.60746577676 3446.2716352393 300773.413142673
670731.425910539 1023936.3264 195533.309981948 12855.3143821597 125340.490099631 3690.74520181366 32468.8176 1414.51540369081 540569.09832 1322952.486115 256342.011093238 60383.24327763 38578.68 0 0 3651040.79433934 9043.97799515087 4694.96125431329 409752.820002059
340360.423586754 231550.4256 104643.649468635 17195.8754673823 40616.440695325 0 0 578.397749123654 199749.80736 548347.061015 176692.408177408 25640.72802585 22118.67 0 0 1852708.46614484 4589.33645036842 2382.44241959016 207927.701005572
21715.511586061 20567.68896 362.915762702177 2452.59919977792 0 0 0 0 62879.95656 155248.667015 3181.95662599303 8269.47039996 9573.795 0 0 118205.611975056 292.806630718349 152.003442176192 13266.1028937127
1013311.03113749 2350929.7344 341709.03933422 15576.5329345794 264523.492015606 15040.6544274538 232770.6576 419.145870821478 905288.11776 2453337.1564 359244.098175693 176853.90105369 62902.98 0 0 5515829.09212079 13663.2373463196 7092.93742022055 619036.228970671
172573.775173035 286480.29696 63328.2821404403 15948.8150657907 25125.3785062357 2678.83845128024 39957.0816 875.070048008536 239359.98036 953490.392985 12301.175418346 133922.46219156 28497.42 0 0 939383.289421029 2326.94244657804 1207.97558702139 105426.089048322
294738.059656251 727425.60384 54155.3270125981 19831.5086740077 17198.0370236188 0 37574.1168 744.805997383662 542802.5394 800988.375005 69734.446804075 45320.99362056 56257.74 0 0 1604368.95884005 3974.17568775155 2063.0966685049 180056.795373998
458167.233838091 281532.42624 32998.3749492402 49815.4730704172 6851.59597296733 0 0 983.864988759905 433669.35432 704074.501715 150283.064507475 47925.33981795 49609.665 0 0 2493974.78148816 6177.81457802679 3207.06221263686 279896.406885728
237397.129965307 117309.90336 24727.0062661681 25517.1437416489 2959.21941754336 0 0 140.409790311929 359469.47844 638507.705485 38313.7455296565 70693.23234771 36497.79 0 0 1292240.93650566 3201.0046593591 1661.72373026838 145026.965646686
216012.699135943 368751.0528 24849.3607233077 13873.8647350791 13191.2629206438 0 17138.1648 597.058663190917 330721.083 417490.65332 91597.0284144425 44730.31716342 25333.56 0 0 1175837.52031602 2912.66224033936 1512.03777503956 131963.121464081
36329.52905506 31392.04224 0 0 0 0 0 0 50624.66448 278394.29852 1968.92902960508 7383.45571425 14617.26 0 0 197755.148327957 489.858456985405 254.298106085319 22193.871353872
2828182.68279084 5378253.95328 474067.010247153 6169.20639437402 264740.438793284 4809.89448835349 29554.6656 6795.83385109733 2736709.80336 1636372.859485 585851.994393925 192829.01432634 137763.99 0 0 15394850.9788338 38134.521451271 19796.6094965615 1727749.416514
617684.764125196 1172539.03104 153950.940342622 10523.8904739521 117413.557179684 596.286299786628 14091.216 1485.89792934617 381231.21204 578711.39209 283512.634151249 44408.13000498 29569.05 0 0 3362288.07052161 8328.70982167652 4323.64717518727 377346.377693601
211222.186323432 62776.99584 32009.6887214216 11273.5390143425 0 0 0 132.43813770067 67060.50012 311606.07309 37384.5544398125 13800.34995318 13233.78 0 0 1149760.976071 2848.06814084116 1478.5053190159 129036.575818009
409501.560542913 179689.93536 27088.5509791802 20457.7222437309 3622.31663066954 0 1873.9104 900.434397226174 456977.31636 674440.930475 133243.313306196 43951.69819719 32877.495 0 0 2229069.4086059 5521.61857855758 2866.41401619109 250166.329988067
10258.6124918506 25200.1152 0 1425.01013047099 0 0 0 0 45737.81904 399297.25329 1962.95352420415 20673.6759999 20712.51 0 0 55841.4460008637 138.32461407504 71.8078597657311 6267.03213158345
286284.777858724 524236.82688 19484.4288483902 12936.6628296474 9112.99035044937 0 2058.3504 167.585878759398 473260.43808 296234.91794 90558.7843510316 40837.22233227 37226.385 0 0 1558354.59974406 3860.19370985354 2003.92569637205 174892.647816567
155880.15670104 69298.54464 21040.8190192931 7741.66058591654 1861.00296105344 0 8476.8624 124.194724204938 121655.72652 215322.165175 71285.9867814254 7974.13217139 8774.325 0 0 848513.710791024 2101.84979057908 1091.12420822412 95227.8830590132
677882.770255172 243257.31456 145928.946633635 15150.3009649301 46051.1413293388 18560.0785655228 4920.8592 1138.13458418004 238653.67848 410813.020345 287329.787001361 44032.2449868 24114.51 0 0 3689968.22330418 9140.40496784086 4745.01897237641 414121.608162001
324132.575542928 470224.9344 88865.1090085238 27572.3218802628 45521.6441092455 0 2301.8112 235.163752032107 243960.4872 1274470.350855 143746.757924673 49965.85848807 37178.19 0 0 1764374.24931294 4370.52412855457 2268.85132356658 198014.036248482
67703.1930333277 232170.6816 48225.2834500444 9269.76857518275 6528.01433846582 0 0 0 219201.74292 376593.301175 5128.77628561468 26660.98736091 33864.075 0 0 368533.678493066 912.893245107222 473.906329427246 41360.1826258397
478847.741831344 157768.31616 130917.713786094 29713.3678245581 46099.3517243782 631.885481863442 3806.8416 2460.34187411095 242643.32964 560492.793445 146849.837879374 20378.33777133 16627.275 0 0 2606546.48368406 6456.66547421917 3351.82087459464 292530.221467782
313079.181120941 263261.45664 46365.080940651 19553.2856852041 12094.6807148331 0 3688.8 1367.13842283073 416240.8782 403026.64831 121072.70268086 32594.60086218 24599.295 0 0 1704206.50945222 4221.48286991893 2191.48017837321 191261.468290516
495257.119949154 642358.37952 32234.6964942969 88060.5417851393 8587.57875705427 0 4116.7008 679.130450302276 681180.44016 1627250.960855 115382.228887558 89380.08753723 82217.835 0 0 2695868.83627329 6677.92550301549 3466.68263817744 302554.783756816
51986.0746795188 107637.45408 0 2015.63375441843 0 0 0 0 0 223436.119205 2688.97743041664 23922.39651417 9721.215 0 0 282979.553455141 700.967477135248 363.890220370757 31758.5249145783
23630.3246669746 240762.11328 0 2955.3777988341 0 0 0 0 127974.26496 1720712.62389 0 58772.30748543 90660.465 0 0 128628.652258967 318.625500536624 165.406680606445 14435.8707461972
188969.609078071 346825.88928 13784.0591185183 16446.2269269918 2882.40963561625 0 2958.4176 155.266051996545 389515.9422 2222039.069315 16193.6196365091 88977.35358918 91323.855 0 0 1028631.91581904 2548.01984853216 1322.74254431998 115442.377117356
365943.560376036 368945.9904 41762.7906184979 3977.31767039882 13987.1430014631 0 4338.0288 925.16463771337 245735.78652 203075.638285 177894.082313534 40810.3734024 16389.135 0 0 1991967.00161309 4934.2931904751 2561.51832292423 223556.553388143
6415.25400318299 71942.60736 0 177.94972887943 0 0 0 0 48219.42024 1290017.89631 0 53456.21937117 65148.3 0 0 34920.6152669427 86.5017111123535 44.9052598670688 3919.10728689241
86659.2593807677 66948.66048 0 1725.82991024336 0 0 811.536 0 124767.27264 592822.61649 2883.18135594674 13397.61600513 20757.87 0 0 471718.602981662 1168.492193208 606.594307949506 52940.5281142972
1703658.99188226 977239.9104 673452.41182464 16753.8257440548 89918.9237511323 0 0 694.530233755843 452033.2032 1613845.297675 622879.512386032 87876.54746451 59396.085 0 0 9273649.98674566 22971.7198846131 11925.2097761653 1040772.8776059
403623.936541229 0 463500.977041623 1590.82419696892 85945.243224413 1517.46681493925 2041.41485638674 201.590952089466 0 14766.38839 435496.626271098 5450.33276361 2469.285 0 234.976944789337 2197075.31354049 5442.36613848763 2825.27203910559 246575.663267281
52184.5350194701 20780.34816 0 1407.87145774204 5622.55916944501 3203.92583259967 1480.42359759968 146.192725894072 29931.92832 1290673.0603 31739.1957122878 108335.43202545 169530.165 0 170.404076794918 284059.846951509 703.643467670494 365.279395785229 31879.7652215211
0 0 0 201.578818753635 982.430901241395 192.28345195913 258.674714730027 25.5442845733941 0 319568.83543 0 8484.26183892 26510.085 0 29.7747388147743 0 0 0 0
19039.2127647465 80378.08896 86270.7797562929 698.347837956171 30294.5134048632 978.977507112375 896.150343982438 88.4953886239859 17562.1008 553260.79094 66923.8678387495 22633.64788041 42386.085 0 103.15133606582 103637.521384703 256.720073993268 133.269983766997 11631.1400056789
0 0 0 479.170475472939 2335.32414257517 457.074575942633 614.892411893245 60.7209976739116 22658.92788 709920.580395 0 65484.53995293 116104.59 0 70.7771572587446 0 0 0 0
4608.79462446069 14719.56096 51625.804146564 1793.62028314981 4637.18630251516 676.533648383709 3123.40589340302 89.875482584238 15271.392 818199.02905 24380.6595863177 51952.67929845 99644.58 0 104.759990913377 25087.3845128023 62.1438560318054 32.2604717105001 2815.53319440706
0 0 0 0 0 0 0 0 0 0 0 0 0 0 0 0 0 0 0
309802.986542181 457302.34368 82124.7263929653 1359.76189654853 42857.8155019857 5950.3159687958 26548.8248341099 262.702188325543 435559.18908 2569250.7854 104318.879413014 100307.60199432 370545.84 0 327.427070085162 1686372.96297569 4177.30746597405 2168.54759162587 189260.02640832
12835.0227439572 22938.83904 0 248.706283255958 1212.11513944911 237.237736405371 319.150728586359 31.516327528667 4549.00484338722 280578.967022998 0 20781.07171938 43539.93 0 36.7358270642009 69865.8059309592 173.064297838779 89.8421218288743 7840.97264711812
10162.2980899027 86545.20576 40485.8455848759 878.450248912742 6823.81371141921 1395.89664129761 46143.4691655536 0 54824.29728 2088713.19735 3727.22149382751 62960.74054515 269404.38 0 216.15202703918 55317.1708632899 137.025934308171 71.133681744679 6208.19323380647
40325.0718233681 55617.46944 0 648.25015510286 3159.36460013655 618.357515570926 831.862816647765 82.1469564068259 96572.46516 827976.09167 4840.15937474995 53456.21937117 105836.22 0 95.7515237670602 219504.374738239 543.7333754391 282.265959927402 24634.7662538395
7915.08745382891 0 11708.1809558618 606.048302699257 0 578.101709383511 777.707562643012 76.7990923108491 0 1032488.05101 6444.8813501686 57107.67383349 86390.955 0 89.5179862327786 43084.7669698233 106.725097403847 55.4037390894286 4835.36223215801
7846.80204776037 54472.65408 60738.100496926 562.095175349311 0 1041.43305285674 1401.01706680093 138.351282938094 18841.07988 1005475.13573 41731.137068446 62665.40231658 160245.54 0 161.263992433802 42713.0640890825 105.804353741008 54.9257574065342 4793.64637299191
138406.993538279 8314.97472 224701.368281412 936.113816952662 61820.0261339092 0 1201.26199792358 118.625349038036 5325.89796 127630.984975 194308.198099337 4644.86486751 12680.955 0 138.271196214976 753400.780266281 1866.24594521703 968.816201068952 84553.4497408216
191047.705168537 0 244103.363406559 0 0 505.098218045392 679.497565351114 67.1007956628952 9685.19711530481 44264.7890424035 163839.693610556 3785.69911167 3319.785 0 78.2135298949492 1039943.76629712 2576.04038639271 1337.28872517654 116711.895288728
32501.2196916968 33302.43072 64130.3259760123 510.687475895253 11838.103358183 967.367091560596 1301.37775195465 194.640322205777 26247.705 705737.610305 78978.5536593073 77486.01160482 102661.02 0 149.795014577472 176916.235584282 438.238472736291 227.500846502446 19855.1400869586
6006.10590897066 0 9020.01205641783 0 3041.39991150017 162.180136481737 218.177384022662 0 3109.78446150745 112841.723434718 20352.2726202835 4188.43305972 8045.73 0 25.1132957906046 32693.4699071327 80.9848585870809 42.0413200315447 3669.15689106239
73715.5067064864 38420.4288 0 0 9043.94325924894 652.002397575072 877.124539203058 86.6165788917334 72920.8968 595594.46414 36382.7609593473 83634.41654505 83788.425 0 100.961371852897 401260.939571174 993.961807663653 515.991102339054 45033.1318677353
4830.01676643481 8392.94976 0 246.206349477212 1199.93125916603 234.853081610691 315.94270474209 31.1995332332455 0 372208.742165 0 15626.07718434 54094.635 0 36.3665676560118 26291.5789694168 65.126761121332 33.8089743526041 2950.6787877386
157270.131536964 118061.2992 15494.9477141143 1436.05106906292 30694.9048212917 1369.83071166071 1842.80324155289 181.977934967974 44936.07096 1294301.66086 136291.418611207 131613.45422274 114097.41 0 212.115765785311 856079.861165109 2120.59187026149 1100.85370314121 96077.0248865019
6280.94055984156 26809.23648 26737.0411404486 523.204430488275 3950.80101720895 569.725229696374 497.053120187892 49.0842963272402 5955.84288 440496.988815 11458.0316062754 18579.45947004 43055.145 0 57.2132720668471 34189.4972039982 84.6906615937122 43.9650975486484 3837.05460522683
25825.8039348147 4976.22528 167481.476878338 964.330891287036 0 919.862879215094 1237.47137596781 522.504829857195 0 364724.75351 219215.000936206 18284.12124147 39701.34 0 16330.5029579927 140579.463060963 348.228804363041 180.774515926168 15777.098824235
174453.599037616 0 320455.655368202 0 76113.1825750714 914.196372772292 1229.84834901113 230.152622292068 0 19932.104465 256583.122736166 0 4462.29 0 141.561626584978 949615.870377617 2352.28953038726 1221.13390921743 106574.481832474
509.977233751549 0 254.041033891525 34.9248174436861 170.21242652893 33.314335794982 44.8170459828178 17.4702328591396 638.798351315622 20499.985701189 0 2792.28870648 4553.01 0 5.15866361341436 2775.99589445743 6.87640790621325 3.56971995131289 311.547366940308
245335.919791491 188494.02624 32969.3416882242 273.986090496901 27408.4267052183 1940.84928799071 33568.08 0 108541.41864 1713732.607535 123050.893743836 251413.37930268 266801.85 0 300.536941894756 1335454.72431013 3308.04935373682 1717.29338035519 149876.807763843
17959.8142522913 0 34056.0151719723 337.441556491687 0 321.881176394747 433.019693751775 42.7609567275396 0 363641.213065 15455.9434947648 14310.47962071 40549.005 0 49.8427080380425 97761.9535343173 242.165729262227 125.714449617003 10971.7306395765
47136.4940501883 25862.90304 22625.7240001225 314.377854353661 5726.82294293876 938.420687815275 10336.884789251 124.666396691321 74448.036 1027523.923855 17388.7207166943 33051.03266997 97348.23 0 145.31271720678 256581.481098405 635.576921686271 329.944303607627 28795.8944757288
884.324225697541 10739.2896 0 301.625673542705 1470.02737752058 287.716864633346 387.059193725455 38.2223295446195 17810.26092 513018.602785 0 26768.38308039 95496.975 0 44.552427209828 4813.70590182383 11.9240109063476 6.19006030657391 540.237614159491
100696.331008411 2126.592 48479.8429350255 338.431629275349 0 322.825594135214 434.290198244555 42.8864198148353 8251.77956247944 60570.5694310505 79110.0147781277 2684.892987 3560.76 0 49.9889493878204 548127.608383511 1357.76462329344 704.850487502058 61515.8377864056
95578.1234923975 71184.12288 94367.9488732681 482.635730215757 2352.21268950221 460.380038034269 619.339177617976 61.1601184794465 13114.30788 301778.61324 50600.5797350403 28271.92315311 46822.86 0 71.289001982967 520267.299900885 1288.75196880718 669.024246102087 58389.1019842248
0 0 0 187.049500653392 911.619636625887 178.424121617774 240.030061298479 23.7031137673305 8551.97952 293311.8786 0 15277.04109603 35250.39 0 27.6286470067841 0 0 0 0
294470.561453966 40547.0208 295569.484617534 1365.63214232494 54519.0112241343 0 1752.4386095039 0 31249.08588 516294.422735 251958.97788166 18740.55304926 37957.815 0 201.71434978236 1602912.86656343 3970.56880761777 2061.22424439174 179893.379529
43141.7037381456 0 40404.9672149021 234.127461516532 0 223.331185176991 300.442549930173 29.6688835682385 0 75142.26993 44351.9937372921 0 7869.96 0 34.5824231887218 234836.350587635 581.712149168252 301.981716781333 26355.4592546501
0 8563.07712 0 287.319121818785 1400.30180520753 274.070028283594 368.700403804783 36.4093879331973 26992.18536 447854.984395 637.287651008745 17344.40869602 162791.37 0 42.4392397055378 0 0 0 0
130787.809510747 12582.336 270084.502858409 1238.30878234597 6035.12224437693 1699.86094416785 1589.05173173238 156.91981985785 725.39112 61787.00398 243980.483070343 5369.785974 13191.255 0 47849.3100815106 711926.72577967 1763.51073701882 915.483715938729 79898.8562317168
0 0 0 73.9336851199787 0 70.5243947693914 94.8749229983532 9.36895604380256 1352.29672245199 64411.671969434 0 1718.33151168 2361.555 0 10.9205727946624 0 0 0 0
141755.047690366 0 226712.958508961 718.817592758388 33399.9982582039 685.67089002273 922.41802437067 91.0893379538233 0 32506.21335 175308.779901824 7893.58538178 3671.325 0 106.174875972478 771625.485146237 1911.39028601924 992.251787824189 86598.7909569056
24290.4169256372 0 20013.7674108459 249.646852400437 3758.77656239114 238.134933258814 320.357707854501 31.6355174615978 1622.5854 166638.440995 17274.2897882666 30983.66506998 12723.48 0 36.8747563464898 132221.780106127 327.526022610731 170.027170207757 14839.1240514696
125458.726126406 0 160756.647795467 0 9944.41538354351 0 908.378949725448 89.7029708392065 11968.95348 113494.56196 135252.576997257 10471.0826493 7064.82 0 104.558909057433 682918.541458724 1691.65468405861 878.181393363759 76643.2954209268
53759.0497544389 0 70684.5846504135 182.940698601193 11765.7877656239 174.504787994835 234.757467653442 23.1824419550535 3346.10816057673 899.901572677459 38590.1126544493 0 1340.955 0 27.0217454052059 292630.516680984 724.873838078096 376.300626324694 32841.6432965084
157436.424371577 22754.5344 77757.2944143894 205.06587804201 6091.6694070926 1326.97775668701 1785.15410019299 176.285047381934 70401.11712 1187459.53326 69136.8962639824 103046.19284106 147641.13 0 205.48006453914 856985.054957326 2122.83412204647 1102.01771363068 96178.6139209452
25484.7531326047 13142.33856 27598.7068513215 744.212959659325 11809.0954086254 709.895205065715 955.006464610476 94.307466142957 36212.28828 896239.139705 42942.6707884838 29319.03141804 52053.435 0 109.92596659428 138722.996607016 343.630159016686 178.387241019591 15568.7493678488
3149.02946993764 350.88768 56712.8462374692 684.709585361223 0 2121.6019595322 878.649144594391 86.7671345964881 0 480310.800515 45107.8951705092 45938.51900757 63126.945 0 101.13686147263 17141.3394589514 42.4607408152009 22.0424610789295 1923.75614997446
119721.247104118 64506.624 30999.2275478408 0 11383.7816693374 945.692704416874 1272.21967384534 125.632462463498 118601.44812 1095862.567735 92843.8176163457 107879.00021766 110352.375 0 146.43877560007 651687.307677478 1614.29192450881 838.020397969055 73138.2438931954
16377.2106124713 0 0 78.0424871721771 380.354203292499 74.4437283923303 100.147516643391 9.88962785607952 1427.4494696656 11244.183931927 17768.7628601932 1449.84221298 856.17 0 11.5274743962406 89147.2528850842 220.826290046081 114.636598657801 10004.9110165338
103497.161341619 6113.952 120405.599493881 3291.00376326272 0 323.651959658124 435.401889675738 42.9962000162187 6205.9871012293 66924.9023413351 74190.9787320855 0 2083.725 0 50.116910568876 563373.570343147 1395.53033237334 724.455637024411 63226.8775305492
24620.180883869 151282.21056 15641.6693724639 783.122820057251 3816.69097303248 747.010822266076 1004.93729117673 99.2381654736759 178713.46488 880086.82749 0 54422.78084649 142529.625 0 115.673251640551 134016.80806739 331.972478921904 172.335439877491 15040.5783245225
0 5670.912 0 555.158561619016 2705.66585018949 529.558637523495 712.403631714118 70.3502896238526 0 709391.40948 0 20002.45275315 91408.905 0 82.001180854196 0 0 0 0
67680.2431172385 0 81933.9363920019 2058.24632355963 1269.05366908884 0 334.142681601164 32.9967919587556 8895.58584 28071.25711 55315.5522716408 1718.33151168 6908.895 0 38.4614749915798 368408.753557941 912.583794069021 473.745685445667 41346.1624197288
157919.125065715 0 452208.075408511 1059.55114125575 39340.908040131 1010.69225540453 1359.66214556094 134.267459446621 19379.9015058595 -19660.6261210223 268978.113589306 4242.13091946 416.745 0 0 859612.574494462 2129.34273978433 1105.39650425963 96473.4979281637
251795.380600255 0 360193.894481911 828.938438121221 49157.0347453494 790.713753206199 1063.72988658013 105.043969838282 1164.44364 13632.450715 169801.75412433 0 2917.215 0 122.440570101522 1370615.97367342 3395.14713857031 1762.50807739988 153822.921185458
22685.6158259933 36743.96544 113747.650601564 560.034670078555 5975.22904619243 11881.4491818796 718.660866341059 70.9681953287836 21265.41336 504501.470915 41813.3002677087 27922.8870648 46590.39 0 82.721419501852 123486.250421281 305.887278292064 158.793942282765 13858.7439012049
79336.3550076654 89508.25728 128693.04016073 1001.45862067437 51445.39425904 955.278544482615 1285.11529444707 126.905912799549 22487.12472 913575.786825 85477.5133333543 53375.67258156 95766.3 0 147.923125300316 431857.308928012 1069.75194718326 555.335710286391 48466.9331676897
70904.7063277642 141723.17952 7465.69568987337 0 46668.4795234446 665.318687715662 3836.352 349.276057518315 92296.4754 740058.123935 15899.0272202434 45562.63398939 89529.3 0 103.023374884765 385960.706943 956.06166493601 496.316164857491 43316.0013783139
19622.7425984232 9048.64896 30833.8416502665 261.156448510511 0 249.113789491748 335.127322583069 33.0940258514098 0 247651.98822 27049.9178489113 14954.85393759 23045.715 0 38.5748120376576 106813.891456487 264.58824711207 137.354554511731 11987.6209840075
1535.19889511117 30924.192 5533.42847902905 487.115809561829 0 464.653528309883 625.088210447806 61.7278389494591 10384.54656 497546.653175 1637.88603039378 27224.81488818 70625.52 0 71.950744090712 8356.65897995833 20.7002452683904 10.7460289644649 937.859853043102
76095.3377593049 0 90905.2140459998 471.027126827317 3105.07629067095 449.306740027291 604.442512440129 59.689063780905 8615.40228599312 111546.143680473 103936.447067354 11652.43556358 9741.06 0 0 414215.245753685 1026.05086573134 532.649356527199 46486.9812735495
18642.4801989103 50924.78976 0 471.472659579966 2297.80744190154 449.731728010501 605.01423946188 59.7455221701881 31377.9254590644 355785.561723334 29019.4444290564 20727.37385964 28330.155 0 69.6401307642216 101477.958366846 251.370629406693 130.492949692 11388.7743115154
3793.50826109692 3303.30624 0 428.379741671066 2087.78629761601 408.625945856664 549.715531413626 54.2847412956449 6795.76944 564096.19539 0 30097.65038427 72142.245 0 63.2749760151398 20649.4773912315 51.150734723975 26.55366010261 2317.47111830256
75424.7111129292 0 202347.831103317 552.213095087622 42398.5910611021 526.748994745604 708.623880848097 69.9770369391483 0 53295.070725 104633.190997102 1959.97188051 1794.555 0 81.5661128386068 410564.775313351 1017.00830055773 527.955128704833 46077.2924638325
0 489.11616 0 188.707872566026 919.702012655256 180.006021333057 242.158156323886 23.9132644385507 0 269700.776345 0 5933.61350127 31400.46 0 27.873601267662 0 0 0 0
47107.9007121101 115023.81696 0 0 10742.338277712 993.55107341505 14653.170489017 131.990304412205 111061.19832 1517133.013305 10873.6271780648 110859.23143323 242528.58 0 153.849556000063 256425.836916937 635.19137613048 329.744157007626 28778.4266779512
427159.26360472 1254536.87424 87032.3844068779 228.792508559268 53464.1024106459 2371.78710296592 119387.913220556 2897.33337634627 364203.60996 2539541.618315 164795.774474704 77620.25625417 236138.49 0 367.266869798398 2325186.85848603 5759.71071464483 2990.01375896862 260953.499553757
197183.045441059 266493.87648 13474.0253669527 1299.88040048117 34114.5743677281 0 1674.71549715808 373.037107422273 127554.30168 1360196.039085 71395.0397549923 79580.22813468 148497.3 0 192.768035209699 1073340.70694549 2658.7678094326 1380.23465516993 120460.002028956
26721.2268904242 31746.47424 19490.1318103757 463.230303655977 12615.5981188602 441.869450321112 594.437289559486 58.7010419684517 7941.12384 427141.722865 41407.5634509859 27708.09562584 30515.94 0 68.4226715273208 145453.583480593 360.302467820649 187.042264715638 16324.1167020055
8915.85428656895 0 0 164.253074809568 800.51712434159 156.678903143515 210.776695352217 20.8143261823481 2958.8322 124380.36364 9377.65940094301 5691.97313244 10188.99 0 24.2614399281486 48532.3133211745 120.219191856467 62.4088700894229 5446.73515437213
146300.824102615 0 194687.716254851 840.596545148845 0 10144.431922564 1078.69007698262 445.316533669648 0 59972.7037 167276.206766629 0 8975.61 0 40413.519894331 796369.838074883 1972.68441993795 1024.07114696233 89375.8260443686
4557.06325622696 3668.3712 4500.15545750701 391.747048675562 1909.25023010162 373.682489459376 502.706865180764 49.6426070657059 28805.66316 527558.20364 0 59148.19250361 48421.8 0 57.8640460733586 24805.791421332 61.4463229538974 31.898364374974 2783.93027079637
101154.388759862 0 284879.023150508 890.100184331957 138112.567721034 0 1142.21530162163 112.794452055971 8361.08712 69926.156625 184317.750619529 7329.75785451 5440.365 0 131.474629484049 550620.987211619 1363.94096163782 708.056783363898 61795.6673100129
0 0 0 0 0 0 0 0 0 1184.334905 0 0 966.735 0 0 0 0 0 0
0 0 0 0 0 0 0 0 0 0 0 0 0 0 0 0 0 0 0
0 0 0 0 0 0 0 0 0 0 0 0 0 0 0 0 0 0 0
0 0 0 0 0 0 0 0 0 0 0 0 0 0 0 0 0 0 0
200273.759550443 0 209351.586872377 0 4462.19536307948 873.350305497082 1174.89902969839 116.021989976651 0 84415.36025 267480.353160565 859.16575584 5661.495 0 0 1090164.61419224 2700.44224023271 1401.86892252518 122348.133065042
0 0 0 0 0 0 0 0 0 0 0 0 0 0 0 0 0 0 0
0 0 0 0 0 0 0 0 0 0 0 0 0 0 0 0 0 0 0
0 0 0 0 0 0 0 0 0 0 0 0 0 0 0 0 0 0 0
0 0 0 0 0 0 0 0 0 0 0 0 0 0 0 0 0 0 0
0 0 0 0 0 0 0 0 0 0 0 0 0 0 0 0 0 0 0
0 0 0 0 0 0 0 0 0 0 0 0 0 0 0 0 0 0 0
0 0 0 0 0 0 0 0 0 0 0 0 0 0 0 0 0 0 0
0 0 0 0 0 0 0 0 0 0 0 0 0 0 0 0 0 0 0
0 0 0 0 0 0 0 0 0 0 0 0 0 0 0 0 0 0 0
0 0 0 0 0 0 0 0 0 0 0 0 0 0 0 0 0 0 0
0 0 0 0 0 0 0 0 0 0 0 0 0 0 0 0 0 0 0
0 0 0 0 0 0 0 0 0 0 0 0 0 0 0 0 0 0 0
0 0 0 0 0 0 0 0 0 0 0 0 0 0 0 0 0 0 0
0 0 0 0 0 0 0 0 0 0 0 0 0 0 0 0 0 0 0
0 0 0 0 0 0 0 0 0 0 0 0 0 0 0 0 0 0 0
0 0 0 0 0 0 0 0 0 0 0 0 0 0 0 0 0 0 0
0 0 0 0 0 0 0 0 0 0 0 0 0 0 0 0 0 0 0
0 0 0 0 0 0 0 0 0 0 0 0 0 0 0 0 0 0 0
0 0 0 0 0 0 0 0 0 0 0 0 0 0 0 0 0 0 0
154429.609135766 0 239803.848520718 0 6144.05337205632 1202.52710893694 1617.7333706569 42.3946979780534 23058.3115727903 11290.9468421957 214932.953765903 4725.41165712 11257.785 0 88817.4655009787 840617.840506198 2082.29096307454 1080.97071853596 94341.7370809697
125285.473071339 0 259972.632807347 525.035597176093 2558.85612440232 500.824727769779 673.748532521283 66.5330751928827 9603.25345719842 16830.8719883601 161524.484042968 214.79143896 4368.735 0 77.5517877872043 681975.460596016 1689.3185823686 876.968662978234 76537.4543567617
0 0 0 0 0 0 0 0 0 0 0 0 0 0 0 0 0 0 0
0 0 0 0 0 0 0 0 0 0 0 0 0 0 0 0 0 0 0
0 0 0 0 0 0 0 0 0 0 0 0 0 0 0 0 0 0 0
89470.4359876224 41592.5952 16300.6207073131 708.974316646619 12238.0862119418 0 21572.0882953058 38.3901890454323 64636.16664 676960.791975 16781.0118174201 39441.07797903 57672.405 0 0 487020.883559592 1206.39740890348 626.271878938964 54657.8884431631
3890.57511931005 21219.84384 477.692331611752 0 188.917559231555 0 6108.6528 24.6022609148681 29492.8758 674037.752635 440.214512806281 49402.0309608 140003.64 0 0 21177.8484283174 52.4595604265224 27.2331051394515 2376.76969496844
21282.0967772954 90227.75424 800.052317880216 0 316.404348886055 0 174.190686512611 41.2045464569685 68721.264 1294074.873325 737.283431255545 70693.23234771 305720.73 0 0 115846.373855974 286.96257176744 148.969641081458 13001.3278537162
20031.7025785692 21960.60672 0 737.220305357639 612.844004737686 0 0 40.1475758177857 28481.14608 1024374.09698 718.370786739314 63229.22984385 127640.205 0 0 109040.012841419 270.102563153423 140.217177593307 12237.4564601153
116292.492017586 181423.10784 5941.44948652422 0 5827.32935971574 3855.83640869488 11848.4256 33.6938238691501 27603.04104 916398.031705 22442.5044095274 31359.55008816 169158.78 0 0 633023.317574831 1568.05943210507 814.01992377039 71043.6021162789
258224.743158411 130087.17696 92770.0826151993 0 11457.7315125758 7317.85686566501 16166.9415469489 47.7390712710438 102700.1112 482099.90218 109127.069833869 36407.14890372 49745.745 0 0 1405613.38705621 3481.83908597661 1807.512093813 157750.647451516
10473.2506415041 8828.90112 802.355629923987 254.213898399185 408.562669825123 0 0 19.267790101612 27259.43472 366740.64271 344.76346957644 34876.75990113 68346.18 0 0 57009.8013367457 141.218742227378 73.3102760196772 6398.15553463728
34589.0977136106 43782.98496 4751.67927145401 0 2104.26220470563 0 142.24426387487 0 77254.15428 826136.592775 602.066281761228 81352.2575061 218039.85 0 0 188281.33275602 466.390907760659 242.115498564277 21130.6340838861
2861.21494849173 3664.82688 4461.79007687849 395.443841954289 0 0 38.2781460434192 9.05463821579523 0 165554.90055 162.016944889587 939.71254545 12422.97 0 0 15574.6578954989 38.5799204181127 20.0278275394574 1747.92897497679
57709.4451468338 58587.6096 0 102.994237467668 215.791859552801 0 0 28.1020337845645 21341.77032 779317.566105 0 58396.42246725 245236.005 0 0 314133.989120529 778.140000391069 403.952459219408 35254.957463143
2438.89886963808 37399.66464 1313.14069716387 782.131427408161 165.631815333026 0 91.1855975518843 21.5698167666446 51197.34168 632938.81157 385.954218277183 22204.06500249 158703.3 0 0 13275.8342942237 32.8855140184636 17.0717149276177 1489.93419859133
63736.243603098 45636.66432 1006.01946785005 4038.89392578885 0 0 219.034702898128 51.8123314853624 74829.8208 1205904.91944 927.091227148239 59309.28608283 163692.9 0 0 346940.09626425 859.403872209314 446.138622185163 38936.7555236497
17775.4624673128 22843.1424 444.578065577225 196.900956325192 175.821543446918 0 96.7953679036025 22.8967995560119 19509.20328 584481.874925 0 37400.55930891 119946.015 0 0 96758.4581538051 239.679975020955 124.424030748583 10859.1093118003
4138.5094586994 0 149.70874536043 196.309621541593 59.2067506582829 0 32.59520477407 7.71034695526236 2519.77968 201387.33108 137.963199407699 12592.14810903 31961.79 0 0 22527.4473176184 55.8026462326416 28.9685868420817 2528.23388885532
