118783.710960116 5933.43713122249 102611.37429953 0 16062.6572544613 0 0 0 46.5276843007545 5686.80601328827 12966.9098204263 91855.6543365082 1618.15438338643 714.011176359034 0 0 0 1751.87589659009 167.224517401781 0
26064.3751921398 829.159306153675 4998.32087821478 0 6263.08528039392 46.480057860136 0 0 5.56310183400642 0 10725.9050667345 24632.4769781339 284.248724726157 208.636659328993 0 0 0 384.409194574853 36.6936049366905 0
434239.54242937 7899.2928641759 73554.9821515139 0 21877.490559859 438.275936002645 0 10202.7948466724 697.026477376642 0 27725.2243144747 159493.725034063 3044.82236743499 859.572002665138 0 0 0 6404.36118369594 611.325385716428 0
0 0 0 0 0 0 0 0 0 0 0 0 0 0 0 0 0 0 0 0
4262.44770386242 1309.8222 558.048499395815 0 1178.13166291455 46.4504352030541 278.519055969716 0 155.182699423076 4322.461455 72335.398212 0 1893.782008314 4520.07578232 0 0 0 62.8645066946901 6.00070291176589 0
26515.970751623 235.3792 6667.31203706349 40.6226104434037 1144.00758791716 60.8221901769298 29.7745151490638 0 1148.77643458895 2504.33937 39039.15015 15948.0414954128 1092.5184655224 2193.536776221 0 0 0 391.069530148402 37.3293642414384 0
156025.958837325 10196.9632 20090.1298465206 467.446977190711 9336.78461525899 189.617086279252 0 0 2292.17386439735 12165.618465 109286.740332 50311.527284065 3447.5582699208 6127.602733665 0 0 0 2301.14141341523 219.65440764418 0
15381.0408576643 0 8896.05122020511 6.19163953864304 906.760159134849 53.5413943393485 26.2103198227744 0 205.589861308677 0 0 4509.52015719702 1837.531057572 1177.019733582 0 0 0 226.846547604974 21.6535340895657 0
257002.59468733 12806.625 134066.761486492 46.117469775556 45290.1856188602 2103.03758179232 195.223514658828 0 0 16834.725765 33158.967534 181509.648347404 3255.0550162704 857.014368462 0 0 0 3790.39051191978 361.810003410525 0
183995.55625408 46512.6112 49376.3039672637 223.417771351901 17650.0901450263 384.065702720661 0 0 1251.42739941069 22647.52854 258625.074708 78934.1469936342 3670.0620306336 9068.152034088 0 0 0 2713.64968711442 259.030197406376 0
191282.739382053 23777.8262183027 44716.9985123844 0 10884.9915519452 221.798591831652 108.577897529206 2298.86427157811 1044.17351656168 21125.9581383634 60971.7258456511 97142.6614694176 3097.50164684318 4175.46066816631 0 0 0 2821.12435996935 269.28914345162 0
21849.2916915268 695.1042 17081.0824349031 13.2320320162857 1464.4983065387 110.280234294486 53.9858972044868 0 0 2037.42864 38793.189204 23593.1076927473 3702.5625799512 2382.039936612 0 0 0 322.243236573105 30.7595816728873 0
280281.762993172 0 96188.3678822738 40.8504438165157 12369.4503302881 9581.8460455192 172.927249826273 0 0 0 13167.490644 174519.404763674 1535.0259446928 567.009506322 0 0 0 4133.7222155518 394.582575120853 0
139974.699782638 113684.4758 96359.1892630003 422.407175904508 23601.2964026467 534.747653794853 1339.8 0 328.061846677504 39149.75727 455582.592234 98029.593137667 9712.664161452 14302.739795715 0 0 0 2064.41018469253 197.05733581156 0
4913.68161613537 3108.89459522982 0 529.54924693575 0 0 0 0 23.2061022662744 7263.80301627108 39612.2956710648 0 0 4044.28809886968 0 0 0 72.4691989940924 6.91751444943609 0
173562.488410977 21154.7056 15435.9189911985 58.0173711483299 5375.23077797326 183.147749282465 284.537005439375 0 0 21385.926315 112129.591266 51962.9603502778 5017.5848061864 6164.103345624 0 0 0 2559.77808355795 244.342453430531 0
33068.6509568842 6981.5152 10570.7725207995 8.04301896409519 3487.78847301087 69.550956147854 34.0475407319619 0 232.357459629793 2263.8096 42768.604494 12610.7366643806 2253.7880930628 2496.041847936 0 0 0 487.711421674378 46.5542720689179 0
332517.322734654 35615.8152 102840.900990892 43.6453767645421 22779.0764103106 377.417695887368 184.758701898664 3986.0805703579 715.196458036985 20595.95109 19957.156758 121318.600623849 3621.3112066572 1426.523916699 0 0 0 4904.11587741273 468.120151934852 0
74939.02956121 4750.6668 23458.7658612742 0 574.030164207832 180.765484795731 88.4908065596075 0 0 3353.26797 88128.378954 45328.9623610986 4135.0698901008 4807.080594162 0 0 0 1105.23470382414 105.499676274122 0
16977.6483200512 917.3484 4548.45514658024 0 1111.82882835905 64.6784808148304 31.6622995856875 0 101.921319345661 780.542685 23972.612202 9965.45473931584 2235.0377761488 2925.549048933 0 0 0 250.394036625676 23.9012489506327 0
386694.552093015 13250.588 160680.156801272 51.7990222137199 22240.6293076796 0 219.274544368282 4730.74335280774 92.9356030278398 4416.786855 26701.062696 201916.526632253 7106.370110406 1342.022499972 0 0 0 5703.14616102469 544.391224461448 0
33019.0229605256 1590.3858 27034.4028413238 1065.07679244934 5726.68443400335 0 72.5120597210432 0 156.168421560658 4060.70847 37197.303066 30549.2374712536 3342.5564952024 2586.043356876 0 0 0 486.979485536717 46.4844054375958 0
126086.548679894 761.83 26733.2581824925 15.2346014009771 2271.96632346025 0 64.4907980511424 1391.3581034983 440.11748521368 2023.27983 14443.05555 85747.1612368925 2647.5447482568 748.012540968 0 0 0 1859.58145044574 177.505502088002 0
216803.231219047 7354.0238 80407.0634139771 38.1693231239011 12939.7519732373 2122.06742532006 158.725134093605 3424.41880428986 0 1065.87702 0 136694.992211726 2650.044790512 1241.520814989 0 0 0 3197.51211681732 305.217065696198 0
75991.5823913151 83519.1602 40137.4583807917 464.597001064125 15167.0570964041 903.517780938833 5773.32 0 0 41654.09664 181164.536784 49555.5003816301 8017.6355124264 9779.663963097 0 0 0 1120.75822904527 106.981467317957 0
111606.774201471 0 11756.5416108312 22.2750947473373 1683.02207421793 45.7355903271692 94.2944681722004 2034.3580227122 230.633385490754 2674.12509 21741.803622 69694.3416254354 2261.2882198284 1568.526297471 0 0 0 1646.0271870558 157.120776946235 0
133896.366753629 180.667405641618 39220.1664659273 29.5075702429074 1382.57662639557 0 108.659678826327 624.080123931009 660.651885986474 1204.78120611702 0 88144.6931441196 1119.51729173838 395.216317846214 0 0 0 1974.76417987505 188.500217169892 0
0 0 0 0 0 0 0 0 0 0 0 0 0 0 0 0 0 0 0 0
2744.42400236729 4082.36851259228 0 136.161172902118 4.43150129275457 4.07648065555946 0 480.597298062002 3.95705893775329 1764.22933587841 17203.9564206389 65.4399921930848 500.554524066703 657.40020541416 0 0 0 40.4760065240334 3.86361880456683 0
7228.89479334909 45736.4462089911 0 103.526673028827 77.9054001462871 0 0 0 0 17757.4181338521 147045.404271227 1034.51850046279 3225.83587024593 6858.27564677595 0 0 0 106.615010131365 10.1768873307212 0
18883.9327305997 15685.7484827467 0 1033.54610419173 42.247196069521 14.3857410194128 63.1263903958305 0 226.491467289426 8689.78780043854 80861.8962488154 0 4074.72423182242 4148.64565556061 0 0 0 278.5087813486 26.58492912873 0
43037.6105065777 91778.0158956407 0 2172.29251762746 566.005738020796 37.8919623200335 0 7704.31051765135 84.8650985572039 55071.5496323848 371981.228558517 2143.22694106677 9369.27269674292 15706.2287572163 0 0 0 634.738146197689 60.5886412279614 0
36552.824604014 67517.2755504089 270.243262992023 1302.65979912085 772.200868614655 23.6316437439645 838.980781956484 5460.06660355649 143.371839252903 36583.6639328904 145973.374489239 2394.62536169288 4842.69441589925 9505.98695789265 0 0 0 539.097590557333 51.4593154622909 0
2536.13358112113 19908.6497657988 0 110.963341978067 0 12.2758821813576 167.999182973928 0 21.6481036270972 14559.5936191483 89831.3851662632 591.74837177091 3046.95823796261 6275.55101872992 0 0 0 37.4040451791462 3.57038613073669 0
15640.3977778365 21981.4391607923 39.9911996480402 2512.54432616095 0 3.49291985901223 15.3273593862012 0 64.2744869298228 30857.3551213888 36009.4822702424 1810.91993636558 1448.30436461687 2221.97755672675 0 0 0 230.671660774036 22.0186585284307 0
4090.47228098138 1962.31258761278 0 2317.70150597312 2206.14128567932 0 0 0 0 792.462425957092 5144.58534456315 244.600680406177 98.61425762489 75.9924722496853 0 0 0 60.328135371417 5.7585947399989 0
56157.4904247413 49558.1912594528 898.391061865377 1928.78204295484 2063.45530310687 8.17063316401822 0 0 6.22378813716246 51512.6628805278 130133.361329627 5184.00522219542 3793.80542711391 5306.13272828558 0 0 0 828.236069515681 79.0588975446783 0
13430.5063003364 7340.65250105993 0 956.201840067584 49.2006749258647 0 0 0 96.7912870065079 9262.1369036076 5812.94142110015 1960.16735093418 565.67490230692 702.354361557752 0 0 0 198.079181702455 18.9075582534161 0
23054.9736750377 14660.7503211877 0 467.640580922363 84.0154320046056 0 0 0 11.2738313578357 8936.55377991657 12441.8875228692 551.015191287498 380.429842580672 240.962084272328 0 0 0 340.025179810885 32.4569489819481 0
393.625096655813 199.691272541675 0 16.0163444943092 0 0 0 191.573908255792 0 204.333567015213 150.035157476114 6.80026973347075 1.05532970493056 1.27482701594437 0 0 0 5.80536096700838 0.554148092305345 0
42933.0334230287 64637.4034744731 468.607192183967 2777.46015856882 642.434888372109 38.5277261685055 735.672 0 173.070853326626 101271.727827227 258850.386022909 2430.52088650708 9674.848552832 15209.0070014305 0 0 0 633.19579606799 60.4414168973991 0
356.968861833075 397.247026653028 0 9.88664284620505 0 0 0 0 0 443.408355604161 9091.55976831872 1.27016400313647 279.164591745777 626.530619400669 0 0 0 5.2647382357716 0.502543195232744 0
8691.57046238974 6488.07479094808 0 2476.66071149036 45.1273509516747 0 0 0 0 2259.92477510759 22282.7108361814 668.635687332088 813.031801132101 808.893016117651 0 0 0 128.187212484779 12.2360521008198 0
132190.342513701 145285.295514392 2184.14191576573 21526.9177408173 1978.26657996509 65.9059584186325 935.25 0 1220.67877265642 117043.180808623 529008.930535279 9483.0307000598 18759.961934697 20467.2985143734 0 0 0 1949.60296272861 186.098464624095 0
31990.1962302454 41507.7783618401 0 1467.89849576965 323.408691780464 23.5149603225927 427.174520837774 0 0 23837.6118261679 165311.352001361 1329.9957886404 5864.56458631512 7497.34432221538 0 0 0 471.805883567414 45.0360161587077 0
3468.71370675243 3122.18613917478 1347.14397329941 1122.87761630448 0 55.9543978315504 155.473159455109 0 0 896.530993086083 15612.1124378244 122.09767720651 348.336556349257 374.702795282512 0 0 0 51.1581586895499 4.88327878400248 0
1453.28522377981 896.390063149009 0 69.5727198539103 0 0 0 0 3.66250726060281 333.362266130947 6931.95983150165 133.286362344849 213.301035953351 155.117137383951 0 0 0 21.4337078192922 2.04594483729607 0
143371.437541718 49172.186 42755.7278922306 791.021052419728 6565.03433352348 648.453911806545 900.102 0 811.127299837431 34834.37022 293185.447632 87945.3898668342 13066.4708468028 5840.597921823 0 0 0 2114.50680955021 201.839286366156 0
162997.560168278 129173.697978375 5722.22835313402 6446.03528916443 3865.34177785132 220.965331502398 2192.4 0 721.686142044299 106634.8647 263254.113670171 25415.4346784619 13783.8970191617 14847.656344814 0 0 0 2403.96174318614 229.46907548595 0
61447.5189319942 22706.8865009255 1818.24877480388 287.54947098154 3716.39062444166 0 118.359545454545 0 104.662170716558 12687.315409303 20666.8318479012 18503.7415364163 917.743154729148 1188.80458084072 0 0 0 906.255802686356 86.5062357109704 0
119002.787136005 134854.9434 3628.89870269189 1238.06016484686 3452.77279510381 27.6779278022225 406.812 0 148.513922475107 47542.359735 92847.397104 31028.1303179184 2943.799755498 3398.056970868 0 0 0 1755.10693112297 167.532934334466 0
68192.2990852622 102934.7918 1392.67408826003 1923.78477787545 101.399567272521 65.5050547430044 1042.608 0 153.006780634018 72925.324875 498637.197828 4035.98805135302 18460.3120123968 16013.768482341 0 0 0 1005.73087113473 96.0015831537695 0
35385.2440212224 9734.12073133748 7343.55180261767 6937.48514439052 139.803252674667 15.3697876730955 0 1808.70134256523 227.236957963216 24822.2263455229 34191.3996074266 5946.10515290069 2561.97651894082 1519.16419680724 0 0 0 521.877584011101 49.815587564696 0
1125.74471054813 1258.60306542056 0 0 0 0 0 0 0 0 0 0 304.700324168389 389.11724627469 0 0 0 16.6029921795021 1.58483107167975 0
0 0 0 0 0 0 0 0 0 0 0 0 0.0452970148360864 0.0108006893405337 0 0 0 0 0 0
126142.834927493 73443.039 17717.4400616432 3929.55726182106 1935.66991689455 38.4916152781822 412.902 0 299.607078337736 68562.775125 150230.657808 46363.9102329107 8968.90159053 7148.119843368 0 0 0 1860.4115854843 177.584742250774 0
140027.272299073 52632.1316793591 26807.3790482094 27.6491938566388 6743.61710632184 850.914327857584 0 0 470.623142741146 43263.1114193604 41623.4727769687 42542.1202405024 3896.17248112211 3059.08981690019 0 0 0 2065.18554794412 197.131347758302 0
23933.4113065423 7036.09789910388 388.726311521546 1920.29060168529 113.891657390047 14.0625735399682 0 0 53.9489580168885 23667.1116644224 90294.4100624693 0 3347.01835941123 2199.62480835183 0 0 0 352.980775328585 33.6936194631831 0
45781.6550365815 29110.3124 4062.95775045926 475.13173424632 412.974256797359 15.9298454953927 0 543.577747835846 300.605491261938 18079.821045 45748.735956 18158.4536272205 6477.6094832232 2025.533959533 0 0 0 675.208556091662 64.4517258087493 0
174596.576606198 17304.5744 26422.6127839466 2825.95489923198 679.077197929006 887.157676870439 1095.50896732069 0 534.234115525299 28736.23311 75407.050026 54652.1028820587 6668.862715746 2710.04543586 0 0 0 2575.02928399204 245.798249835604 0
174994.149711192 151281.5744 45996.9196409139 2833.3343017026 11734.3048393629 624.866500711237 3538.29 0 221.398065941882 81949.90752 190854.254052 92268.7461155249 9780.1653023424 6086.102037876 0 0 0 2580.89287197173 246.357955960939 0
129797.185231988 32478.6518 18831.5217520105 2239.4196338947 5641.33371910488 0 124.236 1009.98294793277 590.810847896768 28457.97318 145179.878382 65803.418469629 4880.0824821504 3706.562143179 0 0 0 1914.3075966831 182.729361501569 0
1744.95872499604 1310.56679104745 193.56557580075 93.0418800777275 0 6.10060173650976 85.389959818191 0 0 3181.70261223673 14242.3919878825 0 482.521254186398 383.892292053259 0 0 0 25.7354405427825 2.45656477908379 0
140562.891070049 336966.8662 54961.2994134097 1742.04790737485 29744.5215050861 230.117183499289 5943.84 0 283.715672627515 103133.034225 381679.907994 95412.7393836221 14658.9977633652 11122.686479835 0 0 0 2073.08509584552 197.885395512526 0
26148.3940980941 35954.1728 3302.99454036202 1345.64676362543 4159.48968323262 23.4260067999599 0 0 235.043042572648 27420.39378 231420.650076 2645.11947837316 7707.6302727816 4722.079169052 0 0 0 385.648343402664 36.8118873247998 0
85590.927352296 94816.311 6725.56404723258 2191.9878883594 1371.20422026319 170.166964527088 1862.322 0 240.118308270677 52914.191265 138802.053852 18770.7152076411 11770.1989374816 7479.625401297 0 0 0 1262.33371043297 120.495490541329 0
8158.28460864715 1884.09943678209 754.640347042251 848.417494351647 201.72370144544 37.3217323033355 0 0 2.44035158973317 5908.33688026229 7803.99645777082 2414.23817146022 1820.57951889488 1124.17514308405 0 0 0 120.322071501957 11.4852886433686 0
87.6553186676109 23.1984654895666 0 20.0432538991276 0 0 0 0 0 68.0596681674757 92.9740979812814 13.6642193194372 34.9157225697353 18.8817038555433 0 0 0 1.29278028730112 0.123401754696924 0
69712.5769045632 47884.956 4282.81830284375 2593.42738276117 2645.38583299223 26.3981062835173 1473.78 0 201.845812842918 43568.90226 95964.809094 42852.4625485457 5430.0917782944 3955.566317913 0 0 0 1028.15261605435 98.1418406233704 0
6660.75195237554 5612.53707483061 0 0 0 9.55174055947088 133.695457889967 0 35.876648997326 8476.21511373724 65929.768220552 0 2342.5510846343 2056.64807248312 0 0 0 98.2357825346113 9.37705196921293 0
1102433.2177698 784453.36521468 84687.5785071929 1115.16565750987 48373.5024837826 434.613522566766 1998.738 3058.90122296575 7032.78396079214 377600.373472693 300414.443086083 248533.936076705 17997.7905787022 23504.1061678183 0 0 0 16259.1837399291 1552.01299335687 0
185675.353776509 122116.684540821 27410.0359386117 520.636064316075 12078.7987750366 0 571.774875 0 883.392418020885 32419.5556536819 98621.9225544833 87317.7592804635 4933.73978322452 4814.35901084976 0 0 0 2738.42410076853 261.395027800632 0
68405.04407179 10109.27618162 5981.23387248385 2059.59988384691 0 15.5244942036267 714.7224 2062.99022053687 384.302905738251 9652.03945421495 65726.8913800126 16514.3363424238 2934.48415650434 2094.92968478503 0 0 0 1008.86853042325 96.3010869949465 0
137473.462494507 29708.2176 7585.14107373102 3796.42266276486 162.758058419842 0 2612.61 0 693.647379089617 51522.891615 137766.72987 41110.2217817612 8015.1354701712 5479.091860914 0 0 0 2027.52080582643 193.536076919796 0
3.23959739725294 10.479143960903 0 0 0 0 0 0 0 7.2388698 138.975926736053 0 13.8004476245894 19.8810304956473 0 0 0 0.0477790477248942 0.00456072728283082 0
115149.512995482 81757.494 6663.47335435055 2662.18305681503 1034.90781369749 26.2568969260065 1091.328 0 183.20877159114 69524.894205 46749.739806 46670.6095865414 6847.6157369928 5345.08961427 0 0 0 1698.27710121472 162.108268752314 0
40476.1957079998 8651.7618 5936.13894731343 1805.30719889886 544.526213378737 15.3368555668585 813.624 523.343017377527 56.1607269863847 11425.164075 43477.887222 24141.527723392 4745.0802003696 1397.023422102 0 0 0 596.961242188479 56.9826640270821 0
271527.604089129 27868.7922 19855.8742339626 2405.53252812991 7323.46419041314 2686.11966976482 682.08 0 261.00177860191 23600.21508 82631.437812 109432.701097127 7886.3832940284 3484.558421127 0 0 0 4004.61192041998 382.258410585543 0
103675.012288264 64356.246 18285.9489714318 4166.66509706672 8547.14865653088 41.2250888221486 0 0 75.2969747002643 51853.030515 241436.408598 51332.9920804791 7916.3838010908 5135.08609341 0 0 0 1529.04597472523 145.954388496499 0
5308.09494859006 12526.9257654587 0 686.276700542549 23.6291758597694 0 0 0 17.8187986101614 12492.9734785444 39956.1644663084 167.152442677442 1781.09773829473 2018.63441365772 0 0 0 78.2861852191915 7.47277222546825 0
95764.4232311165 17017.7373177587 6443.41645555144 3650.47296332788 1862.30180473667 137.857458184137 237.080957659004 10861.767787646 527.925913208158 24721.6258230363 57271.1215308615 28740.288297156 3689.97609996365 1505.07074269483 0 0 0 1412.37702925258 134.817807337745 0
75273.7954508945 43663.8924 6968.07282762349 2554.13842615897 1390.81948427594 136.567112375533 1153.446 0 548.29509754115 41779.077795 71986.47687 39153.3889354502 4921.3331793612 4068.068204088 0 0 0 1110.17198258399 105.970961973926 0
2349.02281635406 1757.1818478666 58.1924444028547 473.919252747382 75.367757813991 0.928554766870281 7.93800000000001 0 4.41782405877901 6284.57902405063 26260.6997476465 231.456757203178 1003.42058888918 966.335937686775 0 0 0 34.6444509878346 3.30697032156602 0
11524.1287035775 9264.3782 0 316.703597066716 0 0 0 0 24.3776584812708 9083.53602 60420.592386 0 1656.27799407 1891.531712889 0 0 0 169.96306262715 16.223746887137 0
8570.33625639637 31350.0926 0 285.302967243453 0 33.938060363515 445.788 0 26.6243446453973 28997.986095 384700.07961 0 12881.467719918 13121.219986686 0 0 0 126.399195579049 12.0653777598183 0
41698.5682656175 48301.5982 1536.43275586019 2175.65141806237 890.549197140842 43.2864773227727 884.268 0 76.9609962406016 57889.856115 424442.792466 4814.27015052921 11283.9407188452 16120.770276303 0 0 0 614.98934556254 58.7035284400604 0
69184.8590124381 56136.8884 11388.7958069302 792.089793467196 1533.96227868303 22.4330726468303 716.184 765.48884984031 355.518202093071 39654.39816 43535.087442 48149.6867130284 3125.052819 2182.536591795 0 0 0 1020.36959388793 97.398915780211 0
0 949.348020641385 0 0 0 1.2224786415944 17.1110009459598 0 0 486.212070269421 15843.2986866865 0 260.383658472762 426.651112996784 0 0 0 0 0 0
21830.895698409 13530.6262 0 454.214945174423 0 18.5113849205184 0 631.668205904957 474.552208284853 19862.571105 117592.212276 0 6656.36250447 3840.564389823 0 0 0 321.971924145867 30.7336836684692 0
801228.694099181 81904.0806 136617.374215114 3120.469396456 30944.6190215025 3977.0773826458 414.12 0 546.547874923796 76700.69901 339094.344204 289292.703291925 7710.1303150368 10553.676939981 0 0 0 11816.8831862815 1127.97521323596 0
140334.413064118 0 13008.9113254334 11.2674062508546 0 11.944053634585 16.603201867458 0 0 0 99086.990781764 98400.988220248 0 595.691619851313 0 0 0 2069.71539887059 197.563742619466 0
5503.07897106711 2480.4134 0 154.344624559888 676.114320579926 52.1210643094652 72.4525005288863 0 60.8734627578866 5744.41686 279016.953138 0 12510.2114450208 26522.944676235 0 0 0 81.1618977763821 7.74727206047285 0
0 0 498.91893935836 0 0 8.98833483093384 12.4945133550118 0 0 0 45016.57314 0 2018.784121074 4579.576779897 0 0 0 0 0 0
21647.2103342926 17953.9688 8278.11927048717 279.832851860924 6408.59855028129 0 52.522419188577 0 44.128518754922 4091.364225 129592.818432 25255.5871339849 3506.309262918 11409.691291677 0 0 0 319.262849312703 30.4750901616671 0
0 3377.2712 1315.2179317339 0 0 23.6944686070163 32.9372303122707 0 27.6733480297559 3563.141985 141999.54615 0 5576.3442502236 18219.305459754 0 0 0 0 0 0
960.947257370647 1217.01606052227 1587.77513714596 0 0 22.7790005017452 31.6646555047512 0 0 0 0 1155.18558829263 4099.77369697377 9442.33524469532 0 0 0 14.1724848001024 1.35282809455522 0
0 0 0 0 0 0 0 0 0 0 62.1105249363335 0 0 0 0 0 0 0 0 0
137398.505686729 98989.5632 21229.3549086578 70.2315545479782 11092.51285402 1504.84785417218 2533.15255198459 0 195.772134220687 64042.23033 558285.587244 26089.5884483599 17797.8008147688 69173.659746135 0 0 0 2026.41530892142 193.430552215227 0
9221.26611735145 3293.2072 739.802261648319 0 172.890752999255 13.3279976200723 18.526996089025 0 15.5660936228299 601.324425 66106.294254 0 3078.8020372788 5897.598877485 0 0 0 135.999403592089 12.9817612519721 0
112.655782841923 806.836336202727 21.4515536384276 0 42.6861096178961 0.677898954422658 1.0819454852465 0 33.8504060010231 30.4825586440678 31441.8087682845 0 1148.96316298118 3344.40125141451 0 0 0 1.66149844096486 0.158597578455736 0
4878.25624293755 5757.99579497029 0 4.19913706053749 21.7569700014075 31.043851626966 43.1534679159067 0 36.4350382293721 8085.75609724911 108484.388050761 0 4532.89705289276 14915.4221134981 0 0 0 71.9467295668338 6.86764236774322 0
3063.27606293812 2863.43 0 0 328.271980378666 32.3410888264355 44.9567326827694 0 37.7719467610334 4268.22435 167230.563192 0 8362.641343644 12689.712752157 0 0 0 45.1785809340859 4.31250090734456 0
1055.25561127688 934.528631385405 2484.90498100961 3.92295820995652 218.861274592877 44.4069488703835 61.7292553240015 0 0 56.1530896875 26450.2282782951 69.1537129354199 972.266723093573 2483.56245375242 0 0 0 15.5633870603533 1.48559603757918 0
57143.5146068365 797.5572 35945.8087923808 120.377185222891 7237.0597629851 0 56.5074948408279 0 47.4767172647573 0 29034.831672 53175.3000092533 2593.79383977 2779.546601097 0 0 0 842.778400144224 80.4470291046761 0
51657.1155847531 0 31153.5013264601 0 0 20.69798107304 28.7718699629274 279.98409294883 0 0 9472.356432 37475.6395052077 2351.2897410156 611.510252409 0 0 0 761.862505800001 72.7232391899999 0
1717.89746178664 378.288 2672.87477303048 108.400877671879 95.9106258811233 7.39366664386477 10.2777954272845 0 0 0 0 5036.17233117514 1085.0183387568 2165.03629839 0 0 0 25.3363287928243 2.41846774840595 0
15374.1766811278 11266.6776 2728.34373823268 0 1482.00614549223 36.6863904705495 50.9970538818736 0 42.846930576295 10517.2821 122402.750778 8686.51193680823 6997.6182723048 14401.741455549 0 0 0 226.745311624661 21.6438706550813 0
803.350477200177 1289.21799523969 693.666344671267 37.0065082384481 162.108853781075 12.4968303966848 17.3716063346154 0 0 1796.87252212291 32814.6856326445 0 1888.4941423986 4088.38581201546 0 0 0 11.8481762031638 1.13096227393837 0
41809.5620002124 14098.5836 8878.29731265768 405.718852586698 2123.23074716523 63.2803583059634 87.9648229439229 0 73.9066745025052 6645.22443 227176.393752 25304.6460348305 10063.9200983076 16869.282825654 0 0 0 616.626331364194 58.8597861756732 0
1298.35899187654 3809.15 1221.66077339789 57.2714204296674 123.608585204312 19.3401447949416 26.8843675690209 0 22.5878270043924 910.24011 81287.232642 1325.24010959702 5801.3480531916 7599.127404834 0 0 0 19.1487856761206 1.82783863272061 0
2882.45499711651 385.249054283363 187.991363262478 2.53740527681185 7.57476497934312 0.374709867619041 0.520877062691086 0 0 0 0 4175.71493241794 561.856400654924 816.270877319747 0 0 0 42.5117500677311 4.05793977919252 0
70371.4692103006 0 51671.164460136 0 11656.0869477418 43.1913735702767 60.0395072108207 584.254933349006 0 80.17659 31763.282166 61167.8396797957 1491.2752052268 1003.516824681 0 0 0 1037.87025780456 99.069433699526 0
2502.67876520321 0 179.786097093753 9.59143503842821 42.0157592328531 3.23895829792247 4.50241434825518 0 0 0 4581.737622 2348.32937292652 1402.5237051672 1127.018895282 0 0 0 36.9106384219592 3.52328821300519 0
54568.4187791733 37566.1 2698.40201307163 209.167890718978 3465.41734545914 95.945117407992 3428.67 0 282.218053241211 18254.323035 403524.672012 13690.6822697497 20865.3526618992 41550.6966273 0 0 0 804.799722129966 76.8217916578607 0
3843.04651748305 271.1064 0 0 363.936096765485 20.4532547671037 28.4316805779791 0 23.8878553006975 0 94878.004914 0 4862.582186364 6070.10176962 0 0 0 56.6789882975927 5.41026706477021 0
7915.76838187696 5157.3264 3897.79842673438 134.864941704451 0 42.7425207142274 59.4155653895792 0 49.9200328571038 13679.541135 173270.906424 4234.33546172541 5227.5883556232 17344.290789504 0 0 0 116.745332496444 11.1438726473878 0
0.56042289007059 0.587450551876378 0 0 0 0 0 0 0 0 34.8578912352445 0 8.49004188242412 27.3961249234584 0 0 0 0.00826537026900665 0.000788967162041546 0
47247.7058612444 0 7832.06433924182 54.7466554961537 0 18.4875499226472 25.6991916472658 250.083323473556 0 0 17829.308574 41649.057457605 1172.5198176888 752.512616415 0 0 0 696.830536766819 66.5156421459236 0
31369.6986223383 14338.166 12825.8066805248 76.2138367033321 1212.00632147063 25.7368618791394 35.7763223682212 0 30.0587089665426 7416.334575 76905.69579 13717.1610804709 3586.3106150844 7889.132266974 0 0 0 462.654504187216 44.1624753996888 0
1016.92775388057 0 0 41.9825661100559 183.906723299512 14.1772091793814 19.7074689317256 0 0 3681.048735 108222.81624 0 3903.8159814948 5799.597234417 0 0 0 14.9981104833057 1.431637818861 0
85582.2098480947 13172.8288 42422.2423315426 187.133172334013 6810.22513368287 0 87.8441105815218 854.826386110975 0 4902.562665 173642.707854 86805.8263256693 4971.3340244652 7729.129584414 0 0 0 1262.20514073797 120.483217979534 0
26392.6214992623 0 11549.3487113995 40.7969952748743 0 13.7768504761214 19.1509379102665 0 0 0 0 18319.1134051552 2253.7880930628 1379.523128697 0 0 0 389.250319582185 37.155712323754 0
0 2456.7704 789.506356736217 0 0 14.2234477901804 19.7717443454716 0 0 1065.87702 88294.259592 0 4507.5761861256 21528.360938448 0 0 0 0 0 0
15063.5557281656 1059.87147664001 2024.62659683159 163.118164918804 123.474934036149 0 6.50614111414495 0 0 0 0 30948.5684401452 538.273917739646 1239.87009479271 0 3132.64469817229 0 222.164133312654 21.2065763616624 0
0 0 2156.66791520587 9.98551210477031 0 3.37203527534407 4.68740212440216 45.6139289444233 0 0 7670.549502 0 212.503591692 739.012390074 0 0 0 0 0 0
56044.422659814 0 32633.0256111007 107.950399088493 1055.33362580994 36.4540696455591 50.6741091201255 0 0 323.064495 13962.573702 54031.718967061 1852.5313111032 745.01249067 0 0 0 826.568494976577 78.8997199750369 0
16276.8158956758 0 5171.66528502845 198.033993951135 0 17.3789510344656 24.1581494103803 235.087172252028 0 0 41944.921326 11485.955772146 1755.0296631504 3088.051773408 0 0 0 240.057843035763 22.9146122897774 0
67116.1334878716 2814.0424 34200.6476640036 0 5529.39702653626 0 40.1407797308753 390.616940007344 0 483.417675 16427.903184 48923.0954114583 1250.0211276 1167.519574305 0 0 0 989.859094141325 94.4865498953082 0
20737.2264508505 0 13237.3134673536 34.8591221904992 3660.11099900718 11.7716736468366 16.3635797239163 159.236852950465 0 0 21506.6416486703 18503.490400055 87.501478932 478.008014148 0 0 0 305.841995402668 29.1940086520728 0
30740.0477086464 4777.9876 7593.20230742821 0 1545.9583905586 82.9960508422728 115.371232288003 0 96.9331128773836 25814.503845 277358.146758 11371.7557479922 23050.389592944 22938.384578508 0 0 0 453.368127713145 43.2760485544365 0
11870.2891263126 5325.9798 3369.11585009267 197.884554066965 1286.90721789434 33.9989121892299 1143.46124141952 0 39.7081591172324 1570.51791 129466.977948 6922.01597328248 6535.1104550928 8709.646023477 0 0 0 175.068393114313 16.7110738881843 0
24514.7200824101 16812.8 5569.25684702275 53.4370523734616 3776.99203498397 47.3787872750767 65.8603513873776 0 55.3348416981475 8463.346515 253202.493852 24749.5656898325 8718.89736501 17610.29524926 0 0 0 361.554180088275 34.5119899175172 0
6561.46635122805 0 0 10.5899862489052 46.3899625791707 3.57616182545686 4.9711545606954 48.3751734724971 0 0 0 8522.92811842572 0 0 0 0 0 96.7714735807756 9.23727702361946 0
36997.9115316657 0 17043.7512455196 45.8064495080368 243.164429910123 15.468506968769 21.5024774375585 209.244364348398 0 0 0 24189.1246040138 332.5056199416 395.506630953 0 0 0 545.661933884695 52.0859118708119 0
1.39329543147116 6.42406846700506 0 0 0 0 0 0 0 2.55702193713553 262.012522317968 0 26.4680691867861 69.5971562490034 0 0 0 0.0205489512281948 0.00196149079905496 0
0 0 0 0 0 0 0 0 0 4346.042805 127974.052206 0 6391.3580254188 12463.208954658 0 0 0 0 0 0
37452.0454513198 0 12011.6220771071 1512.66063193947 205.704592817949 0 22.0433315288357 214.507509995831 0 176.860125 0 25413.3228714719 1122.5189725848 573.509615301 0 0 0 552.359706342175 52.7252446962985 0
53072.8751098205 0 95003.3973959173 129.644675554242 0 49.091775208679 68.2415433451701 0 0 0 106473.807683531 86629.6625759646 593.348017472968 133.588831891576 0 0 0 782.742767641345 74.7163550930374 0
65345.9310008771 183.3646 78389.0679117767 123.219215591172 7717.87689572739 41.6102386351486 57.8416015993117 562.866729877403 0 0 2345.20902 72262.298925326 0 545.509145853 0 0 0 963.751347178519 91.9944467761312 0
2590.71172609399 4072.30652615755 454.241947021749 49.0555364825203 778.099395488838 12.8020512147369 17.7958879906854 0 32.7667719626957 253.259525309735 100108.233228032 1113.03340737038 3254.67598892288 4756.87894830704 0 0 0 38.2089883475799 3.64722161499627 0
29992.6075255884 12894.3668 11779.0938717699 150.95823349827 2990.84143308455 50.9775045204356 70.8628598084369 0 59.5378713774884 5676.030945 217257.875604 26027.0464721163 11357.6919653736 15604.761625047 0 0 0 442.34454181691 42.2237971734323 0
16355.3420752533 18624.3792 0 82.2930606551311 6042.96030250646 31.2415121062145 0 0 228.682212188843 9984.34359 198050.041728 4382.48684441142 4790.0809609632 13392.224530272 0 0 0 241.215982650539 23.0251619802787 0
9504.75660830838 2884.446 0 38.7598172200548 0 13.0889101691115 18.1946451691677 0 15.2868575551331 731.02185 56336.496678 5127.79226520465 2862.548382204 3413.557230741 0 0 0 140.180449578998 13.3808610961771 0
3388.075652775 5140.18258432167 622.477299021205 83.5109417029719 699.178790801575 25.637310457663 35.6379378299788 0 32.9366844755866 1289.899845 144299.286632086 704.060460530143 4870.37101684855 9634.33319420697 0 0 0 49.9688721958957 4.76975598233551 0
21929.2991372693 0 181.387412821708 74.3903953624611 3.90882215693591 0.252727353277824 0.351311488735281 0 0 0 7773.77751599474 14185.7277277226 826.232312776759 873.851081209225 0 532.376008623757 0 323.423222571278 30.8722166999856 0
6235.34932397954 5313.8956 0 60.7212645782387 265.992525895452 20.5051322328782 1993.13779445682 0 0 782.90082 84656.3256 3030.93037078465 2337.539508612 4478.575086531 0 0 0 91.9617521561259 8.77816725126659 0
3395.91405789627 2371.6556 0 69.701546200221 855.855366443566 23.5377084386977 32.7193209827416 0 0 2714.213385 118850.617116 0 6188.8546027476 11548.693622151 0 0 0 50.0844765400326 4.78079094245765 0
31590.7937485786 0 37319.5773682795 80.872629140173 5636.55148531666 27.3101024173016 37.9632541286029 369.427057965938 0 183.93453 5788.662264 34422.9412777565 271.2545846892 1673.528057901 0 0 0 465.915315113083 44.4737346244307 0
0 14.2322609917355 0 0 0 0 0 0 0 916.221720731708 0 0 434.354951763374 1090.17868775016 0 0 0 0 0 0
6038.00424855556 10904.1516 1244.59690260779 0 1915.81148845189 45.6713419884977 63.4868641578308 0 53.3406746863888 24977.36592 324313.807356 0 9315.1574428752 34306.075166013 0 0 0 89.0512177221399 8.5003435098406 0
116787.442800619 191170.9932 6289.48969104093 208.353611825669 14031.5602635338 129.155717671648 2550.98290752271 0 1772.09973938224 68921.211645 530017.23852 51074.0520541616 18610.3145477088 41586.697230876 0 0 0 1722.4340308369 164.414157488977 0
77620.6574087195 32405.0958 3601.6440554299 193.391237161099 5702.6922102522 0 1950.68080126717 0 250.768046128835 37871.6481 300449.875572 21480.1635758647 12558.9622689972 25611.929402409 0 0 0 1144.78456425285 109.274890224135 0
13253.9011907723 7589.9284 4437.13334790455 201.535004319796 4438.72350357941 26.8104998664731 1744.90476612154 0 31.3126369686524 1346.495085 86583.973014 10702.8002722236 2687.54542434 5250.0880215 0 0 0 195.474529665915 18.658932377201 0
7056.78533010096 0 0 35.2365010760642 154.355249187268 11.8991117692827 16.5407290349723 0 0 1653.052635 33010.246962 5477.37754540234 1046.2676838012 1702.028535732 0 0 0 104.07666192013 9.93459045601239 0
10353.299185372 0 27016.9146887334 62.9988964362498 0 320.182250709134 34.2976353530418 223.828617214909 0 0 3940.21814556344 16682.9224698318 492.908308405295 213.632230713544 0 2503.66656685841 0 152.695139311898 14.5754451161357 0
896.804664492044 798.608 0 44.5975012197668 195.361576878664 15.0602538685434 20.934972564972 0 0 3888.564615 68657.424066 0 3230.0545937184 10476.175640616 0 0 0 13.2264808278359 1.26252771538434 0
72183.9550247603 2264.9994 56941.9637262266 300.063596129097 15791.5033524133 0 70.1417210200673 0 0 452.76192 0 47168.021356042 696.2617680732 886.014854676 0 0 0 1064.60161840609 101.621063575127 0
0 0 18.279087866078 0.975173757388941 4.27179724790847 0.329309130568718 0.457766361312853 0 0 0 566.758540044044 0 0 209.503512477 0 0 0 0 0 0
0 0 0 0 0 0 0 0 0 0 0 0 0 0 0 0 0 0 0 0
0 0 0 0 0 0 0 0 0 0 0 0 0 0 0 0 0 0 0 0
0 0 0 0 0 0 0 0 0 0 0 0 0 0 0 0 0 0 0 0
6335.07326298888 0 3280.58992106622 0 467.308285924452 3.74914454578197 5.21161455133234 659.296711435164 0 25.1983568571429 3595.60357833055 14150.5072292808 149.652357177517 270.126228056735 0 0 0 93.4325259150139 8.91855929188771 0
0 0 0 0 0 0 0 0 0 0 0 0 0 0 0 0 0 0 0 0
0 0 0 0 0 0 0 0 0 0 0 0 0 0 0 0 0 0 0 0
0 0 0 0 0 0 0 0 0 0 0 0 0 0 0 0 0 0 0 0
0 0 0 0 0 0 0 0 0 0 0 0 0 0 0 0 0 0 0 0
0 0 0 0 0 0 0 0 0 0 0 0 0 0 0 0 0 0 0 0
0 0 0 0 0 0 0 0 0 0 0 0 0 0 0 0 0 0 0 0
0 0 0 0 0 0 0 0 0 0 0 0 0 0 0 0 0 0 0 0
0 0 0 0 0 0 0 0 0 0 0 0 0 0 0 0 0 0 0 0
0 0 0 0 0 0 0 0 0 0 0 0 0 0 0 0 0 0 0 0
0 0 0 0 0 0 0 0 0 0 0 0 0 0 0 0 0 0 0 0
0 0 0 0 0 0 0 0 0 0 0 0 0 0 0 0 0 0 0 0
0 0 0 0 0 0 0 0 0 0 0 0 0 0 0 0 0 0 0 0
0 0 0 0 0 0 0 0 0 0 0 0 0 0 0 0 0 0 0 0
0 0 0 0 0 0 0 0 0 0 0 0 0 0 0 0 0 0 0 0
0 0 0 0 0 0 0 0 0 0 0 0 0 0 0 0 0 0 0 0
0 0 0 0 0 0 0 0 0 0 0 0 0 0 0 0 0 0 0 0
0 0 0 0 0 0 0 0 0 0 0 0 0 0 0 0 0 0 0 0
0 0 0 0 0 0 0 0 0 0 0 0 0 0 0 0 0 0 0 0
0 0 0 0 0 0 0 0 0 0 0 0 0 0 0 0 0 0 0 0
21980.8929875991 0 19551.5958356943 0 636.673343249921 29.9402314550555 41.6193464978504 820.135391321807 0 0 57235.8541004851 26775.7781421558 491.644211671657 310.996213304974 0 6952.21966152841 0 324.184152012481 30.9448508739187 0
322.655270848819 0 0 0 0 0 0 0 0 0 185.927062306819 2403.86683507114 79.7955873717335 182.982491701333 0 0 0 4.75866587547166 0.454236288113204 0
0 0 0 0 0 0 0 0 0 0 0 0 0 0 0 0 0 0 0 0
0 0 0 0 0 0 0 0 0 0 0 0 0 0 0 0 0 0 0 0
0 0 0 0 0 0 0 0 0 0 0 0 0 0 0 0 0 0 0 0
7448.72981033438 9297.4784 0 314.515222540946 1570.0316691197 0 0 0 0 9413.67492 149801.656158 2798.30670849697 7296.3733218012 11149.686932517 0 0 0 109.857236395977 10.4863725650705 0
531.973681577753 3410.8968 46.3480920122887 0 0 0 0 0 15.9193482335887 1636.54569 144441.995544 0 5077.5858203112 26745.948415053 0 0 0 7.84578847422336 0.748916172539501 0
2644.76721950849 6551.738 263.045732905233 59.5441440732857 212.120437691598 0 0 0 0 2417.088375 212401.576926 0 7277.6230048872 20929.350895614 0 0 0 39.0062232144292 3.72332130683188 0
37574.1591519039 20277.813 0 0 1523.01987933707 0 533.484 0 948.709766190244 3494.75607 177961.324464 3920.65090035843 5776.3476306396 27102.954400515 0 0 0 554.160694431936 52.8971571957756 0
44640.2797620945 24263.4974 0 71.9618971962616 2475.73811572494 0 0 0 33.1375425149179 22996.53252 109240.980156 42802.753860934 3458.8084600692 9538.659922491 0 0 0 658.37503728529 62.8448899226868 0
2620.3307510386 947.8216 0 77.1020327102803 97.2657719640493 0 0 0 15.1480619819613 5145.45057 92412.675432 0 4948.8336441684 13078.219265748 0 0 0 38.6458231245165 3.68891948006748 0
83.251832475098 169.893454665131 0 0 0 0 0 0 0 179.104614939759 11855.9455247576 0 475.65779602438 1793.17563483388 0 0 0 1.22783568118234 0.117202496840132 0
1468.65921174679 1257.2822 743.936709770656 118.579363838253 79.4337137706404 0 16.4369854781891 0 6.03222977397758 959.760945 48545.826714 0 1202.5203247512 2376.039836016 0 0 0 21.6604503476752 2.06758844227809 0
18498.5439152406 9671.5632 0 21.6646997032093 54.2692236116673 0 0 0 22.8285304756665 5775.072615 155224.237014 912.950406464235 10322.6744717208 45019.254780171 0 0 0 272.824892783529 26.0423761293369 0
0.802875506290674 0.566752655472294 0 0 0 0 0 0 0 0 22.2259686650246 0 3.23446742236575 10.5041025313442 0 0 0 0.0118411711173553 0.00113029360665663 0
0 0 0 0 0 0 0 0 0 0 4.55013852075963 0 0.320201611474131 0.978475621421282 0 0 0 0 0 0
