1232043.42908318 17519.2005921728 309044.755759048 0 37005.9341671031 29991.5248916132 0 0 0 15785.3245377748 20167.7985949103 2107933.85853886 1166.14029738933 3850.86491713962 0 0 0 0 8421.15225581981 4371.63641695563 0
260902.571475242 0 11369.2988878208 0 95143.2836644811 0 0 0 0 4452.11816632076 10802.7737825684 396232.579510325 309.566957995578 1134.86608518791 0 0 0 0 1783.29775271225 925.755663976304 0
2735928.63827596 0 501343.898554834 0 98566.6936784222 12451.5745937019 0 0 0 7769.07750402669 14305.9269802796 2741835.81852294 1604.73349077449 3519.43071284686 0 0 0 0 18700.372957733 9707.84388516188 0
0 0 0 0 0 0 0 0 0 0 0 0 0 0 0 0 0 0 0 0 0
0 10896.8344999488 0 0 6554.75556106739 998.078467663837 188.938630918753 0 1833.70934526628 37421.5016833447 90260.0094903144 34570.1103386431 3611.79 21582.288 0 0 0 0 0 0 0
267414.159130795 1295.7876374976 60123.2175046906 455.022603133133 0 17131.334069045 341.85855565367 0 3317.84572171972 14013.0608013991 70291.8621849983 575384.52985818 1315.44 8700.048 0 0 0 0 1827.80517004846 948.860607402204 0
870008.378250672 20536.4656096704 111920.628961904 494.304802442862 17399.8669825124 3671.18180255244 0 0 6744.8408092291 55869.3647612061 110855.584865573 1134273.35003007 5874.12 23106.384 0 0 0 0 5946.60289088977 3087.03428762038 0
225983.577484993 7908.70617276036 91284.7202435683 306.989553887632 1959.05800181147 18568.5264310694 230.641301707126 0 1897.86845559846 2080.24230493853 28114.7530388566 387652.399446028 1179.36 4826.304 0 0 0 0 1544.62259072485 801.853257480112 0
1832177.41840065 0 609330.899517149 1929.18336615114 102633.80259876 51717.1567518671 1850.96665975081 0 14118.6090499898 18013.5267724347 43700.863030288 3477178.00550128 1689.66 3517.668 0 0 0 0 12523.1340355496 6501.08051025799 0
1191795.66047303 107727.218378957 225260.258555972 0 40732.8810562251 7345.81577483698 0 0 1736.88421255842 291416.801135784 322826.680749039 2063407.08538335 14821.38 30552.228 0 0 0 0 8146.05433360188 4228.82602017584 0
1009572.30823583 75702.9986357024 287452.740965038 0 42854.9616419437 4670.69514215101 884.173713979074 12429.7274773663 3041.24449502134 111879.619767263 178779.074675059 1383290.10391209 2933.94459309605 16004.5306551243 0 0 0 0 6900.5376922792 3582.24634298647 0
0 0 129214.083505752 0 0 2102.45164986974 397.999104448222 0 0 8412.4084419492 62653.1744128399 818773.571370059 1927.8 9384.984 0 0 0 0 0 0 0
1451364.06305073 51427.4354212363 628600.171163367 1996.24124511382 19927.6442207203 140578.055092905 1499.77637174921 0 0 0 7459.42260931761 3913541.07579633 997.92 3504.06 0 0 0 0 9920.2328952565 5149.8476778654 0
1513079.05600714 579815.129794118 458638.942723594 0 47590.1969065701 11276.4722884166 0 0 8939.95930400325 270317.200614264 548631.071698383 3258075.0303205 16624.44 43978.788 0 0 0 0 10342.0616554159 5368.82982111753 0
46489.1798471565 3879.17097110105 0 1012.24114989643 0 0 0 0 0 21020.9958407528 66740.2088770431 13663.8695196926 2463.50669770116 10792.8096412572 0 0 0 0 317.758654037402 164.956678325427 0
742816.46516321 86538.0359196288 146108.849161717 0 9443.10898766808 3547.14454124769 671.482909417893 0 0 152817.800093561 133672.056424915 1044766.40498133 5392.17 21126.42 0 0 0 0 5077.23218484611 2635.721626013 0
263735.755823387 0 55892.6566137624 400.749212708744 18710.5360273114 1590.48685029668 301.082948610957 0 8062.93366787887 77106.1241160181 40165.35565204 454535.736405493 663.39 13002.444 0 0 0 0 1802.66287913664 935.808598458912 0
2094633.18619985 144112.163554944 753046.059998302 2264.67504717554 86442.87255626 15289.0601156943 1701.45073084605 25578.6270619736 1149.19474700264 73402.8356171165 42714.9046346639 3951373.2771618 2313.36 5000.94 0 0 0 0 14317.0480558532 7432.34735139918 0
756354.647618556 0 209635.179618375 0 0 4121.73009410082 780.253322986549 0 0 19225.0964665198 144925.924981028 1498736.71227551 4337.55 20734.056 0 0 0 0 5169.76714995554 2683.75890298239 0
204268.896155475 0 142046.784874901 197.721920977144 10089.9579449925 1536.37609682134 290.839654109731 0 0 10721.2488023755 47405.6763956633 589715.177648141 1593.27 5828.76 0 0 0 0 1396.20035710395 724.803464070355 0
3171290.28115965 52834.6959289344 653065.87808039 2704.06092619461 68405.2392461507 0 2031.56141313258 31817.7336903717 0 17464.8914392641 23264.6344664432 4792538.48570367 929.88 6157.62 0 0 0 0 21676.1176389052 11252.629375388 0
362395.428124116 5607.5772699648 109170.7643828 3037.85608587027 12705.0733435519 432.975052009246 530.660406675522 0 0 50131.5535684636 57982.3210032672 1182038.41720859 3753.54 12310.704 0 0 0 0 2477.01258332847 1285.88084926887 0
673753.2008777 0 312739.547802064 0 0 2805.66053742888 624.461020416718 8897.0461697869 6060.59228504232 0 12917.0509002469 1552655.45240341 0 1104.516 0 0 0 0 4605.17718247903 2390.66575046725 0
1400292.57136902 0 515478.291026919 0 0 0 1193.93652227938 18999.8401643163 0 5303.4748873158 23155.0835335961 3186299.36227537 334.53 2853.144 0 0 0 0 9571.15363617254 4968.63166905131 0
888705.836083319 352206.655146029 367441.322263074 293.193362820394 70800.6421793353 12883.7889833748 24709.995022752 0 0 138827.599097711 347834.170965323 1638331.65549571 25497.99 40674.312 0 0 0 0 6074.4020702764 3153.37812391398 0
718808.535463621 0 50067.3401713028 0 0 19503.9018803343 766.879288622929 15365.0270209893 14252.9242166226 14515.9765234721 15795.2526814122 1072638.35507822 0 2091.096 0 0 0 0 4913.13534655714 2550.53474274824 0
838976.213363141 0 103285.003694346 0 29670.1404108252 0 902.684124750601 3529.81433486921 7805.10822811064 2707.91419984692 8697.35288750986 1478824.0307996 503.51919087137 1568.40871369295 0 0 0 0 5734.49463303393 2976.92344337826 0
0 0 0 0 0 0 0 0 0 0 0 0 0 0 0 0 0 0 0 0 0
19942.7245858874 35079.9378966433 620.112507566009 624.129189025575 0 37.5787662884113 0 2918.06203755817 561.905799024047 20312.7510948541 16701.9913842837 1173.45209191512 1473.47563175689 1790.68679023399 0 0 0 0 136.310714516461 70.7623927817697 0
161616.209948575 158604.033852925 0 2959.58287067458 2763.26406647479 0 0 0 218.201534241008 0 298763.445063651 0 14444.8770422006 15262.7789798389 0 0 0 0 1104.66455877961 573.459743628759 0
245740.886179466 18542.7142462802 0 13454.7988773806 1755.13405538876 165.010477076674 1124.24543504962 0 1816.02650573822 177518.442159138 120113.315528339 151801.36603194 4186.19454483515 11612.9841341459 0 0 0 0 1679.66596724381 871.957742558261 0
366210.649548065 444925.178788483 0 13654.3934027945 0 407.791447655746 0 34980.3423767464 0 180217.893329993 409087.919651121 131968.056819242 21319.9157789349 39288.4268470016 0 0 0 0 2503.09004110498 1299.41832734958 0
154686.651272626 514093.03704463 30562.5151914858 9905.84070424511 0 233.71439509266 1592.33732574578 26540.11342304 2114.99799144286 206750.45676414 137032.263545112 82427.4031553829 6860.90674150613 19298.0167086515 0 0 0 0 1057.3002635784 548.871721529772 0
37432.3241711591 202803.758432525 0 1911.50396049779 0 128.547224217049 875.814872937825 0 874.630348069875 45846.3883578407 94204.2020688611 4408.02363075216 4272.8825530772 15626.4362551222 0 0 0 0 255.854050022497 132.820408481623 0
81126.8238155486 97146.648411781 1041.49539871953 9986.88797205838 0 30.5494973588572 208.13910460241 0 996.230187560717 269285.930273838 38789.8447193046 54316.7970883123 2111.15035319171 6930.35765335272 0 0 0 0 554.510757701285 287.86077585586 0
19359.61535169 14521.373937219 2858.40554026139 7297.69119038515 0 0 0 0 0 3647.60868875614 7468.75896309197 5172.06116115242 142.508365881725 242.154644542368 0 0 0 0 132.325098809226 68.6933573053358 0
260017.65606961 193697.300220503 6658.71504781528 8013.79969148933 8082.30210199708 85.3442839616272 0 0 217.631817441423 191939.715497101 200442.952874342 85041.8552785296 6818.3379188209 19372.1844173161 0 0 0 0 1777.24925865073 922.615735365134 0
110685.592328454 42708.0760467787 1456.56556904711 3009.35181477133 142.026598097959 0 0 0 2261.86277679521 61162.8717938025 8224.37124892431 58394.5748077591 982.626544667905 2151.89723748502 0 0 0 0 756.548189390644 392.743595585307 0
89144.3023696959 138189.657765467 2817.76492074601 1492.50058876662 194.282611667997 0 0 0 100.503138792094 57295.0487853263 15366.091888332 15665.3143795139 698.833490763615 1304.53130653758 0 0 0 0 609.311104846913 316.309043499763 0
1677.52740638046 1669.59999479181 21.8437846011769 40.531659411942 0 0 0 1047.03715242724 0 1732.36034566918 331.394317660827 121.098378692288 2.35130251491283 3.02738061631152 0 0 0 0 11.4660842052887 5.95233879509524 0
490296.921295562 162091.179609909 0 14204.3857577274 0 354.305533747903 0 0 11144.0226960764 272200.680019139 339175.037021708 316092.383940228 16719.4448825431 44987.8769088362 0 0 0 0 3351.23334723852 1739.71130047901 0
1310.8010226082 3579.5492124718 0 16.9250964214443 0 0 0 0 0 2263.33659877622 14224.7848109574 51.2166086138814 682.027201747323 2568.29417810772 0 0 0 0 8.95946906407534 4.65109049774402 0
42501.0986278902 71394.7888126311 10096.8912766522 6713.145870976 58.5750151176146 0 0 0 189.084520755143 33449.2113503296 33015.10335297 13380.6742346047 1286.91882590091 2816.8948734307 0 0 0 0 290.499680560298 150.805845099609 0
1203441.75720051 742077.281077482 167618.925283516 118293.007951451 31253.8681619129 762.748796901714 5229.98269518857 0 19071.7925549492 1301617.93871076 675192.59971761 469948.639025613 46882.2835278885 69346.915513515 0 0 0 0 8225.65668479586 4270.14964511261 0
348273.295793308 327226.482161036 0 23013.1274855676 0 296.566078486025 2020.55691150784 0 0 158923.340375931 185969.833470983 165047.773026369 19997.67478085 30998.6632203834 0 0 0 0 2380.48625663634 1235.77155399155 0
10994.8925225773 24003.6269376154 9175.24994964644 2642.34219386397 299.627097179933 29.2399260030283 690.995599787482 0 282.324766465296 11832.6855923224 27625.2820832687 3480.85868116143 473.531264566143 773.712712716806 0 0 0 0 75.151298877426 39.0129693625981 0
9014.00645146364 3070.20615750969 927.851230922961 175.95732550957 0 0 0 0 15.4826957296861 2159.84407537754 11912.6811636797 4171.4579817937 610.411137768913 484.145889727882 0 0 0 0 61.6117248555145 31.9842287501305 0
1276441.9178036 198371.261278944 369818.938959863 0 22090.5749947746 0 0 0 15286.2297043284 150074.623427708 488129.079239632 2104230.7450386 16289.91 29919.456 0 0 0 0 8724.62080621109 4529.17473546478 0
984433.067825169 409273.435854569 131415.945283175 27229.1331174239 6745.77824148262 7953.97186288824 9510.537087576 0 5579.65567669173 394560.243771856 367846.275010495 947655.968749062 31020.3765603038 68626.9840495876 0 0 0 0 6728.70822093389 3493.04525130448 0
278291.800925237 104363.704705416 24355.4746649641 641.994923931511 11942.8396204945 185.104188623432 237.943786406494 0 1000.61391207848 83967.5536131469 34710.3289802791 260409.658105175 2796.43841639498 4598.71927713088 0 0 0 0 1902.15504731165 987.457538221899 0
917514.559160581 863988.110940614 81704.2625593205 2943.79694346256 4668.23706542186 634.867761654337 0 0 0 304424.030493037 110058.850808503 550737.619877693 16885.26 13710.06 0 0 0 0 6271.31285897312 3255.59957159806 0
603512.676828106 502334.745921216 33556.7467727121 33418.1117038957 0 7037.99594659074 8198.7388686 0 6311.35815484657 449492.356505563 731202.680875967 348149.685292989 25577.37 64347.696 0 0 0 0 4125.07548022786 2141.43262634779 0
223953.785364317 91925.5741244198 39868.1311119666 26978.9949447408 290.677597628572 316.79495602548 0 0 5293.996545863 144499.283670245 27674.3316694616 557082.522530267 4907.4123006226 4482.67397094574 0 0 0 0 1530.74873847875 794.650984456182 0
9468.6288835606 1700.95228387361 68.4355438238392 0 0 0 0 0 0 0 0 405.949105560954 0 826.992652769846 0 0 0 0 64.7191191479778 33.5973569347425 0
0 0 0 0 0 0 0 0 0 0 0 0 0.0909911054637865 0.130322744599746 0 0 0 0 0 0 0
742033.962363001 229209.720909811 83246.1360997151 15590.0910091607 8485.43808959799 673.593120837018 3011.7816252 0 13920.772992278 330027.012707665 171038.883701496 971392.715060336 16006.41 20235.096 0 0 0 0 5071.88369219918 2632.94508611432 0
654764.337054314 142193.393057344 135344.283653464 0 10663.6385007659 520.38931593139 0 0 4717.4276837291 239215.852798837 52812.472976894 647052.163315227 2983.11798408785 15142.5699547288 0 0 0 0 4475.38621111632 2323.28792380355 0
110983.383157215 21654.0766615206 0 11898.5197771885 0 284.921195600929 0 0 2633.01495792793 121731.011585512 100952.268322421 43634.3767426167 7147.8794148095 14937.2859571531 0 0 0 0 758.583622436414 393.800241155515 9317105.54372332
249960.719189716 156587.73683904 29044.6669401448 793.42982289257 0 228.449453367355 0 0 5858.95364052022 91484.9418061976 31112.4649285824 396285.261575794 3061.8 7618.212 0 0 0 0 1708.5089896849 886.93089628451 0
707463.921434571 91650.4486829568 120259.39628662 6218.91933450541 3235.81634501499 631.42697389833 1960.32446837888 0 1973.51165413535 140884.9815971 110706.197229873 946038.61596342 9281.79 8133.048 0 0 0 0 4835.5936627439 2510.28086317307 0
1515010.46922962 509839.382015309 444006.179171441 11280.3180516332 40335.3495784854 10211.180388958 7382.211405768 0 0 428118.438317458 287003.525708031 1817577.51651065 14248.71 19445.832 0 0 0 0 10355.2630770797 5375.68301815612 0
731399.910868929 119463.260257037 182930.28244548 11336.8100290552 29534.1782763186 3077.10430076458 0 0 5007.48276468197 171699.999476849 206921.793796785 902321.76347646 9032.31 12446.784 0 0 0 0 4999.19878141283 2595.2124821542 0
9167.29337436869 443.701572236605 0 0 0 76.5928781303027 237.789798835186 0 0 17871.7050380882 13476.7371443052 0 513.56614332604 876.486217943108 0 0 0 0 62.6594578218516 32.5281338419449 0
2382524.10540125 1799855.45919204 698061.729693475 1765.6567543259 117058.924782275 19923.5272390646 54606.947288904 0 27435.6911308678 764500.476967682 758909.107710575 2690611.34074821 49890.33 41295.744 0 0 0 0 16284.8141316537 8453.86525960165 0
397917.153408702 173606.605239226 74712.9496164078 14139.6594888498 15186.6830000697 8462.1839399976 0 0 5236.8368217842 232689.960680981 281366.632254261 240713.321415304 13715.73 19185.012 0 0 0 0 2719.80747996088 1411.92191582669 0
701374.909578642 521282.826684922 113625.814595514 6631.31076968632 3179.02613390928 5733.25967656917 843.298855056 0 6982.44909571225 598195.391600344 222836.556586758 424827.349878687 7858.62 30642.948 0 0 0 0 4793.97459744484 2488.67533747138 0
48865.093693257 15207.3399793458 1332.22677299058 2811.61095868339 0 109.623790462749 0 0 82.2116242086504 25683.3662849595 11088.6731591761 62265.0857780653 1672.86708357222 3704.17193067254 0 0 0 0 333.998286320178 173.387088526868 0
671.994590155838 74.5110462711987 8.24843271240229 112.016998342671 0 0 0 0 0 559.98740286919 119.131437951896 866.458455986837 34.6303446530267 110.304060746678 0 0 0 0 4.59315688490029 2.38442570527611 0
510687.177138673 243096.834573216 104706.900501564 2705.68325862867 21071.6196962308 5599.38180187015 21885.61314312 0 8178.19350335298 346486.072702783 93536.5783000147 591777.141358927 5970.51 12360.6 0 0 0 0 3490.60298708777 1812.06165996359 0
66745.0804084744 59407.0200283655 0 403.532118991944 1462.79299190117 229.194171813175 711.554877425217 0 1171.39368616988 129809.686928103 101107.037852499 60981.2256613972 1197.59032926756 8729.5269578802 0 0 0 0 456.209960768154 236.830307502594 0
5191849.08497152 2719936.38199304 1105036.05012111 11925.73889368 180933.684801446 10069.6409196263 10253.443221792 0 60847.4315258055 1519521.26190918 488130.868217467 4350596.12996594 42640.8468948427 66185.0043321088 0 0 0 0 35486.8591493722 18422.1399955756 0
896411.50775662 517037.599589362 227893.085118398 1456.08071805311 32417.4441520045 3645.5787395537 19518.4364463135 0 27462.7660850902 198322.866938078 228682.729297399 950450.080065776 10873.4169409328 19422.5384541012 0 0 0 0 6127.07118311971 3180.72001309492 0
334197.458147051 18949.5188256602 30268.7658025258 11042.9397199969 2366.66936914225 261.141650457309 0 0 1913.75285847424 29872.4510356648 80417.7368415306 277436.934476351 1149.39848661234 4075.03814668218 0 0 0 0 2284.27635920153 1185.82652526855 0
535074.012557256 53226.9691095168 57291.4376534346 19781.5132739891 7368.4277502961 0 0 0 1415.88551107498 193736.852025868 201444.247154429 644834.045092087 7336.98 18475.128 0 0 0 0 3657.28968761287 1898.59300723072 0
19.1284154859942 44.5136083628413 0 0 0 0 0 0 0 112.798486661699 174.66024221109 0 29.5681330972133 87.2299561934942 0 0 0 0 0.13074482231524 0.0678729951909718 0
425274.268252775 238556.754811066 45305.8853646503 4709.17123790136 4684.17100954504 390.326733767792 3714.53067108 0 0 204389.521411597 62205.0115057381 625037.582559392 19079.55 16880.724 0 0 0 0 2906.79636683262 1508.99264944863 0
207540.044402082 18925.5732861312 13657.5570526621 1665.38349440178 0 215.81752023571 0 0 0 74157.2092002261 38322.9081450657 621751.327895328 1604.61 3590.244 0 0 0 0 1418.55901491241 736.410417577482 0
986750.967813257 163995.912314957 179462.881558406 8298.10656352365 26961.8677070996 3518.5169636442 0 0 4609.38618776671 242519.677066954 86844.012220627 1640511.21557437 14583.24 14628.6 0 0 0 0 6744.55132212066 3501.26981202985 0
556719.192274601 443326.570429018 206723.039848235 14918.9663173869 29017.3464989897 3863.22134979544 6297.970020696 0 9473.82572444625 196525.748302819 334608.385617961 863951.518455205 10710.63 17622.36 0 0 0 0 3805.23687007542 1975.39618938341 0
29094.597040249 51590.0810630477 20242.8670198305 7426.49106391084 0 0 0 0 540.224215131654 38458.2234595515 39945.211692709 10104.1358392908 3955.7117133825 8385.0960455216 0 0 0 0 198.864768655099 103.235808864669 0
508032.707818217 64360.43230396 73383.1206737876 34077.9405915601 9864.06472514457 3302.77038025151 651.733271460004 0 5781.4028302039 89962.1058172232 86554.288877925 490224.104011271 3694.09630526105 4952.1237839568 0 0 0 0 3472.4593975208 1802.64285663648 0
379038.01592318 233180.683024723 83276.2062629104 4894.46492384566 17065.6627185954 0 0 0 20451.7873582605 227752.242682445 95120.0872384413 568132.21686915 13347.18 12251.736 0 0 0 0 2590.76650017787 1344.93342905409 0
20451.9667099278 7484.72114173098 446.809599815167 1653.36845942022 54.9561199900641 19.4975805756337 114.23999268 0 14.650886927566 35279.1369267268 68919.7651916661 8042.09858763797 1287.13089004995 3537.82787946244 0 0 0 0 139.791440406793 72.5693269871327 0
70732.8271358182 13838.8833543168 0 4637.99134634958 771.677000539812 0 0 0 617.953169860356 40530.4352379781 29299.8949487482 56958.5256921595 691.74 6940.08 0 0 0 0 483.466647956202 250.979953857045 0
29237.9260155922 219245.33905223 0 2065.62915443694 0 720.689492423356 2583.439349616 0 0 151263.333316244 674345.746728311 0 16329.6 64098.216 0 0 0 0 199.84443795534 103.744380359329 0
441936.060444676 228348.006054106 51506.5603959617 23469.592019987 4230.66644603916 1077.52274976075 0 0 12266.8053627312 644257.899781126 705956.170442562 177001.864570321 22016.61 58757.076 0 0 0 0 3020.68154781787 1568.11337181803 0
322548.446808303 200326.196473978 86166.5710872885 2489.60144498936 17096.3049188323 458.020697811324 0 0 7005.23903373297 153435.014843378 54307.385165032 599881.625287807 6163.29 6205.248 0 0 0 0 2204.65408631918 1144.4925584717 0
753.123278419275 2298.06683125828 0 0 0 24.0505438464542 74.6671769325055 0 0 2980.46904343316 32917.0029329842 0 624.538713229135 1482.6327322339 0 0 0 0 5.14768038630784 2.67229309671718 0
108152.434163332 23333.8235367744 720.128563419035 7379.82947052836 1884.67036035472 295.295003991598 0 0 1509.22992716947 74020.0503669334 190439.35799115 69172.4388602674 2523.15 11281.032 0 0 0 0 739.233774904102 383.755238338195 0
3133200.04454099 413867.497638067 775096.303288997 2826.29363042472 65562.0516268375 0 0 0 4075.51976732371 511556.728570487 508107.185720661 3396688.92986893 13386.87 40921.524 0 0 0 0 21415.7666849907 11117.4745086017 0
490981.842431152 34858.8416110065 299248.415614698 0 0 553.250112555339 308.45609384128 0 0 376.874809096925 1049.03317514213 632821.27251293 75.6308571428573 722.871771428572 0 0 0 0 3355.91485848226 1742.14159320117 0
40658.4431210935 27497.7068880384 0 514.914281806763 3147.80021638526 1581.05717800088 1574.92259830989 0 1672.83154050581 41490.5470710266 448182.825453286 0 9837.45 124905.564 0 0 0 0 277.904927638881 144.267585386304 0
0 0 3481.54388877105 0 0 309.188987705809 307.989319211178 0 0 32963.8396013336 85569.237729315 0 1502.55 22534.848 0 0 0 0 0 0 0
185109.313568205 98968.594248576 52519.0953739009 3552.53755219988 11276.3296871734 10580.076913229 1094.72659284176 0 1162.78296768449 25900.1596867621 123483.819670132 725052.487987398 7093.17 22367.016 0 886.0961391519 0 0 1265.2425042258 656.819879242905 0
0 4244.267199744 7120.90097852798 0 0 632.393051888698 629.939335712699 0 669.101065992916 26128.7577422498 186425.81017866 0 9366.84 71040.564 0 0 0 0 0 0 0
16142.0317241708 3559.99814608933 1500.63107625056 0 0 520.002202560194 517.98456841294 0 0 7886.63291432738 182885.919836558 26045.8446675582 2216.8749254171 46324.1892080536 0 0 0 0 110.332561059696 57.2764661238857 0
0 0 0 0 0 0 0 0 0 0 0 0 0 0 0 0 0 0 0 0 0
785802.602628828 477267.846611213 104189.486314168 0 57372.0043475231 10967.403081557 28391.1601056679 0 0 326940.93895858 809242.78176597 614539.287635021 30941.19 246613.248 0 0 0 0 5371.04715917454 2788.24852525453 0
2128.9441202408 1832.751745344 3566.74622866502 0 630.643521202395 316.75563803785 315.526610567401 0 335.142099422835 52051.7772345607 77362.8769414943 7004.2329800755 10296.72 23036.076 0 0 0 0 14.5515670612531 7.55409219026803 0
3054.44067066248 1409.0645661054 186.888091275924 0 0 17.3914797105439 17.3239999130306 0 0 1413.69170359826 53628.0667091062 2778.64138872248 1601.81672146143 11955.6679398423 0 0 0 0 20.8774377078234 10.8380141106187 0
76212.849171243 54560.8073545893 12393.819367095 0 101.624930904338 944.767019128926 941.101276580896 0 1004.51922974806 40011.2958164736 225670.718720419 85335.2918445915 8872.50957750305 58496.922618666 0 0 0 0 520.923200895982 270.424612486985 0
69667.7454124331 27388.3848541056 0 0 0 952.428814208418 948.733343518269 0 1007.71368845049 42816.4157928556 248262.332183003 340149.9104588 8465.31 51252.264 0 0 0 0 476.186697310153 247.20074450527 0
2273.72559644521 5786.17837015031 1753.1043568991 0 271.399474491538 5562.90013823534 11682.430955703 0 0 3373.25005629111 35052.3580641975 5234.90698274603 1372.49071553995 9063.85199736612 0 0 0 0 15.5411643645292 8.06781756628563 0
593764.466057606 0 195782.166504944 498.295528670203 10440.0019020414 0 1524.09229354797 0 1618.84124465856 14058.7804124966 66158.8042639478 1299538.13054041 1712.34 11571.336 0 1233.6343209845 0 0 4058.44538815284 2106.843234287 0
404464.632039665 24617.0964204063 89329.1227336931 0 0 828.268655311727 825.05493215088 2236.18843103634 0 1211.56969408508 0 551530.187179026 1752.03 6622.56 0 667.817877767412 0 0 2764.56021605892 1435.15421052239 0
16188.6934985148 5789.52098884134 6563.59079401367 0 387.825728618936 194.794653375594 194.038840530153 0 0 0 41918.1705775939 34396.1321505456 436.59 4300.128 0 157.059368579834 0 0 110.65149941609 57.4420352160028 0
59868.0180960669 32529.7358028864 0 0 0 733.219599416633 730.374671272222 0 775.780211549371 62430.1289537045 169744.190858758 132785.630247158 7461.72 48553.344 0 0 0 0 409.204483981807 212.428557258315 0
5021.81184393985 2998.50564058103 6597.09546036206 0 1166.44561852898 585.874925709452 583.60170215326 0 0 29384.6836778142 101363.733877517 0 6115.12789814943 15761.9932224294 0 0 0 0 34.3246359175557 17.8188000664906 0
327366.920420653 29237.2133691456 62100.0715092383 652.42869782645 15905.3447362921 2003.2986310125 1995.52573369557 0 2119.58250570489 98731.5001651592 398357.069359273 910653.385595356 21869.19 90053.208 0 0 0 0 2237.58888307423 1161.58985733361 0
35845.1516464942 0 9798.72559295878 167.777784587577 0 515.165882951414 513.167013962349 0 545.069305262766 5532.07294280355 152544.69440176 183492.217531849 2642.22 36805.104 0 415.368835273994 0 0 245.005551364942 127.188674205845 0
32272.232764648 0 3057.78464545758 11.4731098415064 0 15.405553783801 15.3457794766566 0 0 0 15104.1506627928 81542.7103024269 4397.7954392772 3030.9863267003 0 0 0 0 220.584258095995 114.510953656391 0
894588.476924156 50490.4723665198 288038.464090374 0 0 1698.8061848921 1692.21473325722 4593.16384100659 0 1577.32658286548 11921.1333289095 1740975.56465496 1253.07 3658.284 0 1369.71637627143 0 0 6114.61056700435 3174.2513872427 0
0 717.874014689856 271.97594212461 0 48.0886092891448 24.1536424392242 24.0599251174012 0 0 0 1264.81531559858 0 175.77 1961.82 0 0 0 0 0 0 0
283099.27077269 87747.009000768 125634.17873224 0 21490.3964328015 14678.4212003262 0 0 0 81335.1881425414 619231.668330496 986512.708333335 18994.5 138626.964 0 0 0 0 1935.01463212417 1004.51579263276 0
60405.7410955092 0 29406.0273495783 184.56648845015 0 566.716017972166 564.517131921247 0 599.611729774626 14538.8363290209 113215.909509643 158566.620268577 5256.09 26292.924 0 0 0 0 412.879879785935 214.33654961565 0
161929.916245309 9752.1684975936 18296.1389510855 0 160.565129241274 1154.56647307865 1150.08669832022 0 1221.58467046626 36187.0721837108 213753.78833616 181689.61019406 8782.83 67960.62 0 0 0 0 1106.8087757983 574.572861753217 0
4.98631875411989 28.906244850755 0 0 0 0 0 0 0 0 58.5668389653723 0 18.7546865616433 133.461643892249 0 0 0 0 0.0340820367474713 0.0176928606066108 0
242840.157089959 17634.4422312239 19291.5650430686 193.233975476815 0 593.329753622794 591.027604967273 1541.66330216636 0 0 22577.4513422203 492268.061403723 1797.39 5171.04 0 478.390935525029 0 0 1659.83916508813 861.665140346298 0
247617.783263575 63657.5772882816 53426.3847806563 206.611525481555 1263.06810200809 634.4058554253 631.944329472483 0 671.230705127869 12755.7714962165 74245.654943208 300072.10173955 2012.85 24489.864 0 0 0 0 1692.49476510975 878.617501013261 0
0 12507.726823488 0 0 967.634840310429 486.017505810252 484.131733959559 0 0 30449.2609909683 156916.772539931 15625.8187457986 3526.74 22641.444 0 0 0 0 0 0 0
583653.810476255 7263.4845486528 191088.110339935 714.339319445482 22643.7688497178 0 2184.88625545289 6661.85809801765 0 26814.5519087131 228583.000973375 1429066.50248818 7677.18 28980.504 0 0 0 0 3989.33794595817 2070.96778615315 0
71693.3516093118 6878.51814384152 0 75.3731469867787 0 231.435132569664 230.537152861025 0 0 0 9680.31879340016 203279.014609648 22.68 1735.02 0 186.601917243052 0 0 490.031938307006 254.388164694894 0
0 7189.5314080512 0 0 0 616.626090851983 614.233551261063 0 0 13601.5843015211 144846.251575321 0 15768.27 112245.588 0 0 0 0 0 0 0
184507.003554692 0 137805.256749386 659.320896521156 696.493252646687 0 171.348536346127 0 0 2024.72563432007 17543.6566307108 444896.118250731 1703.35972520776 3782.34548476454 0 154838.538358577 0 0 1261.12564908152 654.682714004069 0
0 2637.74387187738 0 28.9037627597874 0 88.7497263083219 88.4053730008213 390.059389704742 0 0 18922.4338554118 0 374.22 1388.016 0 71.5572821639084 0 0 0 0 0
583579.431557966 36491.9290800677 46726.9598011742 399.869779633515 0 1227.81015732723 1223.04619346789 0 0 0 23543.4913864177 1061529.52558636 147.42 4447.548 0 989.960888063477 0 0 3988.82955787643 2070.70386884295 0
73223.9112352752 0 51665.7248804611 175.461985270881 0 538.760413297138 536.6699963687 1415.11938988398 0 23317.0016597505 62792.6028728272 286973.799448613 4553.01 12614.616 0 0 0 0 500.493481579421 259.819020492049 0
527652.581636382 33217.8215458752 162893.703186693 0 0 6674.84663940256 1315.27590641793 2851.85443517069 0 0 37814.9901836835 1323927.29505705 2483.46 5268.564 0 0 0 0 3606.56339155426 1872.25968414019 0
146914.214868026 8320.91315483872 38088.5277466831 0 0 279.966062285512 278.879780180248 1224.70610384877 0 0 4611.09835529246 250929.707238588 0 671.328 0 225.731518829532 0 0 1004.17480645834 521.29293231444 0
209623.568609105 0 58525.8696977115 0 0 1986.89800960316 1979.18874750474 0 4160.59769687138 54589.2156504747 357106.163554475 386344.341216998 24346.98 75882.744 0 0 0 0 1432.80013187456 743.803347147997 0
216263.411224667 0 0 414.04852591803 0 1271.34635234114 1266.41346590173 0 1345.14317805531 46359.6856529157 212727.993237683 640515.197663474 4666.41 48163.248 0 0 0 0 1478.18418595936 767.363375224804 0
362925.225501118 0 42696.0025797321 0 7633.99348568244 1463.1590745514 1457.48194530627 0 1548.08990006401 55389.3088446818 334628.303969388 741256.623117706 9032.31 70943.04 0 0 0 0 2480.63380663209 1287.76071928989 0
0 2824.96718743693 0 0 189.2375828508 95.049055895095 94.6802608786622 454.363248993296 0 0 1732.89657412719 16226.6878583948 425.25 644.112 0 76.6363164712163 0 0 0 0 0
255638.818005254 15662.504351366 85491.5477686623 171.625954598015 0 526.98178519406 524.93706992256 1592.71535261504 0 0 25943.652733341 346229.48158732 0 2075.22 0 424.895781282374 0 0 1747.31941918804 907.078387010186 0
12.4205428069659 33.418789327872 33.7195344053948 0 0 0 0 0 0 41.9481170801159 465.600989682085 0 41.0532142373158 349.026380935602 0 0 0 0 0.0848957752692386 0.0440715773255611 0
54327.0935150795 964.60618176 9169.53457962399 0 0 0 0 0 0 14127.359829143 197370.944287659 34626.4921588599 9123.03 44802.072 0 0 0 0 371.331655449102 192.767799276856 0
248938.923558123 13318.3355009281 49301.0694609116 145.939116294903 892.162439620521 0 446.371018150305 1208.8473817945 0 1645.9059995118 6025.30130659166 344080.528782485 0 3798.9 0 361.302665339986 0 0 1701.52490423397 883.305278154244 0
126451.008035959 20958.0063503245 135527.111689773 0 0 930.835911045916 927.224221883122 0 0 0 400.615874663812 358415.239146303 400.447709497208 249.581363128492 0 0 0 0 864.306538581292 448.683722214331 0
872085.805825048 0 281710.250091027 503.06628833614 19016.1409043405 1544.67761778378 1538.6841925775 3667.38378574246 0 937.252027499775 2768.65084831815 1370854.68947806 0 10022.292 0 1245.44532975831 0 0 5960.80233669771 3094.40558462448 0
41292.276619706 0 12658.4196721863 110.811864375588 0 330.919087303497 329.635104952586 0 767.301092771318 12300.3960777183 89426.5203322445 93115.5723978628 2854.75319300518 18165.8801774611 0 0 0 0 282.237249268668 146.516604811603 0
504205.237308661 58345.8125807232 82489.7159600258 625.042352263205 9486.82519333936 1919.20817215002 1911.7615499535 0 2030.61091517796 62773.0260369361 253182.16498541 1185290.84278053 19652.22 64132.236 0 0 0 0 3446.29821589783 1789.0619153568 0
154447.518997967 42359.0727950208 4196.34311901632 0 9162.83499616806 997.455974804995 0 0 2954.67763714802 55275.009816938 268061.173501192 39926.383259239 14742 46693.584 0 0 0 0 1055.66576819728 548.023212998589 0
119754.630921706 0 10136.2372522718 127.013889019595 0 389.999322286424 388.486105715076 0 3019.41829701065 0 67224.4360652789 130177.568334844 2143.26 14553.756 0 0 0 0 818.53606498405 424.923093844178 0
14209.15823364 0 11054.3831796045 238.185942507261 0 664.868993125725 662.289268698834 0 773.808323461453 70819.677590105 147807.813735056 67168.1877504164 4863.77310568113 32888.674272645 0 0 0 0 97.1211583032923 50.4180876437856 0
146123.142241628 10661.1339010342 2035.4908227786 171.990134725186 0 5.31287735795837 5.29226313224005 0 0 0 5186.07141468637 114895.748212859 395.562681233408 1000.86557484174 0 0 0 0 998.767738107461 518.485984263437 0
23182.44563922 0 0 141.884577545735 867.376026807906 435.660143255635 433.969760450903 0 0 20482.3857717024 49078.8179155103 268408.071505795 1854.09 8929.116 0 0 0 0 158.454564004625 82.2578337728927 0
0 15195.7627166592 0 0 1505.58905132433 756.217743529288 753.28358145345 0 0 15613.2471898133 239986.257165189 33071.9648300253 9786.42 46707.192 0 0 0 0 0 0 0
521987.590581033 0 165940.121789033 339.258067134724 6040.19051069462 1041.70037847067 1037.65852971607 2845.01128798289 0 4114.7649987795 13215.8261716482 955663.798128999 0 1267.812 0 839.903975067091 0 0 3567.84255503274 1852.1587034323 0
0 0 0 0 0 0 0 0 0 5058.15014484114 23794.4233941149 0 424.195138085 3990.35978170994 0 0 0 0 0 0 0
164129.581304252 84020.4137852352 0 0 0 5943.90919243711 24603.8814053879 0 1380.16391049676 188341.937916357 364645.259569499 41352.0378561495 25594.38 126425.124 0 0 0 0 1121.84372824876 582.377891713837 0
1034650.07669725 918121.809860986 211385.988947868 0 20737.0068696439 7513.87217030305 42059.0299764975 0 6034.96954480797 350257.940618331 656020.863415702 1090311.63935246 26104.68 128978.892 0 0 0 0 7071.94699609485 3671.22931491263 0
612116.549650815 65155.9322239488 50462.9183526482 0 15327.6371211593 0 1851.83451424442 0 0 99828.7708315004 464157.343297539 541648.870458746 9831.78 101259.396 0 0 0 0 4183.88389665167 2171.96158569349 0
85023.6388914037 5739.406781472 14801.7786073531 187.200724703351 0 574.80450625814 31694.3176968744 0 608.169724076197 0 139468.296690099 377545.555444879 4173.12 18513.684 0 0 0 0 581.145917056806 301.687771149708 0
70972.1199672026 0 0 67.5675529277517 413.057406332376 207.467860828274 206.662875313974 0 0 91.4392221951 33901.0341283273 118965.640657446 62.37 4615.38 0 0 0 0 485.102240760196 251.829032088626 0
107411.328304064 0 9070.58325698376 221.153584797701 0 0 784.490388776174 1380.57778979316 0 0 11902.2254376571 278495.010279064 113.104887983707 2425.17922606924 0 23476.9758101123 0 0 734.16823489856 381.12558642275 0
7290.65815060126 0 10770.3029348215 154.072472468384 941.883686879359 473.083379380606 471.247792577247 0 0 24437.1321316405 187690.625494259 8175.36393143588 3713.85 29926.26 0 0 0 0 49.8324498001135 25.8693045410424 0
444836.838257994 6887.2881377664 185362.854957764 337.157961734706 26010.3252490769 0 1031.23512378195 0 0 20688.1240216414 26740.3867904109 678916.049958564 1151.01 5563.404 0 834.704726930024 0 0 3040.50868300614 1578.40614691575 0
0 199.40944852496 75.5488728123915 2.18508076302467 13.3579470247624 6.7093451220067 6.68331253261144 0 0 0 0 0 0 412.776 0 5.40962233914469 0 0 0 0 0
0 0 0 0 0 0 0 0 0 0 0 0 0 0 0 0 0 0 0 0 0
0 0 0 0 0 0 0 0 0 0 0 0 0 0 0 0 0 0 0 0 0
0 0 0 0 0 0 0 0 0 0 0 0 0 0 0 0 0 0 0 0 0
21812.5190563246 430.001990885637 2699.05591338339 0 1706.15507668816 89.1855470171019 88.8395027037944 3511.18623564626 0 416.701598289099 1985.1618091208 137071.511903936 0 656.980491389208 0 0 0 0 149.090965237297 77.3969491669029 0
0 0 0 0 0 0 0 0 0 0 0 0 0 0 0 0 0 0 0 0 0
0 0 0 0 0 0 0 0 0 0 0 0 0 0 0 0 0 0 0 0 0
0 0 0 0 0 0 0 0 0 0 0 0 0 0 0 0 0 0 0 0 0
0 0 0 0 0 0 0 0 0 0 0 0 0 0 0 0 0 0 0 0 0
0 0 0 0 0 0 0 0 0 0 0 0 0 0 0 0 0 0 0 0 0
0 0 0 0 0 0 0 0 0 0 0 0 0 0 0 0 0 0 0 0 0
0 0 0 0 0 0 0 0 0 0 0 0 0 0 0 0 0 0 0 0 0
0 0 0 0 0 0 0 0 0 0 0 0 0 0 0 0 0 0 0 0 0
0 0 0 0 0 0 0 0 0 0 0 0 0 0 0 0 0 0 0 0 0
0 0 0 0 0 0 0 0 0 0 0 0 0 0 0 0 0 0 0 0 0
0 0 0 0 0 0 0 0 0 0 0 0 0 0 0 0 0 0 0 0 0
0 0 0 0 0 0 0 0 0 0 0 0 0 0 0 0 0 0 0 0 0
0 0 0 0 0 0 0 0 0 0 0 0 0 0 0 0 0 0 0 0 0
0 0 0 0 0 0 0 0 0 0 0 0 0 0 0 0 0 0 0 0 0
0 0 0 0 0 0 0 0 0 0 0 0 0 0 0 0 0 0 0 0 0
0 0 0 0 0 0 0 0 0 0 0 0 0 0 0 0 0 0 0 0 0
0 0 0 0 0 0 0 0 0 0 0 0 0 0 0 0 0 0 0 0 0
0 0 0 0 0 0 0 0 0 0 0 0 0 0 0 0 0 0 0 0 0
0 0 0 0 0 0 0 0 0 0 0 0 0 0 0 0 0 0 0 0 0
96676.1537151269 18522.392413332 72603.155192402 0 3322.29104978254 1135.72789443581 1013.99327758156 6291.45917880487 0 5600.65235944988 5114.15954136219 434215.949679919 257.467014824798 986.032649595688 0 140345.452307306 0 0 660.792136644042 343.034169296087 0
1350.06341991597 112.319854340262 1728.41166314864 0 0 0 0 0 0 0 13.6241523758965 36074.9771119333 96.6933333333333 855.082666666666 0 187.303164583311 0 0 9.22783186513598 4.79040452015256 0
0 0 0 0 0 0 0 0 0 0 0 0 0 0 0 0 0 0 0 0 0
0 0 0 0 0 0 0 0 0 0 0 0 0 0 0 0 0 0 0 0 0
0 0 0 0 0 0 0 0 0 0 0 0 0 0 0 0 0 0 0 0 0
136986.153434446 21366.026925984 17406.4768813756 0 3144.29830697415 0 0 0 0 64807.5487307771 221970.108299694 205563.283783002 4224.15 29606.472 0 0 0 0 936.315415333209 486.065379544561 0
42277.4039204348 16205.383853568 420.354171614575 0 0 0 0 0 21.8269709603052 29420.5697412734 236430.831435514 3888.74101449794 3203.55 118942.992 0 0 0 0 288.970702647803 150.0121133964 0
61219.031890584 5652.5922251136 5448.9209514284 426.514429536411 0 0 0 0 0 63710.2780644359 398795.273090661 30525.0249177946 16811.55 91051.128 0 0 0 0 418.4388117618 217.222333974704 0
231899.444973755 147247.133645664 0 0 0 0 0 0 33.9442347651412 33192.4376568213 300856.739125335 148872.169009585 24993.36 120120.084 0 0 0 0 1585.05819524343 822.844418295767 0
600754.560218723 56815.304105664 81169.739485969 0 0 0 0 0 40.0229883278129 64076.0349532163 159775.05596967 1022054.19688885 2925.72 29633.688 0 0 0 0 4106.22345004884 2131.64605330404 0
36085.9686360404 7485.3439704576 401.637318432749 1140.00810437679 0 0 0 0 20.8550947700469 32140.8866015777 180609.651562049 3715.589421043 6231.33 62832.672 0 0 0 0 246.651561957495 128.043160579027 0
440.481658565264 575.944652648553 25.2881968754806 0 0 0 0 0 0 1702.6423843678 22138.2838259184 20.9790682079477 1127.29539430319 7788.67892075266 0 0 0 0 3.01074055111389 1.56295274511377 0
5657.67509617257 0 3188.47420088343 0 0 0 180.440130548191 0 8.50743795530495 10195.4732747537 59426.4014817065 1515.70380357661 4876.2 10609.704 0 0 0 0 38.6708311364346 20.0750216282037 0
105634.829711862 36986.2163626176 0 106.511701433083 342.523081499811 0 0 0 32.0487743692336 63047.3437035215 267642.88812123 22322.3680784053 29880.9 165527.712 0 0 0 0 722.025671759929 374.822070039308 0
5.48421834452436 0.962865110601103 0 0 0 0 0 0 0 0 26.3354467259296 0 10.4250419292178 35.4486884919694 0 0 0 0 0.0374852351737043 0.019459548314218 0
0 0 0 0 0 0 0 0 0 0 3.47115563869621 0 0.120580366330521 2.9882148590245 0 0 0 0 0 0 0
