36815057.1806266 19648320.7442386 12792328.772361 46691.0196269425 9158867.90603965 519934.972566551 0 210520.552645776 51644.40613431 4520616.69716017 2014359.91884763 26733253.7534121 440709.153246404 140898.432921092 0 0 0 0 287160.265041217 52210.9572802213 0
8674051.58905789 2292048.44710123 5493010.09837102 25281.2330632262 728209.091489763 0 0 51113.1099242294 608.271345152783 191854.711858775 815199.796024036 4116280.44402125 76563.2127604519 20964.1332895626 0 0 0 0 67658.2665911443 12301.5030165717 0
123151209.385821 20157429.760651 14351491.9529143 4735.94719916548 12582987.9220158 2615252.258751 0 7276213.95152271 248421.208947525 1740608.52778408 14593534.68013 49263914.8731798 458548.014850136 330022.890735695 0 0 0 0 960588.863243395 174652.520589708 0
0 0 0 0 0 0 0 0 0 0 0 0 0 0 0 0 0 0 0 0 0
1201115.06080718 3250443.855 66242.6483995896 65142.9628944203 0 15316.5620931608 46726.5188705051 0 4742.02971045896 3292174.365 13400029.635 0 1791266.4 905952.6 0 0 0 0 9368.78944704974 1703.41626309995 0
11590679.382586 2957423.1 3339075.81435729 9510.2932224952 428917.299519264 18497.1304895396 56429.5376216052 0 5726.73827234374 1076828.595 4819873.905 4786616.4811927 916045.2 258325.2 0 0 0 0 90408.1867150456 16437.8521300083 0
27428682.3688437 28401240.795 3753704.71672695 128743.715493045 2495144.74325925 42663.4332189502 289392.015 0 13208.6604450734 5934804.27 14386139.73 7680228.17517016 2259381.6 921375 0 0 0 0 213945.822768228 38899.2405033142 0
9146353.07526957 0 4188445.9104554 7180.90995050778 395518.358531317 13966.5755072614 42608.0898590025 355827.377791779 169553.952448689 682203.12 2583662.88 4044339.57385892 487846.8 336911.4 0 0 0 0 71342.2543490467 12971.318972554 0
49231808.0890774 7870737.06 35018329.6728419 37870.623799745 14399341.601059 5810734.60678724 224706.193643595 12020.2121000445 114610.851452957 2842210.605 3235928.895 38260735.8540376 231562.8 215233.2 0 0 0 0 384011.872912625 69820.3405295682 0
42287826.3796443 104142116.445 14635107.5150298 474954.504796274 5790949.62725563 97540.0022253052 914442.48 0 123806.136964032 11833321.14 40964845.86 18532891.3528033 3496122 1554260.4 0 0 0 0 329848.283858864 59972.4152470662 0
39450827.1266152 32061809.4110082 11367924.1820494 32360.7127067847 2458847.697165 47069.589437313 143596.065859428 1221821.39865006 78979.4543257147 8854526.0025 11924308.5169417 11501814.9404239 1673854.81898521 860814.803121093 0 0 0 0 307719.472448236 55948.9949905884 0
12046034.5102095 1048705.86 4974267.6975917 73409.2100798865 163140.980979586 24700.8974174268 75355.4839704646 0 93299.126193863 2375010.33 6968995.17 6672354.71659087 953694 283613.4 0 0 0 0 93959.9915783301 17083.6348324237 0
61337846.8360161 0 32125779.3853096 39002.1971821697 9095485.26440465 12949527.5350539 231420.409626347 9531075.65022544 208163.991058728 334751.265 1388900.235 51551912.3006121 164656.8 169079.4 0 0 0 0 478439.902132136 86989.0731149338 0
28673856.1414929 208775019.975 18484093.8718746 690324.172604176 6406609.24545391 132540.911582691 1685549.73 0 348252.387726072 25480105.095 78211140.405 16162199.2341544 6620745.6 2046529.8 0 0 0 0 223658.273541345 40665.1406438809 0
1362661.9612647 6420479.26911243 0 217465.28219661 197268.31521493 7762.20345279517 23680.2974393117 0 2440.52101637241 1725300.15470726 6749884.16618798 0 834718.494993136 710365.886048696 0 0 0 0 10628.8676407183 1932.52138922151 0
49855940.4647372 50457629.7 7057672.47174346 94861.3552944079 1392566.01407371 55262.2794594691 168589.656626864 19595.2136876196 34114.0012192644 11652791.325 18556469.175 7539768.72225715 2578262.4 886334.4 0 0 0 0 388880.153234341 70705.4824062438 0
12852166.6537736 13932547.23 3583798.03884748 12333.0789787926 2223032.64125967 23987.3330791657 73178.6000643846 0 7426.51291094039 1573058.79 9131724.21 3428696.62010086 1351274.4 420033.6 0 0 0 0 100247.884025932 18226.888004715 0
63268604.5840825 56373383.085 29229255.6274953 38949.0493261427 4145300.6340138 75754.3044125148 231105.055633466 1929997.47730077 67592.9689087584 5728873.275 5610939.225 24941554.6066401 596030.4 380910.6 0 0 0 0 493499.960410598 89727.2655291996 0
22788485.5635294 20447949.9 9993849.28572789 107260.726072607 945446.94488957 47214.0451447904 144036.759554288 0 67821.5809794757 2283384.645 22392047.355 10756701.1487684 1851368.4 785408.4 0 0 0 0 177751.932373874 32318.5331588862 0
8497934.43862778 3969841.56 2528025.21248541 59143.7648437741 0 21747.8981883852 66346.7146813035 0 54282.6661247714 767478.51 7669341.99 3952214.9375267 1051444.8 421054.2 0 0 0 0 66284.5393320046 12051.7344240008 0
111082119.56339 22015565.58 59326632.8649537 57227.1522899207 7523753.7448617 558321.479374111 339558.588528372 2835711.30652785 159063.198536883 2236211.025 4114083.975 61697787.6479505 401662.8 165450.6 0 0 0 0 866449.038464328 157536.188811696 0
19955603.6120782 5565579.975 9726864.74143867 199515.74596712 1642622.62244827 494106.888843731 99473.0042618238 0 52885.5923592766 1489597.77 8852311.23 12738891.2929291 887468.4 457795.8 0 0 0 0 155655.236230827 28300.9520419686 0
38601564.4678096 1673756.325 11870062.0786693 15957.8420849892 1417299.51926427 378937.207884576 94686.2130564545 0 9609.20792599375 651358.83 2795944.17 18882475.090968 257644.8 97864.2 0 0 0 0 301095.158679125 54744.5743052955 0
66806376.8618528 11553000.975 36058072.5403266 12168.0392338299 4562678.53410437 561217.232269864 218886.26510334 1827956.28727067 65306.848201585 1127630.955 1593924.045 37963188.2472369 334303.2 223284.6 0 0 0 0 521094.855074365 94744.51910443 0
27690679.6085279 135149699.745 8795603.05576194 365550.10641251 6738508.49996516 86872.5868725869 659523.495 0 295595.407437513 14580277.32 28964602.68 10491431.1841214 3394062 1991304 0 0 0 0 215989.42129963 39270.8038726599 0
66925600.3248551 3842835.66 18883482.0663134 28426.1704585967 1290605.62251794 2650960.17069701 168667.31843108 1408569.35467201 232269.863848811 2774171.73 4120434.27 25960423.1473695 324097.2 253108.8 0 0 0 0 522024.807215059 94913.6013118289 0
69524210.3257855 4048561.79989921 9150044.69928108 24905.3233097064 0 81530.8002808003 85083.3202678158 1583379.82345144 15381.5816778748 481551.188700593 1874304.43804979 19977532.4307083 162748.710210444 295303.251816056 0 0 0 0 542294.164205182 98598.9389463968 0
0 0 0 0 0 0 0 0 0 0 0 0 0 0 0 0 0 0 0 0 0
534846.119647854 10417142.7644873 8866.4284511902 153033.640324729 152843.0484986 107.632938628115 7355.55405405405 146374.953560254 5043.36220090719 1500292.00860283 3283118.45253324 2402.21755720149 291909.012728518 157037.882848825 0 0 0 0 4171.84068792285 758.516488713245 0
3252818.9239839 71638297.7912623 0 154410.721445976 0 634.312488981654 409057.963636364 617195.701812987 12370.7629323804 6827119.19368743 28768255.6521697 0 1760105.2082976 1412902.98749618 0 0 0 0 25372.2366845555 4613.13394264646 0
9602651.33591755 27318298.8364019 116617.16011033 463463.916485106 0 539.637520097411 78368.0218808894 22755.2442900213 10759.5720778851 5041112.36831852 14198874.9881769 92050.0130502952 1754413.57532799 917628.705667641 0 0 0 0 74901.4157221404 13618.4392222073 0
11345143.3782164 183313418.95365 0 1126352.23112487 64011.0081516059 1508.33359412615 663152.235 1334210.48539047 19279.6179638285 24004089.7976331 74653299.1398366 0 5005222.66506831 3128235.85174123 0 0 0 0 88492.9870795808 16089.6340144692 0
14417265.0470385 136482348.792376 293655.783168271 657345.722602 233094.735788655 958.24505534871 139159.65192944 817352.255158637 16729.783963369 19758927.1659364 33159434.013668 104606.91470571 2156122.87808044 1972426.54529776 0 0 0 0 112455.771337379 20446.5038795234 0
659327.297896292 38351383.7225761 0 23929.0568263712 24756.2311803377 435.657149920243 63267.6338949755 0 12337.4442129309 7607878.19599333 20247893.5774019 0 1902061.46524802 1497085.35546435 0 0 0 0 5142.80341013411 935.055165478929 0
3765155.43596331 46675467.0822075 6192.4623971599 617842.67944468 110626.185345647 533.696279191368 77505.2143851459 0 7171.92931978525 13110860.8579273 6766346.62381584 67961.5528804283 587693.997132841 391406.788835049 0 0 0 0 29368.5007090407 5339.72740164376 0
628324.770187735 1510212.79863033 19633.3337474152 751492.031769923 3320.22483625931 0 0 4258588.61669381 34.1143239223285 254380.587529037 1530478.42302375 2017.14738795214 66249.1217276229 22733.1494693898 0 0 0 0 4900.98132005674 891.087512737589 0
12918515.1267145 82827112.9646247 273587.946970473 1424074.85719712 144138.602262086 950.171781659375 215343.039375 0 49913.6354399512 23577540.4998205 17328234.0510424 106358.643544808 1613868.74371294 1231727.12250075 0 0 0 0 100765.40719536 18320.9831264291 0
4054362.25916362 17711794.9966077 25926.3640262663 192955.647565115 236968.94571015 73.5774857639468 10685.1762517346 0 4208.28588251688 4628246.79451837 2524084.75638078 17043.8326767472 255131.950918015 158639.808481103 0 0 0 0 31624.3360753818 5749.87928643305 0
6833478.18929785 16203008.1050189 89784.3109801958 113502.377768441 49007.5840890671 35.2615895693668 5120.80965465162 0 10608.3674134661 4705483.67892849 2373080.9688227 20011.3099606514 118258.346141784 65553.3760198469 0 0 0 0 53301.6531351412 9691.20966093476 0
101935.530574742 151642.577399754 962.624078967833 5061.550565622 0 0 0 122583.668574547 479.651533979082 70982.2312175036 34270.9750396745 1151.88592741224 1952.36234817814 645.278137651822 0 0 0 0 795.104943972864 144.564535267793 0
12638194.1567603 174846746.688369 0 879236.724001324 431134.716401243 1660.32956024643 379203.33 16795.8974465311 35631.2530154891 38616605.146388 56480457.6942703 124147.164073204 5984274.0056453 3137728.48839582 0 0 0 0 98578.8821647537 17923.4331208643 0
110097.81677587 819414.797370015 0 4313.55514608579 0 0 0 0 206.803923354715 258083.804893231 1133361.05008674 0 184572.440909779 89878.9551106938 0 0 0 0 858.771401350848 156.140254791063 0
1246446.54926416 9237064.64782696 97889.8767257493 176394.959985738 125289.198221206 86.1908163658355 12516.9276251774 10338.9110893242 16047.9033458942 1956992.72313714 5751367.36669894 5925.31983822075 335501.22234843 247938.412516278 0 0 0 0 9722.37852817358 1767.70518694065 0
43364054.3175142 215248939.388304 2882919.15303228 9636670.1652085 930076.475052768 2848.39510957925 643338.063310345 47244654.3545387 61969.8405094995 51828715.1226595 87478060.9741539 333883.910880223 6765743.22907342 4082363.41915216 0 0 0 0 338242.944184045 61498.7171243718 0
9787187.07098725 93733323.4936238 0 764824.527840925 158394.586497596 891.073759361588 129404.804652074 64591.6303036351 27560.4551920341 10925228.955 33060618.175597 0 2554027.41797681 1385319.69779189 0 0 0 0 76340.8085861036 13880.1470156552 0
1467782.36395174 3932586.45357069 38530.7084840249 212684.308538142 10858.284101956 16.1434488737707 2344.40732428003 0 5444.9325092338 852575.189000838 1729731.31805929 14109.597019353 164795.673048172 59243.7012953717 0 0 0 0 11448.8148310417 2081.60269655304 0
291512.235695696 704513.262658726 13320.637068399 40370.3153436508 0 65.9911545015331 66654.2242105263 8322.42813701891 1347.13614426829 154714.486761687 835711.974213812 596.144719710932 62308.6442481429 14943.6401575989 0 0 0 0 2273.81776033708 413.421410970378 0
36508628.4658525 79950214.05 12333406.815318 799497.23944357 2081185.11809378 270448.079658606 893577.225 583728.715152725 65281.4468603942 8616443.13 85186485.87 14649205.1698659 3191076 1324852.2 0 0 0 0 284770.097601872 51776.3813821585 0
29432948.1534174 211606654.636382 1924629.25617181 3216634.28025046 1868294.08486031 28408.446345871 2085618.315 77292.231767833 159698.232066653 58222226.115 57893267.3970405 1626344.49105769 5294502.83523253 2386925.5115495 0 0 0 0 229579.249360164 41741.6817018479 0
21915356.1510456 29414209.0917273 1175658.3761152 274659.942629777 852380.467346624 4792.62944636906 33499.2891626794 0 12903.1948021991 9997663.03014227 3516592.25869762 3071231.20717777 442463.626537872 138113.905867296 0 0 0 0 170941.456098529 31080.2647451871 0
23609851.8162549 156307975.5 1119457.21307326 807501.310878751 882807.601198356 13464.6882419217 1327211.655 76566.483112736 70107.701686649 30400676.535 10785522.465 2657054.13445026 1370552.4 699337.8 0 0 0 0 184158.652039454 33483.3912799007 0
34470618.6642374 234100903.62 0 2071543.13562197 319314.777398453 42016.2354629097 1661055.735 0 47322.6986384881 56172895.2 155473365.3 988305.478218035 7589862 3282816.6 0 0 0 0 268873.465093139 48886.084562389 0
8247978.15755299 19528290.0682074 1795127.20233987 3515958.50539828 762190.470813503 4249.22835969838 97975.98 7474639.13006274 0 9384738.41500803 7999327.29693925 93781.568057205 887340.17042764 319974.45989678 0 0 0 0 64334.8611997667 11697.2474908667 0
167182.695547586 0 0 39943.2466611147 0 0 0 0 596.525174039025 441799.095 1008259.95494545 0 0 0 0 0 0 0 1304.03782691973 237.097786712679 0
5822.7649039365 4383.79979746232 494.670471177722 0 0 0 0 0 0 7699.32139896373 1866.22303206216 370.08758907991 0 38.8507532281205 0 0 0 0 45.4180121161676 8.25782038475775 0
44658018.2620239 109516280.385 5052893.42118513 3302334.90638783 528090.817250749 21102.9410042254 1691900.025 0 46763.8691322902 40670010.735 21290724.765 7674023.02979831 2898504 1217235.6 0 0 0 0 348335.962033674 63333.8112788499 0
42856794.0193599 84376685.8233608 2110210.40775864 73718.7664528432 1867835.79642335 1394.04228028166 15688.9641176471 5576199.07285609 30035.0374628813 16332189.2879467 6128278.4420145 6886313.71225619 1364042.88983401 497382.752962155 0 0 0 0 334286.275016096 60779.3227301993 0
6521144.95722024 13807054.6118064 154038.273288657 1234700.3662628 178098.65533338 7608.29821245799 34637.9727272727 416299.320630347 8850.50028153542 13319466.6692241 15451656.5981546 67763.1364953905 938958.081799276 359801.590541477 0 0 0 0 50865.430008703 9248.26000158236 0
14897437.8021065 51185192.07 1400539.41219855 563816.662040036 85565.7353863304 6945.04701022344 371945.85 0 26341.190814875 12652509.195 6126220.305 2131059.20198565 1037836.8 336798 0 0 0 0 116201.155595086 21127.4828354701 0
46471956.6416094 29968856.475 4813206.07342211 2796829.21563184 523627.464641538 19681.6743701195 127467.715868194 3715470.23976921 92257.6712050396 19595196 18415855.5 8732354.11784877 1442674.8 495671.4 0 0 0 0 362484.820292798 65906.3309623268 0
66165538.4824266 192976393.2 10003020.9260363 2519694.02547731 5093142.54859611 602519.813046129 4762721.25 78017.98042293 120986.588091851 41549980.185 36286492.815 12319472.4537812 3415154.4 780078.6 0 0 0 0 516096.266644046 93835.684844372 0
42442031.8710914 67617033.975 7061618.72647556 2264612.44255267 2368494.39141643 162060.556797399 342915.93 840233.703041617 123628.327575696 18505666.815 30119449.185 9658662.57344797 1555621.2 411868.8 0 0 0 0 331051.098500099 60191.1088181999 0
305075.436327219 2054679.31457291 605.93111045965 74350.7700499514 6096.28649062914 0 0 0 1682.73519243844 1628530.35092654 1393794.19798287 0 206009.861047095 50018.1636528157 0 0 0 0 2379.61176383533 432.656684333696 0
61935902.1455913 439588285.155 11515470.6793273 1837497.30113198 8317446.70103811 239407.64072343 9377571.345 0 136405.202194676 57062843.685 72936766.815 14005203.6131364 4974404.4 1585672.2 0 0 0 0 483104.779341597 87837.232607563 0
8330751.74308019 52996840.515 1511987.08894314 1878350.45186762 1320412.10896677 11683.3962593743 1479618.735 0 41658.1995529364 14264576.94 33181198.56 427474.641911403 2050498.8 853448.4 0 0 0 0 64980.5015050848 11814.6366372881 0
28827938.9750563 134160868.095 1417059.25097364 1816631.19582986 574291.959869017 17169.2906246817 1995807 0 51945.7427352164 32922650.835 22597071.165 2483691.08173646 2805969.6 1379851.2 0 0 0 0 224860.131441695 40883.6602621263 0
1091378.51432734 2231960.22873276 26449.2140076482 774025.243827393 0 0 0 45994.3210167739 0 2034434.04766868 1344251.10233383 20044.3310138324 266704.748909257 108521.589313058 0 0 0 0 8512.83598167145 1547.7883603039 0
16668.3648876246 39978.1965439492 0 4632.40301852705 0 0 0 0 0 74919.1679784582 52369.3890606364 182.054604832633 8917.85197224053 2954.02757337262 0 0 0 0 130.014522466987 23.6390040849068 0
30239706.6854111 65018856.135 1847173.80122307 2169257.5799636 1215534.20887619 13609.3045574712 144242.415 14288.1766472226 46128.8356025198 26270263.23 18998268.27 5546855.65144501 1923717.6 686977.2 0 0 0 0 235872.027685481 42885.823215542 0
1986491.88173404 13919409.9299306 1464260.60682556 42517.1424651328 0 4778.28154939029 30946.3830882505 0 5692.55451797241 5026234.88083562 16531055.066751 0 945671.492371556 263013.614935026 0 0 0 0 15494.7887887883 2817.23432523423 0
302044479.921229 1243351771.78697 21428782.020525 832171.768578727 14168075.5954208 77908.6734869919 3349375.72791946 10332392.8840344 1162390.77423288 161843254.458954 37940000.2699003 35921189.9059658 8314564.74889613 2902594.35697317 0 0 0 0 2355970.07177976 428358.194869047 0
59579392.6034078 178096985.993712 7888996.49087843 758590.598361361 3275886.08089671 228612.070717334 451778.13 0 163873.288873289 20892513.8136662 9811527.60577512 13490952.8258773 1916506.14979416 550245.781160857 0 0 0 0 464723.824468011 84495.2408123657 0
15680669.7925308 15522165.9683563 1903160.62979405 1604069.73766606 0 8709.33289527399 58600.2906382979 3590732.18967441 86785.8505855938 8626703.10227332 14050690.674548 1156880.67971542 811585.529552217 436506.183945114 0 0 0 0 122310.425094668 22238.2591081215 0
48650777.6937664 67010127.21 1763377.12315308 2702260.88029364 180058.175991082 57102.2149969518 398254.215 2050149.2320672 135033.529770372 33538629.45 29964320.55 5390311.80855494 1946170.8 1134000 0 0 0 0 379479.79133807 68996.3256978309 0
1541.61106837745 29163.664338143 0 3319.38664430167 0 0 0 0 0 2328.09357178589 39502.933030722 0 8581.10119139124 5842.5442159877 0 0 0 0 12.0246843788335 2.186306250697 0
34558368.1142702 125684131.455 2125561.66091058 1883609.38897628 321339.615411412 12573.392776177 65317.32 0 71047.5513107092 31397672.85 10151400.15 2708437.09261724 1806915.6 896994 0 0 0 0 269557.917522617 49010.5304586577 0
19780767.0645848 14744477.805 1955491.68973185 1586641.37441782 359463.178429597 7400.97808888711 449056.575 368141.356900746 32132.6966063808 8161943.445 6534453.555 5387481.39136777 528670.8 151615.8 0 0 0 0 154291.497772653 28052.9995950278 0
84416467.3577614 36759136.2 7388123.67834486 2595586.19413343 3797877.62140319 21098.6111744185 608721.135 2930164.83566329 84586.4661654135 15568201.785 17816206.215 18910588.7539905 1287090 562010.4 0 0 0 0 658454.909396542 119719.074435735 0
31945436.2799547 71706623.955 4704289.44281605 2431433.33024891 2077701.52581342 18401.127204737 73481.985 88495.9766308933 59413.737045316 24332516.07 28556369.43 7400425.10688907 1959098.4 913323.6 0 0 0 0 249176.849135427 45304.8816609867 0
1623434.1734339 22105840.4663508 502796.130055885 558458.95784647 99555.6464765242 0 0 6515635.34758825 3454.53115992407 5672498.95338771 8007676.01576764 0 602829.495574437 475835.505609471 0 0 0 0 12662.9108636988 2302.34742976342 0
36110176.866367 23866419.6893343 3077104.00451472 1431525.11260219 1216932.00027869 26417.3948384475 23704.8374575957 13578606.0054256 212146.074646075 5999162.93351064 10535977.0324246 5247843.00817462 672435.330519545 246527.548096239 0 0 0 0 281662.144615327 51211.2990209685 0
40101989.296537 65077823.16 3395303.1404023 3303476.14200672 1051696.50944053 140825.035561878 503487.675 253286.280628861 132493.39565129 23000768.49 27075843.51 6839322.11508367 1625022 665544.6 0 0 0 0 312798.587234942 56872.4704063531 0
685721.372520642 2846957.10678134 2652.84126402414 194351.121054922 102170.300321384 8497.05261209898 142580.941348315 0 0 2083241.8273663 7812316.53774897 7815.01041811084 277333.315171385 165059.552899674 0 0 0 0 5348.67921327247 972.487129685903 0
2994299.72646263 15817677.66 0 341969.710989791 0 4031.7210246693 26111.3084368773 200546.904860545 4737.35109429798 5930268.345 10126906.155 0 777243.6 252995.4 0 0 0 0 23355.7671483486 4246.50311788156 0
3075008.61396836 81987751.56 0 408839.949415502 0 20489.4041205915 1444238.52 0 14935.9886201991 27197406.3 58259420.7 0 5342500.8 2674198.8 0 0 0 0 23985.3026509995 4360.96411836355 0
17743713.9944629 106081677.975 79959.2855373847 2001079.54720706 411717.062634989 26535.1454799276 3124345.14 0 36831.9447266816 42347395.8 103165078.2 382079.104717271 4847169.6 3136303.8 0 0 0 0 138402.327842828 25164.0596077868 0
36294688.5850204 60908400.9 3155860.73258817 1864563.0918232 485982.895561903 13130.8583638118 296649.495 653158.53624586 106711.034342613 21312497.205 11346162.795 11910613.2479854 1008126 228614.4 0 0 0 0 283101.350149404 51472.9727544371 0
248120.653428752 2087195.90160283 0 0 0 572.127128353208 3705.36250453015 0 0 184372.010294118 4479612.07536595 0 176046.754959192 102030.724913543 0 0 0 0 1935.36009603959 351.88365382538 0
8205002.88066245 36422570.565 0 524922.118380062 0 8523.05348333811 252197.43 423955.919962133 10014.7546169477 10822717.05 24648216.45 120129.437155213 1519786.8 576752.4 0 0 0 0 63999.6507492828 11636.3001362332 0
148791298.863784 145127827.56 34147350.4301418 2603250.97930354 9005891.62544416 232930.298719772 1605717.45 2218885.79437726 106939.646413331 32130678.33 50060282.67 35223752.6433103 3994628.4 1825626.6 0 0 0 0 1160583.52450518 211015.186273668 0
17849094.5589991 0 23589959.4772309 26917.4093364073 1475624.25665382 51521.9493828007 50266.9943321211 7808483.842797 5474.33985164215 120238.753149129 0 12219364.5540293 117586.678450844 111034.046573982 0 0 0 0 139224.304315495 25313.5098755446 0
3734834.43379866 8264455.35 714761.986408555 51639.2411397917 199849.968348114 126855.270104253 123765.37028816 0 26765.6756234327 4175772.555 51525386.445 130226.406159423 8091316.8 3928969.8 0 0 0 0 29131.994570392 5296.72628552583 0
0 3900895.5 0 0 36951.5724707626 0 0 0 0 1864265.175 5483933.325 0 1820523.6 1094083.2 0 0 0 0 0 0 0
3172668.82100798 24250869.42 1477178.400651 25512.7067320373 2508774.29805616 550066.043487096 61147.0952331768 0 13223.758087709 2401318.695 12476515.305 2850583.9096226 2485501.2 878623.2 0 0 0 0 24747.0597440248 4499.46540800451 0
416227.262708129 4875212.19 0 23698.22685371 91714.9396870373 0 0 0 12283.2760283952 619607.355 19973492.145 33148.5397496714 4672760.4 3743447.4 0 0 0 0 3246.60452081396 590.291731057083 0
521759.15635992 5130125.62029084 216556.062181508 20989.4821257827 211462.518482392 63940.5182577873 62383.075705789 0 13041.3512224845 771288.687 13349664.2799408 81512.3862503413 3059953.30596767 1117839.86841731 0 0 0 0 4069.76137217143 739.956613122078 0
0 0 0 0 0 0 0 0 0 0 0 0 0 0 0 0 0 0 0 0 0
30460711.660347 154578880.89 4513100.20493309 281730.976836001 2223381.0004877 247860.112222166 241822.81543077 0 50320.0568990043 33463333.095 73312341.405 2510607.2605644 14947707.6 10908966.6 0 0 0 0 237595.883412953 43199.2515296277 0
504859.849503937 2209902.66 0 14164.7980918999 54819.4432730007 34796.7795083561 33949.2107592207 0 7341.90477301694 0 12609871.5 0 2534263.2 1768019.4 0 0 0 0 3937.94548466737 715.99008812134 0
52577.3750589547 2570310.01870599 73548.3370297469 1504.35855114778 7047.1163013985 1738.31812300985 1695.97672998625 0 320.298816539418 64100.4239919355 4618336.55300823 0 1036412.34402432 506035.552384571 0 0 0 0 410.107551457128 74.5650093558414 0
1901412.53448375 20919782.9852306 183546.986348649 25120.8317673894 108391.016827972 69640.0700045448 67943.7996066112 0 11480.4638217388 6968640.63793103 19393555.8914558 0 3755041.52254335 2894484.54277457 0 0 0 0 14831.1633654714 2696.57515735844 0
734671.660492901 3440045.52 601191.496773597 26312.263382596 79687.1734132237 64637.8452661149 63063.4174474184 0 13638.184664844 1074107.04 26232161.46 0 4185140.4 1290832.2 0 0 0 0 5730.49520771712 1041.90821958493 0
341927.548615902 3058969.57030916 89740.1826748087 3756.13885376077 423709.614600478 0 0 0 444.105528219122 202386.253611111 3166236.53805055 47510.9550772149 660591.808263103 410086.117557306 0 0 0 0 2667.06106155679 484.920193010326 0
20745250.5360666 6088118.535 13422083.2414809 26274.7224195961 5328785.79391068 857930.298719772 62973.4418574582 0 0 1479618.735 4689239.265 14060995.4903834 903344.4 402683.4 0 0 0 0 161814.54270342 29420.8259460764 0
10642803.7885635 0 12343503.7843222 260386.786342186 1294764.16080262 0 0 0 0 0 816466.5 4833236.71813127 203893.2 113626.8 0 0 0 0 83014.6845001738 15093.5790000316 0
662229.914351738 0 1281172.01043989 52928.6573517165 29021.9082673727 18421.7292733595 17973.018724345 0 56746.5962202804 0 2721555 1214684.42209141 676998 289737 0 0 0 0 5165.44404074809 939.171643772379 0
5777088.1981914 16786551.24 1849133.32081418 50430.2766725271 415679.648853898 82232.8132836614 80229.8129003652 0 17350.6138463458 3576123.27 22822960.23 1589524.19054151 4434620.4 1885615.2 0 0 0 0 45061.7303137622 8193.04187522949 0
95773.0302062516 1840702.39639073 0 0 0 32678.9116338762 31882.9292283787 0 0 849867.402272727 5467191.54663416 0 1411071.22438642 645440.410035894 0 0 0 0 747.03696921868 135.824903494306 0
12318727.5173566 49635720.09 1863230.97565025 50810.7055002507 1356554.3788755 124819.916562545 121779.593232546 0 26336.2286431725 3852814.695 40145657.805 3411986.27247664 6126094.8 2282515.2 0 0 0 0 96087.0179149464 17470.3668936266 0
1898817.63513864 13426338 524307.568372265 19373.1127480929 157697.868041524 47591.3548722878 46432.139976867 0 10041.4808619656 2203552.365 16847332.635 0 3019161.6 1067774.4 0 0 0 0 14810.9229518809 2692.89508216016 0
378311.457028257 744122.090657958 1161019.29682754 1692.98109678035 41810.6439822283 6742.49470338431 6578.26318878606 0 1321.00854421252 91914.3347727273 862700.502586247 814213.270406284 328721.219943674 118658.543037447 0 0 0 0 2950.85833319122 536.519696943858 0
31468836.8068661 0 20330423.9910515 34005.7370223004 7475462.44687522 0 0 0 0 502580.49 1674663.51 10180928.9755795 361972.8 284520.6 0 0 0 0 245459.336750776 44628.9703183229 0
16190.8406546452 0 0 2786.5932360082 10784.4452730769 6845.45376388406 6678.7144056476 0 1444.34830960314 0 2630836.5 0 202305.6 419806.8 0 0 0 0 126.289796884376 22.9617812517048 0
19219950.6885153 88645582.275 1798621.26024325 173884.210850992 1877199.01762698 204357.261642323 1451496 0 36831.9447266816 8969338.095 62063247.405 7617741.27265355 10748278.8 7467730.2 0 0 0 0 149917.087096026 27257.6521992775 0
948219.036096971 3864608.1 504168.061463598 18684.2031463759 236993.137323208 45899.0020864162 44781.0089751399 0 9684.40491494479 1226514.12 18277963.38 0 2856092.4 1313058.6 0 0 0 0 7396.18108935121 1344.76019806386 0
5052670.73677978 11960327.04 891581.413956678 112087.844298449 71500.7315543789 104312.677976577 101771.863359801 0 22009.3284247325 6030058.695 23362735.305 584127.347000983 5513734.8 2209825.8 0 0 0 0 39411.2186440719 7165.67611710398 0
0 0 0 0 0 0 0 0 0 0 19991.5031313173 0 6751.90241897926 4721.19649343889 0 0 0 0 0 0 0
11328289.6376738 0 2069660.92146409 11493.4621984351 1611814.60321884 28234.4631608463 27546.7371999424 86504.021847636 5957.29670311613 0 907185 4945038.19702425 107503.2 162048.6 0 0 0 0 88361.5266128103 16065.7321114201 0
5091062.65439269 14378882.25 2765644.1784578 18017.6863997817 69730.5765387771 44261.6588557259 43183.5476235645 0 9338.93564306618 724840.815 15513770.685 2861361.26737373 2123074.8 784501.2 0 0 0 0 39710.6785412295 7220.12337113264 0
738842.028540309 5107451.55 56445.0504440217 12551.8539096772 48577.1585947295 0 0 0 6505.88278998265 495323.01 10935207.99 0 2241464.4 793233 0 0 0 0 5763.0243978237 1047.82261778613 0
25644991.4233903 14176579.995 15956558.539287 41372.1170660192 8019860.8304884 882086.974192237 99157.8356935867 0 157488.315383052 5209963.455 19011876.045 12561908.5720817 2505232.8 1311130.8 0 0 0 0 200032.896811466 36369.6176020847 0
3275554.25389522 0 3803182.58640257 9842.97705321261 91705.566780464 0 0 0 5101.8164705788 472643.385 2793222.615 3606060.35864652 534340.8 177244.2 0 0 0 0 25549.5739987719 4645.3770906858 0
0 4193009.07 0 25365.8359469676 98168.7840338656 0 0 0 13147.6319536883 1515906.135 13089772.365 0 6245164.8 3920238 0 0 0 0 0 0 0
8173586.47351903 1287209.04086435 10591247.470071 19007.8862942925 95631.5973581812 83130.4829065187 95206.1530110227 9071.8581887128 1940.58022276689 52875.9257142857 1359719.81702578 3848935.71166385 266785.078134144 125317.31914625 0 7195461.27828925 0 0 63754.6003679216 11591.7455214403 0
3470261.3785557 0 1215174.30198918 3985.92821184628 563906.500383195 9791.70082227047 9553.19772701 29999.5610693882 0 0 1270059 963920.345528621 166698 80740.8 0 0 0 0 27068.3044803951 4921.50990552638 0
27504705.7251903 0 13955045.3547139 23081.106111063 5638738.41705567 0 0 173716.889900315 11963.409716389 221353.14 957987.36 9431195.00757953 174862.8 219542.4 0 0 0 0 214538.810769053 39007.0565034642 0
15760826.6458039 163293.3 5262453.15523478 14593.5554061616 1291541.83794329 35850.0506972685 34976.8267077144 0 0 184158.555 5893980.945 6094786.31711014 664524 268871.4 0 0 0 0 122935.654688033 22351.9372160061 0
25827211.9754853 7848964.62 18216701.0943373 49597.4831127973 4977922.73392322 406040.438935176 61598.5517021003 193435.70251334 0 763849.77 1504112.73 9233855.05542447 594896.4 200944.8 0 0 0 0 201454.231070946 36628.0420128993 0
10407840.3464572 0 4880183.54166837 9022.34477430308 1670839.71991918 22163.9969537811 21624.1334537855 67905.4836565678 0 0 0 5022330.35867373 118843.2 46947.6 0 0 0 0 81181.9516599335 14760.3548472606 0
15137994.4437118 17994921.66 6563900.75033271 107368.680793313 670373.789451683 200755.753706042 195865.809709659 0 42358.2195585385 5868579.765 61716702.735 7562738.64635298 10848070.8 4173120 0 0 0 0 118077.515819704 21468.6392399462 0
6737548.49108635 21539293.455 1481396.81088187 28440.9018460274 694432.348637915 69866.9888645251 68165.1912500781 0 14741.5015489464 3453653.295 26029859.205 1731289.9898486 3668716.8 1325759.4 0 0 0 0 52553.3941434851 9555.16257154275 0
13894390.6919745 42090662.445 1263345.82527073 9654.23645168255 606471.643558838 92584.3172263062 90329.1782436252 0 19534.7170098629 3577937.64 35884609.86 2589450.70855684 5038815.6 2778073.2 0 0 0 0 108377.311329921 19704.9656963493 0
2037445.57534985 0 455724.38268329 3914.13935277635 15148.1820510272 9615.34666007161 9381.1391427 0 2028.77854029105 0 1723651.5 1726962.71741822 157852.8 107956.8 0 0 0 0 15892.2315006591 2889.49663648347 0
9959525.78136075 0 6724744.65010328 10060.3194705803 1133364.97596321 24713.8516292435 24111.8795902309 75717.6628114515 5214.46949401747 0 1360777.5 4128190.68302865 112039.2 74163.6 0 0 0 0 77685.063723476 14124.557040632 0
2614.84492384312 27777.2537476213 0 0 0 0 0 0 0 81588.6202185918 80041.9944544052 0 13220.6755422332 8618.93892174672 0 0 0 0 20.3959906319964 3.70836193309026 0
281131.869548839 498951.75 0 23748.2814710432 91908.6569739089 58339.2511978567 56918.242505044 0 12309.2203610659 1138517.175 18365960.325 0 4412167.2 2029179.6 0 0 0 0 2192.85010953781 398.700019915965 0
5785036.42905823 0 5557360.85369737 7827.62009216673 30293.8151903851 0 0 58913.5464821015 0 36287.4 961616.1 2623061.91265441 191646 84142.8 0 0 0 0 45123.7271231418 8204.31402238942 0
4072663.23674474 0 25935015.235815 12367.2958030774 982227.274827658 0 0 9290687.24725587 5859.3440458042 0 0 9365465.91785748 115679.009708738 59942.759576346 0 0 0 0 31767.0851018718 5775.83365488578 0
29253610.8948129 276691.425 18313425.1585986 20719.3185090007 3318687.73078799 50898.3998955398 49658.6330624599 155941.208143074 0 247661.505 1022397.495 11541679.2538585 105008.4 16443 0 0 0 0 228180.405010691 41487.3463655802 0
505003.922903248 8455906.21774933 157900.931164919 22959.5187620877 247257.013567222 57817.4539297694 56409.1550067707 0 5727.45970818863 1269266.16605042 10694736.018164 296298.276037977 2136758.50354945 526849.422546575 0 0 0 0 3939.0692682141 716.194412402563 0
11964246.2333268 32870034.105 1027250.93009142 37980.9167416972 1597205.28809308 93302.6772998502 91030.0407338421 0 19686.2865323077 2996432.055 30206538.945 3098109.33575007 5021578.8 2618406 0 0 0 0 93322.0367558869 16967.6430465249 0
6386943.19618304 23401744.26 491240.675272224 41639.6779864902 572288.89430781 64793.1663630974 870897.6 0 13670.9564534807 3282195.33 24749821.17 486995.049491477 3790508.4 1806008.4 0 0 0 0 49818.645996407 9057.93563571037 0
1922367.94881812 22277742.045 532553.879984868 13493.6710516039 186698.773775517 33148.1107810108 32340.6997737906 0 6994.04589155024 2497480.305 11291731.695 678048.209625051 1521147.6 768852 0 0 0 0 14994.6172018945 2726.29403670809 0
1200167.77706595 13647321.1062777 616523.179533981 23887.9075088673 530784.539619528 58682.251953693 57252.8885589314 0 12143.4838674917 1370756.535 18779604.2997209 0 3144348.72218755 1530062.54785019 0 0 0 0 9361.40056133199 1702.07282933309 0
5446184.81354995 0 6892587.91253336 8522.4918782198 118236.753101362 0 0 0 0 0 516370.124362074 2043338.85299704 120307.378604651 78230.176744186 0 405558.027816909 0 0 42480.6585753573 7723.75610461042 0
5243845.31438834 17780826 965526.062971339 18165.8744116233 70304.0816643839 44625.6926767786 43538.7144260393 0 9415.74452268346 0 13607775 2011882.30907611 1683309.6 615195 0 0 0 0 40902.394988193 7436.79908876236 0
1105736.29040527 3352048.575 110331.839199645 24896.2446027762 96351.4100136095 0 0 0 12904.2331485011 5194541.31 22656038.19 0 3986690.4 1933470 0 0 0 0 8624.82773449451 1568.15049718082 0
21693665.8247776 2536489.26 12422673.8189132 17114.7274476268 3298199.85368912 0 0 128811.730659141 0 259454.91 1554915.09 6515810.8737008 182120.4 151162.2 0 0 0 0 169212.254578188 30765.8644687614 0
19593.6892287212 338429.042027027 0 0 0 0 0 0 0 231371.86434375 1652777.31639498 0 309575.081193429 123407.29339591 0 0 0 0 152.832276327842 27.7876866050622 0
2194398.60339291 23053385.22 95417.7178672806 28392.0915456032 90573.3992893472 107995.082317537 105364.572881723 0 22786.292913661 5603681.745 37578324.255 287613.931095671 7798064.4 5910067.8 0 0 0 0 17116.4771377291 3112.08675231439 0
33493599.5570365 327090994.86 4014756.27114308 74334.5362573641 1522373.37142061 246680.642641955 240672.074990752 0 303038.000406421 21902167.455 71084295.045 4474562.98630786 12680614.8 5982303.6 0 0 0 0 261252.641243876 47500.4802261592 0
13365955.9972143 44269720.815 1465502.92975394 52589.3710866414 1876872.43085069 30227.5960170697 121487.567194955 0 73028.8559235927 8152871.595 33033327.405 4293606.79517849 6994512 3284744.4 0 0 0 0 104255.480247063 18955.5418631024 0
4724487.30302547 12002057.55 1285934.73166829 16979.7117035045 664974.221417125 41711.8041802635 40695.8014871191 0 8800.93211294693 1117651.92 14304493.08 2528487.87683331 1764050.4 591834.6 0 0 0 0 36851.362730861 6700.24776924745 0
2864797.53280222 539775.075 353067.32854884 7919.82596620151 30650.662824096 19455.5853251491 18981.6924433733 0 0 425469.765 6741291.735 1276028.27151321 849819.6 187790.4 0 0 0 0 22345.6401214507 4062.84365844558 0
4162291.52933988 699718.196867252 4431965.77809798 10385.5098298994 192005.808890127 746461.59317212 37170.9682874474 83376.1760058012 11483.7809347789 108862.2 1662281.81458233 2055379.93390235 65495.9749673032 67162.892675909 0 1884208.3069427 0 0 32466.192647204 5902.94411767346 0
709943.831129442 3098943.96 95526.580066787 16329.0016781733 63195.1670185291 40113.2912238189 39136.2245944744 0 8463.6557882275 2237118.21 11370656.79 0 2741785.2 1343903.4 0 0 0 0 5537.6162452028 1006.8393173096 0
29251697.4318265 2482058.16 18567836.1188449 27721.6960285562 7217937.88754964 962126.600284495 66441.4483687339 103192.386896608 14368.7224532039 880876.635 1840678.365 10283858.1852127 406879.2 673482.6 0 0 0 0 228165.479852877 41484.6327005232 0
0 0 0 623.706876506681 2413.81935088723 0 0 4694.24724598655 0 0 0 84313.7735176371 70081.2 8505 0 0 0 0 0 0 0
0 0 0 0 0 0 0 0 0 0 0 0 0 0 0 0 0 0 0 0 0
0 0 0 0 0 0 0 0 0 0 0 0 0 0 0 0 0 0 0 0 0
0 0 0 0 0 0 0 0 0 0 0 0 0 0 0 0 0 0 0 0 0
3977226.09315167 1051523.89080249 5963721.65896932 365.644041039618 0 0 0 75609.7758941886 1686.08901834145 412022.553716814 564727.505124555 2575723.28424811 83686.8742878845 26445.9308773263 0 17134.6055636105 0 0 31022.6680739557 5640.48510435558 0
0 0 0 0 0 0 0 0 0 0 0 0 0 0 0 0 0 0 0 0 0
0 0 0 0 0 0 0 0 0 0 0 0 0 0 0 0 0 0 0 0 0
0 0 0 0 0 0 0 0 0 0 0 0 0 0 0 0 0 0 0 0 0
0 0 0 0 0 0 0 0 0 0 0 0 0 0 0 0 0 0 0 0 0
0 0 0 0 0 0 0 0 0 0 0 0 0 0 0 0 0 0 0 0 0
0 0 0 0 0 0 0 0 0 0 0 0 0 0 0 0 0 0 0 0 0
0 0 0 0 0 0 0 0 0 0 0 0 0 0 0 0 0 0 0 0 0
0 0 0 0 0 0 0 0 0 0 0 0 0 0 0 0 0 0 0 0 0
0 0 0 0 0 0 0 0 0 0 0 0 0 0 0 0 0 0 0 0 0
0 0 0 0 0 0 0 0 0 0 0 0 0 0 0 0 0 0 0 0 0
0 0 0 0 0 0 0 0 0 0 0 0 0 0 0 0 0 0 0 0 0
0 0 0 0 0 0 0 0 0 0 0 0 0 0 0 0 0 0 0 0 0
0 0 0 0 0 0 0 0 0 0 0 0 0 0 0 0 0 0 0 0 0
0 0 0 0 0 0 0 0 0 0 0 0 0 0 0 0 0 0 0 0 0
0 0 0 0 0 0 0 0 0 0 0 0 0 0 0 0 0 0 0 0 0
0 0 0 0 0 0 0 0 0 0 0 0 0 0 0 0 0 0 0 0 0
0 0 0 0 0 0 0 0 0 0 0 0 0 0 0 0 0 0 0 0 0
0 0 0 0 0 0 0 0 0 0 0 0 0 0 0 0 0 0 0 0 0
0 0 0 0 0 0 0 0 0 0 0 0 0 0 0 0 0 0 0 0 0
6432892.05876797 0 8576374.28676472 1719.52140131258 110891.039403576 50053.9492925704 48834.7513153266 230031.00316616 28538.9148547043 0 0 3529452.08587193 152099.850760319 219816.792143374 0 1944144.36994174 0 0 50177.050643003 9123.10011690963 0
1300885.96063617 0 5106626.81320508 0 47324.7933278489 0 0 93003.1266742225 432.1469287558 0 0 342157.533124192 12728.1 6643.35 0 0 0 0 10147.0101054539 1844.91092826435 0
0 0 0 0 0 0 0 0 0 0 0 0 0 0 0 0 0 0 0 0 0
0 0 0 0 0 0 0 0 0 0 0 0 0 0 0 0 0 0 0 0 0
0 0 0 0 0 0 0 0 0 0 0 0 0 0 0 0 0 0 0 0 0
4971422.15458556 18237140.055 1124056.6410024 145137.410937355 590490.663972689 588.402488498139 40438.3849592137 0 4736.7613758284 9242400.78 20876141.22 584290.640300242 2777846.4 1514457 0 0 0 0 38777.4734815248 7050.4497239136 0
721252.888010944 8000464.515 96409.6636123159 37475.7101878412 4082.3990710133 403.839883227082 175086.705 0 3250.99434193699 1873337.025 24253590.975 17171.4529720183 4185820.8 5695174.8 0 0 0 0 5625.82775484477 1022.87777360814 0
1607284.37704803 6069974.835 308188.886802363 146247.802350329 48770.2919250331 599.320908162741 457221.24 0 4824.65690578168 1568522.865 37531150.635 25483.3938327904 5285347.2 3567564 0 0 0 0 12536.9412152537 2279.44385731886 0
6907159.81273214 39844472.385 44361.3462988213 61688.4118318374 158285.724238835 516.18747065161 2518345.56 0 4155.41558960765 4201173.735 27731738.265 1207336.22362473 4797273.6 5606836.2 0 0 0 0 53876.3754399375 9795.70462544318 0
21825645.7076897 53957549.43 6192027.47681916 106720.952469079 1213574.68821849 661.90410931055 45489.8368066133 0 5328.46458125445 7768225.155 20535946.845 6429047.70069427 3033223.2 1124247.6 0 0 0 0 170241.707770973 30953.0377765405 0
1238844.62584785 3760281.825 81440.8466974408 58897.0111964468 28151.7801156553 341.138645109926 328400.97 0 2746.23644451878 2126441.64 21006775.86 14505.3682034403 2742012 2141218.8 0 0 0 0 9663.08294342576 1756.92417153196 0
201079.707703259 822681.928517338 19918.4373195229 0 0 401.220156842691 27574.1443534907 0 0 40300.6236658933 1540300.24671775 0 387417.401452277 446733.889183886 0 0 0 0 1568.43711732341 285.170384967892 0
354407.689299484 1685549.73 112808.454238414 118827.303291077 29436.3547690378 145.433349932507 9995.01175715604 0 1170.76845897775 650451.645 5699843.355 6183.89127139502 824191.2 418446 0 0 0 0 2764.40711452816 502.619475368756 0
2400488.37966515 21167347.605 32522.5821025101 5598.04795825531 5531.57735755515 547.195782499081 326586.6 0 4405.03889467497 5123780.88 25357635.12 379384.76527949 6001808.4 8119893.6 0 0 0 0 18723.9931735256 3404.36239518647 0
34012.4732022353 175295.038632783 0 8387.72381602615 0 0 0 0 0 74779.1104551201 2165.50893215284 954.120975767258 10802.0835832976 5239.36067534864 0 0 0 0 265.299895408039 48.2363446196434 0
6133.13492904126 2729.56742885182 0 3531.12978071897 0 0 0 0 0 0 3049.9013699935 0 612.171875 851.921875 0 0 0 0 47.8389220778893 8.69798583234351 0
