83919011.3021146 4007930.84217047 17151026.5069079 0 3195865.90512073 345385.714038232 0 0 58355.347829032 981029.174547312 3324336.51165181 38455284.2083053 199450.202587968 187433.990192963 0 0 0 0 211363.211741528 38429.674862096 0
17475367.2400076 1480587.40291904 420148.141612172 0 2593683.71741766 0 0 0 0 352051.442105263 1662892.80038568 7342718.30378254 57615.623522476 59743.2314812085 0 0 0 0 44014.4573785942 8002.62861428985 0
272058273.26239 9094923.15330513 29848882.2163793 0 7246576.04264226 151410.606208083 0 0 217435.480593375 1087469.28059829 2404871.20661979 63916291.676577 96161.9764813912 248093.018003386 0 0 0 0 685221.495407966 124585.726437812 0
0 0 0 0 0 0 0 0 0 0 0 0 0 0 0 0 0 0 0 0 0
2667088.4292451 2803201.65 1170132.56694345 0 489880.164425556 24803.7354368714 11222.8380058541 0 88906.6975119674 2238025.395 14724519.735 0 299376 897447.6 0 0 0 0 6717.48114827596 1221.36020877745 0
12933872.0522177 0 2120417.9219839 7936.53340595569 0 27249.4642764753 12329.446268266 0 37396.235383521 1034190.9 7805419.74 4804061.64866358 96843.6 448950.6 0 0 0 0 32575.988382049 5922.90697855436 0
80550791.9626814 12542739.81 9468126.50876205 0 1736200.62007943 597203.294905224 0 0 129703.33360838 4646601.57 18046631.205 20480599.3952705 146059.2 1235493 0 0 0 0 202879.822264147 36887.2404116632 0
10704542.7417125 2066300.77590102 3523107.36262271 6902.40053964465 47921.1663066955 1429612.28250884 10722.9154370769 0 0 288484.83 4309128.75 0 23133.6 272386.8 0 0 0 0 26961.0723363681 4902.01315206693 0
151504535.84129 0 34497342.4015546 59434.2775190832 7779950.18463039 3851097.33793944 92331.461821209 0 201788.254419833 2390432.475 4135856.415 68006161.6004921 70081.2 276129 0 0 0 0 381587.971449533 69379.6311726424 0
136786778.428374 71224001.535 17227796.8740219 29456.2166497024 3922437.8178778 261259.157837935 638658.24 0 46992.4812030075 9850214.73 47072922.465 39328510.7378952 476960.4 1558002.6 0 0 0 0 344518.987578555 62639.8159233736 0
67633377.3715894 26231124.9746792 8636702.9576886 0 3418447.81587586 101249.685644426 45812.0037210965 3485399.48092664 0 4632325.61635739 13602483.661647 25600105.4286093 325969.470305849 709082.310069755 0 0 0 0 170345.284583038 30971.8699241888 0
15803252.3580878 225889.065 11576977.8220484 0 795412.979864837 3004599.80055408 22022.0128178293 0 0 1048705.86 7648476.735 11312333.8150486 82101.6 445775.4 0 0 0 0 39802.9733970798 7236.9042540145 0
110101503.913042 15833366.459099 29478658.9265643 52890.7690817764 947645.962516547 3966546.4336517 82166.0871472768 0 0 138799.305 1121280.66 67068150.458446 34700.4 121451.4 0 0 0 0 277307.932059091 50419.6240107438 0
120850171.648824 177593257.155 26859298.3286931 0 3848585.66153417 263483.274329704 0 0 181390.977443609 18826810.305 56709948.72 57247065.4833346 1008579.6 2553994.8 0 0 0 0 304380.140124061 55341.8436589202 0
3371967.81544334 3194681.95086825 14256.6575849597 51800.1258810067 0 0 0 0 0 1788776.45306024 6430019.94790452 213435.080577973 102691.348539299 543280.660462573 0 0 0 0 8492.8306030127 1544.15101872958 0
75685967.4173189 26366424.84 8705601.2323201 0 3722915.0700202 96898.4282906783 43843.2092817599 0 0 2832231.57 15556408.38 21447513.4512855 309582 1037156.4 0 0 0 0 190626.997492832 34659.4540896059 0
20449661.9498802 3936275.715 1831688.15334329 9733.72106128 205749.669058733 33419.9669767011 15121.3867159285 0 45864.4228337789 2929300.365 9659705.88 4570198.42857415 53071.2 538650 0 0 0 0 51505.6857997834 9364.67014541517 0
178747940.048256 47032099.14 35911271.8642924 59554.2718390138 2621773.32265032 204474.916185814 92517.8736265157 7172460.83206233 0 4291892.235 3093500.85 66665714.122421 111358.8 381250.8 0 0 0 0 450204.764266919 81855.4116848943 0
52937235.0593062 3961676.895 14786262.6790443 0 0 91220.4421944462 41274.1156740778 0 0 1484154.66 18391361.505 22707457.3328217 114534 949725 0 0 0 0 133330.741738246 24241.9530433174 0
12196555.2048146 0 3942934.43501879 0 0 2699606.10518698 15011.23428552 0 250609.63218858 471736.2 4554975.885 3697314.09738268 26762.4 414023.4 0 0 0 0 30718.9400860769 5585.26183383217 0
239190040.490472 23733773.97 32613264.3146989 74080.6751240676 4527472.47962098 0 115084.717311673 8921958.48144061 59743.9544807966 2015765.07 4111362.42 84983520.9845497 46267.2 353694.6 0 0 0 0 602437.688316501 109534.125148455 0
34475056.265754 1739980.83 9298491.98638134 187764.103513155 650865.67268167 542166.226376753 31345.1450623301 0 0 2095597.35 8327051.115 18675337.5408573 155131.2 531619.2 0 0 0 0 86830.8444562911 15787.4262647802 0
58274626.4876546 0 15165538.5821243 0 2037705.53194454 0 32180.6088806594 2494806.11368369 97606.4616611055 0 1094972.295 29367428.9742187 66225.6 240294.6 0 0 0 0 146773.800433922 26686.1455334403 0
116656438.789019 0 25600932.9490498 0 4411708.35365429 2191145.09246088 68722.406679109 5327713.99590079 0 514373.895 1504112.73 54291456.7667383 20638.8 198563.4 0 0 0 0 293817.565176138 53421.3754865705 0
73218885.5064401 165998525.67 14089136.3689558 36365.3187748681 3572206.15899115 704988.823409876 6738570.18 0 0 10758306.915 29772904.515 28299735.7370107 582422.4 2473594.2 0 0 0 0 184413.264177559 33529.6843959198 0
98077505.8136635 0 6449622.65640096 0 467127.952344458 1131121.72322699 55575.2904466566 4308482.00822559 531446.860394229 1153032.135 4140392.34 28903104.4777744 31752 235645.2 0 0 0 0 247023.604147871 44913.3825723402 0
73462929.7869692 0 7035698.52951971 0 509794.261776278 0 47958.9329327292 989789.444130866 129594.692218827 0 982816.13706495 27359616.6587245 8856.22406639004 104417.738589212 0 0 0 0 185027.928031904 33641.4414603461 0
0 0 0 0 0 0 0 0 0 0 0 0 0 0 0 0 0 0 0 0 0
2513036.37500155 7693628.58066918 57222.4796359648 62858.9618044837 0 3668.67068764953 0 818248.986515349 2108.10567690504 1033225.29071793 2729277.86631905 72234.3064318772 69349.3789472278 132851.211904157 0 0 0 0 6329.47685157284 1150.81397301324 0
4874953.73450098 69092569.4224273 0 0 80685.5343397687 0 0 0 31040.4389351758 3100944.31533415 13279043.7840024 0 161758.328755687 837033.554743916 0 0 0 0 12278.3367252269 2232.42485913216 0
16686701.0871054 20961540.6739613 0 360157.511078211 60526.6554183532 11569.3000076295 178572.13672225 0 201800.313043729 4054406.99936142 12717298.0577184 1259638.86670989 294618.136220145 935479.030031417 0 0 0 0 42028.077790909 7641.46868925618 0
14604844.2419188 141117802.470721 0 381249.807223713 43762.6280220163 25500.4310920238 0 9808780.3923744 0 13558123.9453987 34382089.8868878 957809.891814372 624538.796795564 2459206.42973163 0 0 0 0 36784.5943137194 6688.10805703988 0
18652173.851405 123952085.91848 315745.843427522 139922.029310014 99906.4723175047 17025.8543236099 262794.048393921 7442069.64447446 60309.1828197687 10617502.3523217 18355916.5064238 1736197.09991706 497606.460777583 1569311.62650788 0 0 0 0 46978.4296790799 8541.53266892361 0
3271926.64164202 26710375.9552009 0 0 2598.64746720366 9149.85462798503 141227.999147724 0 9551.63802084936 2690803.55909518 11470608.0553519 292849.973842294 176388.14174105 915591.276626496 0 0 0 0 8240.86119259014 1498.33839865275 0
4030110.59326071 38675760.5924743 16993.2993741751 328669.624916186 76594.7030206291 2358.70086867233 36406.5460943776 0 10758.773147494 8880050.44109597 3480240.37216146 691893.064511646 129580.296577157 363757.199657196 0 0 0 0 10150.466568279 1845.53937605072 0
1292837.34624872 3947125.93503819 140889.831651278 340553.888624348 0 0 0 0 0 231254.756012986 1052793.04683657 61436.7063390394 7601.21514496618 14772.1945920458 0 0 0 0 3256.21393201088 592.03889672925 0
18833406.8884102 69162733.0019816 244582.820395817 268846.316607696 495320.732023035 5627.12985464299 0 0 7795.492541954 11475343.998081 18191007.0139207 1699039.91379399 391665.686117756 1004656.41165985 0 0 0 0 47434.8935503853 8624.52610007006 0
4543137.57998615 13931013.7703576 27530.2689857049 269478.252595256 0 0 0 0 13131.1142954069 2391866.81915672 749134.481802725 639487.803629797 38326.9266787685 113014.528849921 0 0 0 0 11442.6056192741 2080.47374895893 0
7050290.70783285 32355717.4712188 150461.25239939 39854.9382185404 27266.5373796997 0 0 0 7704.95179065372 2171173.49305232 1403949.39974733 131716.908203898 41146.5071596082 68303.7073702956 0 0 0 0 17757.2645887625 3228.59356159319 0
158375.461959548 503602.375371424 1653.34465500208 1981.28663883431 0 0 0 293597.969402468 0 45804.2832259081 32905.2322286239 1621.62611374335 108.645524445089 144.248446420495 0 0 0 0 398.893478145336 72.5260869355157 0
23746929.4117893 62792757.0447134 61491.8186501887 699464.966738717 0 26953.4584192616 0 0 112708.275309025 15204092.7146234 39794539.0862096 1920411.41840363 635183.168857759 2855320.76676724 0 0 0 0 59810.3718286855 10874.613059761 0
168277.322334588 655757.453406415 0 577.578227593663 0 0 0 0 0 136155.646380938 1657440.8556164 698.743420087013 39667.2156729507 123495.816125225 0 0 0 0 423.832868858009 77.0605216105471 0
2585977.26541276 13671339.2124757 300694.404755101 117821.716435683 0 0 0 0 0 1852843.00010193 4178778.52075929 264365.131612215 143364.239261591 200892.721901192 0 0 0 0 6513.18994143633 1184.21635298842 0
110086955.091991 327864629.15794 6258253.59139755 5309190.92490689 1612046.85703289 120302.051302822 182732.978571429 0 581138.070558916 34040364.5618986 72418636.4388228 5232729.61506204 2437643.20340318 3846957.81814146 0 0 0 0 277271.288567984 50412.9615578153 0
16616558.1640459 82365136.794266 0 406685.325176158 0 18145.3073353861 280072.804769953 0 0 7811650.51953085 25715975.0024876 1518135.12693074 426707.7543941 1597546.67240214 0 0 0 0 41851.411821318 7609.347603876 0
725111.33825828 4810724.7544203 257383.381761451 36201.8444835138 0 7705.72315684345 27568.5486455163 0 23166.7872169191 407759.527720556 2781964.40756089 43033.0442761751 34749.4815475071 54644.9513030821 0 0 0 0 1826.30680398168 332.055782542124 0
590781.122690686 1258632.52816463 48525.3824988913 6525.49968885413 0 0 0 0 2066.06021017361 116936.614286446 951790.998388944 44166.9330708549 52388.4584356746 29517.4066049295 0 0 0 0 1487.97505583842 270.540919243349 0
93347416.9502492 69301676.52 14407449.4403122 123885.753061287 1457469.69274716 2364026.62060557 1433352.3 0 242074.781548466 7492440.915 55512464.52 37341857.2435547 980683.2 1154071.8 0 0 0 0 235110.132355468 42747.2967919033 0
70701926.6897978 226637164.54943 3645631.76816706 1733598.59350421 2170561.03253675 249817.281543453 4017922.365 0 316322.901849218 31859430.015 45454690.0688062 11471408.7040772 1909190.49449561 3891636.93217513 0 0 0 0 178073.908040587 32377.0741891976 0
26830827.0266226 47909301.3383658 1075457.00995932 31475.8761741865 744762.81006686 22010.0971980671 56345.6137987013 0 71273.1093780424 5533052.13489189 4012039.49390644 5261473.45877857 140414.386585934 245251.203912436 0 0 0 0 67577.6523821538 12286.8458876643 0
43749266.1035189 213373540.74 998729.033820764 248789.3649178 783024.454817808 13457.017560175 0 0 0 19389265.005 9077293.11 5174193.12698503 918313.2 808542 0 0 0 0 110189.398701144 20034.4361274807 0
54553711.6491065 166931111.85 1051499.98503145 791616.544832053 39190.4131540445 44207.7147832771 1968591.45 0 546332.046332046 28585399.35 114461345.82 6999458.41055746 2475748.8 4059833.4 0 0 0 0 137402.091941541 24982.1985348256 0
18125227.770148 26123634.9131593 1378431.50628716 923156.179166713 19978.0201488104 7673.02962780552 394459.930291971 0 104158.025571147 5042115.5662678 3565737.6617689 6604448.3577806 102069.75724874 349456.360450637 0 0 0 0 45651.2332021325 8300.22421856954 0
474491.071552782 0 0 56660.8062675426 0 0 0 0 0 325679.415 1079296.07841845 31025.7268592983 0 89269.8918332381 0 0 0 0 1195.08029551282 217.287326456877 0
0 0 0 0 0 0 0 0 0 0 0 0 2.29479034307497 5.51817026683609 0 0 0 0 0 0 0
64421537.0160811 120827062.965 5428005.345134 918941.426852966 350144.569079635 21305.1959286473 1809834.075 0 483285.917496444 31249801.695 30838846.89 15076053.8541301 803325.6 1514003.4 0 0 0 0 162255.760140271 29501.0472982312 0
55287659.9459001 79656550.643652 4450633.82593693 162078.952492212 1208812.54785213 14844.5252461166 0 0 806964.99687916 10159453.40059 6077208.01042949 9538573.24650976 247755.621380547 823839.71732407 0 0 0 0 139250.65601368 25318.3010933964 0
9636323.53350578 10309282.8568313 333887.453645321 682891.318488987 0 7248.11241081217 0 0 46412.0470512364 8701585.31374898 13965453.0686406 617796.493432697 214238.380244428 865665.617771387 0 0 0 0 24270.5944674413 4412.83535771661 216871048.35081
22359643.8360325 52470673.215 2742266.02111382 88044.7857869899 0 6398.69765200641 0 0 629191.221296484 6982602.945 4485122.64 5836401.88658192 124513.2 325231.2 0 0 0 0 56316.2751949796 10239.3227627236 0
75133940.38565 19314875.835 8093251.3600971 839394.219795812 0 19037.6389076468 1409203.37258149 0 282310.505994716 7881623.28 18324229.815 18668669.7311376 453373.2 618370.2 0 0 0 0 189236.630702623 34406.6601277496 0
131593188.773527 311280574.68 15672999.7251229 524737.053144567 4839188.6713579 479323.308270677 1879687.32 0 96779.1099370047 27405151.665 48382897.605 43187566.8481944 606009.6 1432695.6 0 0 0 0 331438.116237446 60261.4756795356 0
61715647.7240942 61801070.94 6413153.81956635 421270.164399618 1011199.74918136 0 0 0 186522.048364154 9118116.435 22346688.105 17000383.7392533 315478.8 684369 0 0 0 0 155440.552924443 28261.9187135351 0
693906.776763722 1864386.99930618 0 14804.365217706 0 2253.56868796306 166813.574457806 0 0 1089370.32148011 1915340.6878697 0 12680.6455142232 82398.8345514223 0 0 0 0 1747.71321432735 317.766038968609 0
172400897.432328 681220638.645 18799304.3705452 332916.936553468 10707691.771755 1827651.90002032 25638862.47 0 168664.905507011 53158319.445 71021699.28 40174342.8125094 1066413.6 2429368.2 0 0 0 0 434218.740461976 78948.8619021774 0
20386073.7398722 76922030.52 1519063.13191105 798988.310045958 1179936.25026127 295897.668748707 3684078.285 0 280811.826864458 8988388.98 38334009.36 1446370.39819071 608050.8 1046001.6 0 0 0 0 51345.5289046098 9335.55070992906 0
36116069.0645503 173839325.625 1975386.25669162 563045.556892138 416615.864279245 349110.40500309 3756653.085 0 108844.747002642 24757078.65 26894406.51 4495627.82191233 329540.4 1510374.6 0 0 0 0 90963.9929560256 16538.9078101865 0
3819175.52070853 4222066.08152661 62712.2469402634 151399.099591911 0 2770.15150650481 0 0 7176.66046613415 1149141.64981967 1305850.02718517 1164763.04399133 55809.4922513782 164829.389477398 0 0 0 0 9619.19345493095 1748.9442645329 0
46249.0669739939 24211.6033407185 266.285109669469 5994.25412290368 0 0 0 0 0 23354.1420024272 12500.8071417827 9261.14615556381 1792.44098713352 4749.38075511495 0 0 0 0 116.485539855569 21.1791890646488 0
40479747.1917811 93316677.84 4137226.24558768 469371.703525493 435013.586009893 13439.6527329561 2717019.075 0 243979.882137777 18111041.34 16340216.22 10308433.8267513 688111.2 948477.6 0 0 0 0 101954.601754517 18537.2003190032 0
4880542.65559107 13761681.4300991 0 0 121686.275445297 4890.12828736505 361976.887382971 0 30657.5295549384 2779479.87786443 12115054.0163325 0 166994.667427747 581618.570269783 0 0 0 0 12292.4133008853 2234.98423652459 0
446579651.099492 1069319970.43217 32351010.9936333 704928.904105364 9922115.94650955 284926.970559937 929864.625 0 2262435.5042849 97296416.3492678 49088207.3889695 66579883.2826635 1751677.18804221 3986132.0471606 0 0 0 0 1124780.99884884 204505.636154335 0
73546780.173398 189260191.442667 6944738.48123254 167206.440270195 2774641.62216861 937534.133052225 0 0 770611.171835333 9870783.18925934 18744512.51451 18045757.3503019 352698.31781774 1102109.85025806 0 0 0 0 185239.118401122 33679.839709295 0
18375157.1768878 5423250.7260786 1679384.26632774 368260.841607684 165791.248726392 5996.29189902414 0 0 263738.183996805 4179807.47254104 10073599.955204 3769574.59166266 74458.594644936 238065.657275902 0 0 0 0 46280.7196712592 8414.67630386531 0
53381724.6836867 29256716.25 2021489.39818255 940085.130008328 125953.633386748 98430.1971144076 0 0 156980.288559236 10756492.545 27486798.315 12131630.7285331 534340.8 1313058.6 0 0 0 0 134450.258676507 24445.5015775467 0
1705.19203411426 5722.21136606935 0 0 0 0 0 0 0 2833.20853846154 31223.9153591687 0 869.868580482804 3500.08481685152 0 0 0 0 4.29479398498798 0.780871633634178 0
45682804.7594136 136994006.85 1358926.83643727 480259.708213812 669981.885320142 12042.5076763026 2338722.93 0 291709.002235318 16805602.125 11363399.31 8900491.78498627 552031.2 1458097.2 0 0 0 0 115059.319521172 20919.8762765766 0
18813420.7782172 21858622.575 1080348.46790062 304694.488140403 267801.156552637 7085.57303977598 0 0 45773.2168258484 4564954.92 4356302.37 9616886.70438742 223171.2 220109.4 0 0 0 0 47384.5553924988 8615.37370772706 0
122014498.897003 56794316.925 5067698.68031798 1037984.63958545 3566915.45321536 22348.5326307158 734819.85 0 698384.474700264 14179301.55 13491655.32 32606024.9784317 360385.2 768852 0 0 0 0 307312.681188057 55875.0329432831 0
64550848.1113935 151039045.02 6210969.49953325 1056537.42944388 2539843.58670661 18618.4712728352 1205648.865 0 98633.4078439342 13811891.625 26605014.495 17602799.9357713 327272.4 855603 0 0 0 0 162581.450445662 29560.2637173931 0
3725418.47546834 23782524.5006904 660678.246691496 163027.689153918 1838.2728724951 0 0 0 18077.7325849615 7111726.03322603 8441448.50605241 104578.607549224 158072.655173867 484852.22743941 0 0 0 0 9383.05160938394 1706.00938352435 0
51530052.789654 27355859.0325794 2842951.07893328 552595.260490638 877103.218839267 112765.896568074 357793.456202754 0 217043.836340414 6828726.82826284 8579833.89606394 10796916.5993383 260025.088457692 268795.497539508 0 0 0 0 129786.532155644 23597.5513010262 0
72967596.5533043 60231640.89 3908261.82447603 699669.9669967 1410746.01128684 0 0 0 529846.575899207 14568483.915 13704843.795 20560477.0341582 442260 685956.6 0 0 0 0 183780.35347728 33414.6097231417 0
1281805.98769181 2926688.40286711 26786.7201256115 78727.3853597256 9265.12484891812 566.589861677386 0 0 1144.77455452593 2549694.46140325 5434960.90241522 141441.087983916 118843.738246576 182424.991233799 0 0 0 0 3228.42972270855 586.987222310645 0
5245776.18738905 18655352.34 0 709416.73606613 125617.253469398 0 0 0 31647.8965828771 2225324.805 15766875.3 593026.831810623 167605.2 572896.8 0 0 0 0 13212.3113206392 2402.2384219344 0
2266673.57128009 66829597.395 168926.918083916 71280.9598716881 0 17297.2973352644 0 0 63122.332859175 7474297.215 69384230.355 73754.140165525 473785.2 3400866 0 0 0 0 5708.97343238037 1037.9951695237 0
30216579.959899 86785853.025 1458399.67123616 793868.171863915 471330.035532641 29724.2429919408 0 0 0 25950934.11 93936285.195 3267009.03828411 1259647.2 3283156.8 0 0 0 0 76105.202969759 13837.3096308653 0
49021989.4272976 88325345.97 1935733.20052145 100860.553345054 532423.535149446 12011.6368723579 825538.35 0 917801.259906523 16743006.36 8259012.24 15954544.5885961 292345.2 458136 0 0 0 0 123469.580617566 22449.0146577392 0
140818.351590454 2513009.34487935 0 0 0 719.753416365908 53277.5596117899 0 0 91048.459519533 3718204.1554141 0 19009.6280523708 99807.9382656359 0 0 0 0 354.673137856143 64.4860250647532 0
7255108.37322211 17697364.98 0 119983.961012924 176918.017057206 7109.69085535777 0 0 158345.171493819 6103540.68 20776350.87 996225.203232119 135399.6 743677.2 0 0 0 0 18273.1300512645 3322.3872820481 0
308236238.524148 149482315.56 36160266.9301132 225085.592671417 8072659.0259876 0 0 0 316018.085754928 27376121.745 48891828.39 71296848.1671688 397807.2 2180908.8 0 0 0 0 776341.383659152 141152.978847118 0
42356067.4631558 5206585.72169496 11857982.0610926 0 56206.8007107726 356649.64533213 20421.4906019195 0 0 21988.5436228288 339891.98 18991324.8683322 0 54294.9942857143 0 0 0 0 106680.409085418 19396.4380155306 0
4164851.95873426 0 0 53248.0908309497 250279.495904287 107196.581015074 132412.433903726 0 51469.6957702938 3065378.115 41672450.16 3739117.1819931 658173.6 6149682 0 0 0 0 10489.8338620427 1907.2425203714 0
487409.154753192 0 0 0 0 18451.2596382402 22791.5496385599 0 0 386460.81 6891884.445 0 26762.4 852881.4 0 0 0 0 1227.61651719152 223.203003125732 0
14339794.3163043 27772561.59 3225559.75582209 35748.2644480154 780389.988155786 0 88895.4820638278 0 34554.3336247826 0 18297014.265 11879206.5034278 249253.2 1692041.4 0 0 0 0 36117.0244427155 6566.73171685736 0
0 0 0 0 0 35857.0928075797 44291.7571288563 0 17216.5347116229 1798040.67 18296107.08 0 481496.4 3501792 0 0 0 0 0 0 0
569008.193303456 1258856.27555588 107942.162722982 0 0 32387.5190216838 40006.0354645203 0 0 821002.425 20668615.5416199 483914.63044467 51289.3710967579 2327177.97048663 0 0 0 0 1433.13651314231 260.570275116784 0
0 0 0 0 0 0 0 0 0 0 0 0 0 0 0 0 0 0 0 0 0
75798703.3867999 166609061.175 5851316.00791428 40405.9097498535 1263890.82421793 342485.721801068 3974523.06694182 0 165540.540540541 18150050.295 84950617.77 13558324.284163 1780153.2 14676341.4 0 0 0 0 190910.940740239 34711.0801345889 0
865020.657786425 8024958.51 0 0 74177.1160566046 31770.6138974612 39244.0157413866 0 15254.4401720038 224735.220138005 16562723.204862 0 998373.6 1721638.8 0 0 0 0 2178.69040180054 396.125527600098 0
77262.6803173166 1919362.69052133 8705.27129780418 0 3699.09511913175 1104.77360343613 95770.6545301279 0 0 19471.1627966102 5307167.65756472 27296.1525329323 102208.989093061 688697.524587694 0 0 0 0 194.598196597384 35.3814902904334 0
4699185.76779837 11157892.8470731 330887.142842113 0 7011.70668553961 55585.7472270482 68661.1831365755 0 26820.2618857873 2152419.93713713 21476819.6180805 799415.644841952 148871.371226735 3326257.14318707 0 0 0 0 11835.6374919173 2151.93408943951 0
3609283.87745592 0 1002947.44405163 0 0 63170.6706901042 78030.30822626 0 30330.9599171626 910813.74 20078725.605 2531236.64737084 1071856.8 2750630.4 0 0 0 0 9090.54838217303 1652.82697857692 0
224580.533619959 2505241.88947957 125570.781430474 254.01110754286 0 70031.3474547957 1561433.04448057 0 0 65770.9125 4081678.01755048 100160.263945083 77026.3893766462 528470.952589991 0 0 0 0 565.641350440275 102.843881898232 0
44479174.3719519 808301.835 11546986.2860844 43579.8943535524 0 1402001.62568584 108370.455927541 0 42124.4005010438 521631.375 8099347.68 28673378.0212662 105688.8 768625.2 0 0 0 0 112027.78732726 20368.6886049563 0
23768856.0114584 3543585.87783475 6348680.18190874 0 0 42618.207356945 52643.2887253487 627045.927674647 0 301467.646900443 134888.338099557 12415978.7936435 0 177357.6 0 0 0 0 59865.5974141247 10884.6540752954 0
1491610.6418699 1234325.26982819 94628.4669208599 0 34659.809685405 14845.0558583889 18337.058505342 0 0 155811.564639971 2555764.40036003 2467334.53626064 14742 188357.4 0 0 0 0 3756.85569981829 683.064672694234 0
9995830.54328216 17263730.55 0 0 69650.0731554379 51221.7566732836 63270.6510385827 0 24593.7716280634 3148839.135 16737563.25 2597914.74456846 258552 3509389.8 0 0 0 0 25176.0693419769 4577.46715308671 0
977800.532265035 0 0 0 57980.6271072541 24833.5364770929 30675.1295258796 0 0 408699.512681564 6835214.85823285 0 185218.077128148 870394.680150271 0 0 0 0 2462.7442308404 447.771678334619 0
32785573.7808142 24596506.905 1037429.54574526 61780.001719374 0 124372.627376398 153628.801832721 0 59716.6554436576 2752399.29 43183820.37 16718294.5647825 846417.6 4008803.4 0 0 0 0 82575.6174385137 15013.7486251843 0
1638626.98522961 0 602960.507515574 15847.32779336 0 31903.1035885694 39407.6709839388 0 15318.0541793673 1525885.17 14912307.03 2192294.18920795 89132.4 1728102.6 0 0 0 0 4127.13945350951 750.388991547183 0
2423315.67375368 0 158113.272932956 946.556357997585 0 833.310577268448 1029.33023319389 0 0 0 2114900.8617717 1715301.89183566 26267.5156366055 212385.873776398 0 0 0 0 6103.50117238877 1109.72748588887 0
53240132.9269627 7278577.37553408 14799734.3762332 0 1892243.78178778 87538.4230968949 108130.087290042 1287961.53386361 0 239496.84 1182969.24 26725588.3321495 80967.6 105462 0 0 0 0 134093.637596338 24380.6613811523 0
30136.5924208486 136152.738590727 0 0 3823.16405817256 1637.48977604039 2022.6765134187 0 0 11583.0819788338 0 0 6804 224645.4 0 0 0 0 75.9037417884289 13.8006803251689 0
30959672.987516 50796009.705 1956308.15622814 0 1277302.65449732 173571.846108858 0 0 0 7346384.13 48398319.75 14221621.6657549 1170968.4 8775118.8 0 0 0 0 77976.7994829072 14177.5999059831 0
0 0 0 13678.6162031844 0 27537.1542362696 34014.7193192106 0 13221.7738429657 29029.92 10229418.06 0 31071.6 1032166.8 0 0 0 0 0 0 0
14498589.0445352 10590477.69 2502796.39774982 0 0 93548.0726795058 1436414.74680768 0 44916.4590429841 3878215.875 29832778.725 3745921.06946225 276242.4 3898238.4 0 0 0 0 36516.9739088224 6639.44980160407 0
193.343204686736 5926.7417384106 0 0 0 0 0 0 0 0 5430.10650505902 0 306.913825666913 6581.55015013708 0 0 0 0 0.486965230844639 0.0885391328808435 0
16676861.9447141 2443003.56361338 941140.930281926 14594.8428636142 0 29381.6591546665 36293.1071491171 432295.276217335 0 0 1152940.9860612 7063061.15061902 34473.6 144698.4 0 0 0 0 42003.29636529 7636.96297550727 0
6360327.8304201 27895938.75 3658150.92111029 24664.0813135902 115927.420904259 49652.5818942209 61332.359259605 0 23840.3432283515 1612974.93 12647066.085 3786962.11867613 316159.2 1554147 0 0 0 0 16019.4847044479 2912.6335826269 0
0 8164665 0 0 100567.851241414 20693.2336299617 25560.9031961231 0 0 1150310.58 10183151.625 0 155358 1246039.2 0 0 0 0 0 0 0
37377159.8882277 8106605.16 10647212.9916149 63067.4492826267 1512902.35490838 0 156830.307515148 1868040.69510923 56517.9841495631 2551911.405 16677689.04 27817911.6419958 56019.6 1286976.6 0 0 0 0 94140.2482842805 17116.4087789601 0
5835951.12229734 1259800.1185152 1752137.10105406 7526.22101872698 0 15151.4382690766 18715.511253744 0 0 0 1230142.86 3878841.81505945 0 94235.4 0 0 0 0 14698.7595973293 2672.50174496896 0
0 2953794.36 0 0 0 32395.7996273781 40016.2639171799 0 0 664059.42 17823463.695 0 378529.2 5426870.4 0 0 0 0 0 0 0
17069506.3083672 1133635.2250654 6578006.77918412 51122.5683762826 41522.3327809744 0 10801.8134709437 0 0 21513.2442857143 1805145.38035471 9434598.2234213 55300.499501385 228871.029540166 0 3376289.94463131 0 0 42992.2328706922 7816.76961285312 0
0 618109.335372059 0 3692.67108597467 0 7433.91376202406 9182.59337507782 109375.913259808 0 52585.1420809002 899959.1079191 0 4762.8 53524.8 0 0 0 0 0 0 0
37923209.8290664 5789503.61883576 4927919.61615189 34587.2993530376 0 69629.5431316289 86008.5013006802 0 0 0 3899988.315 18063259.8241331 39690 187336.8 0 0 0 0 95515.5608323687 17366.4656058852 0
12480517.2469001 0 0 13396.8585096291 0 26969.9327462126 33314.070312034 396811.305471672 0 0 6291327.975 5051559.85924118 34246.8 456321.6 0 0 0 0 31434.1430930784 5715.29874419607 0
31640734.8624002 0 7484766.09595659 0 0 0 67137.0061438787 799683.821396894 0 307535.715 4301871.27 13720120.7281793 78019.2 164997 0 0 0 0 79692.1607942075 14489.483780765 0
19408065.9743346 1940735.93882483 1561002.29427085 0 0 23340.9573007021 28831.4509340024 343417.828461245 0 179621.469875285 172366.310124715 6210806.20623399 0 55225.8 0 0 0 0 48882.2627242209 8887.68413167652 0
18886728.0392809 19381100.34 2759983.34408348 0 0 124577.572367331 153881.956036044 0 180598.435723623 7894323.87 34915736.28 10809363.2377795 1136721.6 4116987 0 0 0 0 47569.1912443992 8648.94386261803 0
5899564.44613234 3276752.22 2360186.91639655 25492.9013902529 0 51321.1239416147 63393.3924704969 0 24641.482133586 1329933.21 21219964.335 5626542.78148363 143791.2 2149270.2 0 0 0 0 14858.979745621 2701.632681022 0
24296045.4682071 14767157.43 1348748.22078343 0 644355.709607747 93363.8292028085 115325.803736009 0 44827.9958139942 2951979.99 34937508.72 11844016.7974374 991116 4072534.2 0 0 0 0 61193.4068704769 11126.0739764503 0
3419222.43458843 720008.730120112 0 0 20217.8195389833 8659.4434047749 10696.4043686858 127407.252900522 0 0 564703.500926092 2485895.54127646 0 29370.6 0 0 0 0 8611.84878396067 1565.79068799285 0
20957689.5566146 2523903.42093024 4412647.61033864 15078.149856209 0 30354.6303237424 37494.9503366099 446610.69789155 0 412485.332598786 1730285.63740121 8193241.29034365 0 123946.2 0 0 0 0 52785.2331269819 9597.3151139967 0
1475.4182150674 11433.6624 768.688723805883 0 0 0 0 0 0 2144.93577584981 67843.2143405456 0 781.432220294883 18480.9520747507 0 0 0 0 3.71607252945246 0.675649550809538 0
2153761.80500998 105233.46 0 0 0 0 0 0 0 410047.62 18329672.925 0 382158 2442409.2 0 0 0 0 5424.58741314639 986.28862057207 0
11444898.3621846 1915605.3448498 2179611.74296546 11444.0925969958 53790.1299663747 0 436691.36241193 338970.910239041 0 0 1509555.84 6351592.24574553 4082.4 161481.6 0 0 0 0 28825.7742596372 5241.04986538858 0
15698960.4804673 3687457.48866933 9008869.30522157 0 0 1455624.52535578 72312.9093968243 0 0 514384.441602396 0 13574793.7965644 0 0 0 0 0 0 39540.2979213993 7189.14507661806 0
53469648.1920745 0 12580197.4215988 34718.9233850634 195429.526928168 69894.5225138453 86335.8117857846 1028365.0680565 0 20865.255 1185690.795 21499250.2116009 0 392590.8 0 0 0 0 134671.707843175 24485.7650623954 0
3109349.26565927 7250497.45760673 320155.914382251 9698.92964647614 0 18989.9411766325 23456.9452409392 0 19981.7560942068 469046.757743363 10334768.6642945 1439673.58798021 109231.166774611 857900.243588083 0 0 0 0 7831.38453395178 1423.88809708214 0
18203405.9199652 11145674.91 1753089.64529974 40928.9040835321 682653.45223995 82396.166960758 101778.218188484 0 39561.9487669312 4134949.23 27960348.885 9437944.46394892 316839.6 3411525.6 0 0 0 0 45848.1371524647 8336.02493681177 0
14398836.9236222 29840943.39 0 0 1001794.05002439 63034.0406961489 0 0 30265.357972069 6580719.99 26249397.975 1033183.91996451 677451.6 3154334.4 0 0 0 0 36265.7325235027 6593.76954972776 0
3347673.14141594 0 668549.982718126 11702.1990972965 0 23558.3232001765 29099.9478163146 0 11311.3656843294 510745.155 6033687.435 3636051.8946105 54658.8 1017991.8 0 0 0 0 8431.64065033131 1533.02557278751 0
989297.037378531 0 218116.38417129 20650.5766495526 0 37793.4371709494 46683.5877973502 0 19960.8827480406 1173897.39 17480635.8341681 1674048.17621286 183494.478260232 1806665.79580208 0 0 0 0 2491.69998480947 453.036360874449 0
11425002.9638976 2571202.29488017 169729.776805275 22614.654002438 0 4444.79973868167 565.754856358176 0 0 203589.703682494 871463.430203391 3696255.87043504 7800.86403920768 79075.7397181948 0 0 0 0 28775.6645739346 5231.93901344265 0
3144452.05319135 0 1886037.60644682 14520.8043455996 68251.4534329389 29232.6082521698 36108.9950012459 0 0 616829.795250457 9901073.09474954 3886190.01352613 92534.4 568020.6 0 0 0 0 7919.79641820467 1439.96298512812 0
0 3475425.735 0 0 121645.250336393 52101.571028299 64357.424133656 0 0 247661.505 32880013.14 0 382158 2531428.2 0 0 0 0 0 0 0
31308102.2235551 0 7248208.53642938 26933.5675532856 443526.614645022 54221.4060860301 66975.9080144913 797764.945725669 0 0 1353520.02 16947122.9081448 34473.6 49782.6 0 0 0 0 78854.3732442178 14337.158771676 0
0 87569.5933884298 0 0 0 0 0 0 0 375176.313658537 1958954.77155691 0 10891.8008930048 167967.772449148 0 0 0 0 0 0 0
5728463.94266297 29870880.495 95744.3044657996 0 120619.382707448 75606.0702914628 5878509.63200768 0 36301.7308895498 6947222.73 32782037.16 686784.401135433 835984.8 7151457.6 0 0 0 0 14428.0362516172 2623.27931847585 0
88107542.5122092 388040219.085 4969178.38976478 0 946971.016512227 252274.862929975 4440216.41661156 0 555501.93050193 13685792.91 58237648.26 17301986.4629855 1516158 7872454.8 0 0 0 0 221912.685517596 40347.7610031993 0
39818952.1752999 47595461.025 4549215.23961931 28052.8052805281 1060949.80143524 0 156589.93887765 0 454099.776468197 4248347.355 49487848.935 6960621.82088358 1102248 4797273.6 0 0 0 0 100290.28570957 18234.59740174 0
3110673.95585298 7330054.8 863875.984182322 17198.5307471251 267910.018811398 34623.2825591346 42767.7176825889 0 16624.12926805 0 13997864.55 4817696.63915175 210697.2 1323718.2 0 0 0 0 7834.72097428347 1424.494722597 0
9041103.29538967 0 0 10361.2792710334 48700.6334388706 20858.845743847 25765.4722493133 0 0 263083.65 4180308.48 3727060.69339778 10206 283953.6 0 0 0 0 22771.4388021195 4140.26160038536 0
7278672.18995596 0 1084553.65915012 16804.099356512 0 0 48462.8928878809 387125.552083585 0 0 1270244.68514728 4075728.64574088 18044.1751527495 59735.1629327902 0 967862.968808043 0 0 18332.479225051 3333.17804091836 0
1575641.50707004 0 211464.822541007 14323.3682975609 67323.4540661006 28835.1391788452 35618.0292735893 0 0 2004878.85 12921943.14 265351.61129663 282139.2 1700092.8 0 0 0 0 3968.50063317169 721.54556966758 0
35714398.5152344 593298.99 12206636.7839929 32936.8573889637 1466113.3560928 0 81904.3346710506 0 0 465385.905 1890573.54 20827706.5183964 52617.6 240294.6 0 0 0 0 89952.3225842221 16354.9677425858 0
0 16007.84410738 0 95.6330857687675 449.499693312323 192.524082391601 237.811524333678 0 0 0 0 0 0 0 0 0 0 0 0 0 0
0 0 0 0 0 0 0 0 0 0 0 0 0 0 0 0 0 0 0 0 0
0 0 0 0 0 0 0 0 0 0 0 0 0 0 0 0 0 0 0 0 0
0 0 0 0 0 0 0 0 0 0 0 0 0 0 0 0 0 0 0 0 0
1689779.54387256 0 264671.832871873 0 115479.812514004 5147.51113590446 6358.36023497613 984565.969402194 0 0 374811.871868544 2441564.47530691 7231.56096440873 45538.3673938002 0 0 0 0 4255.97520736088 773.813674065615 0
0 0 0 0 0 0 0 0 0 0 0 0 0 0 0 0 0 0 0 0 0
0 0 0 0 0 0 0 0 0 0 0 0 0 0 0 0 0 0 0 0 0
0 0 0 0 0 0 0 0 0 0 0 0 0 0 0 0 0 0 0 0 0
0 0 0 0 0 0 0 0 0 0 0 0 0 0 0 0 0 0 0 0 0
0 0 0 0 0 0 0 0 0 0 0 0 0 0 0 0 0 0 0 0 0
0 0 0 0 0 0 0 0 0 0 0 0 0 0 0 0 0 0 0 0 0
0 0 0 0 0 0 0 0 0 0 0 0 0 0 0 0 0 0 0 0 0
0 0 0 0 0 0 0 0 0 0 0 0 0 0 0 0 0 0 0 0 0
0 0 0 0 0 0 0 0 0 0 0 0 0 0 0 0 0 0 0 0 0
0 0 0 0 0 0 0 0 0 0 0 0 0 0 0 0 0 0 0 0 0
0 0 0 0 0 0 0 0 0 0 0 0 0 0 0 0 0 0 0 0 0
0 0 0 0 0 0 0 0 0 0 0 0 0 0 0 0 0 0 0 0 0
0 0 0 0 0 0 0 0 0 0 0 0 0 0 0 0 0 0 0 0 0
0 0 0 0 0 0 0 0 0 0 0 0 0 0 0 0 0 0 0 0 0
0 0 0 0 0 0 0 0 0 0 0 0 0 0 0 0 0 0 0 0 0
0 0 0 0 0 0 0 0 0 0 0 0 0 0 0 0 0 0 0 0 0
0 0 0 0 0 0 0 0 0 0 0 0 0 0 0 0 0 0 0 0 0
0 0 0 0 0 0 0 0 0 0 0 0 0 0 0 0 0 0 0 0 0
0 0 0 0 0 0 0 0 0 0 0 0 0 0 0 0 0 0 0 0 0
13081339.1101552 3014178.47900981 4898876.18501764 0 226627.250137139 59212.4644959718 73141.0131471178 1764177.7421112 0 874479.908989925 646346.124253377 7904916.4539066 16425.0752021563 88832.7218328841 0 4198097.31325938 0 0 32947.4073312015 5990.43769658208 0
137019.325897707 17351.6453953981 47869.2634315162 0 0 0 0 0 0 0 2765.64571389488 472873.079646007 4494.93333333333 34835.7333333333 0 0 0 0 345.104694908014 62.7463081650934 0
0 0 0 0 0 0 0 0 0 0 0 0 0 0 0 0 0 0 0 0 0
0 0 0 0 0 0 0 0 0 0 0 0 0 0 0 0 0 0 0 0 0
0 0 0 0 0 0 0 0 0 0 0 0 0 0 0 0 0 0 0 0 0
13443431.6024002 13264859.07 639238.835501052 0 266930.258482547 0 0 0 0 4064188.8 22846547.04 2537142.42169406 211377.6 1914872.4 0 0 0 0 33859.394149455 6156.25348171909 0
727045.292152973 5612753.595 18972.6780075409 0 0 3603.17526772446 0 0 5014.37555839833 400975.77 24197345.505 55940.4789679269 804232.8 5462478 0 0 0 0 1831.17777064585 332.9414128447 0
1572401.82338479 12735970.215 0 0 0 5078.7390670662 0 0 0 860918.565 37005890.52 78849.0913860624 718956 4378827.6 0 0 0 0 3960.34098092944 720.061996532625 0
16530172.0811056 40446843.225 0 0 234489.305371699 5566.46852343236 1124909.4 0 7746.60171558087 773828.805 33352656.525 1656882.67648604 1333130.4 6793907.4 0 0 0 0 41633.8349021348 7569.78816402451 0
44292151.7021535 26266634.49 5712108.47029559 0 347488.329965861 0 0 0 8518.7359461616 2617228.725 16561569.36 16751633.6133813 237006 1658815.2 0 0 0 0 111556.741356344 20283.0438829717 0
6018076.59582733 2926578.81 21411.9602624411 0 0 0 0 0 5659.06458512112 1033283.715 27162933.27 63132.643280358 755697.6 4211676 0 0 0 0 15157.471210204 2755.90385640073 0
30630.1243737403 253009.223982228 1790.46879114147 0 0 0 0 0 0 38429.6681927711 2378083.82010863 618.201208845192 43844.568257121 403376.391473243 0 0 0 0 77.1467795344852 14.0266871880882 0
425679.367944487 1560358.2 224664.364231147 17858.7952253169 0 986.596799951266 11391.285694373 0 1373.00200852954 61688.58 5548343.46 15317.2392228238 40824 371498.4 0 0 0 0 1072.14035276156 194.934609593011 0
6978303.77183662 11788869.075 0 5366.51932853081 83218.257369096 4069.59148311605 0 0 5663.46584591501 702161.19 26860840.665 327403.065015227 666565.2 9824409 0 0 0 0 17575.9541829378 3195.62803326142 0
593.385763035678 415.55950199639 0 0 0 0 0 0 0 0 2883.25591535136 0 216.479186999574 2039.39882740323 0 0 0 0 1.49453525167732 0.27173368212315 0
0 0 0 0 0 0 0 0 0 0 404.356896294917 0 27.5701173080881 167.723399876518 0 0 0 0 0 0 0
