597930.593419889 41387.5935159881 204065.352083102 0 114833.349563527 0 0 0 406.742014371113 62233.5550860013 24514.2340649104 880441.19763069 6308.91540193575 2783.81146256218 0 0 0 0 6090.15420196489 3161.55546003642 0
109686.045117511 4835.17261220667 72307.3477826668 0 18662.3305433351 384.122913561445 0 341.103083004112 4.28006841127289 0 26829.6709306967 216292.088703137 1009.0758358598 740.655002954524 0 0 0 0 1117.19476461078 579.964495289751 0
1730990.7068852 43633.8493244243 180623.816104724 0 102642.282916366 2135.51578700501 0 57207.1153704351 4240.38314875025 0 65569.2671453055 1665846.71554365 15523.8323603542 4382.47354904632 0 0 0 0 17630.8094001407 9152.60597275062 0
0 0 0 0 0 0 0 0 0 0 0 0 0 0 0 0 0 0 0 0 0
18824.6901747867 8015.8773704256 3014.79308587595 0 5938.45840590817 258.512507280633 1530.44804787017 0 904.398097712983 41902.0235709046 125943.736071336 0 8590.05 20502.72 0 0 0 0 191.736745418805 99.5354689332597 0
117105.233603382 1440.4785647616 36019.3894481911 225.46099237965 5766.4535219118 338.496223172175 163.609446497335 0 6695.01965104525 24277.113492799 67971.374243782 158149.394798972 4955.58 9949.716 0 0 0 0 1192.76206695263 619.19342273497 0
689073.635243706 62403.5892519936 108534.624895892 2594.39406310725 47062.7424998257 1055.28372733254 0 0 13358.6906935845 117933.73682613 190280.011179736 498916.283461859 15637.86 27794.34 0 0 0 0 7018.48131091645 3643.4739045741 0
67928.8870685488 0 48059.8975524703 34.3644384150161 4570.59058733365 297.976112246545 144.024374444166 3680.18554927118 1198.16886913229 0 0 44718.8379776669 8334.9 5338.872 0 0 0 0 691.88197019517 359.173700374543 0
1135027.23205761 78374.252268 724280.319744349 255.95820623398 228288.477391486 11704.1210873044 1072.74328454009 0 0 163196.151812705 57733.3416104328 1799947.72678344 14764.68 3887.352 0 0 0 0 11560.6910613553 6001.45164387299 0
812598.671153664 284648.853529498 266749.825450265 1239.99890441381 88966.5641677698 2137.45656713004 0 0 7293.26505893112 219545.572490435 450294.170704521 782753.642797268 16647.12 41132.448 0 0 0 0 8276.63154569899 4296.61200459783 0
842573.374472123 145135.629620067 237711.842386863 0 54776.041863073 1222.91945890821 591.088355160237 15388.7736535048 5765.11422047294 204274.06822429 108561.212139114 961398.558057717 13908.977835496 18749.4324171229 0 0 0 0 8581.93548461177 4455.10312042688 0
96495.2945367116 4253.9132615616 92278.5909822827 73.4395706486536 7381.91031840033 613.747099383232 296.649759570168 0 0 19750.8719941416 67543.1296881069 233962.00117163 16794.54 10804.752 0 0 0 0 982.841871547969 510.218457907417 0
1237837.43908656 0 519646.637787099 226.725498472152 62349.1147913328 53326.2397817389 950.226443209521 0 0 0 22926.0224921884 1730628.69519061 6962.76 2571.912 0 0 0 0 12607.852757433 6545.06017462368 0
618184.793992723 695728.639302278 520569.480726541 2344.41706301472 118964.05251167 2976.05299370488 7362.1328616 0 1911.93033224954 379518.491720763 793218.468043151 972114.402359111 44055.9 64876.14 0 0 0 0 6296.45106331221 3268.64945909651 0
23116.7260249526 20267.2700896364 0 2799.82569779753 1887.14858963262 171.255187602082 82.7748274140188 0 126.110028329966 54749.2449964851 62012.4181971897 0 0 18469.6416335525 0 0 0 0 235.452789480655 122.229590167553 0
766522.030837121 129463.011007949 83390.7839537063 322.004271305636 27094.242012123 1019.27966148963 1563.51637415023 0 0 207315.57652184 195229.721509283 515292.785871116 22759.38 27959.904 0 0 0 0 7807.32315485176 4052.98196563342 0
146044.515266996 42725.6231440896 57107.3875166355 44.6398450906963 17580.4516825751 387.07478151604 187.089504761488 0 1354.1692808532 21945.413326824 74464.7568089023 125054.87724086 10223.01 11321.856 0 0 0 0 1487.51983610685 772.209750984431 0
1468530.76286598 217962.41283049 555586.185767495 242.2377550509 114819.592788964 2100.4581427368 1015.23967063346 25941.9308664349 4168.13419630157 199657.541663001 34747.5640639641 1203060.78160372 16425.99 6470.604 0 0 0 0 14957.5534261089 7764.85013923683 0
330961.013834997 29073.2303182464 126733.295042138 0 2893.44082770153 1006.02154748533 486.252481655452 0 0 32506.643490358 153441.020215963 449506.478042154 18756.36 21804.552 0 0 0 0 3370.96584666362 1749.95494772155 0
74980.1503093743 5614.0079778432 24572.5078414749 0 5604.25414199122 359.957795216627 173.98272596926 0 593.993065433855 7566.59563664453 41738.9054147532 98822.8326577072 10137.96 13270.068 0 0 0 0 763.701811708311 396.457224657319 0
1707799.28369155 81091.226346624 868056.139002981 287.491592123844 112105.510973316 0 1204.90246962689 30788.2931213219 541.624697216013 42816.4157928556 46489.4322300329 2002313.35590557 32233.95 6087.312 0 0 0 0 17394.5957911253 9029.98142162243 0
145825.337996012 9732.8763739584 146050.264188596 5911.3205174424 28865.7697484847 0 398.450080410952 0 910.142843934159 39364.5851549905 64764.5196640753 302942.74184316 15161.58 11730.096 0 0 0 0 1485.28743088699 771.050852099802 0
556849.110889123 4662.26321184 144423.364669511 84.5541020845558 11452.0116351982 0 354.373655473298 0 2564.98577404101 19613.713160849 25146.918676271 850315.172508486 12009.06 3392.928 0 0 0 0 5671.72342385948 2944.33729653908 0
957490.611062036 45005.3090869824 434389.948362013 211.844915332655 65223.7617362223 11810.0286539829 872.186539537539 22286.563031171 0 10332.6321080463 0 1355541.38710718 12020.4 5631.444 0 0 0 0 9752.41195629281 5062.72751829408 0
335609.5121383 511122.30823705 216838.020605834 2578.57630942908 76450.6553403469 5028.38446834993 31724.09978544 0 0 403795.605213562 315427.013194002 491419.112282174 36367.38 44359.812 0 0 0 0 3418.31259858807 1774.533862655 0
492900.580069586 0 63513.3691794185 123.629794153243 8483.39527624887 254.534151849217 518.143307059003 13239.8666437489 1344.12145092461 25923.0194923109 37854.826886537 691126.741308376 10257.03 7114.716 0 0 0 0 5020.38292052019 2606.20971283835 0
592708.008432081 1108.20920958707 127340.322065538 135.111085860207 5849.76931059766 0 326.029870854428 18564.5528030128 4203.74774593918 18965.2807714387 0 842834.21013964 5075.19004208885 1791.66343257989 0 0 0 0 6036.96015526674 3133.94106420951 0
0 0 0 0 0 0 0 0 0 0 0 0 0 0 0 0 0 0 0 0 0
11493.4841183745 23690.9589868205 0 1352.25452547592 700.709590959112 14.71589484811 0 5379.38263917228 111.02055560353 17935.3775009589 29867.9086707884 525.250738853087 2672.24727688703 3509.58000244038 0 0 0 0 117.06557812736 60.7717482081925 0
32142.530694526 281799.6980957 0 729.377335825545 386.454700032406 96.331720905321 1332.48520387636 25194.9289449447 0 175314.208852934 255428.307889169 10574.9242093341 14883.7725435485 31643.5903015104 0 0 0 0 327.384098631641 169.953493825169 0
84946.4521831617 97775.0375774628 0 5037.44098306654 275.873810512342 80.0615530029252 346.876304797234 0 1418.6075535427 81906.2396662138 139428.728544278 0 18501.9817090119 18837.6371293966 0 0 0 0 865.212448398668 449.154003267068 0
190067.681198888 561653.842491383 0 12051.7211164901 2852.99312338883 210.881688025414 0 50140.655035609 494.590144279618 533870.019332089 647338.52096581 21246.754000265 42510.5291970265 71262.755245379 0 0 0 0 1935.91279665174 1004.98205290664 0
165602.248420821 423867.521163511 1422.97927033622 7132.76154117536 4628.03260940392 149.452447360623 5238.81446441522 34265.7228617794 1086.67245328216 354775.764663536 252517.290568566 20385.7739521357 22161.5771309601 43502.165065126 0 0 0 0 1686.72290759784 875.621181539859 0
10398.5818313309 113113.31748361 0 521.96569567344 0 54.5977999895472 737.7368992192 0 248.941474833708 130227.013550678 143902.718601531 9045.88598416741 14042.1023315381 28921.2830308266 0 0 0 0 105.913575139789 54.9824570397809 0
66521.6493582711 129551.152756083 429.473808890955 8127.48553257248 0 79.4816122601065 344.363641798266 0 410.683147419845 267293.377160246 71332.4888920598 19575.6377384944 6201.89975883705 9514.9088030726 0 0 0 0 677.548710200238 351.732936989195 0
11445.799143945 7608.70594772291 311.750285187361 7594.76010676185 159.700755157494 0 0 0 8.09620534388899 6763.90090932149 11298.6564811377 571.16145597901 858.497941788818 661.561436111836 0 0 0 0 116.57988823193 60.519614109472 0
216415.326231556 264646.231130011 9188.3242830431 13190.9735226735 13310.2518118355 158.584852015588 0 0 347.304108666938 506176.344120678 207448.920611668 34957.5945715781 19018.5500227159 26599.9314912454 0 0 0 0 2204.27374501836 1144.29511353412 0
55966.1210255434 42387.4638162012 853.498190752396 1590.99380499676 2542.15809393312 9.81232972722739 199.423202778567 0 326.679457317935 78910.0980454946 13972.6854226927 17768.3959128788 2798.0054725587 3474.0654158748 0 0 0 0 570.036574281852 295.920625993311 0
90733.0159217646 79951.54452193 1697.28112207901 1586.56361327451 500.923691602426 5.74024801616548 47.6259981143023 0 98.6319279686004 89825.5765708042 17098.1327958077 3784.48156641285 1904.94009268144 1206.57831282327 0 0 0 0 924.150836658797 479.750434331069 0
1157.46827117615 813.683188811052 10.5232854852122 45.7335001948187 0 0 0 5339.41872217757 13.3374027660669 1751.34877066016 463.371913284167 111.491349947194 16.3772899797571 19.7835941295547 0 0 0 0 11.7892617185324 6.12010854240754 0
193052.6935387 402752.400229594 2293.90577585488 15297.2631003338 2864.40410612494 214.419930579836 4042.480225824 0 1053.91320337849 966274.81808738 448111.25943996 22885.9823851152 43578.0281173085 68505.3229841066 0 0 0 0 1966.31630107898 1020.76529290985 0
1649.3768076176 2543.43210183526 0 218.700333023864 214.438094044279 0 0 0 13.6784516403405 5443.87385220531 12586.0338336228 118.349250234287 989.1391574548 2219.9307206154 0 0 0 0 16.7995402912622 8.72107282879729 0
39650.2317038288 41014.1075504223 4181.2155297459 8694.10058444453 358.97161472911 14.1466761941452 61.2921755740708 0 0 20356.6663656854 49345.6177038069 3905.03466165133 3682.57112899725 3663.8252880191 0 0 0 0 403.852935235879 209.650430860156 0
573213.94003806 872988.697354279 13133.6355175129 112845.749392176 9092.32943631025 467.466417824847 6549.75958032 0 7014.71274894421 1100620.93174177 912190.593091117 94640.9742588121 86469.1145126633 94338.646634449 0 0 0 0 5838.40553396161 3030.86626079974 0
141244.35320649 253953.161263929 0 8160.44178390555 1630.16505260224 130.868770658975 2347.30226712793 0 0 231112.634098115 287989.056203097 13191.107912199 26583.6822936595 33984.9691645086 0 0 0 0 1438.62833019526 746.828914582242 0
17106.1528176456 21335.9815218803 1346.15809733489 4597.29914843396 0 61.7441541706546 169.390460332398 0 0 11945.5544211408 24528.0878291646 887.883414903389 1894.0826142221 2037.44951164486 0 0 0 0 174.23277819919 90.448709994115 0
3622.79428963067 3096.41950391831 222.665183077774 560.314590545863 0 11.0832936242641 256.441757093053 0 26.4994391635519 3285.59075853961 10624.1476690102 85.6023646520261 930.903070166632 676.972985294118 0 0 0 0 36.8995600971948 19.1555093400738 0
633186.159490239 300924.975169728 230982.921682697 4390.27402535394 33091.5334424859 3608.86708303699 4946.014713384 0 4727.21501625685 337685.047566504 510467.510364731 872113.995113447 59268.51 26492.508 0 0 0 0 6449.24576912813 3347.96911512115 0
719869.060012201 790526.515015554 30913.6831180611 35776.3693013787 19483.5365986205 1229.74739890113 12047.1265008 0 4205.95579557 1033720.40691561 458327.95955004 251935.851108215 62513.3659886383 67337.7855457556 0 0 0 0 7332.14461501743 3806.30458156643 0
259362.956046406 132810.107619371 20889.1504481981 1761.27862607569 15112.9473857791 0 415.330183430469 0 228.528429675358 170049.211697822 28532.4084393437 189430.107359331 3691.57520152198 4781.90666381814 0 0 0 0 2641.71195450244 1371.38052282913 0
525564.359591188 825288.110928403 19604.7095011716 6871.40167372999 17403.9526092106 154.037103876574 2235.411250704 0 865.53275248933 460876.539668853 161657.340179497 307691.702014563 13352.85 15413.328 0 0 0 0 5353.07613992507 2778.91930761138 0
301164.727821347 629942.497706246 7523.76221190571 10677.2661926529 511.11189995123 364.557960913482 5729.077935936 0 891.716936598253 706939.486595867 868181.183637722 40023.0378081821 83734.56 72637.236 0 0 0 0 3067.47915696092 1592.40721262999 0
147520.048746145 56233.5530744232 40356.0998763054 48549.6537483456 5936.30288561565 41.7655627318803 0 17784.1523274097 0 261615.498806554 57265.9448322678 45690.1281553907 12548.4858084404 7440.82266854096 0 0 0 0 1502.54871490493 780.011627956112 0
4981.05358168543 7716.84945408 0 0 0 0 0 0 19.896332717512 0 0 0 1381.56216253682 1764.32282723965 0 0 0 0 50.7339559717277 26.3372995481647 0
38.5850203945975 8.9977045718627 1.36252584593449 0 0 0 0 0 0 203.961581113941 18.5690552262322 15.9062603183897 0.956976327116213 0.228182926829268 0 0 0 0 0.393003346333278 0.204018130610171 0
557097.69368609 449458.250391072 95716.4401572516 21809.5752634405 9756.88511809379 214.218961164656 2268.875490984 0 1746.09716622638 664648.846330633 261567.790936072 459769.580230761 40682.25 32423.328 0 0 0 0 5674.25533572711 2945.65167701681 0
551558.330600734 287276.250401937 60552.8263428438 47.9528721643165 24567.4699131631 346.585373927314 0 0 739.773588668708 376008.316496945 78048.9683028591 409975.969749993 16082.226493408 12627.00309908 0 0 0 0 5617.83478166658 2916.36231835151 0
109187.954840279 44480.7339574081 1792.38645664789 11523.3403605109 651.657458371072 73.385560850142 0 3221.20126892521 285.758877733506 254809.397090348 152241.433269343 0 15220.8479750443 10002.980495109 0 0 0 0 1112.12152261878 577.330845075324 0
202190.274609508 178149.900355315 21949.6637793173 2637.04550606088 2081.626802759 88.6550208110063 0 0 1751.91587380614 175266.129142458 79653.4873555704 180069.035590115 29381.94 9187.668 0 0 0 0 2059.38609607957 1069.08021381179 0
771088.981857028 105900.897341491 142745.138492558 15684.4326114555 3422.93804779489 4937.33491190111 6019.76606097115 0 3113.49344747002 278569.590417372 131291.813429418 541959.775924512 30249.45 12292.56 0 0 0 0 7853.83931617571 4077.12969965406 0
772844.825222929 925816.151837491 248493.088781987 15725.3892950865 59147.6177105832 3477.59509912873 19442.72360268 0 1290.29840581183 794423.962431029 332297.856852459 914986.731206305 44362.08 27606.096 0 0 0 0 7871.72325951379 4086.41371395526 0
573236.780204365 198763.534459526 101735.138856122 12429.0824125104 28435.5532571587 0 682.670501712 6573.1004050421 3443.2202103231 275872.133362617 252773.838781162 652542.245370296 22135.68 16812.684 0 0 0 0 5838.63816988344 3030.98702808157 0
9160.85734506282 9534.10794664936 19.7304876919217 748.518700842047 0 0 0 0 66.771075285023 35131.9528616579 21145.3398874251 0 2416.89111043561 1922.87072586916 0 0 0 0 93.306872850469 48.4379941027025 0
620782.484221039 2062176.89496774 296922.123510235 9668.60193578237 149929.425820386 1280.68057521337 32661.09851328 0 1653.48273724853 999773.595675675 664545.91782635 946164.266877041 66492.09 50451.66 0 0 0 0 6322.90954232884 3282.38473508873 0
115481.86667928 220033.100767334 17844.0496009765 7468.52187508096 20966.210527416 130.373713980458 0 0 1369.82074273522 265813.818921156 402928.331011712 26230.433674004 34961.22 21418.992 0 0 0 0 1176.22744737813 610.609877054219 0
378004.09556219 580258.848637728 36334.0892595628 12165.8297977237 6911.65468543162 947.037169058426 10233.364677624 0 1399.39917293233 512951.176708962 241669.357860749 186140.55217289 53388.72 33927.012 0 0 0 0 3850.11781682057 1998.69504151888 0
30047.8517013059 9615.86459264542 438.362269160989 12220.2170408851 0 0 0 0 0 53138.9808788454 12163.3339734769 6650.4531685743 7027.01166556995 4339.05404162132 0 0 0 0 306.048983464907 158.877887591072 0
272.085925020592 99.7831031957674 0 57.3144715499094 0 0 0 0 0 1495.05453710516 391.983818646376 29.0428471831684 129.118889582445 69.8248464467104 0 0 0 0 2.77130031109818 1.43865316696353 0
307878.888537503 293047.358018688 23137.4352255325 14393.873387249 13334.2598550825 146.914460822189 8098.34614776 0 1176.34871570819 422357.767319167 167085.090943286 424948.168064866 24630.48 17942.148 0 0 0 0 3135.86547896578 1627.90830875273 0
29708.6018581249 34688.7076203936 0 0 0 52.4304912216783 724.58604664409 0 209.087567274738 87323.3924930485 113562.645362734 0 11303.1902829082 9923.66306292864 0 0 0 0 302.593592687614 157.08410549357 0
4869886.85253715 4801795.44005297 457284.802461213 6115.04529461543 243524.389554693 2402.5390448602 10909.2524943933 19977.5515168147 41022.8582219061 3658631.61452102 523375.381104543 2466307.78338559 81622.4201296167 106594.322290367 0 0 0 0 49601.6798679598 25749.5059423835 0
837603.126726837 763359.260861329 144216.712775305 2842.16490281836 49284.5999522411 0 3466.895293008 0 4964.94448578448 328256.954903332 172527.049202499 856282.60675603 21796.4265098488 21269.0253767012 0 0 0 0 8531.31159026039 4428.82295669254 0
300227.882091852 61482.6957548852 35391.1655837824 11522.7857200197 0 93.9564710042997 4270.89146586281 13426.2087117054 2223.40858738806 94063.0232141057 113554.595100568 163026.306309759 13113.967105615 9362.06885029334 0 0 0 0 3057.9370211029 1587.45364483484 0
607138.320165017 181808.973138125 40977.8556688821 21070.66019876 820.393841008848 0 14356.15908012 0 4042.54709103841 499463.891435185 239866.747056628 407671.167441289 36356.04 24852.744 0 0 0 0 6183.93845777062 3210.24127589186 0
14.463324134269 64.8295233701058 0 19.8657456908975 0 0 0 0 0 34.2268124099467 332.370758512761 0 102.815237317448 148.11643812452 0 0 0 0 0.147314546571198 0.0764747646134634 0
508546.745090458 500341.226478912 35998.6514046082 14775.4766947349 5216.52816832719 146.128582608087 5996.791858176 0 1067.732840886 673975.646994533 81396.343105411 462810.97670417 31060.26 24244.92 0 0 0 0 5179.74515870491 2688.93874358997 0
178759.223947002 52947.2333168064 32069.3105967228 10019.6995754604 2744.72401588519 85.3548297030562 4470.822501408 3405.98443423341 327.302301361511 110755.757883815 75699.6945973607 239400.430458827 21523.32 6336.792 0 0 0 0 1820.73178867486 945.188633465091 0
1199175.53856398 170552.018996986 107269.085786241 13351.0314840381 36914.4543440395 14949.1716848559 3747.99491136 0 1521.10713980898 228780.93393214 143870.25235541 1085193.78098593 35772.03 15805.692 0 0 0 0 12214.0663572809 6340.63554066496 0
457870.716730502 393848.704012608 98787.744411891 23125.5558774869 43082.5249703896 229.43167330281 0 0 438.827529973583 502664.264212013 420366.847685831 509045.680191094 35908.11 23292.36 0 0 0 0 4663.59022291196 2420.98945998162 0
24413.6505521073 79837.7867901252 4985.20469819584 5461.03738889491 2029.63928752717 0 0 0 119.066590805455 109735.688422585 76741.6859571028 4272.4112213972 9032.4257608827 10237.0395340072 0 0 0 0 248.662467067993 129.087073068083 0
413811.500907732 101899.046266613 52418.5432001196 10158.8097975203 9912.74360537867 593.319701280227 1007.45830259218 60367.8360674885 4258.84138223938 166977.909431362 88357.8078062691 315253.969220336 16395.0785052573 6687.2401532657 0 0 0 0 4214.83008029473 2188.02654441529 0
332439.475177452 267215.204471155 37644.2151629176 14175.8143543999 7010.5268515293 760.042537339971 6338.127109032 0 3195.44024588498 405007.174907647 125336.22635282 388266.155831816 22322.79 18452.448 0 0 0 0 3386.02454688116 1757.77230575798 0
11834.4610748778 12267.2693983251 256.435656244556 2740.44523038433 358.466600925029 87.5609835532019 739.07090667829 0 0 48505.556061643 54967.8915737403 2024.19781882273 3787.40493807102 3647.42964295124 0 0 0 0 120.538560221393 62.5746624100127 0
50895.2056309417 56696.3360099136 0 1757.74787748681 0 36.1205543721683 499.183759016562 1441.34838503558 142.071945127406 88055.9709738813 105198.773060376 0 7512.75 8579.844 0 0 0 0 518.387341012807 269.108182492987 0
37850.0654856622 191856.954198125 0 1583.47012713982 0 188.876875716266 2449.582388496 0 155.165535460272 281107.028833286 669804.362603012 0 58429.35 59516.856 0 0 0 0 385.517546516099 200.132059666828 0
184157.714737743 295597.133692474 8300.40194408837 12075.1601739613 4488.87805336864 240.904003054863 4859.007688656 0 448.52537593985 561185.366416877 739000.715459539 47740.9035412873 51183.09 73122.588 0 0 0 0 1875.71750396575 973.733130474017 0
305548.273241052 343547.706987763 61526.664604169 4396.20568298325 7732.04852644047 124.847696918013 3935.394656928 4981.90101054608 2071.94479069295 384410.4901082 75799.2863544945 477478.304506283 14175 9899.82 0 0 0 0 3112.12726135817 1615.58519032255 0
0 5260.98088556473 0 0 0 4.48742174960022 62.0158825409426 0 0 2997.32391577762 24886.9643186858 0 1417.29049384424 2322.29876663438 0 0 0 0 0 0 0
96414.0504030683 82805.0099962176 0 2520.95449245859 0 103.02216778209 0 4110.97885225137 2765.66985903646 192548.142137332 204740.734315556 0 30192.75 17420.508 0 0 0 0 982.014368644895 509.788879897623 0
3538549.437662 501238.310227949 738059.71280306 17319.0279781623 155978.604709817 22133.7914562589 2275.56833904 0 3185.2575076204 743538.035279456 590399.854640276 2868782.72536074 34972.56 47870.676 0 0 0 0 36041.4937181586 18710.0650449457 0
585268.378139465 0 263968.083849502 774.2014537083 0 204.265160857447 280.353710538858 0 125.806583988313 0 64695.4298496442 1009869.87419352 0 4080.66653028798 0 0 0 0 5961.1846452222 3094.6040507984 0
24303.8187996655 15179.6859469632 0 856.633580213144 3408.00344884201 290.071491426825 398.122805679061 0 354.767922739511 55686.4863168159 485798.632122702 0 56745.36 120306.06 0 0 0 0 247.543788217965 128.506338145938 0
0 0 2695.35241187573 0 587.713940783945 0 0 0 0 0 78378.7128642585 0 9157.05 20772.612 0 0 0 0 0 0 0
95602.8216656458 109875.074810342 44721.5909866997 1553.11024555873 32303.0074897234 0 288.608022301055 0 257.179109302879 39661.7626271246 225635.084962216 250448.045403021 15904.35 51753.492 0 0 0 0 973.751690403745 505.49951141178 0
0 20668.2951211776 7105.31419993843 525.010197091204 1549.29358793861 0 0 0 161.279082065889 34541.166184199 247236.537084526 0 25293.87 82641.384 0 0 0 0 0 0 0
6692.60476913692 11745.2395980319 3171.57830127062 748.518700842047 0 169.030537814087 231.994228832932 0 199.839444414371 0 0 6645.53720955339 18608.7642318813 42858.515436318 0 0 0 0 68.1667663528079 35.3871191449003 0
0 0 0 0 0 0 0 0 0 0 0 0 0 0 0 0 0 0 0 0 0
606807.280635396 605798.404976793 114689.157780232 389.794644212085 55912.6184909079 8374.9913247821 13919.5444442541 0 1140.95157793131 620826.599093631 972035.467976793 258718.452974251 80729.46 313766.46 0 0 0 0 6180.56669221034 3208.49090579225 0
40724.834587672 20153.8384909056 3996.69696405865 219.051749414898 871.468425619155 74.1748503912547 101.804901279105 0 90.7185241244493 5829.25041493762 115098.193719471 0 13965.21 26751.06 0 0 0 0 414.798180955872 215.332389020808 0
760.519189920963 7547.65568411826 1107.84716542796 78.9068622023789 138.647141192381 4.65933239734877 7.34236573971514 0 40.8648756930938 703.000471715015 53056.7744159445 0 6509.99888276647 18949.3032278168 0 0 0 0 7.74618189994425 4.02124196991642 0
21729.5095784292 35540.7512225619 0 444.363532465131 1970.96260441958 169.802814597901 233.054177876598 0 162.261214074447 77928.4170204637 190138.192462026 0 20100.9675433526 66141.907283237 0 0 0 0 221.32345379554 114.894689128832 0
13528.6640003576 17523.67896864 0 531.540617530128 1654.67881279175 179.989184690304 247.034959720842 0 220.133281123442 41376.2480432828 291166.461156221 0 37932.3 57559.572 0 0 0 0 137.794671848962 71.532753145636 0
6113.71910270754 7502.5753619011 787.376131185398 11.6122398034196 6568.20083057978 0 0 0 103.610054561735 1129.02039627006 45042.2915046654 1203.14657422197 5153.09049713318 13163.079139717 0 0 0 0 62.2705920933544 32.32626365502 0
252368.834225776 4880.9072797056 194193.113915398 668.109689258758 36478.926538006 0 310.505810340612 0 0 0 50552.7759210897 527315.000850486 11765.25 12607.812 0 0 0 0 2570.47412043988 1334.39913356169 0
228138.680815944 0 168303.221855314 0 0 0 0 1822.172897606 140.883150554749 0 16492.3949813484 371628.686140413 10665.27 2773.764 0 0 0 0 2323.68064269 1206.28230085 0
7586.92885331637 2315.054836224 14439.8997468301 601.639559544739 483.444491314875 41.1482754412815 56.4759631736178 0 0 0 0 49941.4054388916 4921.56 9820.44 0 0 0 0 77.275802818114 40.1158539219717 0
67898.5720933089 68950.0498722048 14739.5644766042 0 7470.15985508257 204.172269692632 280.226217516441 0 249.710068519913 101954.732747537 213116.401090504 86140.1449272258 31740.66 65325.204 0 0 0 0 691.573200455217 359.01341007238 0
3301.35480846012 7341.47711072637 3747.45295809223 0 0 69.5491214406408 95.4560933384472 0 0 20910.4875847067 56733.2793837199 0 9435.84368201448 20427.5850358034 0 0 0 0 33.6255747409152 17.4558994556665 0
184647.907887374 86280.8076044928 47963.984100899 2251.79460731045 10702.2991360691 352.176766822109 483.362228437289 0 430.724920218901 64418.932036448 395538.622632388 250934.539966035 45649.17 76517.784 0 0 0 0 1880.71031066079 976.325024659976 0
5734.07756664719 23311.3160592 6599.88237028388 317.864143739726 623.058071483313 107.63449901503 147.728232529648 0 131.640884262158 8823.88494182715 141529.846062767 13141.7968379613 26314.47 34469.064 0 0 0 0 58.4037963121679 30.3189106538577 0
10110.0062141513 1872.40767431347 20603.7988594061 36.7209451137976 74.0126990337052 20.1587521679028 27.6678653686272 0 60.551689166353 0 0 54392.5093102953 2639.61920465213 3834.86701345572 0 0 0 0 102.974320940569 53.4566146959238 0
310788.823010791 0 279147.546355261 0 58753.354734202 0 0 0 0 777.23338865835 55303.3027363694 606573.341892966 6764.31 4551.876 0 0 0 0 3165.5042863039 1643.29457485722 0
11052.8399725063 0 971.273792585587 53.2337641157208 211.783492839584 18.0259071182674 24.7405378637325 0 22.0463362062464 0 7977.2997464131 23287.3026586871 6361.74 5112.072 0 0 0 0 112.577447186975 58.4418441681021 0
240996.171264488 229897.8066528 14577.8077366569 1160.91013602295 17467.6883857033 533.967286938228 18840.36727764 0 1644.75467587889 176957.754753067 702580.009875728 135764.201263754 94643.64 188470.8 0 0 0 0 2454.6391524964 1274.26622670578 0
16972.4451876223 1659.1226326272 0 336.158616296208 1834.44638751481 113.829335479421 156.230638821954 0 139.217393257828 0 165192.847557745 0 22056.3 27533.52 0 0 0 0 172.870914307658 89.7417314711884 0
34959.2294467752 31561.9142671872 21057.4094541595 748.518700842047 0 237.876699088555 326.485510109841 0 290.931804393014 132609.731988444 301683.350709545 41989.9578791739 23711.94 78672.384 0 0 0 0 356.073264114154 184.846776452703 0
0 0 0 0 0 0 0 0 0 0 251.500152545521 0 32.705910747062 105.537210640221 0 0 0 0 0 0 0
208664.947021269 0 42311.8303223573 303.851356249655 0 102.889517893369 141.215751114264 1627.57480032993 639.823436988264 0 31042.7506985888 413014.553088693 5318.46 3413.34 0 0 0 0 2125.3331371388 1103.31501654746 0
138541.255745343 87747.009000768 69289.9512194581 422.997120781637 6109.20608817654 143.234410287597 196.589071931838 0 175.180863009313 71894.0884508974 133901.117466322 136026.77945505 16267.23 35784.504 0 0 0 0 1411.09623777101 732.536298296425 0
4491.16358180693 0 0 233.008930605405 926.995225796108 0 0 0 96.4987787077723 35684.1564616378 188427.604497048 0 17707.41 26306.532 0 0 0 0 45.7442369740825 23.747008265234 0
377965.595543636 80615.3539636224 229181.304146426 1038.61446325219 34327.435518707 0 482.698920144982 0 0 47525.5357359032 302330.697130914 860813.467432851 22549.59 35058.744 0 0 0 0 3849.72567925081 1998.49147283513 0
116560.473498319 0 62394.0332770271 226.428851823693 0 0 0 0 93.7736918856214 0 0 181662.224738526 10223.01 6257.412 0 0 0 0 1187.21347472566 616.313006005126 0
0 15034.9950196992 4265.21764348517 233.76888336611 930.018597386087 0 0 0 96.8135070449785 10332.6321080463 153729.836311651 0 20446.02 97651.008 0 0 0 0 0 0 0
67335.3750745482 6565.06354087183 112542.211419517 433.224402493714 2240.58381494903 0 420.771939889641 0 69.0616511331608 0 0 309658.529480462 2362.00182684032 5440.67942165356 0 46310.1550365637 0 0 685.836821136137 356.035508240071 0
0 0 11651.1513360086 55.4209452318959 0 18.76652586477 25.7570362857104 296.861383089519 0 0 13355.2546316354 0 963.9 3352.104 0 0 0 0 0 0 0
247514.800390346 0 176296.182303285 599.139342366488 5319.48596112311 0 0 3209.28004915907 248.128750532974 3131.79336018218 24310.3479163475 535807.713884285 8402.94 3379.32 0 0 0 0 2521.03390967856 1308.73345037958 0
71884.9913373697 0 27939.3292171719 1099.11550030332 0 96.7197871491991 132.747802395584 0 0 0 73030.6355061763 113900.942292829 7960.68 14007.168 0 0 0 0 732.176421259076 380.091584806625 0
296411.946003219 17221.4356983552 184765.080851485 0 27871.3282101303 0 220.571543175791 2542.18585752747 0 4686.26013749887 28602.752648812 485147.842964916 5670 5295.78 0 0 0 0 3019.07023713104 1567.2768990571 0
91583.9653980781 0 71513.0694915536 193.472851615562 18449.0559186233 65.513376915207 89.9170383780083 1036.3341527386 0 0 37445.3845079074 183490.6066227 396.9 2168.208 0 0 0 0 932.818085978137 484.249826054224 0
135760.463066577 29240.4287230848 41021.4055604063 0 7792.51580157457 461.901317045489 633.959053971332 0 564.922012683247 250246.29134244 482910.471165823 112768.473161045 104554.8 104046.768 0 0 0 0 1382.77278952509 717.832868879145 0
52423.9898322953 32594.0428816704 18201.2624016934 1098.28608869687 6486.74950881348 189.215536871311 6283.26136842853 0 231.417443457419 15224.6304954841 225415.983096522 68642.4497502291 29642.76 39506.292 0 0 0 0 533.958598998654 277.191622430994 0
108266.902572158 102891.3260544 30087.2720812792 296.582881465716 19038.2032885111 263.6791030451 361.899281404341 0 322.489077423613 82043.8421145535 440852.872128242 245430.063403726 39548.25 79878.96 0 0 0 0 1102.74024926924 572.460785139769 0
28978.084831922 0 0 58.7758586389104 233.831983215295 19.9025597047443 27.3162414923036 0 24.341550177579 0 0 84517.9594141306 0 0 0 0 0 0 295.152994421366 153.221499836228 0
163397.716543634 0 92076.9135084382 254.232001605581 1225.68800947537 86.0875146358478 118.155019964817 1361.78954195848 105.288143246823 0 0 239872.426839499 1508.22 1793.988 0 0 0 0 1664.26889834832 863.964728650769 0
12.6151832264217 80.5991487021418 0 0 0 0 0 0 0 922.345288216474 878.103793830213 0 84.0373165560778 220.974148348756 0 0 0 0 0.128490517094175 0.0667027274532603 0
0 0 7743.8117348972 424.424349137107 1688.51616261867 143.71769540184 197.252380224146 0 175.771938179188 42130.6216263923 222816.638235331 0 28990.71 56532.168 0 0 0 0 0 0 0
165403.355305513 0 64891.4121755076 8395.47147482935 1036.86897382222 0 0 1396.04277846881 0 1714.48541615812 0 252012.238186751 5091.66 2601.396 0 0 0 0 1684.69710434363 874.569535041777 0
246948.839413805 0 494722.121503482 399.74750908625 0 0 0 0 151.325078748534 0 141548.131681127 834512.756547827 3256.2890070609 733.134503089144 0 0 0 0 2515.26937838118 1305.74093413231 0
288594.017038574 1122.1585247808 423487.958850439 683.883342901682 38902.5202954087 231.575163313228 317.836659129622 3663.20989647855 0 0 4083.26204248361 716591.993136579 0 2474.388 0 0 0 0 2939.44160889448 1525.93963303265 0
13672.4868520271 29780.9692424849 3429.90074370884 435.488973004011 4083.46912010721 151.166178809531 207.47541557911 0 86.8015171250299 4890.07739537494 174000.691364363 13030.0496629374 13940.058585997 20374.1264798878 0 0 0 0 139.259563182626 72.2932158598331 0
132459.465412693 78911.2163758464 63635.2051854686 837.838650960589 15075.5539538772 283.707191350947 389.387810764776 0 346.984153619341 55023.5519559014 378269.411945396 258098.252951867 51517.62 70782.012 0 0 0 0 1349.15085254158 700.378857876774 0
72231.7946541154 113977.866436762 0 456.737637457204 30459.9812861423 173.869665386574 0 0 1332.7500968425 96788.4166935134 344826.499899884 43459.1070231087 21727.44 60746.112 0 0 0 0 735.708747084143 381.925305863353 0
41976.8430650843 17652.293126208 0 215.122237579058 0 72.844247219572 99.9786498769079 0 89.0911483320663 7086.53972012025 98087.9216010269 50849.9581989566 12984.3 15483.636 0 0 0 0 427.550371215943 221.95237850008 0
14766.3344894521 31043.3150703052 3640.07121353265 463.497042297253 3474.20105596392 156.948409958006 215.411521525242 0 188.262165482665 12504.3136351799 251006.695700989 7283.42158628302 22438.0379282477 44385.8511587368 0 0 0 0 150.400824156197 78.0769305728892 0
78450.0315945987 0 94560.589404033 239.033921940597 637.058329745725 0 0 0 0 0 13273.0140787461 189613.167263516 3867.8366511628 4090.75467906976 0 7938.27631991568 0 0 799.043893752755 414.804207139407 0
27537.8203582693 32520.0897410688 0 337.011246222853 1340.75468900046 114.118051261956 10952.1908152467 0 139.570503099572 7589.4554421933 147395.800557945 30056.3429030011 10602.9 20314.476 0 0 0 0 280.483344076184 145.606107580533 0
14997.7277004883 14514.1076815488 0 386.853026065183 4314.00127429311 0 0 0 160.212076239752 26311.63618664 206931.752972498 0 28072.17 52383.996 0 0 0 0 152.757653447099 79.3004211883849 0
139517.701097823 0 201614.741262658 448.854050078792 28411.4480596391 0 0 2404.27934879458 0 1783.06483280445 10078.6858219351 341356.481411439 1230.39 7590.996 0 0 0 0 1421.0417110949 737.699248929048 0
0 198.809844660213 0 0 0 0 0 0 0 3624.70791732764 0 0 2033.56080120684 5103.99372309756 0 0 0 0 0 0 0
26666.2648201191 66731.4556541568 6723.79218069219 0 9656.78726398662 254.176587941668 348.85708978676 0 310.867157849707 242131.060372625 564665.344596916 0 42252.84 155609.748 0 0 0 0 271.606214052527 140.997761393388 0
515780.504482228 1169932.25360943 33978.2475085363 1156.39077782919 70727.1008987668 718.79559920102 14017.5213411351 0 10327.7210617761 668123.536774047 922817.221601295 506477.891007506 84414.96 188634.096 0 0 0 0 5253.42379405254 2727.18721549177 0
342804.16521201 198313.384908038 19457.4693917324 1073.34757101878 28744.8351982163 0 10718.891796911 0 1461.46538711644 367128.477113326 523115.663520717 213008.905869918 56966.49 116173.764 0 0 0 0 3491.5929209712 1812.57556006701 0
58534.5793914234 46449.0030056832 23971.1045775685 1118.54658224104 22373.7089249635 149.209571700059 9588.16294896694 0 182.488701473222 13052.9489683505 150752.042773352 106134.749285252 12190.5 23814 0 0 0 0 596.19731548104 309.501338637699 0
31165.6134452408 0 0 195.567355565798 778.03886941172 66.222613511434 90.8904648329533 0 0 16024.7236896913 57474.4030418851 54316.6346877152 4745.79 7720.272 0 0 0 0 317.433818856396 164.788048040205 0
53367.8190904282 0 73519.1446673379 254.95488349991 0 1673.02806067745 176.946532086127 1456.70575675232 1861.76488063628 0 7019.12701823076 179652.700979612 2951.83344232278 1279.35934135496 0 24642.7574502118 0 0 543.571864795071 282.182115603999 0
3960.65151510682 4887.337987584 0 247.522174791551 984.73424908768 83.815446955899 115.036609551631 0 102.509322318319 37695.81934993 119539.986087636 0 14651.28 47519.136 0 0 0 0 40.3407665248996 20.9419279774069 0
318793.492222916 13861.3908318912 307622.435547964 1665.39361754035 79598.2221486798 0 385.425189797744 0 1555.68380098528 4389.0826653648 0 467743.580518565 3158.19 4018.896 0 0 0 0 3247.03493613857 1685.61922914298 0
0 0 98.7506780762505 5.41234649087412 21.5323049822976 0 0 28.9911451043945 0 0 986.787793360641 0 0 950.292 0 0 0 0 0 0 0
0 0 0 0 0 0 0 0 0 0 0 0 0 0 0 0 0 0 0 0 0
0 0 0 0 0 0 0 0 0 0 0 0 0 0 0 0 0 0 0 0 0
0 0 0 0 0 0 0 0 0 0 0 0 0 0 0 0 0 0 0 0 0
44772.3283782173 0 82551.6411995145 0 0 0 0 1261.99669417467 31.5949234588588 691.256243895258 13082.032974787 162585.500254777 437.104671477402 788.984914546146 0 0 0 0 456.023469621785 236.733495158851 0
0 0 0 0 0 0 0 0 0 0 0 0 0 0 0 0 0 0 0 0 0
0 0 0 0 0 0 0 0 0 0 0 0 0 0 0 0 0 0 0 0 0
0 0 0 0 0 0 0 0 0 0 0 0 0 0 0 0 0 0 0 0 0
0 0 0 0 0 0 0 0 0 0 0 0 0 0 0 0 0 0 0 0 0
0 0 0 0 0 0 0 0 0 0 0 0 0 0 0 0 0 0 0 0 0
0 0 0 0 0 0 0 0 0 0 0 0 0 0 0 0 0 0 0 0 0
0 0 0 0 0 0 0 0 0 0 0 0 0 0 0 0 0 0 0 0 0
0 0 0 0 0 0 0 0 0 0 0 0 0 0 0 0 0 0 0 0 0
0 0 0 0 0 0 0 0 0 0 0 0 0 0 0 0 0 0 0 0 0
0 0 0 0 0 0 0 0 0 0 0 0 0 0 0 0 0 0 0 0 0
0 0 0 0 0 0 0 0 0 0 0 0 0 0 0 0 0 0 0 0 0
0 0 0 0 0 0 0 0 0 0 0 0 0 0 0 0 0 0 0 0 0
0 0 0 0 0 0 0 0 0 0 0 0 0 0 0 0 0 0 0 0 0
0 0 0 0 0 0 0 0 0 0 0 0 0 0 0 0 0 0 0 0 0
0 0 0 0 0 0 0 0 0 0 0 0 0 0 0 0 0 0 0 0 0
0 0 0 0 0 0 0 0 0 0 0 0 0 0 0 0 0 0 0 0 0
0 0 0 0 0 0 0 0 0 0 0 0 0 0 0 0 0 0 0 0 0
0 0 0 0 0 0 0 0 0 0 0 0 0 0 0 0 0 0 0 0 0
0 0 0 0 0 0 0 0 0 0 0 0 0 0 0 0 0 0 0 0 0
117310.823803188 0 167601.270032334 0 2973.22786604877 179.957802540027 246.991887753808 4270.0382488007 0 0 71325.7402109677 288027.172008395 3866.59614590875 2445.86816002896 0 40800.1800059879 0 0 1194.85608260095 620.280480038743 0
18677.5734169014 0 46683.1491798949 0 1059.01578522524 0 0 1440.87036271404 7.51649427948464 12.5567945972144 873.735719810368 19228.9567408552 92.1025 211.204 0 0 0 0 190.238304377195 98.757589704008 0
0 0 0 0 0 0 0 0 0 0 0 0 0 0 0 0 0 0 0 0 0
0 0 0 0 0 0 0 0 0 0 0 0 0 0 0 0 0 0 0 0 0
0 0 0 0 0 0 0 0 0 0 0 0 0 0 0 0 0 0 0 0 0
32896.5985314452 56898.9033080832 22906.2060395824 1745.60210234108 7913.85891451265 0 5495.63674818165 0 855.947425847624 91256.3437507098 260820.852757569 27749.5210015595 33095.79 50574.132 0 0 0 0 335.064571007729 173.940624293631 0
2349.41058110049 20874.0777732864 250.390257286727 0 190.757150553152 0 0 0 92.7772768022049 15864.7050508499 251489.105114137 0 23031.54 121317.588 0 0 0 0 23.9296548463812 12.4224984175203 0
11680.3599599744 40095.463621824 1421.07443652381 330.478067918941 1069.20850693235 0 0 0 150.69564945707 23431.3006874944 369814.071764741 0 33010.74 94933.944 0 0 0 0 118.968980804009 61.7598534228462 0
165942.658715033 124096.585283424 0 0 7676.89256601408 0 2931.467448528 0 5529.03971263562 33878.2318232846 309849.874794512 38879.2923123556 26201.07 122936.94 0 0 0 0 1690.1901180174 877.421099517231 0
197149.5005266 148488.260266195 124226.584024045 399.398280373831 12479.1381871386 0 496.167450965514 0 193.124172506296 222928.823711654 190200.337774029 424455.229865256 15688.89 43266.636 0 0 0 0 2008.04386372013 1042.42714236838 0
11572.43864812 5800.4985063168 238.258946371672 427.926728971962 490.275203790148 0 0 0 88.2822537013228 49880.095707427 160900.442825281 0 22447.53 59321.808 0 0 0 0 117.869760529775 61.1892199471511 0
556.584576543086 1573.92472393492 150.209927347908 0 0 0 255.633692144354 0 0 278.631504600692 16198.912414222 0 2860.3691033142 10783.266717222 0 0 0 0 5.66902903929915 2.94293857231376 0
6486.19210235174 7694.3419765056 4019.03284638184 658.131536966781 400.391416428622 0 90.32039926453 0 35.1555756719984 9303.94085835143 84523.5242794106 0 5454.54 10777.536 0 0 0 0 66.0643735604094 34.2957130504858 0
81697.0393733025 59188.2353127936 0 120.242018948977 273.547971999621 0 0 0 133.043693739906 55983.66378895 270262.151333848 9053.30941766885 46822.86 204203.916 0 0 0 0 832.115922989765 431.972746907255 0
450.310737389419 440.481427521389 0 110.117717221745 0 0 0 0 0 711.110461862398 19.1327553108313 0 56.8115175109873 184.498406747011 0 0 0 0 4.58658891129226 2.38101610149052 0
37.5739094486045 0 0 56.4919774220413 0 0 0 0 0 0 25.7938123098292 0 5.105078125 15.60015625 0 0 0 0 0.382704790540752 0.198671885799843 0
