695552.598360255 36028.5042985647 219056.171445116 0 133093.687499054 0 0 0 0 53650.3355263589 46873.6200860028 1422329.88594534 4972.8107667291 4097.46465252904 0 0 0 0 5802.08683503152 3012.01229140981 0
184905.960569783 9279.78627333397 46561.4158392431 0 42020.9650425612 1378.93585550702 0 0 0 11197.50298018 12354.0489900723 335632.168115586 1204.02473269494 1168.8372246238 0 0 0 0 1542.42891489441 800.714464016225 0
2475458.51595976 73744.2814688877 563889.798360499 0 254037.646567998 6859.945732393 0 0 4769.93806173896 36242.0760982482 37321.3556743618 2987951.73950378 12811.5376302484 5597.1941587162 0 0 0 0 20649.5170889689 10719.6946636724 0
0 0 0 0 0 0 0 0 0 0 0 0 0 0 0 0 0 0 0 0 0
20336.7066684233 5932.328017824 0 0 0 611.218012972919 4048.01582621089 0 0 37398.6418777959 137516.298250277 0 2387.07 25358.508 0 0 0 0 169.64258103115 88.0658207538757 0
116457.528451321 289.381854528 38929.455413973 17.7671353087671 8269.30843726051 6631.92474525711 5049.99994160963 0 1782.65318810424 24620.0105760307 69783.9442236162 279072.290072516 935.55 8960.868 0 0 0 0 971.453049360538 504.306227810116 0
733398.242612552 52686.7896477312 126779.43718911 590.341164060331 20530.2741587125 2309.04582678659 0 0 7386.32213379897 65790.5203693745 155183.875965804 910551.898318962 2120.58 25254.18 0 0 0 0 6117.78361310008 3175.89859696452 0
151829.124867507 0 212463.330312005 25.6033796295922 23886.6164913259 1098.81657506954 7277.31642650624 4980.18263095131 6531.01436598253 2377.4197770726 48909.5119283829 281926.821084635 1423.17 7985.628 0 0 0 0 1266.51207779955 657.47894749157 0
1175186.52017966 59975.9970278976 942621.33005886 146.295040468729 224394.875148053 67055.509339438 41581.8269510396 0 1915.80947063606 63458.8202033994 54207.7934078982 3454183.88830773 2165.94 9575.496 0 0 0 0 9803.04617294995 5089.01304060244 0
1250206.80390478 303506.904382906 256650.916676443 1595.89836217267 125309.847899394 5030.01856017521 6719.619448224 0 2594.17379597644 198034.495469038 397938.783979311 1858372.17980123 7410.69 39406.5 0 0 0 0 10428.842412642 5413.87994098901 0
651893.274316434 135362.383485365 288274.205769606 0 64659.5442871777 2811.00685695934 18616.925553637 9819.95684333641 510.064302870601 106812.540673274 116367.937060334 1715492.53028727 1730.79192046557 17192.1620601358 0 0 0 0 5437.89411997558 2822.95049944088 0
142579.528118853 4829.4616166784 124702.522124274 604.464158415842 0 76890.2663491336 8658.85555040476 0 0 25534.4027979817 71536.7591491701 281839.831990586 1712.34 9999.612 0 0 0 0 1189.35477344725 617.424609166603 0
1109987.18638017 0 584466.503712244 110.823440522478 69335.5364453425 77401.5216305121 31499.6401187608 0 0 0 12249.7861274508 2925965.16742462 0 2342.844 0 0 0 0 9259.17329089527 4806.67465920793 0
1211062.57371166 779456.455879046 429770.030702814 3303.65083964098 138792.416003623 14851.5436147735 31496.542951536 0 378.215992684414 474249.525914886 749308.462322882 2512085.55612288 17469.27 59280.984 0 0 0 0 10102.3132282117 5244.37025508257 0
23031.4793420698 13213.4996850259 84.6037108344625 3718.14840964769 209.866521300061 0 0 0 0 39272.9322009753 85956.1292827805 0 1642.5890245713 12696.2133231386 0 0 0 0 192.12154968144 99.7352307089446 0
564092.825837613 87425.473606848 64873.7848384621 0 22037.4618476974 2090.72042839793 13846.5640781307 0 0 120494.035047593 170092.762008726 664838.314905005 7002.45 24811.92 0 0 0 0 4705.48965850167 2442.74053310196 0
288450.950593238 7395.31406016 93565.3865866068 25.1924046506009 14619.1894516826 1081.17882078133 7160.5039193777 0 2527.66243324805 52120.356651207 72034.7179348388 437318.339420431 1048.95 11383.092 0 0 0 0 2406.16952180879 1249.1043965674 0
1367654.0899884 165352.791677299 737021.255270642 126.111468699911 197708.787243086 28360.8755687808 35844.996872208 24530.2829184765 0 87187.2983630278 36659.7258009321 2895704.23905969 1865.43 5118.876 0 0 0 0 11408.5517171611 5922.47220289781 0
460885.886738872 21729.3619211136 168146.131175173 0 6574.18192015606 2356.37293873294 15605.9454171693 0 0 26608.8136587741 178956.428393629 1225462.08423043 3997.35 18239.256 0 0 0 0 3844.56896890838 1995.81449205627 0
118991.064731599 12861.4157568 44417.7786482091 0 0 746.630449121105 4944.83442932675 0 0 0 52445.0193066309 164190.304107915 1627.29 10788.876 0 0 0 0 992.587033379191 515.277421699581 0
1487398.95170018 51146.6351108544 973682.771737449 156.604365894804 71867.3993102487 12781.8863246799 44512.073830739 30461.5388375924 1583.17335399309 57835.3080384007 56209.5877262865 4180508.99452287 2744.28 6407.1 0 0 0 0 12407.4266941771 6441.01385763292 0
161938.03192918 9745.7377897152 202671.863034299 2554.28475913759 58233.2544555146 1584.16360241821 14118.898222316 0 450.949837431416 53697.6832340725 102081.55106209 872532.8314922 4099.41 12564.72 0 0 0 0 1350.83748570883 701.254432471798 0
390410.278151175 0 326976.214721781 467.567737000019 19168.1262175156 0 12471.5335689989 8534.81025442686 4402.45927413587 0 28712.3035816591 1342198.22662558 0 3708.18 0 0 0 0 3256.68301787968 1690.62779616705 0
1091025.80191479 17604.06281712 813612.553184578 0 89769.3898139761 36571.9297270626 33632.4104102045 23016.1142302203 0 13921.621579204 17727.3327698069 3425329.28362991 2137.59 6604.416 0 0 0 0 9101.00322663278 4724.564516558 0
760904.990746286 568770.389012966 230386.702929686 2505.41919866752 119721.936264196 24032.562830281 108939.487807512 0 0 324426.360348215 346210.825324043 1404250.44704705 12133.8 59181.192 0 0 0 0 6347.23648495694 3295.01347579732 0
661787.529496017 4546.5104700288 140855.902722148 67.6047814414587 20355.4093360274 7454.46872688478 19215.4861433083 13149.9889145445 568.77866592156 23728.4781596285 37396.7048037218 1355186.98709439 1769.04 4123.224 0 0 0 0 5520.42896759926 2865.79645858978 0
631195.952463607 3846.67302963388 140232.4007191 42.9890674871842 9987.396822358 0 18156.4677612513 10560.7558609462 0 6822.24210046051 7943.79934547304 1528391.32659029 1079.30893320921 2297.92802904352 0 0 0 0 5265.24339747697 2733.32307519296 0
0 0 0 0 0 0 0 0 0 0 0 0 0 0 0 0 0 0 0 0 0
26493.0750486575 21286.2178956528 3690.57104857532 1060.69126806014 59.8849778710497 5.53676644062017 0 567.320642638336 45.0987234219429 20510.3520600019 21456.3174201057 7014.73902796921 1301.8959169545 3336.35957964434 0 0 0 0 220.997121312891 114.725281555873 0
81417.2920979803 241030.425969516 0 858.949218306654 1005.67977713414 97.1130898572067 0 17445.2561404166 0 179706.090684812 223361.995740381 0 6958.64037971868 26051.5720822816 0 0 0 0 679.158125121314 352.568425609425 0
99333.8104072094 60018.3449924733 0 2389.22347252142 664.253865379674 70.2133375276313 497.673586274874 0 507.067580754954 66956.8623024769 125515.144063924 66005.6829552455 4177.93202136268 15727.0027875061 0 0 0 0 828.612235790509 430.153892896711 0
235963.495006116 423931.746473387 0 12099.2899931884 0 203.141502423997 0 36313.165473637 0 274053.789106699 527952.59540493 21535.758356636 18611.1266077288 60212.202068849 0 0 0 0 1968.33523611382 1021.81337393887 0
202489.392630538 371171.816009729 3797.09247554457 8704.06443070705 1703.29628481851 151.566196455404 6109.51148814627 24892.3072416186 289.550730732705 217294.612348732 280658.389835832 111215.620599249 13529.1607842362 34747.6085477786 0 0 0 0 1689.10452205178 876.857538770051 0
14687.4613345853 85123.6100459803 0 0 0 34.5621683757209 244.977363142894 0 220.463375175405 92373.8951093494 131514.926678696 0 3574.12367072315 21681.4992611256 0 0 0 0 122.518305948869 63.6023992630738 0
73871.9140288921 132393.243370114 3171.3947920797 5889.1089824176 855.712721939665 142.41167564477 2002.39217293514 0 323.802694670219 198342.344045369 69177.3942473961 35548.084780455 3690.12890047393 13423.1606104265 0 0 0 0 616.216891254601 319.894014585722 0
18471.8230081928 9616.39482469377 1610.54380812577 8914.41497933941 10.545333775216 0 0 0 91.6995829174855 2696.6827936127 4198.19666254205 4919.0872364645 182.098781870974 394.764425188276 0 0 0 0 154.086292463762 79.9901518254501 0
224765.454143417 256178.561151516 19960.2790416914 9567.69811870626 2466.62576331348 134.730674615195 266.304901596631 9244.43418564812 0 403177.977543646 157896.456067367 100484.394144259 13485.9591958919 29537.4147511798 0 0 0 0 1874.9246074701 973.321517539122 0
77387.1700036651 50453.782271611 759.404044978922 1153.1271380466 0 0 0 0 649.333676984558 64555.633768859 14015.8479737385 35027.6543217328 1390.43793781057 5445.29937705164 0 0 0 0 645.54008041539 335.116435188317 0
70747.172854238 69539.2227193639 1350.14252915753 845.073557815016 198.48068829148 9.31883745359142 66.052112301546 0 97.3719283534256 87590.4802139259 17985.7678644842 10842.718983944 997.855189838127 3161.77544437282 0 0 0 0 590.151257001946 306.362674399917 0
1642.14870815964 1245.01592220001 5.67274496166128 54.8391409864296 0 0 0 603.858245579957 0 812.664022671621 313.944556745511 452.082062160656 3.75045029154643 5.8351708950176 0 0 0 0 13.6983017865778 7.1111402717207 0
334049.057263047 368747.965595335 2546.42592496582 18904.1530446984 1098.89894185885 215.66470991331 5203.42377433143 0 452.173367613021 479371.93529147 446650.762260953 101577.016524917 14100.7283127703 66672.6268771306 0 0 0 0 2786.53496798061 1446.56186862381 0
2856.51883346888 2331.23621221494 0 156.501542276729 525.741876848158 0 0 0 4.1727817647421 3769.13445784276 13667.402133194 14.1790196184913 1056.35989045098 4082.65075771408 0 0 0 0 23.8282055976235 12.369833506963 0
36721.5438406447 48380.9590617426 4933.15254819846 2086.47315708622 65.8721712354921 19.4957402780569 138.186209670575 0 123.647536069904 27918.5605781978 37226.8737006498 19832.2349082392 2278.12005106694 4678.37847018056 0 0 0 0 306.319876573136 159.018515160918 0
961725.507421502 867784.979254666 41623.8037434397 139222.879327211 10967.039053293 503.540140802554 4590.10769207696 0 6383.28401536513 957796.667133594 884552.479418865 326980.804768622 32929.508112762 102414.95722873 0 0 0 0 8022.41975470874 4164.64413495809 0
157347.740074496 227983.738862557 0 8449.40325433788 1737.20847209643 129.920339093654 1509.84867522998 0 0 220811.922084402 312885.860051776 36498.3685900576 10751.593419475 38161.6388044328 0 0 0 0 1312.54667635552 681.376689911335 0
9888.61821275118 12773.9152578525 586.251312456704 1585.40208384424 561.50433456392 7.74979014848246 54.9306726026968 445.286849350921 1899.26454455274 7901.37106997648 22561.6930114243 1417.61210064518 1138.18303147815 1883.52914975367 0 0 0 0 82.4878257720775 42.8215488980731 0
5718.22404466679 4765.97130490205 271.448408101494 681.384762969456 0 0 0 0 26.5410648404795 2850.56917029194 4355.26597175422 8491.84856580085 521.19840491891 684.162484405632 0 0 0 0 47.6996743704748 24.7621260393176 0
866086.579941538 314114.357028326 180791.153249896 19523.3449371703 59765.7730300286 0 56166.380885952 0 14194.737140825 210561.668909767 653630.661244492 1731939.97523793 28004.13 25585.308 0 0 0 0 7224.62910112453 3750.49051697721 0
750249.082141739 718065.952309725 44413.1125884029 37265.7802861108 38214.0921967533 729.092442887849 25827.700648104 0 1409.0970188986 1064752.37215912 463776.882580053 324066.59351467 21175.4088 73853.999856 0 0 0 0 6258.34815763921 3248.86926216243 0
257700.978268548 153817.629214667 24221.3896488125 1431.2772756908 24527.8671047161 69.6161782835468 2105.4212684608 0 1161.10947514882 167163.575203144 54651.2192203919 196837.856734792 1831.68 8158.752 0 0 0 0 2149.66266665036 1115.94510017368 0
560543.685719585 792314.656281907 17058.0777491815 7747.87470343296 29891.6706124155 442.410055611589 4089.330162216 0 914.021982320666 487896.829827505 167712.519013229 311118.105774595 5635.98 14016.24 0 0 0 0 4675.88381819133 2427.37138102829 0
594335.318800159 622849.426916371 4413.05567445849 20937.3391320441 943.779767296036 1142.00989320856 6297.970020696 0 513.50094391384 748978.669000064 1183458.80919602 140733.855988578 24653.16 90318.564 0 0 0 0 4957.76327618377 2573.70224719922 0
191639.380853221 61951.5696501569 26136.7848447132 28301.189637138 2604.65911942984 169.249424211381 0 0 275.112577674627 168621.552208159 83111.7986199699 228679.358825435 2736.04971803018 10139.8082668785 0 0 0 0 1598.59704549068 829.872783178223 0
0 0 0 0 0 0 0 0 0 19682.2925774953 17975.6712255904 1963.69825269366 122.985060294775 1724.0269361322 0 0 0 0 0 0 0
3.14810998526549 0.353644385085197 0 8.94248005430764 0 0 0 0 0 0 3.65518949839934 0 0 0 0 0 0 0 0.0262605697165116 0.0136325361916317 0
745434.364381907 442435.917387859 98706.8660419173 26126.6921780328 10492.297923779 593.425060133251 8499.91703112 0 2703.27456309693 738348.859419884 250264.126501392 717047.880425762 16352.28 35609.868 0 0 0 0 6218.18525609221 3228.01966846316 0
538598.272133319 308096.510496928 72630.3133631635 427.163323871665 21597.4372054977 454.766314522361 0 0 2057.82378083475 369823.55254765 113770.05934047 503271.083794367 3250.3008802817 10065.5144366197 0 0 0 0 4492.82189655036 2332.33923591412 0
134024.972439216 49204.7302140012 1099.01342384694 12338.2300271975 2698.69042517806 220.392416681767 582.277780872 0 218.201534241008 228889.792306032 187559.885337534 16017.2599938881 2766.44474043745 15366.8937771745 0 0 0 0 1117.99528890879 580.380068012762 9289616.08522703
241710.672654361 201731.306145408 28199.5916641383 8159.41875895254 714.984672193966 203.574491001398 1218.098346192 0 4320.39037797195 167745.253116911 80639.4457511945 260936.674872495 8930.25 11301.444 0 0 0 0 2016.27643258133 1046.70088030178 0
795834.465012746 105659.745796051 155427.48904573 19807.2171237161 8138.97694558629 1560.51672279788 19649.8869036355 0 2650.42130258077 270020.02314213 175829.247219629 1100962.97064599 6509.16 15946.308 0 0 0 0 6638.60746577677 3446.27163523931 0
1084189.63260931 928899.676265184 195533.309981948 12855.3143821597 125340.490099631 3690.74520181366 29455.224294456 0 7571.59323816297 647343.97353021 522866.684127882 1382121.38806652 12751.83 30862.944 0 0 0 0 9043.97799515087 4694.96125431329 0
550168.410705257 210059.072847936 104643.649468635 17195.8754673823 40616.440695325 0 0 0 3096.03732473075 239205.005262382 216721.622698746 952673.950748361 5414.85 17694.936 0 0 0 0 4589.33645036842 2382.44241959016 0
8414.65302170621 4472.91771488463 86.7842041244337 436.764241056342 0 10.463382998299 321.009970389051 0 0 12632.8759558345 23157.8354965641 3111.6605401162 336.55591394614 1476.03807973522 0 0 0 0 70.1924593965973 36.4387084299275 0
1637945.19255825 2132728.19110166 341709.03933422 15576.5329345794 264523.492015606 15040.6544274538 211166.049014856 0 2243.59666429587 1084103.41834511 969625.347454156 1936939.44081877 37348.29 50322.384 0 0 0 0 13663.2373463196 7092.93742022055 0
278953.230272247 259890.628197658 63328.2821404404 15948.8150657907 25125.3785062357 3105.81698013105 36248.465071296 0 4684.05960170698 286639.10177609 376845.249818383 66324.3514847444 28281.96 22797.936 0 0 0 0 2326.94244657804 1207.97558702139 0
476423.105091415 659909.59641959 54155.3270125981 19831.5086740077 17198.0370236188 539.858713728935 34086.675149208 0 3986.78447673237 650018.570779417 316572.31840104 375987.806297746 9570.96 45006.192 0 0 0 0 3974.17568775155 2063.0966685049 0
36339.9894620311 12532.232937283 2640.48765386996 3112.91434773423 1330.4069850422 371.872473041383 0 0 98.6220084640695 76837.1648470548 17471.8173040191 25219.500640316 907.11115637731 3557.09537825134 0 0 0 0 303.137066758003 157.366236841586 0
495.261961949787 137.351514359985 13.7448617377255 35.1556515384372 0 0 0 0 0 3456.02957206201 606.538661788508 152.567611253882 10.8022792503799 21.1270099611684 0 0 0 0 4.13132366422764 2.14467621913457 0
349169.160513407 334525.423834368 24849.3607233077 13873.8647350791 13191.2629206438 376.271944315618 15547.486034088 0 3195.9251381833 396046.131132527 165003.623219191 493864.472370434 9446.22 20266.848 0 0 0 0 2912.66224033936 1512.03777503956 0
56776.4606013558 27533.8779492514 0 0 0 112.579525317311 3453.8686096455 0 0 58613.9776452088 104540.606644202 9738.76909859615 1491.13461538462 11182.9673846154 0 0 0 0 473.611852462942 245.864076415188 0
4562007.59123204 4868880.50003986 472281.64490063 6151.68023984454 264465.700260945 7131.07719490361 26811.549312336 0 36339.6145020521 3271623.62433345 643343.383437993 3139746.99675213 40693.007893428 110132.889199289 0 0 0 0 38054.8706867052 19755.2607389999 0
729502.264204041 777188.433916463 133908.098465276 9907.10568426989 86325.1092462776 567.433736893727 12164.791087591 0 5325.51308200878 355119.324416836 195668.119460111 1172068.22862348 7761.96237102085 19578.5411196487 0 0 0 0 6085.2845539536 3159.0275006863 0
336155.009079454 56071.1996424331 31372.1636565671 11067.7340424783 0 240.408783242351 0 0 679.977334414359 79542.5825347695 121063.452209709 200418.282892942 2602.86058303888 9455.37214134276 0 0 0 0 2804.10217330481 1455.6814560872 0
661930.13973551 163012.014009562 27088.5509791802 20457.7222437309 3622.31663066954 0 1699.983406224 0 4819.82944523471 547240.885032125 266557.337968472 718409.09865671 9281.79 26301.996 0 0 0 0 5521.61857855758 2866.41401619109 0
18.0112063053672 24.83110047905 0 0 0 0 0 0 0 186.299639778452 383.81783142473 29.6461431632149 91.4614823043963 347.126020631646 0 0 0 0 0.150243968944649 0.0779955030040525 0
462758.976451608 475579.785793133 19484.4288483902 12936.6628296475 9112.99035044937 372.265480865719 1867.304607624 0 897.050751879699 566740.29916523 117080.069686432 488266.56307748 8624.07 29781.108 0 0 0 0 3860.19370985354 2003.92569637205 0
251969.183634649 62866.6002192384 21040.8190192931 7741.66058591654 1861.00296105344 206.713936182907 7690.082416344 0 664.787340987604 145685.540762343 85101.1564707864 384353.25750877 1683.99 7019.46 0 0 0 0 2101.84979057908 1091.12420822412 0
1095749.27197934 220679.386909114 145928.946633635 15150.3009649301 46051.1413293388 19208.622214444 4464.129653352 0 6092.18683600894 285793.288970785 162364.441655147 1549198.44136954 9298.8 19291.608 0 0 0 0 9140.40496784086 4745.0189723764 0
523937.248828817 426581.007113664 88865.1090085238 27572.3218802628 45521.6441092455 568.127704528132 2088.168593472 0 1258.78040642146 292148.314913345 503705.23005535 775040.609791613 10551.87 29742.552 0 0 0 0 4370.52412855457 2268.85132356658 0
44179.7058629685 85027.6763042982 15932.556699752 3322.40679438835 2797.72043077106 62.6661886487304 1922.55901994545 0 0 86775.2632935878 59665.2598497829 8921.03481663577 2756.05278389135 13261.2489440412 0 0 0 0 368.533580878566 191.315246904173 0
514485.17032917 95133.7186882495 56741.7398045332 14530.6475512148 39488.2043840604 340.246028695699 10184.9675871985 19049.0402155473 8466.21952855111 184433.823279459 126118.598343454 506709.308220689 1948.36432835821 6022.21701492538 0 0 0 0 4291.67778342441 2227.92016079409 0
506070.223109555 238826.844541958 46365.080940651 19553.2856852041 12094.6807148331 0 3346.424028 0 7317.99456614509 498458.059991039 159287.056359714 652788.7144701 6883.38 19679.436 0 0 0 0 4221.48286991893 2191.48017837321 0
15473.1379174698 11263.265671434 586.418583182209 1718.60089612933 6.48119151475793 5.8790614023561 26.3000648961127 0 29.919650703335 16766.3745601004 59029.9100755007 4891.05562050976 53.220197368421 185.453763157895 0 0 0 0 129.072179471723 67.0046833323154 0
84031.791310618 97647.0837795648 0 2015.63375441843 0 107.831901089595 3308.21450207768 0 0 0 88308.011050493 14498.1823414626 5051.97 7776.972 0 0 0 0 700.967477135248 363.890220370756 0
38196.7387085619 218415.777735917 0 2955.3777988341 0 515.33048723287 0 0 0 153252.136398988 680072.272763501 0 12411.63 72528.372 0 0 0 0 318.625500536625 165.406680606445 0
305455.929342434 314635.244366477 13784.0591185183 16446.2269269918 2882.40963561625 761.864335016428 2683.832070456 0 831.105399309084 466454.332222754 878210.07358109 87311.275878586 18790.38 73059.084 0 0 0 0 2548.01984853217 1322.74254431998 0
591521.731281986 334702.268301024 41762.790618498 3977.31767039882 13987.1430014631 368.210072836152 3935.394656928 0 4952.20504267425 294274.276829381 80260.9970740863 959153.027345846 8618.4 13111.308 0 0 0 0 4934.2931904751 2561.51832292423 0
826.69389515122 5203.02979942944 0 11.4279642399634 0 0 0 0 0 2925.3501823188 31086.2148869559 0 1001.0854601227 4621.7868153932 0 0 0 0 6.89602738450773 3.57990492638379 0
140078.527650143 60734.8205575488 0 1725.82991024336 0 226.760237598019 736.21328616 0 0 149411.689066793 234299.567832852 15545.273288346 2829.33 16606.296 0 0 0 0 1168.492193208 606.594307949506 0
2753843.55816174 886537.388116224 673452.411824638 16753.8257440548 89918.9237511323 0 0 0 3717.66925116847 541320.195394992 637835.408563079 3358384.73212279 18557.91 47516.868 0 0 0 0 22971.7198846131 11925.2097761653 0
321162.950953947 0 237817.255236016 1590.82419696892 29173.3325015919 0 0 0 0 0 5836.07696803755 1253899.6898051 684.070098280098 1174.03951842752 0 0 0 0 2679.04301417711 1390.7600346821 0
84352.5883312246 18851.6201455296 0 1407.87145774204 5622.55916944501 3203.92583259967 1343.01808138847 0 782.537858520288 35844.1751004792 510108.98003905 171128.489812879 22878.45 135624.132 0 0 0 0 703.643467670494 365.279395785229 0
0 0 0 201.578818753635 982.430901241396 0 0 0 136.732998343437 0 126302.266397017 0 1791.72 21208.068 0 0 0 0 0 0 0
30775.5329408619 72917.7966331776 86270.7797562929 698.347837956171 30294.5134048632 978.977507112375 812.974149805708 0 473.696563760034 21031.021104873 218663.661962854 360833.98393262 4779.81 33908.868 0 0 0 0 256.720073993268 133.269983766997 0
0 0 0 479.170475472939 2335.32414257517 457.074575942633 557.821172683374 0 325.026291126054 27134.5891863959 280579.857372904 0 13829.13 92883.672 0 0 0 0 0 0 0
4448.46455646892 7973.64508688154 14394.9322510857 1793.62028314981 1272.95310265122 193.29532810963 809.573421544804 0 0 16881.08717448 220502.760834768 24226.0861317497 8060.27650585803 58563.8446776016 0 0 0 0 37.1077294514319 19.2635753982843 0
0 0 0 0 0 0 0 0 0 0 0 0 0 0 0 0 0 0 0 0 0
500774.487649003 414857.826651341 82124.7263929653 1359.76189654853 42857.8155019857 5950.3159687958 24084.6956571321 0 1406.18766510872 521592.183206399 1015437.55573568 562456.983937042 21183.12 296436.672 0 0 0 0 4177.30746597405 2168.54759162587 0
20746.9011525923 20809.7706945024 0 248.706283255958 1212.11513944911 237.237736405371 289.528753712616 0 0 5447.53830745841 110892.413494122 0 4388.58 34831.944 0 0 0 0 173.064297838779 89.8421218288743 0
870.468599340763 4160.4802019323 518.772180478921 2.630090565607 575.289093699415 12.2806156125889 368.275628225391 0 0 1006.95339779267 54091.1730772545 961.063854987414 1080.93522296747 17521.3837728191 0 0 0 0 7.26118256541612 3.76946635909581 0
59551.8031891035 46096.7446836795 0 542.17285699512 3070.36841421722 538.569449045647 657.278828117945 0 426.390096638043 99250.80485604 280272.516834335 24774.1667533896 9440.7775531931 70807.254166912 0 0 0 0 496.762910670524 257.882385320764 0
12794.1757716029 0 11708.1809558618 606.048302699257 0 578.101709383511 705.524635216303 0 411.088834042123 0 408067.265679813 34748.9212541878 12060.09 69112.764 0 0 0 0 106.725097403847 55.4037390894286 0
2885.82308474461 11243.3261219228 5138.7297230409 120.448966146281 0 60.5484333056244 73.8942830084771 0 0 3981.64024881898 36796.4722879065 5967.76248494293 1466.313920651 14204.2721595334 0 0 0 0 24.0726526903929 12.4967322709689 0
223725.058463028 7543.2203413632 224701.368281412 936.113816952662 61820.0261339092 0 1089.7668655863 0 0 6377.88574810823 50443.2249882426 1047653.15417643 980.91 10144.764 0 445.498660617974 0 0 1866.24594521703 968.816201068952 0
308815.02383214 0 244103.363406559 0 0 505.098218045392 616.42999882305 2387.67306822736 0 11598.2471149938 17494.6445266439 883375.860974468 799.47 2655.828 0 251.99769557378 0 0 2576.04038639271 1337.28872517654 0
9708.44291367382 0 9020.01205641783 0 3041.39991150017 162.180136481737 197.927250124598 0 0 3724.03867774004 44598.1079311852 109733.520324232 884.52 6436.584 0 80.913016916575 0 0 80.9848585870809 42.0413200315447 0
119155.872300479 34854.436700928 0 0 9043.94325924894 652.002397575072 795.714225096924 0 463.639703985019 87324.4571963205 235395.077161323 196165.239807436 17662.05 67030.74 0 0 0 0 993.96180766365 515.991102339054 0
6503.46578910806 6342.34862623162 0 67.1471862210576 1191.2361051141 234.853081610691 286.618482601452 0 167.004314160383 0 88381.5437645104 0 1855.93894228995 24338.9491119138 0 0 0 0 54.2499206041611 28.1625270895918 0
254215.979070916 107103.439714752 15494.9477141143 1436.05106906292 30694.9048212917 1369.83071166071 1671.76345868815 0 974.088297874446 53811.9822618164 511543.101341776 734843.59379533 27794.34 91277.928 0 0 0 0 2120.59187026149 1100.85370314121 0
10152.693574438 24320.9371961088 26737.0411404486 523.204430488275 3950.80101720895 569.725229696373 450.919134837652 0 0 7132.2593312178 174096.350645502 61778.3658661215 3923.64 34444.116 0 0 0 0 84.6906615937122 43.9650975486484 0
4317.63909773377 466.908507066828 7921.42120370518 6.6967423006044 0 111.498530813951 136.074602449377 0 0 0 26249.9404861386 118922.655684153 521.641860396843 4290.79154948452 0 0 0 0 36.0164235263247 18.6970504644855 0
281991.831814353 0 320455.655368202 0 76113.1825750714 914.196372772291 1115.69997449766 0 1231.95691905876 0 7877.70798927935 1383421.39174981 0 3569.832 0 456.100162324906 0 0 2352.28953038726 1221.13390921743 0
824.341917406968 0 254.041033891525 34.9248174436861 170.21242652893 33.314335794982 40.6573518599226 0 93.5143559697194 764.975771479282 8102.1500475248 0 589.68 3642.408 0 0 0 0 6.87640790621325 3.56971995131289 0
396568.060581794 170998.953194534 32969.3416882242 273.986090496901 27408.4267052183 1940.84928799071 30452.4586548 0 0 129980.854350335 677313.581090897 663454.543945968 53093.88 213441.48 0 0 0 0 3308.04935373682 1717.29338035518 0
29030.7620363688 0 34056.0151719723 337.441556491687 0 321.881176394747 392.828970876204 0 0 0 143720.86471971 83333.9411895781 3022.11 32439.204 0 0 0 0 242.165729262227 125.714449617003 0
76192.7892336164 23462.4376943424 22625.7240001225 314.377854353661 5726.82294293876 938.420687815275 9377.46682753659 0 667.31210119821 89153.2416402225 406105.308064278 93754.9124747917 6979.77 77878.584 0 0 0 0 635.576921686271 329.944303607626 0
0 0 0 0 0 0 0 0 0 0 74.4069204948971 0 3.2117627156013 43.4055073520682 0 0 0 0 0 0 0
162768.455306693 1929.21236352 48479.8429350255 338.431629275349 0 0 0 1526.04374617271 0 0 23939.1309412438 426538.135394979 567 2848.608 0 161.060369820983 0 0 1357.76462329344 704.850487502058 0
154495.236978103 64577.1685148928 94367.9488732681 482.635730215757 2352.21268950221 460.380038034269 561.855211847363 0 327.376809270466 15704.6864120084 119271.088343375 272823.573483345 5970.51 37458.288 0 0 0 0 1288.75196880718 669.024246102087 0
0 0 0 187.049500653392 911.619636625887 178.424121617774 217.751671159061 0 0 10241.1928858512 115924.805303681 0 3226.23 28200.312 0 0 0 0 0 0 0
475990.713277859 36783.649064448 295569.484617534 1365.63214232494 54519.0112241343 0 1589.7860199628 0 0 37421.5016833447 204053.551191333 1358489.35084994 3957.66 30366.252 0 0 0 0 3970.56880761777 2061.22424439174 0
69735.4948927626 0 40404.9672149022 234.127461516532 0 223.331185176991 272.556974658404 0 0 0 29698.2619772832 239133.019540084 0 6295.968 0 0 0 0 581.712149168252 301.981716781333 0
0 7768.2951171072 0 287.319121818785 1400.30180520753 274.070028283594 334.479475825642 0 0 32323.7650459679 177004.429953808 3436.06921492664 3662.82 130233.096 0 0 0 0 0 0 0
71440.1816310193 3857.23259369391 39631.9650933533 1074.75856580971 4937.82729085385 271.977751066855 230.650223240262 0 0 0 18448.5168450845 623842.0738157 588.265533932627 5474.39905877704 0 63040.8664049848 0 0 595.932124056145 309.363670958109 0
0 0 0 73.9336851199787 0 0 0 333.379117225033 0 1619.40654104083 25457.2387861731 0 362.88 1889.244 0 35.1852062206741 0 0 0 0 0
229136.949811611 0 226712.958508961 718.817592758388 33399.9982582039 0 0 0 0 0 12847.3366702533 945213.8304791 1666.98 2937.06 0 0 0 0 1911.39028601924 992.251787824189 0
39263.7308842096 0 20013.7674108459 249.646852400437 3758.77656239114 238.134933258816 290.623707199985 0 0 1943.08347164588 65860.0289925466 93137.9342707049 6543.18 10178.784 0 0 0 0 327.526022610731 170.027170207757 0
202795.105361237 0 160756.647795467 0 9944.41538354351 0 824.06775750668 0 0 14333.0980790819 44856.1274130394 729242.462684082 2211.3 5651.856 0 0 0 0 1691.65468405861 878.181393363759 0
86897.679385705 0 70684.5846504135 182.940698601193 11765.7877656239 0 0 824.909626853102 0 4007.04176258211 355.66549538683 208066.636600628 0 1072.764 0 87.0618879065958 0 0 724.873838078096 376.300626324694 0
254484.779607614 20642.572289664 77757.2944143894 205.06587804201 6091.6694070926 1326.97775668701 1619.46502238358 0 943.615509073693 84306.9628638822 469316.196317067 372765.987999644 21761.46 118112.904 0 0 0 0 2122.83412204647 1102.01771363068 0
41194.2903949499 11922.5324065536 27598.7068513215 744.212959659325 11809.0954086254 709.895205065715 866.367539597654 0 0 43365.0511260262 354218.002597596 231534.361084009 6191.64 41642.748 0 0 0 0 343.630159016686 178.387241019592 0
193520.878699151 58519.44169344 30999.2275478408 0 11383.7816693374 945.692704416874 1154.13860481739 0 0 142027.971874539 433114.59259895 500586.796249425 22782.06 88281.9 0 0 0 0 1614.29192450881 838.020397969056 0
26472.5958426598 0 0 78.0424871721771 380.354203292499 74.4437283923303 90.8523248861347 351.906379849524 0 0 4444.00628889978 95803.9889123852 306.18 684.936 0 0 0 0 220.826290046081 114.636598657801 0
167295.798282818 5546.48554512 120405.599493881 3291.00376326272 0 0 0 1529.95009672606 0 0 26450.5355559341 400016.127164997 0 1666.98 0 0 0 0 1395.53033237334 724.455637024411 0
33.7375134473767 116.345330778971 0 0 0 0 0 0 0 0 388.181785779215 0 37.5270555721543 372.308380639378 0 0 0 0 0.281428008580794 0.146096507186751 0
0 5144.56630272 0 555.158561619016 2705.66585018949 529.558637523495 646.281888636572 0 376.569796149918 0 280370.714682923 0 4224.15 73127.124 0 0 0 0 0 0 0
109400.298070982 0 81933.9363920019 2058.24632355963 1269.05366908884 0 303.129228608352 0 176.62464913715 10652.6693857292 11094.5217446994 298245.330764526 362.88 5527.116 0 0 0 0 912.583794069021 473.745685445667 0
164959.473769887 0 107738.390737522 989.580782870938 14553.0835082274 0 0 0 359.352250742109 13261.6453780353 0 973207.328665158 743.48198630137 276.688232876712 0 0 0 0 1376.04142854235 714.338446511057 0
407009.319438274 0 360193.894481911 828.938438121221 49157.0347453494 0 0 3737.8194294832 0 1394.44813847528 5387.91406093569 915521.553043789 0 2333.772 0 0 0 0 3395.14713857031 1762.50807739988 0
24773.863944117 22520.0040574548 80341.1804006195 416.769987035204 4363.5289038628 2510.16532011542 137.737681274285 0 0 10730.8815506256 118458.289819443 118148.733002065 3322.08410609795 20998.1269998514 0 0 0 0 206.655988608031 107.280431244607 0
128241.57369927 81200.5483805568 128693.04016073 1001.45862067437 51445.39425904 955.278544482615 1165.83731839296 0 679.299743734705 26928.8509364569 361069.915488398 460869.831179563 11271.96 76613.04 0 0 0 0 1069.75194718326 555.335710286391 0
114612.413455074 128569.142612851 7465.69568987337 0 46668.4795234446 665.318687715661 3480.28098912 0 1869.59875336638 110527.159828327 292491.0315261 85722.9194576211 9621.99 71623.44 0 0 0 0 956.06166493601 496.316164857491 0
31718.7674033467 8208.7986067776 30833.8416502665 261.156448510511 0 249.113789491748 304.022480137522 0 0 0 97878.7789110461 145845.270718518 3158.19 18436.572 0 124.284938344269 0 0 264.58824711207 137.354554511731 0
2309.68567060444 26111.1414435553 4980.08563112615 487.115809561829 0 464.653528309883 567.070648195093 0 165.207846721441 12435.7342185336 189447.936794483 8560.17360379334 5500.2203023193 54051.8691011356 0 0 0 0 19.2666907636711 10.0018340029987 0
72094.4800440231 0 15150.8690076666 282.61627609639 135.003316985693 59.6980983253044 72.8565205056781 0 0 8253.71448972402 18793.3782229733 186139.67998502 1042.37755244278 3301.02236884182 0 0 0 0 601.39008110673 312.197036640105 0
30134.2429726542 46198.2053984256 0 471.472659579966 2297.80744190154 449.731728010501 548.859842826226 0 319.8047829624 37575.7900533584 140616.098364311 156464.383829065 4377.24 22664.124 0 0 0 0 251.370629406693 130.492949692 0
6131.93622516745 2996.7098713344 0 428.379741671066 2087.78629761601 408.625945856664 498.693684365471 0 0 8138.0907753639 222946.107519605 0 6356.07 57713.796 0 0 0 0 51.150734723975 26.55366010261 0
121918.679626765 0 202347.831103317 552.213095087622 42398.5910611021 526.748994745604 642.85295534718 0 0 0 21063.6566337874 564151.660361844 413.91 1435.644 0 262.799447868509 0 0 1017.00830055773 527.955128704833 0
0 36.9137917434134 0 0 0 0 0 0 0 0 27778.4596303689 0 279.40090957311 5601.16646955976 0 0 0 0 0 0 0
76146.5701368086 104347.881388858 0 0 10742.338277712 993.55107341505 13293.1364700788 0 706.515385963918 132998.348682773 599612.092175147 58627.4275705767 23411.43 194022.864 0 0 0 0 635.19137613048 329.744157007626 0
690472.560525343 1138097.03425741 87032.3844068779 228.792508559268 53464.1024106459 2371.78710296592 108306.92405499 0 15508.7952692542 436142.230065078 1003695.68756961 888530.77025143 16391.97 188910.792 0 0 0 0 5759.71071464483 2990.01375896862 0
318732.364900464 241759.247334509 13474.0253669527 1299.88040048117 34114.5743677281 0 1519.27677828935 0 1996.78648445439 152749.220676915 537586.34583225 384941.239348174 16805.88 118797.84 0 0 0 0 2658.7678094326 1380.23465516993 0
43192.9622588805 28799.9252334144 19490.1318103757 463.230303655977 12615.5981188602 441.869450321112 539.264592529022 0 0 9509.6791082904 168817.987517414 223257.509876183 5851.44 24412.752 0 0 0 0 360.302467820649 187.042264715638 0
14411.8441598748 0 0 164.253074809568 800.517124341588 156.678903143516 191.213456373101 0 111.414560045069 3543.26986006012 49158.4913212173 50561.6054612764 1202.04 8151.192 0 0 0 0 120.219191856467 62.408870089423 0
66581.9655262027 0 90949.0061336535 163.575543920856 0 1914.04375897434 184.636124054241 0 0 0 12390.1199670484 317877.822761149 0 3398.9777209523 0 48011.8705224137 0 0 555.406372632103 288.325712568578 0
7366.16855373804 3327.891327072 4500.15545750701 391.747048675562 1909.25023010162 373.682489459376 456.048127489011 1766.45172022785 265.726076225635 34495.4465731015 208505.302735212 0 12491.01 38737.44 0 0 0 0 61.4463229538974 31.898364374974 0
163508.873074634 0 284879.023150508 890.100184331957 138112.567721034 0 1036.20058840161 0 603.764164222534 10012.5948303635 27636.7126046147 993787.57405045 1547.91 4352.292 0 0 0 0 1363.94096163783 708.056783363898 0
0 0 0 0 0 0 0 0 0 0 468.081258528609 0 0 773.388 0 0 0 0 0 0 0
0 0 0 0 0 0 0 0 0 0 0 0 0 0 0 0 0 0 0 0 0
0 0 0 0 0 0 0 0 0 0 0 0 0 0 0 0 0 0 0 0 0
0 0 0 0 0 0 0 0 0 0 0 0 0 0 0 0 0 0 0 0 0
8910.89029580027 0 17944.4217319181 0 1487.39845435982 174.670061099416 213.170155251387 0 31.0520236291977 0 5061.80970934583 139716.987973288 35.460091696383 885.172538970962 0 0 0 0 74.3319188161448 38.5876081285997 0
0 0 0 0 0 0 0 0 0 0 0 0 0 0 0 0 0 0 0 0 0
0 0 0 0 0 0 0 0 0 0 0 0 0 0 0 0 0 0 0 0 0
0 0 0 0 0 0 0 0 0 0 0 0 0 0 0 0 0 0 0 0 0
0 0 0 0 0 0 0 0 0 0 0 0 0 0 0 0 0 0 0 0 0
0 0 0 0 0 0 0 0 0 0 0 0 0 0 0 0 0 0 0 0 0
0 0 0 0 0 0 0 0 0 0 0 0 0 0 0 0 0 0 0 0 0
0 0 0 0 0 0 0 0 0 0 0 0 0 0 0 0 0 0 0 0 0
0 0 0 0 0 0 0 0 0 0 0 0 0 0 0 0 0 0 0 0 0
0 0 0 0 0 0 0 0 0 0 0 0 0 0 0 0 0 0 0 0 0
0 0 0 0 0 0 0 0 0 0 0 0 0 0 0 0 0 0 0 0 0
0 0 0 0 0 0 0 0 0 0 0 0 0 0 0 0 0 0 0 0 0
0 0 0 0 0 0 0 0 0 0 0 0 0 0 0 0 0 0 0 0 0
0 0 0 0 0 0 0 0 0 0 0 0 0 0 0 0 0 0 0 0 0
0 0 0 0 0 0 0 0 0 0 0 0 0 0 0 0 0 0 0 0 0
0 0 0 0 0 0 0 0 0 0 0 0 0 0 0 0 0 0 0 0 0
0 0 0 0 0 0 0 0 0 0 0 0 0 0 0 0 0 0 0 0 0
0 0 0 0 0 0 0 0 0 0 0 0 0 0 0 0 0 0 0 0 0
0 0 0 0 0 0 0 0 0 0 0 0 0 0 0 0 0 0 0 0 0
0 0 0 0 0 0 0 0 0 0 0 0 0 0 0 0 0 0 0 0 0
73468.3799107951 0 174991.997569172 0 6144.05337205632 202.673108247799 247.345524920119 5684.52132524451 75.6431985368827 0 2154.68183077084 414395.178512603 499.306091978127 4506.2374801026 0 78266.5099150552 0 0 612.850733181702 318.146555476839 0
1926.03696042332 0 3823.12695304921 110.533809931809 1096.65262474385 333.883151846519 407.476374983547 2200.07466963279 0 0 173.770430578282 27453.1139542131 1.66413367235743 128.22149945514 0 91.6173924548859 0 0 16.0664106757722 8.34048641638445 0
0 0 0 0 0 0 0 0 0 0 0 0 0 0 0 0 0 0 0 0 0
0 0 0 0 0 0 0 0 0 0 0 0 0 0 0 0 0 0 0 0 0
0 0 0 0 0 0 0 0 0 0 0 0 0 0 0 0 0 0 0 0 0
144622.594641559 37732.178476512 16300.6207073131 708.974316646619 12238.0862119418 0 19569.874920177 0 205.494330446845 77403.3015881522 267553.25553981 90478.323265621 8329.23 46137.924 0 0 0 0 1206.39740890348 626.271878938964 0
6288.83789590961 19250.3240339904 477.692331611752 0 188.917559231555 0 5541.678190368 0 131.690550629913 35318.3995728574 266397.991157059 2373.50830982418 10432.8 112002.912 0 0 0 0 52.4595604265224 27.2331051394516 0
32379.8221169 19922.3330072832 0 737.220305357639 612.844004737686 0 0 0 214.901239532225 34106.8298787723 404860.411100106 3873.24584323966 13352.85 102112.164 0 0 0 0 270.102563153423 140.217177593307 0
187978.540031288 164584.32208583 5941.44948652422 0 5827.32935971574 3855.83640869488 10748.713977936 0 180.355709319143 33055.2788235286 362185.343168296 121003.440730996 6622.56 135327.024 0 0 0 0 1568.05943210507 814.01992377039 0
417401.926613906 118013.135630458 92770.0826151993 0 11457.7315125758 7317.85686566501 14666.4068672688 0 255.536863217521 122985.75385241 190538.949748284 588381.344872726 7688.52 39796.596 0 0 0 0 3481.83908597661 1807.512093813 0
16929.2645708717 8009.4466625472 802.355629923987 254.213898399185 408.562669825123 0 0 0 0 32643.8023236507 144945.843332455 1858.86411319564 7365.33 54676.944 0 0 0 0 141.218742227378 73.3102760196772 0
2796.64182539622 1986.74554383185 29.0178886806351 0 0 0 0 0 0 2559.15997388362 27666.0979086986 779.079806550983 980.800620571378 9958.20141625672 0 0 0 0 23.3287299273745 12.1105428584731 0
4624.95041082995 3324.6759731328 4461.79007687849 395.443841954289 0 0 34.7253599183992 0 48.4675085968259 0 65431.7844368715 873.54813128795 198.45 9938.376 0 0 0 0 38.5799204181127 20.0278275394574 0
93283.2124973045 53149.800614976 0 102.994237467668 215.791859552801 0 0 0 150.424073450631 25557.2626035304 308007.427287538 0 12332.25 196188.804 0 0 0 0 778.140000391069 403.952459219408 0
133.404205592988 53.6088160406089 0 0 0 0 0 0 0 0 96.0105170364712 0 52.3916277985075 547.77593283582 0 0 0 0 1.11281704192272 0.57769190700906 0
2.6161932408736 0 0 0 0 0 0 0 0 0 112.944683987235 0 5.30818609143592 51.0400767546684 0 0 0 0 0.0218234830788586 0.0113291305600632 0
