256251.683949443 28819.2408 167487.100922019 1101.21041833996 115989.108847889 5207.46071123755 0 16183.0646467418 253.738779775031 27616.118985 27177.3617119387 421278.853255933 6773.8644904644 1732.529047095 0 0 0 7854.36338094002 749.734686362457 0
129457.298349435 7208.488 82349.5328338001 233.596257518275 7064.89934660874 0 0 1300.82506965395 100.614607239804 5904.77004 23015.9697156477 121432.475754619 2873.7985723524 629.510554197 0 0 0 3967.99212352429 378.762884518228 0
674916.571304376 23278.8978 229699.288111929 142.19345174424 95764.2316093542 19399.3263300142 0 4983.88822243267 961.638048160942 9788.618385 119313.800520414 535761.372206324 4178.8206295668 2406.040338996 0 0 0 20686.8494331087 1974.65380952401 0
0 0 0 0 0 0 0 0 0 0 0 0 0 0 0 0 0 0 0 0
3301.13262197184 1882.5082 233.583843083304 214.969627833811 0 48.2128614943678 62.7357154100599 213.827492063963 15.5323286354199 8557.671915 84490.444962 0 9872.6668657848 3994.566971787 0 0 0 101.182926028137 9.65837021177671 0
31855.7073083055 1712.804 11774.1995513108 31.3836537945578 1596.77975640981 58.2245274697532 75.7631319114791 13.0490345274923 18.757702141531 2799.106245 30390.476886 28570.7992149674 5048.8353343764 1139.019096474 0 0 0 976.408416522492 93.2026215771471 0
75384.7163357063 16448.6978 13236.2578296075 424.850012584437 9288.96227737668 134.294248549283 388.542 24.5570402155473 43.2644389414201 15426.91917 90708.108876 45842.4563530619 12452.7104731512 4062.568111875 0 0 0 2310.61488589686 220.558693653791 0
25137.7453285401 0 14769.2357710261 23.6967658666473 1472.44167791576 43.9634277187371 57.2062516997801 194.980949071672 555.367189087583 1773.31752 16290.622656 24140.2281498597 2688.7954454676 1485.524905893 0 0 0 770.496346969704 73.5473785743812 0
135308.209033939 4558.3704 123481.114070179 124.971808808573 53606.0849025465 18290.7979658606 301.693859419962 6.58665552340088 375.403259500102 7388.036955 20403.318474 228374.219283646 1276.2715712796 949.015910934 0 0 0 4147.32822745635 395.881330802652 0
116223.439143551 60314.3438 51606.0987881515 1567.33419232905 21558.6341365917 307.032517404727 1227.744 27.9622168446263 405.522049380208 30759.51294 258293.313432 110620.836199062 19269.075681954 6853.114897398 0 0 0 3562.36146567573 340.043594450865 0
109729.858712046 18791.9818 41120.5450235796 128.147140834644 9180.59199644672 150.95931369337 196.431828537528 669.51536271128 273.065934769356 23281.866855 77374.737594 69200.6661298397 9635.1628515408 3964.066460424 0 0 0 3363.32690884346 321.044841298693 0
33107.2007875147 607.3624 17540.1888873725 242.247970759693 607.343691105517 77.7524968546794 101.173387430376 24.0350788344477 305.597555882951 6173.59743 43941.209004 39826.5680251989 5256.338841558 1250.520965883 0 0 0 1014.76790904597 96.8642094998424 0
168580.324865638 0 113281.446200655 128.705963628653 33860.8089746046 40762.0047937413 310.708465114492 5222.69586867578 681.832826153221 870.151815 8757.353682 307707.822691781 907.5153386376 745.512499053 0 0 0 5167.15094302707 493.228044561675 0
78806.9394807177 120912.929 65178.3373222102 2278.04698889608 23850.6209981145 417.206979843531 2263.044 118.659220636663 1140.68676590124 66232.937745 493140.256686 96470.42979225 36490.6167568992 9023.651288001 0 0 0 2415.50935424653 230.571347450805 0
29362.5640115597 29153.3952 199.611501073654 6674.13516415285 4939.15590033443 136.013448042509 176.983914745087 6.71093204271032 101.921319345661 43130.28915 221422.05162 0 16227.7742785032 11048.185230768 0 0 0 899.991149281194 85.9082460677501 0
137023.568213879 29222.748 24886.6598634256 313.039342046821 5184.26564568382 173.952392791338 226.350966750464 10.7374912683365 111.739046433652 30290.244075 117003.05001 45004.0689780153 14210.2401785568 3908.065521528 0 0 0 4199.90565493088 400.900085243402 0
35322.7663095648 8069.0932 12637.1354251831 40.6987536384093 8275.93926237112 75.5063675732746 98.2506708977998 22.369773475701 24.3252459792688 4089.00609 57577.741452 20465.5215404954 7447.6258782408 1852.031050632 0 0 0 1082.67714748007 103.346454986734 0
173886.800152846 32648.8814 103067.767139228 128.530577457643 15432.1873798161 238.456369257538 310.285066178962 1057.57106764912 221.398065941882 14891.622525 35378.33607 148873.458229915 3285.0555233328 1679.528158497 0 0 0 5329.79957243446 508.753595550562 0
62631.6458379486 11842.516 35240.1629426718 353.956856435643 3519.72406813906 148.618482744965 193.38588395655 659.13360988581 222.146875635033 5935.425795 141187.303026 64205.5928116251 10203.9224645988 3463.058060658 0 0 0 1919.72086963784 183.246083010885 0
23355.6380317802 2299.1504 8914.28496309165 195.172472240215 0 68.4571640014714 89.0780805258328 16.7773301067758 177.800701585044 1994.98221 48357.065988 23590.3460989912 5795.0979475536 1856.531126079 0 0 0 715.87302478565 68.3333341840845 0
305296.986586825 12750.4072 209196.691807902 188.847714060713 28009.5432976773 1757.46201991465 455.896383678696 1553.87054608154 521.005144279619 5812.802775 25940.29977 368267.461958444 2213.7874169796 729.512230797 0 0 0 9357.64961541474 893.230190562316 0
54845.7814113996 3223.329 34298.7260073196 658.395377671879 6115.18013818976 1555.32990042674 133.553926917775 32.6350139706616 173.224642349116 3872.05767 55815.974676 76037.0726966798 4891.3326722988 2018.533842171 0 0 0 1681.07655129293 160.466398077962 0
106092.153767683 969.363 41856.0366313818 52.6603522716756 5276.34390980981 1192.80338549075 127.127110239655 433.298177572475 31.4745761932755 1693.14093 17629.107804 112707.463951916 1420.0240009536 431.507234529 0 0 0 3251.82771373455 310.401736311026 0
183609.978103348 6690.969 127147.439929322 40.154127926344 16986.0080869418 1766.57715504979 293.879937273949 1001.65606695427 213.909969010364 2931.161805 10050.078654 226598.189605021 1842.5311420824 984.516506127 0 0 0 5627.82443480314 537.201423322118 0
76104.786929282 78272.5158 31014.9248805224 1206.30328800777 25086.2205212978 273.454054054054 885.486 26.9928599940126 968.210933245276 37899.94572 182628.862416 62622.2249091684 18706.566174534 8780.14720548 0 0 0 2332.685750036 222.665457957982 0
183937.650676829 2225.5944 66586.6540425256 93.805424449744 4804.68597059412 8344.58638691322 226.455236637572 771.846706432848 760.790648242226 7211.17683 25980.339924 154954.97502116 1786.2801913404 1116.018710856 0 0 0 5637.86791792264 538.16011943807 0
321550.692411273 3945.754 67886.2400749965 109.582326728483 0 594.32280227596 264.542182673979 901.661694563747 65.4962821793955 1704.931605 15312.498894 200294.6588639 1425.024085464 2068.534680471 0 0 0 9855.84150966705 940.784871377306 0
0 0 0 0 0 0 0 0 0 0 0 0 0 0 0 0 0 0 0 0
21110.0021459909 86641.087 430.604233325712 6266.07965374296 1940.85742473263 4.17856612638443 121.8 643.436113290888 94.8164349831571 52166.66247 321339.395916 239.446423332435 23407.8956354376 10074.168900684 0 0 0 647.042100452102 61.7631095886098 0
9299.49596454299 43157.9322 0 518.186730730082 0 2.19632982834858 604.128 338.201642743953 40.7685277382646 18056.239695 190722.693546 0 10683.9305775972 6861.115031526 0 0 0 285.038597363975 27.2082297483794 0
33041.8685398392 19808.1054 459.202419537226 1896.09929550291 0 1.69864940026183 105.218065390106 14.9628929248578 38.5442937954568 19935.67329 100935.508212 584.808089550045 10715.1811057872 4483.575170361 0 0 0 1012.765412103 96.6730620643775 0
31182.3603965038 106171.7812 0 3718.40456629961 238.301141311921 4.74787215424653 890.358 731.100648626989 63.1496174558017 62398.610235 470980.891458 0 27621.7168565772 13810.731546843 0 0 0 955.769678680022 91.2325602376385 0
43629.4683143323 87034.0862 1207.26571322431 2408.68785884149 956.203593216575 3.01632545542446 186.837807117685 464.468592516447 68.4438675330378 58146.89283 231901.131924 846.672156315233 13131.471945438 9610.16112126 0 0 0 1337.28564424023 127.64999331384 0
4911.71748520586 60204.5352 0 164.687906171925 188.452433180346 4.21198560428688 260.899616286759 43.4967817583076 95.574761083037 60670.09728 447717.561984 0 31641.7848029388 19923.834037401 0 0 0 150.548918776803 14.370578610513 0
38295.4172899729 100038.787 107.099247691441 5511.39579693718 1968.0107860726 4.00602936872384 248.142235830478 616.868056835357 90.9013790117721 104901.635475 242614.73313 1204.05487770693 20447.8456052808 10894.682657187 0 0 0 1173.79179166496 112.043761931655 0
269112.427924536 136302.4204 77316.9238300484 13075.0288671694 1817.00567509841 7.0560353917219 437.066291093771 7858.50142201376 123.137593984962 94018.84245 168912.24966 18241.7887799813 18704.0661322788 5134.586085027 0 0 0 8248.55769401835 787.362325338112 0
113843.497956038 153809.7992 3159.42780689751 10330.6545345609 1054.92835176009 5.31717818210866 513.996 818.76518396309 435.973643568381 152201.107305 211966.855254 3729.45114441387 19369.077372162 11826.198274716 0 0 0 3489.41395319938 333.080422805395 0
152341.047421998 140240.2934 4639.62386101293 10613.667342417 1912.48824124312 6.25331519788466 387.344043623454 2058.96366131125 141.89485961359 159424.07481 394075.195668 1646.88455884955 29301.7452520716 14575.744372833 0 0 0 4669.40129268167 445.715577937796 0
201023.550446642 100442.2942 25524.0731279117 15611.7111895531 4118.07067533792 4.99477595322916 309.387365500372 244.302781658517 1610.35684566145 111226.153545 117449.211726 14004.6917244997 10596.4290986652 4699.078783434 0 0 0 6161.56736611402 588.149612219975 0
321973.093372766 100932.4924 75976.6477608202 13310.966176506 3791.5008459686 7.23209685994251 285.012 1113.63375707328 487.558311318837 97348.52907 77323.257396 77895.7877412997 14175.239586984 3748.062838968 0 0 0 9868.78851002582 942.020721411553 0
36291.1533821799 105800.8488 0 3102.55526080318 2150.14094407528 5.2263189765613 509.124 10.7374912683365 118.591143098922 107823.36474 375096.162672 826.203873180981 33859.3222833012 14202.738119115 0 0 0 1112.35915325071 106.17973735575 0
30274.5860077489 47480.9234 0 403.576976496716 0 3.10461727920587 393.414 303.532970761401 70.447309794309 67742.144145 213202.380006 0 14951.5027072236 5824.597653567 0 0 0 927.945510630457 88.5766169238161 0
18131.0134656019 28313.806 2746.28957991574 2204.86367335986 1449.26000226434 1.72958852628873 107.134502640141 9.49472607524197 126.049631680553 29179.56249 95673.087972 622.170828604633 8501.3936888076 5026.084265916 0 0 0 555.733199597822 53.0472599616103 0
140793.151255717 147268.0438 12786.3642156492 38738.0969308783 3917.21685623215 9.84908566339946 948.822 34652.916669993 220.482854094696 156273.60645 626514.00966 2298.62068531476 42401.9666693196 20467.843158105 0 0 0 4315.44704201133 411.929035828355 0
26913.5149253192 54315.3266 0 2524.97706329231 589.673742532048 2.80488633676803 173.740804870259 35.3939526993314 90.2731685633 28399.019805 208534.842054 0 14090.2381503072 6114.102507324 0 0 0 824.92541248437 78.7428802825991 0
87579.5298564223 49446.4448 8447.21324399284 7863.08413324697 2120.8801576761 2.94731075236023 182.562885206918 453.841369934236 468.422063604959 44887.099725 102188.19303 7881.42613352766 10805.1826269744 3107.552100345 0 0 0 2684.39778276711 256.237970173224 0
112839.174776085 57465.625 26364.8406091167 5566.30872980477 1297.8496172403 3.94676201338117 1700.328 737.481720886141 712.61722464946 69932.85156 74611.966968 9358.39145302459 10450.176626736 2005.03361583 0 0 0 3458.63047078209 330.141999483746 0
100339.949389264 46303.502 43489.8759610831 2638.31450675488 7747.8671754163 851.305647226174 1199.73 319.862905398663 213.826767933347 22397.56623 537121.505844 87439.5308693738 17587.797265332 5841.597938589 0 0 0 3075.51705410022 293.572082436839 0
80896.222959531 122557.431 6786.59910236858 10614.7869758953 6955.31324352923 89.4229710696789 2800.182 42.3534377806606 523.085171205039 151342.746165 365057.524062 9711.22566705314 29185.4932872048 10526.176478916 0 0 0 2479.54792521502 236.684120134162 0
458323.044985484 129627.2134 60041.9879181412 13897.6541191357 23619.6958445099 727.611664295874 2169.258 69.3462977746729 1563.76424253201 175775.3829 367568.61372 176820.29970267 21054.1058521668 5257.588147245 0 0 0 14048.047160873 1340.94995626515 0
64889.0806332768 90526.42 3947.41340079931 2664.72767835662 3286.52937985526 42.3836070603914 1781.934 41.9557529188704 229.634972566551 79023.461985 68005.341558 15859.6704952141 7553.8776740868 3083.551697961 0 0 0 1988.9134420261 189.850828557037 0
94738.7036306034 135580.5208 0 6836.02398662903 1188.74984302062 132.257025340729 2230.158 547.960028939227 155.003606482422 146015.7192 980297.37036 5899.08915664454 41831.957035134 14474.742679467 0 0 0 2903.8334230059 277.184099468746 0
45054.5743196143 22478.7136 9874.72337787293 19180.9500410845 4840.43114179091 43.4705409499535 427.518 17621.6399236603 146.017890164601 52541.605935 124233.157818 1064.83806305571 9298.9071682164 2682.544974795 0 0 0 1380.96652956877 131.819532367929 0
459.48324861603 0 0 131.811395854539 0 1.59803132979528 4.41441609152805 13.8376387087406 1.95389434655786 1148.411745 6366.384486 0 0 0 0 0 0 14.0836085307331 1.34434445066089 0
16790.3876526187 2663.778 2982.75243503376 3531.47666785418 347.725134771476 11.1589607784212 30.8256134323121 61.1440475002493 183.291972668157 9012.79197 43918.328916 2374.32084357319 0 781.513102629 0 0 0 514.641714341021 49.1248909143702 0
122737.650811164 63426.8134 17817.4377463157 10897.5962140279 1965.98441582335 66.4269935754605 2271.57 540.75199081928 153.173182788051 105717.550185 134243.196318 45805.4185073904 15975.270010728 5367.089983122 0 0 0 3762.02838996368 359.102709951079 0
300558.881627691 124694.7582 30577.1231171099 1530.38628754511 13697.4523368373 103.016118590116 494.508 3055.56192495759 609.947095610649 124054.407945 303693.128046 109136.560778446 27777.9694975272 8103.135854898 0 0 0 9212.42208944303 879.367563083196 0
20653.890014386 9214.9906 656.414743915283 4717.11762894422 663.028345554937 26.3440064593714 51.156 228.117457229208 32.21051072462 41236.706745 111042.787086 438.930960545618 5912.599933548 1812.530388375 0 0 0 633.061819937001 60.4286282667137 0
40943.9690809315 29644.1188 4938.56127728426 1860.57637878227 318.545403182262 21.8613411769009 499.38 189.301257900383 86.2795168664905 32888.908845 38627.308566 12720.0632877881 5720.0966798976 1485.02489751 0 0 0 1254.97248042693 119.792827677115 0
127723.060914233 17356.589 16972.2557799908 9229.44411622096 1949.36817977949 61.9531873152874 171.140040815778 2035.94764993514 302.186311725259 50935.716 116116.4466 52122.4830013716 7951.3843926636 2185.536642093 0 0 0 3914.83605916222 373.688896556394 0
181848.704309716 111763.088 35272.5038445285 8314.90713417228 18960.8274770518 1896.58776671408 6394.5 42.7511226424508 396.286729831334 108004.941135 228795.159978 73533.6067333312 18822.8181394008 3439.557666657 0 0 0 5573.8396797557 532.048333067589 0
116647.255974189 39160.689 24900.57508826 7473.14632821321 8817.46644778096 510.127738264581 460.404 460.4186610872 404.939641841089 48103.595865 189910.450422 57651.5185946843 8573.8949142084 1816.030447056 0 0 0 3575.35186380107 341.283586999193 0
2146.79473502319 3046.7946 113.241140032169 1118.81919940779 170.215100937086 9.01575884571071 24.9052131730986 25.6009629777467 11.0234636268489 10767.24441 35658.617148 0 4597.5777073128 893.014972038 0 0 0 65.8013469151978 6.28103766008707 0
170224.014097921 254589.4002 40605.6817047043 6063.6804563246 30964.3153403252 753.597795163584 12590.466 1159.34628548723 446.789783580573 148329.049635 459884.048778 83595.5548074228 27416.7133916508 6991.617219489 0 0 0 5217.53161688925 498.037108884882 0
22896.1547831642 30693.3426 5331.54642002303 6198.49450559823 4915.65000544313 36.776527409408 1986.558 34.7477147989222 136.449766307661 37079.31474 209215.524672 2551.55018404516 11301.4410146316 3763.063090458 0 0 0 701.789416254916 66.9889897334235 0
79230.419199655 77699.8298 4996.81328745337 5994.82299740908 2137.98272257977 54.0448062567481 2679.6 77.1011525795826 170.146202499492 85579.077285 142480.027998 14824.8850700936 15465.2613906672 6084.102004344 0 0 0 2428.4894195703 231.810353686256 0
73295.0957451918 31586.5226 7186.87774226194 17795.5053965485 4869.69192819009 64.8684871143765 107.184 67.2087416425507 111.073437817517 92309.194575 186787.31841 8338.22623014288 16581.530257614 5397.590494485 0 0 0 2246.5659821268 214.444934657558 0
33524.342806471 16943.6246 1870.68605309073 7923.64612593688 2015.91417876489 39.0935024717977 202.188 87.9877756710905 35.7764631172526 54241.82127 181313.257356 2410.22156240389 12792.7162198584 3390.05683674 0 0 0 1027.55371770035 98.0846730532156 0
83110.507457117 37655.9434 6513.47682734184 7158.47842837974 4525.20898581741 42.8388245138255 193.662 7.82942071649539 151.09315586263 68286.87333 119788.700724 33108.5850964927 10602.6792043032 3029.050784214 0 0 0 2547.4178990032 243.162617632123 0
5630.97901069899 8314.455 5205.92552824158 156.494224807995 0 15.2497846900464 42.1261421305819 112.644237102086 18.6457346214379 13137.170085 108274.296438 0 5822.5984123608 1295.521720353 0 0 0 172.594984192189 16.4749757637999 0
831580.402069739 721345.303 75599.8810525438 2780.60974336079 52816.935272678 246.894818258491 4527.306 5661.78966669991 3807.36448536883 422778.233475 240326.72433 214861.416141134 46057.028446422 12862.715652675 0 0 0 25488.7482402362 2433.01687747709 0
222833.396484142 140364.2878 31517.9842500551 2848.09310664384 18803.3379812801 719.615931721195 606.564 42.3534377806606 621.512045315992 72625.84173 71511.715044 103279.057974836 12741.4653536268 2926.549065699 0 0 0 6830.06036261147 651.960307340184 0
43539.2572231146 9082.0644 6807.99975849328 5323.29737258259 0 28.0108655777848 80.388 1967.59556431494 291.370171713066 22463.59401 90799.629228 6951.25637776002 4591.3276016748 1975.533121233 0 0 0 1334.52058654189 127.38605598809 0
133711.310905771 38809.1964 6217.99422551211 8917.37173035996 670.32327845224 179.744068278805 534.702 1123.4100239497 442.296925421663 87180.25095 188932.32666 32174.191726745 10726.4312959356 5000.08383 0 0 0 4098.38174645116 391.209166706701 0
2251.23194002777 8974.3574 0 859.878511335245 0 13.4732099877964 37.2185162241368 26.0980690549845 16.473537367077 12097.23255 84484.72494 0 6178.8544337268 3365.556425973 0 0 0 69.002448839498 6.58659738922483 0
94979.8733415791 72790.4922 7495.12396411222 6215.84882451189 1196.28794034784 39.5780228451389 87.696 177.740277916376 232.713412416176 81615.05235 64007.04618 16166.3698488448 9958.9183235892 3955.06630953 0 0 0 2911.22550924426 277.889707700589 0
54365.2623926342 8539.3262 6895.42575728086 5235.86417641345 1338.21491260538 23.2965027890753 602.91 201.728578634117 105.249362426336 21216.140595 41201.318466 32157.2972708246 2913.7992484356 668.511208071 0 0 0 1666.34817594465 159.060507703808 0
232009.374721398 21289.208 26051.892000943 8565.34878629591 14138.7957771241 66.4133643103876 817.278 1605.62777417423 277.059586466165 40467.954735 112335.512058 112875.271384278 7093.86989913 2478.041546148 0 0 0 7111.31302148265 678.807152050618 0
87798.5176174647 41529.1922 16588.1955745597 8023.6497525215 7734.89840582109 57.9223321699829 98.658 48.4926978345474 194.607319142451 63249.89697 180054.852516 44172.3419173219 10797.6825002088 4027.067516682 0 0 0 2691.10997066261 256.878679017795 0
11543.7159811876 33123.3176 4326.0034833645 4124.57705676878 1210.7156965225 30.7483034676729 84.9393895376703 3570.3401232412 37.5955935228305 46139.26941 114594.920748 0 8651.3962241196 5463.091592658 0 0 0 353.826123930957 33.7743118297731 0
142253.047188553 19812.3086 25075.1391846316 14405.5605788378 5148.19625524715 374.200284495023 143.219094346889 8712.82792635465 1097.17260262142 33827.446575 142171.14681 44540.6085670469 6115.1033562192 1793.530069821 0 0 0 4360.19427246122 416.200362371298 0
110215.906362709 37690.0944 11972.467513435 10901.3622539095 3915.27154079285 443.283413940257 675.99 138.792016764794 433.976817719974 59788.15479 170719.776612 40823.1784778071 8956.401379254 2934.549199827 0 0 0 3378.22474213737 322.466907204022 0
91577.9443209747 80119.8222 665.147747087257 23612.6629179236 14834.0839370471 91.5559510535846 655.284 1280.79380800319 98.2604719569194 108080.401455 443684.946474 5909.81063828629 28345.4790894576 13496.226273936 0 0 0 2806.95307554872 267.93642993874 0
8229.50342521263 9160.8744 0 1128.48876126585 0 12.690890172613 35.0574289435082 109.892684721909 15.5170040153293 15415.128495 63852.605586 0 4283.8224042852 1115.518702473 0 0 0 252.242285202165 24.0776726783884 0
8451.32292454453 47483.5504 0 1349.15834135283 0 64.4957267146334 1939.056 558.480017190332 48.9222332859173 70696.8873 367339.81284 0 29445.4976817456 11791.197687906 0 0 0 259.041268630795 24.7266665511213 0
48766.6461052419 61437.649 281.951245266535 6603.49647015824 1532.74645653348 83.5262695358969 4194.792 67.9544007584074 120.641561674457 110077.7418 650480.90184 2280.58910255363 26715.4515390672 13828.731848631 0 0 0 1494.74514070254 142.680217976151 0
99751.9591601842 35275.356 11128.1492507205 6152.99667243453 1809.22441334129 41.3327907232722 398.286 357.908017313963 349.527724547855 55399.665555 71540.315154 71093.1700863007 5556.343912182 1008.016900128 0 0 0 3057.49458161356 291.851755517658 0
9715.89633775688 17222.612 0 0 0 42.3215939043097 116.909550937423 366.470240668497 51.7461213213774 16294.71285 409496.37498 0 18609.0645265812 8628.144657048 0 0 0 297.801673854923 28.4265234134244 0
22550.5478671839 21094.2846 0 1732.2256682243 0 26.8285268327124 338.604 232.31300568205 32.8029281576275 28132.55055 155412.99774 717.039696464972 8376.3915760476 2543.042635938 0 0 0 691.196228092254 65.9778217724422 0
408936.517884235 84051.3904 120409.879998612 8590.64232441936 33527.2684315779 733.208677098149 2155.86 1215.87175431594 350.276534241009 83520.42543 315642.254004 210246.79297451 22016.6221204188 8049.634957917 0 0 0 12534.3020646559 1196.4561061717 0
99167.3400481153 0 160128.730029556 162.848697982 8388.68650303943 381.597015033422 158.798141494646 7956.25733210261 83.7809639316312 1004.56551 0 135724.210783073 1222.5206627928 923.515483401 0 0 0 3039.57543714254 290.141291727243 0
10264.7816095079 4786.394 2520.38310225834 170.407791666355 744.004459915884 399.309945023363 166.169216875257 212.969837342639 87.6698998775289 10854.495405 324880.089534 777.307419026934 44595.7537482576 17323.790445801 0 0 0 314.625541360234 30.0324380389315 0
0 2259.22 0 31.5078151644919 137.563868267742 73.8310368212086 30.7241172491976 39.377391168485 16.2098632569514 4845.967425 34577.53299 0 10033.9195912452 4824.080879184 0 0 0 0 0 0
8719.73126097009 14044.9928 5208.80454027631 84.1910902964009 9339.70258841794 1731.47588904694 82.0969945424687 105.219148906229 43.3138906659673 6241.983345 78667.462566 17014.828918767 13698.9815373684 3874.064951484 0 0 0 267.268245235468 25.5119688633856 0
1143.95484655439 2823.4996 0 78.2033665757568 341.437753190998 183.250904801044 76.2582042395412 97.7358963250621 40.2333792999673 1610.606205 125937.724374 197.860070297766 25754.1852919428 16505.776731213 0 0 0 35.0633288247908 3.34695411509366 0
2603.5136676901 5394.2818 2753.67904413818 138.529196724345 1288.20409485386 201.269405751133 83.7564402075111 107.345968060877 44.1894044226198 2313.330435 117941.133618 2606.45716578625 24742.9181997144 7231.121234946 0 0 0 79.8002264731122 7.61729434516071 0
0 0 0 0 0 0 0 0 0 0 0 0 0 0 0 0 0 0 0 0
83717.9153201811 89525.0076 15914.026923097 929.702926436568 8277.23613933062 780.204146848445 324.674889018975 15.4102883943718 164.821333570413 86984.525745 462252.137886 14985.5448480284 82385.1424567332 48100.306436217 0 0 0 2566.03554085989 244.939756172989 0
1387.55176177813 1279.8744 0 46.7433662649326 204.082645708376 109.531910665223 45.5807125390421 58.4182625274615 24.0481154078261 0 79508.3058 0 13967.7360798024 7795.630699353 0 0 0 42.5298112344076 4.059663799648 0
1935.42569842579 19937.8792 3350.49823893484 173.441404275007 1595.96920831011 547.180825488549 227.70434444168 5.66700928051093 110.158225970331 12396.715695 402363.507546 0 68179.9023626868 26631.446495346 0 0 0 59.3226803350294 5.66261948652553 0
5822.25618991011 13498.5768 802.764522346689 95.6514413595425 417.616461506747 224.136299268911 93.2722908282532 119.541904209493 49.209911149785 19820.124675 140683.94109 0 25704.1844468388 15850.765749483 0 0 0 178.457815799186 17.0346096899224 0
2019.16424498208 1992.3168 2119.91252822933 86.8296008578752 296.66060449035 203.464423814866 84.6698770933775 108.516669281379 44.6713283423099 2792.03184 165400.156152 0 23066.6398676028 5691.595423689 0 0 0 61.8893482433449 5.90761960504655 0
5876.05921740763 11077.5336 6835.92617523005 557.781041917274 3729.49391634155 331.274570746305 137.856912099646 10.5883594451652 72.7324946730303 4058.350335 200080.649538 6006.46641975358 31331.779563294 15560.26087896 0 0 0 180.106930928685 17.1920252250108 0
57016.0391208201 3525.9594 47328.7506081738 86.7057169188273 19838.0836853576 2700.55867709815 84.5490745353859 108.361843365906 44.6075936243925 3846.118185 29566.793718 83928.5705250833 4978.8341512308 1775.529768033 0 0 0 1747.59706119694 166.816083114253 0
29250.57550445 0 43525.4797432457 859.267802165265 4820.16743929841 0 0 0 0 0 5148.0198 28849.0703975784 1123.7689937124 501.008399766 0 0 0 896.558592601877 85.5805929301792 0
1820.06607430517 0 4517.64971780878 174.662822614972 108.043195426399 57.9871825375101 24.1308407946033 30.9271556766483 185.87120605568 0 17160.066 7250.32073688825 3731.313065886 1277.521418565 0 0 0 55.7867956400794 5.32510322018939 0
15877.6914330273 9722.0016 6520.38645622515 166.418248820209 1547.49843194802 258.849160341778 107.717733552302 7.2577487276719 56.8312416291518 9295.76817 143904.313476 9487.69901949179 24441.6631079628 8314.139392524 0 0 0 486.666687388632 46.4545474325512 0
328.211952202911 1329.262 0 43.8983824717119 191.661378993713 102.86537088465 42.8064923914805 54.8626989598579 22.5844532016214 2700.064575 58086.82341 0 14748.9992845524 5397.090486102 0 0 0 10.0600156019969 0.960274216554251 0
33856.6675214277 28746.7356 6570.09739735792 167.673651397546 5050.20098999339 392.903140558917 163.50308322695 3.35546602135516 86.2632634715658 10014.999345 253128.133566 20365.7792718888 33764.3206776036 10064.168733024 0 0 0 1037.73979348142 99.0569802868628 0
5218.69140023869 7775.92 1848.80556162689 63.9306327559859 587.079988613006 149.806163212793 62.3404779530349 79.8983211161609 32.8904689041338 5727.909915 106226.528562 0 16640.2812506112 4708.078934328 0 0 0 159.957967880314 15.2687151158481 0
10173.6940278673 4216.8604 21458.0444312821 99.6309412261483 1348.99520233139 233.461306402775 97.1528080858431 124.515347213529 51.2572491937581 3504.18861 38976.229908 40785.3283986779 12807.7164733896 3698.562009051 0 9308.54631890756 0 311.83361837784 29.7659362997028 0
86488.636391623 0 71688.8391704495 112.21780998427 27829.7637291638 214.266357256115 89.1650038565387 114.277823083431 47.0429307405988 1306.40679 10559.160612 60768.8706053692 1995.0337196496 1254.521032947 0 0 0 2650.96083690838 253.046261704891 0
44.4987445468203 0 0 9.19566572125027 40.1484946292898 21.5478455398037 8.96694075197317 11.4924289186632 4.7309051141727 0 16588.0638 0 1115.0188458192 1851.031033866 0 0 0 1.36392980635126 0.130193299697166 0
52823.9202728086 51339.461 6342.27157834403 573.812157629315 6988.46466080699 643.267613907239 1948.8 343.083363710354 120.641561674457 23314.880745 391323.865086 45469.4787492822 59239.7512580916 32927.052045699 0 0 0 1619.10454063708 154.550887969903 0
2606.07571661855 2238.204 1777.78993143723 61.6572538043366 882.281606523899 144.479042807537 60.1236450467328 77.0571297550355 31.7208809227051 3188.19852 115247.003256 0 15741.5160598668 5789.597066757 0 0 0 79.878755764993 7.62479032302209 0
13886.7097262582 6926.8736 3143.88114191004 369.88618728602 266.183995941615 328.35127522755 136.640409147239 16.2553687256761 72.0906748820743 15674.523345 147307.726566 3486.59334055907 30389.2636330836 9743.663359521 0 0 0 425.641161355977 40.6293835839796 0
355.720267013673 2640.135 0 67.4124234639612 294.324239639964 157.964907848757 65.7356656355357 84.2497442141755 34.681749923492 6569.76411 72152.357508 0 23831.652797694 13331.223507546 0 0 0 10.9031722095595 1.04075734727613 0
31134.5579572863 0 7298.00760680199 37.9280459705833 6000.48758208215 88.8753137591855 36.9846568335343 47.4011763317399 19.5128870591888 0 5720.022 29516.4014064316 592.5100144824 714.511979307 0 0 0 954.304487418351 91.092701071752 0
13992.2256887063 8327.59 9752.17343226184 59.4577705356284 259.594036297207 139.3250792797 57.9788698066013 74.3082906943673 30.5893101414375 1884.149865 97818.096222 17079.1578086176 11701.4477754636 3459.057993594 0 0 0 428.875328245279 40.9380995143221 0
2030.6260428199 2958.002 199.03569866671 41.4207036907557 180.843774673838 97.0595226418291 40.3904412316485 51.7661806504096 21.3097588432766 1287.54171 68949.145188 0 12353.9588040708 3497.558639085 0 0 0 62.240663496496 5.94115424284736 0
70482.4379781317 8210.4258 56265.7797663395 136.526621038 29856.4581976547 2776.59809388336 133.130776936114 170.626307582998 515.846677504572 13542.769305 119874.501054 74980.6818615842 13807.7333754696 5781.096924246 0 0 0 2160.35528556383 206.21573180382 0
9002.50055586308 0 13410.7259589113 32.4814994573589 341.402859593813 76.1126333236508 31.6735829681491 40.5942685392156 16.710795776722 1228.588335 17611.947738 21524.1866292725 2945.0497766256 781.513102629 0 0 0 275.935399186737 26.3392881041885 0
0 2428.3988 0 83.7064215524068 365.464221733035 196.14599931931 81.6243810261155 104.613426464995 43.0645425590279 3940.443585 82534.197438 0 34420.5817695936 17285.28980031 0 0 0 0 0 0
51897.5373181521 1722.2612 44290.1453396665 135.905027940322 593.36457519833 271.295206258891 132.524644803034 5.96527292685363 69.9192218611044 240.52977 17720.628156 47917.3879441238 3303.8058402468 1241.520814989 0 53495.1206652098 0 1590.71000194122 151.840500185299 0
9537.6316702087 0 4284.92957833586 13.1534315634617 2099.31957822406 30.8219241803101 12.8262645783365 16.4387094813873 6.76706162868664 0 8008.0308 5753.53692102319 918.765528786 356.005968696 0 0 0 292.337688388267 27.9049611643346 0
75593.6581680558 0 49208.0736973686 76.1668884900062 20991.9799600911 178.478904973392 74.272379733609 95.1907755742261 39.1856699896435 575.38494 6040.343232 56293.7891467789 963.7662893796 968.016229488 0 0 0 2317.01915630577 221.170010374642 0
43316.898345061 94.572 18556.3841685595 48.1582512530049 4808.17132742285 112.847355582834 46.9604049118935 60.1865374568041 24.7760329756177 478.701405 37162.982934 36379.1243373013 3662.561903868 1185.519876093 0 0 0 1327.70507063076 126.735484014755 0
70983.251121304 4545.7608 64235.4608808409 163.670057555288 18531.8854226904 1278.11785206259 82.7031266755492 105.995994727722 43.6336824084994 1985.54967 9483.796476 55115.8881864102 3278.8054176948 886.014854676 0 0 0 2175.70569556622 207.680998213139 0
28604.8043297995 0 17208.4307339054 29.7734400178226 6220.22717191092 69.766943051234 29.0328814373151 37.2098283518712 15.3175772061101 0 0 29977.7500104099 655.0110708624 207.003470562 0 0 0 876.765077927282 83.6912119839676 0
41605.1125491531 10421.8344 23145.5293518971 354.313103451467 2495.67759897757 631.930931285731 262.97233334586 337.037004274537 138.742653835211 15254.775315 389138.816682 45141.1739856765 59789.7605542356 18400.3084944 0 0 0 1275.2371708528 121.727184490495 0
18517.4108974168 12474.5722 5223.67943578901 93.8540375421295 2585.24316399446 219.924512868198 91.5195940658136 117.295570313078 48.285198663512 8977.419945 164124.591246 10333.8838357324 20220.3417600576 5845.598005653 0 0 0 567.576656749639 54.1777717806474 0
38187.2044339158 24376.9838 4454.79128838414 31.8586617007495 2257.7817317155 291.433210392278 121.277290851078 155.434354157783 63.9851841771255 9300.48444 226261.190232 15456.1529134246 27771.7193918892 12249.205366734 0 0 0 1170.47496236315 111.727155498301 0
5599.69504483577 0 1606.96855071073 12.9165306975633 56.3938793622948 30.266803602707 12.5952561779666 16.1426388710979 6.64518295758172 0 10868.0418 10308.0548117772 870.0147048096 476.007980616 0 0 0 171.636100207118 16.3834459288613 0
27372.6610622341 0 23712.6947227361 33.1987222623725 4219.30813299048 77.7932736044675 32.3729661986269 41.490629102477 17.0797862488745 0 8580.033 24640.7264064996 617.5104370344 327.005482482 0 0 0 838.998688213541 80.0862384203835 0
8632.14964102113 19323.1612 2418.17817502592 101.167536750829 441.699864808364 237.061950883191 98.6511836735634 126.435731814213 52.047783326521 20037.073095 149309.734266 0 29487.998400084 15379.257844314 0 0 0 264.583783389331 25.2557247780725 0
772.660018949334 288.97 0 78.368545161154 342.158926812323 183.637961350565 76.4192743168633 97.9423308790256 40.3183589238569 2959.459425 115801.84539 0 24317.9110163304 8947.150005402 0 0 0 23.6827811830083 2.26062911292352 0
15899.5362712593 0 19596.283315499 25.8308879926872 112.778269597994 1466.57726884779 25.1883930128105 32.2825614980647 13.2892477622176 94.3254 6063.22332 15656.7745774786 1056.267852822 371.006220186 0 0 0 487.336252929931 46.518460506948 0
18760.2661668981 0 126915.295592257 110.191503679364 13526.5077426104 258.207461325466 107.450696318847 11034.7358472208 56.6903543579663 0 0 82033.9547616328 962.516268252 399.006689634 0 797.067015404014 0 575.020406995816 54.8883115768734 0
80400.3316471948 160.247 64576.5278398868 68.3730673421915 12354.8604644935 160.215947255184 66.6724152957513 85.4503241201195 35.1759735255869 643.770855 6446.464794 68891.0427357616 578.7597820788 72.501215535 0 0 0 2464.34837411546 235.23325389284 0
1813.66095198404 6399.372 873.012415993761 80.2224574419923 1235.03213951352 187.982161834009 78.2270740004919 100.25928712285 41.2721433867238 4565.34936 114194.519208 2726.99261091017 21105.3567183984 4163.069796858 0 0 0 55.5904724103773 5.30636327553601 0
32882.4147052131 19036.8182 3622.27697501205 125.335771877348 5946.09980459224 293.694435497377 122.218279197539 156.64036655199 64.4816440851126 7788.919905 190459.572534 18492.2815783386 27676.7177861916 11545.19356347 0 0 0 1007.87799696358 96.2065360737962 0
17553.8108109575 13553.2184 1732.20557422089 137.409563246044 2130.52568006253 203.953337351103 1169.28 8.45080331304264 44.7786710251179 8531.73243 156053.640204 2906.82109844681 20891.6031055788 7963.133507658 0 0 0 538.041376761197 51.3584950544778 0
5283.41684685223 12902.2478 1877.88358317752 44.5286691791482 695.044995493101 104.342297192035 43.4211018970518 55.6504097578754 22.9087175559372 6491.945655 71197.113834 4047.1968730694 8383.8917028132 3390.05683674 0 0 0 161.941865780461 15.4580871881349 0
3380.62356109413 8100.6172 2209.25786837335 78.8293064783143 2004.48545055912 184.717645409757 76.8685750588671 3.10691298273626 40.5554073483912 3563.141985 122917.552758 0 18200.307617856 7085.11878711 0 0 0 103.619400636756 9.89094278805392 0
27205.0491244411 0 25035.5047856204 48.5777179238159 958.392073085768 113.830275504645 47.3694381345668 11.532860991917 24.9918364941796 0 8008.0308 30423.1788386173 1980.0334661184 1030.01726898 0 4393.75173833811 0 833.861219276284 79.5958436581907 0
14412.1320236118 10297.84 3404.6236651875 59.9467860845013 261.729089781393 140.470970380257 58.4557220091997 74.9194456238637 30.8408945542688 0 85800.33 12008.7092255271 9277.6568090472 2712.545477775 0 0 0 441.745865872484 42.1666508332826 0
3038.99456318694 1941.353 389.050492957976 82.1567856130896 358.698474469816 192.514797742879 80.1132893796592 102.676744399524 42.2672995085894 13502.68101 142851.829428 0 21972.8713809528 8525.14293015 0 0 0 93.1481395325407 8.89141331901525 0
59622.6542161605 1469.0184 43804.6479435455 56.4780357911627 12278.5878883117 132.342782840307 55.0732503854349 70.5843199906362 29.056322452586 674.42661 9804.117708 38892.1746554512 1003.7669654628 666.511174539 0 0 0 1827.49234944443 174.442451537877 0
391.049573290239 1423.3086 290.876182574155 29.845162298324 130.30468642151 69.9350070793156 29.1028197603629 250.79001596647 15.3544762533253 2237.870115 42619.883922 0 8330.1407943264 2656.544538879 0 0 0 11.9860498133899 1.14412293673267 0
6031.06317757904 13351.4648 336.460539790495 93.6929651614696 337.188009475371 339.94260031585 141.464034094412 181.306579506464 74.6355909869801 14566.199895 236940.471306 1716.73663621247 42979.4764302708 26058.936896811 0 0 0 184.857953087474 17.6455318856226 0
92053.4740865636 189436.1224 14156.7739441741 245.301516609605 5667.51442272522 776.49145968264 323.129887882555 58.8573595449553 992.588848811216 56932.453305 448203.763854 26708.1854497506 69889.9312652436 26377.442236782 0 0 0 2821.52852543386 269.327722882323 0
36734.8598031841 25638.9946 5167.63466817984 173.543189136671 6987.24883865741 95.1492176386913 163.111004749259 20.2570726474404 239.203096423491 21192.559245 208283.161086 25628.0773976899 38550.651575184 14483.242821978 0 0 0 1125.95918666828 107.477922363791 0
12984.7336587622 6951.042 4534.44395467796 56.0324882910786 2475.57600610499 131.298748726466 54.6387850452896 70.0274899437618 28.8271010986732 2905.22232 90193.306896 15092.2723243713 9722.6643304728 2609.543750877 0 0 0 397.994717493299 37.990404851633 0
7873.58089117829 312.613 1244.98077087909 26.1351643342081 114.106747321487 61.2415132630913 25.4851010499829 32.6628356764181 13.4457891746459 1105.965315 42505.483482 7616.47557962316 4683.8291651172 828.013882248 0 0 0 241.332913311668 23.0363235433864 0
32035.9272237201 1134.864 41613.9117192622 73.1132580625998 1009.13238412701 3356.68849217639 71.2947026462721 91.3744525700375 37.6146651006309 282.9762 20477.67876 32352.7206407493 1178.7699233268 967.016212722 0 22097.0979680058 0 981.932332238215 93.7299044409206 0
1951.20252603785 1794.7664 336.84440806179 53.8851666809165 235.263915704085 126.267013582688 52.5448740401018 67.3438407422397 27.7223659881076 5815.16091 71694.755748 0 15111.5054115564 5925.599346933 0 0 0 59.8062554481902 5.70877892914543 0
80395.0727046576 1437.4944 65473.6279899045 91.4806820782665 26871.0474368381 3028.54362731152 89.2052713758693 56.5458162857998 47.0641756465713 2289.749085 11605.924638 61383.2439927797 2242.5379029144 2969.549786637 0 0 0 2464.18718241107 235.217867411967 0
0 0 0 2.05821211014512 8.98620288677324 4.8229283210102 2.00701793715873 2.57228319214702 1.05889083978292 0 0 503.259850396122 386.2565284284 37.500628725 0 0 0 0 0 0
0 0 0 0 0 0 0 0 0 0 0 0 0 0 0 0 0 0 0 0
0 0 0 0 0 0 0 0 0 0 0 0 0 0 0 0 0 0 0 0
0 0 0 0 0 0 0 0 0 0 0 0 0 0 0 0 0 0 0 0
102971.780439848 5736.8426 58691.8272409271 165.909324511891 492.115594414938 264.120259404339 109.911253684254 140.867136882721 57.9885299281754 1806.33141 11634.524748 135005.871513076 2381.290248078 602.010093132 0 174.182191125908 0 3156.18523590464 301.272227063625 0
0 0 0 0 0 0 0 0 0 0 0 0 0 0 0 0 0 0 0 0
0 0 0 0 0 0 0 0 0 0 0 0 0 0 0 0 0 0 0 0
0 0 0 0 0 0 0 0 0 0 0 0 0 0 0 0 0 0 0 0
0 0 0 0 0 0 0 0 0 0 0 0 0 0 0 0 0 0 0 0
0 0 0 0 0 0 0 0 0 0 0 0 0 0 0 0 0 0 0 0
0 0 0 0 0 0 0 0 0 0 0 0 0 0 0 0 0 0 0 0
0 0 0 0 0 0 0 0 0 0 0 0 0 0 0 0 0 0 0 0
0 0 0 0 0 0 0 0 0 0 0 0 0 0 0 0 0 0 0 0
0 0 0 0 0 0 0 0 0 0 0 0 0 0 0 0 0 0 0 0
0 0 0 0 0 0 0 0 0 0 0 0 0 0 0 0 0 0 0 0
0 0 0 0 0 0 0 0 0 0 0 0 0 0 0 0 0 0 0 0
0 0 0 0 0 0 0 0 0 0 0 0 0 0 0 0 0 0 0 0
0 0 0 0 0 0 0 0 0 0 0 0 0 0 0 0 0 0 0 0
0 0 0 0 0 0 0 0 0 0 0 0 0 0 0 0 0 0 0 0
0 0 0 0 0 0 0 0 0 0 0 0 0 0 0 0 0 0 0 0
0 0 0 0 0 0 0 0 0 0 0 0 0 0 0 0 0 0 0 0
0 0 0 0 0 0 0 0 0 0 0 0 0 0 0 0 0 0 0 0
0 0 0 0 0 0 0 0 0 0 0 0 0 0 0 0 0 0 0 0
0 0 0 0 0 0 0 0 0 0 0 0 0 0 0 0 0 0 0 0
48392.4521170073 0 38594.4038972517 59.7477137966134 550.435766476298 295.420911422215 122.936736516121 157.561173312431 292.118981406218 0 0 54162.6510004436 2076.2850929436 2400.540246783 0 37186.3388777544 0 1483.27573096731 141.585410683243 0
50302.9315495509 0 54125.4262526637 60.5292579382699 264.272175709224 141.835854002253 59.0237059660725 75.6473990509974 31.1405595437744 0 0 71175.8554522949 1196.2702191132 499.508374617 0 0 0 1541.83378398666 147.175043016908 0
0 0 0 0 0 0 0 0 0 0 0 0 0 0 0 0 0 0 0 0
0 0 0 0 0 0 0 0 0 0 0 0 0 0 0 0 0 0 0 0
0 0 0 0 0 0 0 0 0 0 0 0 0 0 0 0 0 0 0 0
13663.4069354414 10562.1162 3963.63183526154 478.948666558711 2198.28750119749 1.8521498171949 54.2931738072414 9.84270032930844 15.5150724160709 24024.67938 131629.146264 3487.56802070831 15310.2587708448 6677.611954965 0 0 0 418.796713600468 39.9760499345901 0
1982.2842248804 4633.5026 339.958324146244 123.66860692144 15.1980164975544 1.27119103082688 235.074 36.8379578205576 10.6485019272409 4869.548775 152924.78817 102.494556858783 23070.3899309856 25111.421011026 0 0 0 60.7589397523235 5.79971697635815 0
4417.44430903504 3515.4514 1086.73107603752 482.612921578608 181.562774332892 1.88651838187835 613.872 7.77971010877157 15.8029707086117 4077.215415 236643.030162 152.107638323089 29130.4923575904 15730.26372918 0 0 0 135.39896512474 12.9244466709979 0
18983.5689577149 23076.0934 156.426320552911 203.569723327473 589.268468482199 1.62483427261831 3381.168 47.086216743659 13.6108975471363 10920.523185 174855.352518 7206.46013017197 26440.4468909952 24721.914480669 0 0 0 581.864854751325 55.5416452262628 0
59985.3864065573 31249.7412 21834.2353371517 352.175621356529 4517.91405292012 2.08351527912338 61.0753277781875 60.3783743824156 17.4531725973157 20192.710005 129484.138014 38374.2946028163 16717.7825605224 4957.083109062 0 0 0 1838.61044392651 175.503724192985 0
3404.82818123397 2177.783 287.175504227942 194.358193346905 104.803869291263 1.07382258153122 440.916 31.118399993334 8.99518762456348 5527.46844 132452.829432 86.5809834792533 15112.755432684 9441.158287806 0 0 0 104.361295788998 9.96176005258621 0
20542.0363519569 17710.1832 478.483416857283 533.047320532987 21.3908539567776 1.7891717446128 52.447059951331 20.7044681169544 460.434760211341 27090.25488 184825.350864 144.258699645686 28701.7351108236 26476.943904999 0 0 0 629.633396378309 60.1013696542934 0
974.050549193809 976.1932 397.78349612995 392.126179559546 109.586103079495 0.457789281583548 13.4194506304845 19.3871370122742 3.83480525664326 1690.782795 35938.898226 36.9109822306452 4542.5767776984 1845.03093327 0 0 0 29.8555968369041 2.84985242534085 0
6597.4782577879 12259.1582 114.680646049527 18.4733735266599 20.5930391603667 1.72244099631931 438.48 16.5536323720188 14.4285286979521 13318.74648 159886.054944 2264.50688009101 33079.3090996788 35802.600256332 0 0 0 202.219126274076 19.3027347807073 0
13457.6339530825 14615.5772 793.361952322465 2287.30941130749 429.590492841219 2.96658303786019 86.9612204114741 204.658571998803 24.8504468879285 25625.853045 366270.168726 239.191912526694 39335.6648433168 15263.255899458 0 0 0 412.48957152625 39.3740045547784 0
2862.75256584543 268.4794 124.226433474888 84.4814351809012 5.55360834339065 0.464514373699986 13.616587272325 30.3980366230915 3.89113994956205 2377.00008 63446.484024 37.4532180705727 6996.3682511772 7789.130590374 0 0 0 87.7461508752646 8.37576894718437 0
