403294.416265679 104225.028820148 197170.244744696 543.415626436302 115157.988619913 1707.33677240398 331.815249082697 815.649509571142 819.467984149562 104030.614511532 35326.1888271635 1252213.23299556 6426.83905430838 2379.61797822288 0 0 0 0 9499.97304405132 4931.67999554576 0
64324.7132565717 4475.169557073 101730.600725806 0 11464.5764011699 0 51.7363584383072 190.845964422966 23.3612467682453 7950.62296191233 11438.6966423422 213576.373816475 769.295439219853 757.63944771652 0 0 0 0 1515.22812455999 786.593835154091 0
1301203.00033109 62191.9414114454 155146.795420641 0 145598.678575237 1432.30057869246 667.401487525766 28116.6077994993 4310.54333437544 0 66383.4105583782 1777081.58322811 9485.07185967303 8966.58203133516 0 0 0 0 30651.0403551947 15911.7422608934 0
0 0 0 0 0 0 0 0 0 0 0 0 0 0 0 0 0 0 0 0 0
9729.67764226129 8375.997011616 0 981.265647820857 0 150.227674591764 3739.3687595625 0 1225.05948246419 70568.2197290684 118962.35389626 0 35516.88 17341.128 0 0 0 0 229.191557335868 118.979223753593 0
152136.481060567 1225.0498508352 58025.564396272 150.950611961656 15769.7019299101 191.682255598453 484.296466983417 0 2701.63568135047 54863.53331706 0 280278.861025155 17327.52 9453.024 0 0 0 0 3583.71554576667 1860.39878058927 0
342986.709357128 80107.3280412288 52757.0644240156 1406.65023780883 19472.5054065352 389.766235874746 0 0 3178.4211830495 206721.221577572 131510.915295112 405151.705532173 38051.37 21437.136 0 0 0 0 8079.36921996474 4194.20806500901 0
68157.8720099911 0 54706.9589719055 108.955929057976 9926.03006340138 138.355969354817 349.564475519165 1453.20686485775 1682.57627514733 15750.406023106 26421.6931675829 103637.840104222 8062.74 4953.312 0 0 0 0 1605.52172487372 833.467562092915 0
640753.049663721 54345.9122803584 615589.122619404 593.270568492111 221130.050853481 6744.26504445234 1903.39632646839 13243.4181593653 983.846473277789 107349.646857047 25336.1430148251 1531882.77892639 6667.92 6237 0 0 0 0 15093.5308156832 7835.43949448036 0
704046.379471008 404128.19055623 240573.229937646 6636.3950476543 121750.858482547 920.137478632282 0 0 6810.79722210933 492560.230159455 421442.438662875 924715.011557424 60050.97 33541.452 0 0 0 0 16584.4637490104 8609.42107189067 0
387074.471384583 137523.165607246 224608.842825432 454.289651768915 55612.3763958399 1880.07921038526 2185.02402039384 4403.8137602838 4478.41422592756 232297.06242698 87464.4531390008 557798.628121806 22524.7264010432 18805.8935293357 0 0 0 0 9117.89723806024 4733.3346317799 0
65025.5814209331 6491.7996032448 84596.7011880567 1082.1038275192 7711.62039294922 244.349895137468 1822.07699897803 0 0 27980.4019917006 64963.7031783428 305227.011016515 21449.61 8065.008 0 0 0 0 1531.73772251207 795.164391468016 0
585447.950713812 0 488369.520455245 572.548384248631 89006.1947467428 35572.0377004801 1836.91312055833 56306.9311520806 943.60041251778 3954.74635993808 0 1414404.00741352 4020.03 11274.228 0 0 0 0 13790.7680497425 7159.14188374611 0
527406.250156455 652697.557533965 375874.447686093 9192.37456611455 147200.635748624 1188.06210642905 829.913158944 0 4473.13145194066 605922.00587583 649228.70557918 996318.31232361 110066.04 47875.212 0 0 0 0 12423.5421014355 6449.3797794337 0
15562.5618048439 19839.9345419037 0 2377.97035005428 1789.28294089938 73.4102009879354 299.694443852325 0 41.2633838172538 51414.3259355694 46688.7754230424 0 16627.4998309371 13055.7379763023 0 0 0 0 366.590539515441 190.306564229326 0
425818.888187372 165828.664060301 72016.4854995306 2043.03236346812 21352.3022504006 441.654744555856 1115.86662911009 177.290659614809 615.813218857956 323146.211237483 135215.728660488 518883.502364351 37796.22 22875.048 0 0 0 0 10030.5578165085 5207.12017796887 0
186238.404993656 40404.1375999872 66836.1222125018 162.134012981947 22841.921744583 205.88332113223 520.176292395195 0 1678.91379214682 72122.6865063851 78787.0390685069 204522.636472715 19555.83 10757.124 0 0 0 0 4387.01791011481 2277.41366918529 0
684111.248229586 228833.524498925 522333.769784364 1198.36084070596 103830.891221347 763.475950255136 1928.96679027995 7395.13633073752 1742.21802783987 125820.369740458 45423.8004287018 1291047.02841576 9168.39 4216.212 0 0 0 0 16114.8732915557 8365.64460490598 0
309629.594294222 66895.438705056 162330.665303415 1386.31312593689 9651.88451194872 427.389420806993 1079.82445154713 0 0 114390.46696607 184105.322237444 649264.045251973 29523.69 16622.172 0 0 0 0 7293.61151754181 3786.30106101897 0
79532.5954483618 8678.2402819008 40424.1499052164 273.986090496901 0 191.208351262201 483.099119868431 0 2319.72475513106 21625.3760491412 46658.7382171602 167685.976961357 15291.99 10820.628 0 0 0 0 1873.46385769232 972.563204812958 0
1024652.931893 71242.5972308544 1017383.01407769 834.662508388218 98667.4762000976 2554.24131401137 2677.85667565634 10266.1773600468 1417.82508026824 53331.9263452921 49307.8789569179 2173401.57298973 7416.36 6300.504 0 0 0 0 24136.6476695255 12529.9537082236 0
136957.329677571 25594.217356032 173227.988755183 5110.54673748497 36450.735713788 1575.263806899 846.44323421938 0 1180.71274639301 46999.7602082814 72343.4523819535 382766.511996955 17628.03 9711.576 0 0 0 0 3226.15659341299 1674.78074521439 0
261161.550086528 3286.0917258624 162922.736447709 685.558966598733 12594.3528600293 1699.41595439189 785.784411733069 0 3040.47486727166 22905.5251598726 21720.9622308701 800048.363421488 5760.72 4247.964 0 0 0 0 6151.90190069541 3193.61027631728 0
588643.124409393 25790.3539463232 573797.817190979 0 50377.8200027869 0 1749.20237088089 6705.96822500824 0 9052.4829973149 5636.89345377005 1226096.78243515 7626.15 5581.548 0 0 0 0 13866.0333218485 7198.21401953886 0
301761.19728135 637951.944368794 147998.084932127 7783.74710909596 102376.40811677 0 21182.86409724 0 532.896635846372 534485.113535908 251718.166155544 486939.173938661 65817.36 44802.072 0 0 0 0 7108.26414721535 3690.08248079485 0
408230.305321901 0 166679.951493856 399.825562834577 18136.5054762071 2917.79796097084 1282.76464052777 4917.77227309114 2754.67314671814 27157.4489919447 37834.9085351103 904219.414454042 5862.78 8446.032 0 0 0 0 9616.24247673209 4992.03844420518 0
531736.20760202 0 95381.4832565547 432.646757429617 5912.97950344696 0 799.189072442941 6827.54156917699 4594.97446408378 10640.6973531789 10514.9059830571 1127442.16469703 2819.5500233827 2608.26222416212 0 0 0 0 12525.538254508 6502.32860206701 0
0 0 0 0 0 0 0 0 0 0 0 0 0 0 0 0 0 0 0 0 0
8191.53683831591 27976.1181752751 957.184208636587 1632.66715880161 5500.39061990315 6.56710673903498 1541.16393073297 4647.1899630734 250.608208485831 32483.626063671 36227.8472078321 602.904888490688 6906.4556279702 2757.28218367084 0 0 0 0 192.959227836393 100.170090953318 0
66619.8598663456 178910.630342223 0 4514.58462167114 441.265978423944 727.103984842182 3650.64439418182 2758.1701100793 0 216384.87062189 281959.056225935 0 43817.290943667 30399.7579090782 0 0 0 0 1569.29242608663 814.660002613277 0
44475.9426390599 77116.2053357799 3069.29303807047 11618.6947251226 510.561794031913 29.6902976209547 1041.6898962947 70.0966719888236 1187.90159135247 139290.19293814 167713.750642528 0 34010.6948063613 12617.7784553162 0 0 0 0 1047.67197148967 543.873427822507 0
101467.452052126 516689.254472575 0 16011.9272916351 4277.65115306904 80.1135539244605 8747.552409192 5350.63441625721 3335.08922779923 788746.949991598 596416.985943268 23283.475684042 86153.615452719 57737.7588507902 0 0 0 0 2390.15969590997 1240.79328476201 0
83653.0180133965 295140.002455891 2718.77976838615 6190.03635317266 3760.04475981134 55.9244385035851 6774.27761003274 3467.21938693591 1859.95953891358 438714.458670728 319348.218766192 20847.8990143374 55622.0180827985 38227.309475724 0 0 0 0 1970.52422282305 1022.94973315951 0
16837.4197463121 104879.582803852 0 421.473078602943 0 23.863297365483 2059.70493300002 0 67.9929840190173 220470.153741344 163091.830331688 0 38703.6032557432 27890.3391165058 0 0 0 0 396.620997638529 205.896146315083 0
36847.2468682771 119945.181575177 0 9277.83700951532 708.786000895423 32.400788671429 1445.52260855783 0 43.8077249729099 369202.179955193 56048.8319584955 5495.65853613889 11184.9757707166 7961.78424652212 0 0 0 0 867.970985657125 450.586030805611 0
5623.48787715978 5871.32340821837 379.640081248929 7956.00462158856 33.9023635818154 0 0 8361.38081468689 6.89321483246547 7856.99977273041 14122.4671426286 179.439230652937 1102.67618567563 642.74443635628 0 0 0 0 132.466458973669 68.7667409972596 0
94279.5897837901 230269.466982642 9952.47447539417 15470.6537541077 4318.91662612717 423.052208056966 1694.127164175 0 580.597915692949 692661.396686478 112094.593810507 7416.71812787273 33363.182015479 22108.8040160016 0 0 0 0 2220.84295102214 1152.89661391859 0
39002.0107691665 54461.7138251341 871.110204120404 3750.76857310612 2006.36185543865 4.307601803369 195.008388635836 0 179.524495890616 115649.016745075 22622.5579817149 8984.80307224447 6481.15261605327 2633.9291037993 0 0 0 0 918.72844261447 476.935530318988 0
66676.9380293737 66070.5944929262 1659.34597486575 1663.75068290661 716.50514592724 2.02161278707602 70.9286798469475 0 193.444968305023 108765.067612012 20721.7798175372 3526.62109896187 2221.61632925317 1438.85405462588 0 0 0 0 1570.63695501711 815.357982112706 0
536.913198215354 440.697498390652 16.7784698011646 73.4760777711287 0 0 0 464.009985819993 39.8028348246003 2502.43436823057 544.946967511801 44.3154644498743 28.011406882591 17.0616497975708 0 0 0 0 12.6474870573985 6.56563535766586 0
138136.878522461 533054.828389333 1963.65474975905 13216.8078469583 6391.84212693425 89.3066123086114 0 353.56453233923 2313.00963049333 1139550.51117318 445615.028588926 21487.3945726915 86642.3988689758 69919.2615389902 0 0 0 0 3253.9419576002 1689.20484137715 0
1617.89981926506 2287.97373182795 41.67287152113 234.451299974971 29.5024581687802 0 0 0 4.82962671059549 7618.75205315082 13969.0154316681 69.7555439716703 3097.03945243648 2212.2151265635 0 0 0 0 38.1111268866866 19.7844647772417 0
20784.3151142268 28508.9692793569 1998.04302303543 4490.82345864427 1508.60122190002 4.7196354526924 165.589332516293 25.2884245294825 888.898122864074 58543.3494345965 46438.9373464069 0 5858.07530567213 4497.02858833744 0 0 0 0 489.593769119153 254.160699815954 0
371987.419205261 666360.868120795 50725.8488317862 179782.212585619 13860.773566947 163.778398143611 8066.86668311038 134666.840818308 6229.49703522441 1266912.28366193 1047899.52636419 54289.8573007629 118023.036237831 79221.8847662414 0 0 0 0 8762.50776764581 4548.84283019864 0
57300.987646918 222951.362484911 0 13422.6745614176 978.099031561346 113.686867597585 10102.0264453746 0 0 369711.635140338 389553.780739325 0 52844.4858550073 33178.3387876458 0 0 0 0 1349.7777705026 700.704307091515 0
9619.09271575983 12538.7639097704 652.407026247521 2761.65706118627 54.9379218986578 0.919371743199555 164.497783413459 0 151.847851313918 30745.3560077755 27097.1807518154 937.648264699546 2809.66708878695 1238.06467003103 0 0 0 0 226.586627095152 117.626937563057 0
1761.6898604209 2297.32730104174 272.645419863749 447.019959218247 0 3.34525459510808 0 3.49001974717933 37.3862470501414 4376.31802311782 11759.3594755499 31.0703336482059 1015.12408452118 663.035525396506 0 0 0 0 41.4982343195938 21.5427992369476 0
322300.836876984 247717.298183846 397475.712333217 12241.2465875821 38925.3998049188 355.991820768137 2650.367830176 2914.13433664305 8255.77627108311 312699.280101693 668400.118827426 677732.03173401 63141.12 31516.128 0 0 0 0 7592.09435815612 3941.25116953459 0
207023.079233035 585825.389192534 15964.6644012688 53768.2167306376 22908.9260224343 308.283373541355 14978.593949328 80.5572522702327 5499.1635551717 1166032.96143192 368761.610076003 112082.42026753 82202.213370387 57033.5963718234 0 0 0 0 4876.62013875915 2531.57876055803 0
74630.2759923868 108945.005716975 18347.3934300512 4047.8773782854 16385.9997102954 13.7748111030478 310.560959076976 0 351.7041786442 197185.29948098 19857.2778334834 103660.916833177 6904.38179925288 3688.2914662422 0 0 0 0 1757.98518799904 912.615261529557 0
60192.1841530639 619405.782847488 8932.91227336931 13308.9449608587 15080.4567059151 164.209524119499 0 192.981530036922 1837.7418106076 631067.791979483 146379.964635181 102270.178236677 29608.74 14068.404 0 0 0 0 1417.88257871633 736.059262175144 0
242407.256802971 553606.779835699 1383.74595807445 32307.1969678911 1025.08373859124 503.381000913984 33263.45483832 0 2257.65854094696 1304426.2242242 983657.826034301 35291.7976374182 159485.76 72784.656 0 0 0 0 5710.12717367647 2964.27366939489 0
75304.9870059305 57844.8482085464 35758.1698607517 60948.7817511319 5573.93597421662 48.76061471262 102.966893169231 9945.74019081552 0 239889.387156709 72970.3104136084 12174.9448139165 14143.8850260059 6493.7221236834 0 0 0 0 1773.87863006685 920.865955499184 0
0 0 0 640.619023965948 0 0 0 0 0 8983.90358066858 0 0 0 0 0 0 0 0 0 0 0
10.7733254518045 8.4215572763892 5.20482447644802 0 0 0 0 0 0 124.925199383128 15.0254849804446 6.77586006778855 0.554300573888093 0.395218794835008 0 0 0 0 0.253775646919722 0.131741456051222 0
351265.329654534 355688.883462182 101340.597576956 40296.8573346904 12371.2776423048 283.684272841523 1706.67625428 0 13102.7596850234 1161872.47682204 191913.315996729 398548.588930211 80667.09 24487.596 0 0 0 0 8274.37977923684 4295.44305479508 0
222252.440593342 244912.444598376 36365.4325714343 951.155097311686 30306.0811091832 14.3863671391296 148.817445009882 10543.7796390081 643.811838663791 373841.324493165 56061.344540947 253990.153101638 25475.290268804 11285.7945155648 0 0 0 0 5235.36183357526 2717.81078792159 0
55362.6260044203 62689.3194426701 2758.50763912061 16818.8899471147 2051.39316519195 92.2592846587656 705.791249541818 1482.30780481048 842.25792217029 302331.848671825 102557.407006961 3592.3401772391 19970.2289701918 8293.798870523 0 0 0 0 1304.11786892534 677.001079496762 0
109398.511625546 207779.386905043 32441.5584790372 5696.36854335153 612.844004737686 92.8463240881467 1311.798218976 0 831.105399309084 342714.204787235 54586.2420850065 102748.618253945 20196.54 6479.676 0 0 0 0 2576.98314081634 1337.77813321067 0
280223.436678879 98749.9501807104 121683.062978592 40294.5976555936 8395.96286490629 3047.39894003382 7676.3664508265 12902.7483334997 7602.62634525502 351035.174006989 130754.017940896 355052.430996674 24375.33 10203.732 0 0 0 0 6600.9222726432 3426.7082836126 0
362159.531241175 659359.770895987 214410.632604447 29631.7369171833 99438.0253953878 1698.08098506401 25272.194259456 959.893042111567 5691.66579760211 774444.4923814 273927.12799637 444625.423320529 54749.52 20223.756 0 0 0 0 8531.00277532951 4428.66264293062 0
200727.325297038 242842.821612019 148816.200751476 26380.6236165448 41382.0871385772 16316.4401151316 1894.075999848 2440.07664715371 7294.23484352774 338096.524066382 295867.192092934 302238.774545024 35658.63 7849.548 0 0 0 0 4728.3178308875 2454.59122368476 0
4967.03636695792 7782.25328574633 0 1264.56548143747 0 0 0 0 30.3057686445844 39832.3906581908 16059.6586051565 0 2184.44387733462 1716.18872824443 0 0 0 0 117.003136398093 60.7393331028354 0
378543.546674621 1573902.89182264 204239.659129173 20964.7377410938 182437.940333031 1066.19550320057 45979.86614472 0 8835.70745986589 1084537.75465053 521970.358313679 561923.773008707 105382.62 33754.644 0 0 0 0 8916.94341495527 4629.014341097 0
69330.7012703258 182416.675032634 31641.0699967341 23654.8857059313 23429.0263011217 1095.20062848168 1873.99745568 0 2766.31056187767 293222.725774137 308794.202168894 6369.53477534922 42150.78 17744.832 0 0 0 0 1633.14880303072 847.809487912124 0
127476.811513985 416860.992155462 32357.5694025261 22147.9622081984 10646.3260503031 212.285756597128 17260.855136424 0 2516.59102824629 686297.082185323 204183.020475607 125726.626356015 50995.98 31518.396 0 0 0 0 3002.83421808317 1558.84836457869 0
10597.699723229 6713.09117674496 358.978700534936 14194.437037786 0 0 0 87.5332191460435 0 47650.3800097788 10274.3227897826 2335.22510910955 4792.2410028286 3088.06501205976 0 0 0 0 249.638620419931 129.593819343679 0
154.989035199425 128.64594797309 0 69.8600500471143 0 0 0 0 0 2371.35544249997 332.18506563522 0 260.198416934827 37.9405193347032 0 0 0 0 3.65091009727267 1.89528119803774 0
107002.724590715 207682.926286867 48544.6493212225 24756.7617255482 14685.7851668641 745.133271232736 6913.712041848 53.5430732960783 2114.13042064621 600275.633905283 103764.65175765 156876.776571222 28344.33 14469.84 0 0 0 0 2520.54816097969 1308.48128575448 0
17232.3271074211 20993.4175533145 0 688.812524704614 0 59.4696744890207 3488.74464507373 0 0 64838.926162503 148316.937421823 0 17287.232197389 4302.01350866322 0 0 0 0 405.923405839891 210.72526532672 0
1390027.29794038 3850910.94871853 330011.564862782 9825.46988581475 270259.876047156 2751.9109675001 21133.7682386816 24184.1606438978 45167.2326955902 4231632.75460387 352003.277436502 1320452.8174975 144277.838843988 78084.0193896876 0 0 0 0 32743.3788526093 16997.9289125568 0
370934.715322115 669724.727456992 172754.751488061 8194.31296142753 68129.3897527324 1961.9599222084 6117.263123184 0 14041.3789312039 363333.936180302 107186.467871575 433949.749226454 24518.0419830431 19749.8092783654 0 0 0 0 8737.7103538709 4535.96985583461 0
91451.6701302856 43293.7731832334 27487.678619649 28813.5647988772 576.073364453425 104.874933769265 720.549173688511 8909.01740719491 4355.98856865302 221853.641845593 109570.564295225 74138.363141348 19223.5069618957 9541.0463289041 0 0 0 0 2154.22868760685 1118.31543892159 0
326637.991516492 166368.843522086 33980.8397639841 44499.5779950033 4650.26030794955 195.350511646514 6070.413186792 510.357692595548 4907.1100589311 912014.802173927 240304.950788017 312769.287652373 64870.47 27365.688 0 0 0 0 7694.26004778984 3994.288002951 0
10.2556658512718 66.4392175002701 0 37.385455121975 0 0 0 0 0 50.2709880902525 385.04506423466 0 211.576311491161 108.830514604151 0 0 0 0 0.241581696166346 0.125411263037174 0
309971.891958974 416082.876502176 37774.346386401 33811.0134068659 7110.21614296663 415.145159623356 4176.337186944 0 2465.19244462508 774627.37082579 91375.4371702124 186710.814011654 48053.25 18953.676 0 0 0 0 7301.67465567865 3790.48684311188 0
70007.8811391534 44751.2961257856 32988.5243785384 15297.4625661146 5102.13062077614 75.1366015633309 0 878.768195877199 1773.73602723024 153640.753093317 48521.1040755613 232007.96837383 9026.64 7423.164 0 0 0 0 1649.10040126857 856.090372243246 0
599247.233174433 126270.164546323 117688.39733342 32606.8869081151 60294.0445621124 255.273737764896 1927.540240128 0 3646.87497561472 316791.185294924 102250.857049218 738716.21938965 28111.86 13492.332 0 0 0 0 14115.822913177 7327.88621175857 0
81397.1388804469 278173.130695949 92829.1860394107 29717.3222629776 42731.1610743398 243.211892695073 7449.139886328 200.907846023351 3318.60288965657 349457.847424123 331879.571472497 172124.031666993 40030.2 14694.372 0 0 0 0 1917.38490303753 995.363747478501 0
15188.419338489 68163.0592935662 11832.3712398104 8121.0703219387 549.55848098314 0 0 19425.7828672288 112.372613211065 92940.3786773268 77527.1374858535 0 14643.9400293964 10989.5965115773 0 0 0 0 357.777267618653 185.731368435913 0
154742.103667418 81961.1547263234 53093.8143918489 16441.6643091757 18723.8715128545 306.054079243718 1010.662756796 36693.1455749343 2882.1190057915 117269.181202411 95408.0041946663 187629.997816073 11790.2985436047 7177.9584954478 0 0 0 0 3645.09339661136 1892.26159933377 0
203229.894965586 243119.34205079 61347.2805271761 35611.9776470806 17150.2351912492 0 14048.288069544 842.292394721087 10260.8059246088 553184.434474806 156608.038092816 244362.030637905 27380.43 12387.816 0 0 0 0 4787.268174441 2485.19386104862 0
7041.29863042889 11747.7653714073 40.6563895143487 3236.8848539232 726.550138539786 380.600409948522 1132.06892848341 0 0 56695.9511359479 48211.0668280524 510.906634325712 5952.46624157315 3495.77445208312 0 0 0 0 165.864302817729 86.1044194955421 0
16311.3439188339 47902.3429862016 0 2844.93598297401 0 46.2099064499335 1690.16631417298 540.452925441868 0 126620.462934665 88955.3574718624 0 16114.14 7429.968 0 0 0 0 384.228794873992 199.463035590325 0
37367.6928142929 144501.221381587 492.528535095812 2718.67641343574 0 284.762775655199 1572.81929316 0 794.25358463727 357893.115671621 630555.251116603 0 140003.64 57995.028 0 0 0 0 880.230571355871 456.950296605508 0
106162.40458704 211994.715919334 2835.40900888315 18362.1523412603 5023.68658816972 309.603656582781 10708.5568896 0 2361.91038508433 907191.383203136 778956.928421598 11526.0549614628 89500.95 69044.724 0 0 0 0 2500.75364595218 1298.20544461998 0
203745.121173275 236617.896385728 55120.6829413858 16249.6348455631 12910.5803664739 155.361454436522 602.35632504 1817.04658160464 6127.09908148751 483096.270662262 73528.594291845 406326.058301831 19022.85 6166.692 0 0 0 0 4799.40480437492 2491.49429735311 0
362.830746312115 4562.05939437593 0 6.51688497711783 0 6.57632971374489 170.427795487185 0 0 1980.06256885713 29398.065775552 0 3315.289027528 2189.97101839812 0 0 0 0 8.54681386723539 4.43687058681618 0
60028.1541629361 109650.000034598 0 6151.69388137319 0 96.1932144318456 3399.966812448 1125.03807389601 0 215522.246713851 170521.006564401 0 32954.04 13310.892 0 0 0 0 1414.01870056235 734.0534237892 0
1481458.06405631 404768.045990131 684622.440549523 33075.2054009439 142066.228676932 3395.27199057609 0 10947.2129465622 6585.32230339362 710071.279956049 467533.503864373 1756361.35793755 73658.97 44180.64 0 0 0 0 34897.1151268209 18115.9887270382 0
276923.109848782 0 182380.671435839 257.258901449847 2664.84097493725 523.89963865817 386.789252042271 0 429.639118288348 1678.50847767523 180944.941841125 680849.250675987 2548.91368421053 6078.918673287 0 0 0 0 6523.18002118137 3386.35028421984 0
18630.0101626471 21131.3060884224 0 444.428025747835 3349.26910272282 309.532462235662 857.580820909807 0 426.755846318661 119213.885936862 371477.254108874 54187.761955791 167724.27 96970.608 0 0 0 0 438.847123137344 227.816812557639 0
0 8617.148557056 0 0 561.808188735883 0 0 0 0 0 0 0 28531.44 17824.212 0 0 0 0 0 0 0
23354.2518493824 140080.109715187 27373.1806273566 252.667290682527 33875.1566432105 0 487.553912010766 0 242.620260706612 75163.0406443722 161388.442435236 186366.079453757 45218.25 30345.84 0 0 0 0 550.131006244728 285.58713438934 0
3964.30527677649 10289.13260544 0 207.642127486153 1564.81887217346 0 0 0 199.385472366763 36255.6516003572 210586.770459307 0 89121.06 78273.216 0 0 0 0 93.3828779889603 48.4774503221379 0
5805.05525494112 7824.25641497358 5923.34660074114 658.41399685389 4621.27505631808 173.654590809313 481.121900641314 0 231.438864133771 32511.2154514678 196279.673643792 4460.32820947083 56912.2870360715 32349.4911996966 0 0 0 0 136.743446516847 70.9870350770518 0
0 0 0 0 0 0 0 0 0 0 0 0 0 0 0 0 0 0 0 0 0
143457.425886719 510276.67015104 41605.1814872673 1838.24894531322 36972.8788058245 626.957296381799 20999.0447022417 0 3733.18580471449 829765.221809435 810896.004934391 131500.124746215 275885.19 277308.36 0 0 0 0 3379.27237255629 1754.26707864944 0
0 0 0 111.182616793906 837.887085453483 77.4357761892097 214.541105099249 0 106.761565376005 0 0 0 54834.57 27894.132 0 0 0 0 0 0 0
793.187689612856 4844.27939089765 898.445350271722 49.2036028036556 198.393555067958 4.30844627410422 11.9368445748964 0 22.720667692397 1893.92259949797 53838.08104349 0 19321.4524634239 11187.279165875 0 0 0 0 18.684269769883 9.69948430676987 0
21288.2393865551 32937.6040359806 0 247.57683680717 2080.14523409414 194.585867755804 539.113432569218 0 209.611502854922 140333.827647843 229732.642374219 4776.71615368582 90009.238265896 48324.4973063584 0 0 0 0 501.464171510759 260.322930565695 0
5690.92114030928 18124.9501552704 5672.37337103503 243.182212713189 692.92228802341 169.370032293461 469.251238731667 0 233.512346169963 15476.0883565207 303864.410190774 0 76442.94 38841.768 0 0 0 0 134.054911866531 69.5913476902759 0
2082.18676202039 10141.0753058294 1243.72693387042 67.5016361329591 9964.79529324424 0 0 0 28.7834188190137 6308.88300172952 34868.598552898 1757.7546290438 15184.519063666 7584.74831438414 0 0 0 0 49.047835313552 25.4619910097675 0
219988.836090755 14774.551350624 214171.626652153 251.547613907313 90880.2717132306 0 485.393352207128 0 0 24208.5340761527 0 552643.325401021 14934.78 13152.132 0 0 0 0 5182.04053556158 2690.13033266857 0
105935.194871963 0 189166.212150883 0 18283.1794746743 0 0 807.046915045784 113.360787034854 0 20625.4529023989 267668.664206381 3719.52 5577.012 0 0 0 0 2495.40151093238 1295.427013872 0
9263.98671188051 1704.137587776 17892.2655523069 1186.33152586287 468.89282493632 43.3340965374157 120.060073226336 0 0 1577.32658286548 41539.7219004857 47302.7362527454 10154.97 7774.704 0 0 0 0 218.221776681722 113.284528878489 0
91265.0407096874 64773.305105184 20224.2585532132 830.432068104007 8702.38486727513 214.792627019566 595.097638788438 0 296.136982417551 129409.359211615 215695.827600268 85935.559465296 115475.22 44836.092 0 0 0 0 2149.83245896246 1116.03324372369 0
5816.26501585941 4262.54361223416 0 0 0 83.8357234283689 232.272595901525 0 0 17861.8207901565 0 0 26624.267423428 16636.5046211031 0 0 0 0 137.007502804906 71.1241134779566 0
172577.643338441 176529.361969958 42049.4940710325 678.472097813242 21111.2502752037 317.124556509567 26579.1517715094 0 437.223151084662 156269.630731426 410387.753621029 298110.014396005 107820.72 64347.696 0 0 0 0 4065.22603239079 2110.36324085861 0
688.15475062637 25706.754743904 5655.26448507907 149.328846239112 1021.40667456281 104.003624392106 288.149142547354 0 143.39095301051 27226.028408591 0 6735.21115218389 46879.56 28209.384 0 0 0 0 16.2101217309681 8.41509051607631 0
3295.64765337386 1553.65803512708 14488.3783345677 16.6464868420646 300.19927862843 18.79607626586 52.0758126547878 0 24.0633336144705 1279.6295696962 13041.4887868241 45518.8219630728 5161.33381401898 2768.4319801815 0 0 0 0 77.6320291256337 40.3007801471868 0
277383.908477265 0 240364.812599637 0 129304.773684944 0 0 0 0 4000.46597103562 12259.7453031642 636086.808412733 5335.47 10480.428 0 0 0 0 6534.03455913866 3391.98515365122 0
3136.44324703589 0 0 26.4282328494368 199.166701004599 18.4065709462371 50.9966615720926 0 25.3773439633786 6469.32497030333 17089.9455241509 2393.81099549039 8544.69 3923.64 0 0 0 0 73.8818220617484 38.3539513435306 0
272072.955541935 210274.501561862 38510.0284825072 1293.66628296475 45358.6276039852 530.783299319394 14891.5869246 0 1301.93582097135 222105.870711898 720197.791712688 283993.617522868 228421.62 147399.588 0 0 0 0 6408.93014983134 3327.04024171572 0
16642.0734649323 2874.5264216448 9276.64534575723 1073.61073285378 1416.07821361388 110.349790562028 305.731629225241 0 152.14048285033 7726.61427548595 0 0 54902.61 30227.904 0 0 0 0 392.019435274868 203.507357109904 0
52848.2085191163 49583.9730964032 13587.04770448 966.295273804015 5166.27495993868 265.82189821359 736.477718812749 0 366.491605832946 159127.106425023 364346.484298098 26866.7427878793 114840.18 58348.836 0 0 0 0 1244.8884390883 646.253561275345 0
0 0 0 0 0 0 0 0 0 0 231.543689386081 0 111.177076678629 93.4287635536804 0 0 0 0 0 0 0
129688.398505652 0 12094.9454686844 347.555465819848 12892.6036090016 82.7152844859389 229.168343310091 811.88585326965 114.040482149529 22196.8711878605 0 371362.88613082 3356.64 1832.544 0 0 0 0 3054.93019550821 1585.89272444415 0
22282.5694726526 34561.8394924608 53318.5469540248 170.004257036589 1281.1748414513 118.403505680214 328.044996852475 0 163.244229405527 11864.2390798142 102420.163036345 0 47021.31 23997.708 0 0 0 0 524.886536497319 272.482081788226 0
6347.63433767428 12784.2472622592 0 95.9961961645726 723.440186410179 0 0 0 518.88423815872 16824.8168838984 118942.435544833 0 36605.52 20493.648 0 0 0 0 149.524398725309 77.621955622428 0
167497.162920886 62104.561335648 255962.932080576 382.015697915673 78454.6552358393 2731.34724484353 737.148237372498 0 1623.4194147531 81769.5244479682 190638.541505418 524653.778936253 48053.25 23008.86 0 0 0 0 3945.55061643905 2048.23665880716 0
36339.6133463312 0 63435.6015159822 1167.26087087203 0 0 0 0 96.145963494076 18859.3395777394 27716.3860103217 157828.823878311 14600.25 8296.344 0 0 0 0 856.013208459521 444.378441550025 0
0 17919.1675031616 0 184.508575722403 1390.48132892741 0 0 0 177.171800209874 40347.5567935879 156757.425728517 0 106148.07 89175.492 0 0 0 0 0 0 0
68115.7329841585 8924.14403732673 121390.147250803 536.282018537093 1665.02780106459 5252.67193925729 685.354157155996 0 32.1445233406462 6243.99260132255 13871.9403537909 268544.966977834 6480.36398645935 7789.55901612256 0 171628.808392516 0 0 1604.52910113938 832.952265618804 0
21845.0572928363 0 0 40.810287979335 0 28.4232950915596 78.7486797395204 278.98678377959 0 0 0 0 3923.64 959.364 0 0 0 0 514.580532379569 267.13197036098 0
160115.813365137 0 120916.273817112 209.95226520053 26347.3894516826 0 0 1435.27306754599 1118.53508616975 29626.3079912124 26820.0601961179 521372.356999635 4524.66 2642.22 0 0 0 0 3771.6760995101 1957.97393143968 0
65204.1457139836 0 37434.7609227297 1467.99869417562 9555.87228453982 68.3019579305218 189.235237973872 0 0 9761.13696932692 0 146151.343456838 9383.85 13027.392 0 0 0 0 1535.9439696164 797.34796236917 0
218597.695668153 31317.547367808 192751.301435291 927.033349495698 56633.7316031492 0 463.949175305496 1643.65534360463 0 14150.2196346917 26710.5092632708 482813.635607941 6435.45 8108.1 0 0 0 0 5149.27093602783 2673.11879192702 0
84971.98416258 0 64203.9460307318 62.4509373761346 26554.5307252839 43.4954397451256 120.507085599503 426.926322387404 0 0 99081.6538608418 217023.291469354 1060.29 784.728 0 0 0 0 2001.59369058133 1039.07869183184 0
145982.241937294 31558.698913248 72497.0896595662 3567.46837420191 7726.3286490629 468.240397552961 1297.29199198138 0 645.568240872147 170351.270949471 700538.378854486 240845.415965526 198024.75 76452.012 0 0 0 0 3438.7467502175 1785.14175557738 0
22079.3858501617 31349.7009072 16267.9582886699 661.249583621018 11002.5926983906 175.29043166526 485.654109424808 0 241.674866592564 73471.4150337629 291325.807967635 41638.7796846807 66044.16 35428.428 0 0 0 0 520.100358313823 269.997453769471 0
94375.9747720018 74740.902316704 17245.2385925179 0 6004.64555841984 214.496831138765 594.278116104298 0 295.729165348746 72031.24728419 370172.602090422 129206.190117966 93084.39 64887.48 0 0 0 0 2223.11338858073 1154.07525636704 0
25569.1016437476 0 9547.27681451513 29.9931807429329 226.032625610528 20.8894636426615 57.8756853147124 0 28.8005357227435 0 0 65294.9805385008 1479.87 612.36 0 0 0 0 602.303842005563 312.671393390867 0
119474.34297211 0 79797.3994518652 97.7658002633296 5290.88657423536 68.0913154093449 188.651638486682 668.345349410802 93.8782534296593 0 28951.3237987801 237485.059480605 3668.49 3263.652 0 0 0 0 2814.32866886774 1460.99029258162 0
16.0364805202189 53.4043979078594 0 0 0 0 0 0 0 2225.04912655789 874.165202920567 0 266.38904629555 199.615948055644 0 0 0 0 0.377754133256266 0.196101872455438 0
1755.09123252424 0 3853.12849771798 251.277347099503 1893.65972912797 175.008081051768 484.871837771767 0 990.444187557378 22905.5251598726 204153.142948467 0 110837.16 37871.064 0 0 0 0 41.3427975354043 21.4621080101826 0
57537.4492314664 0 91052.9726065285 7319.9423691828 670.484248378276 0 0 608.210544392402 0 0 20834.5955923798 190340.192324467 6469.47 2642.22 0 0 0 0 1355.34784186626 703.595874192867 0
80934.7886333968 0 153821.465205544 248.125454663852 11464.5755222934 0 0 42511.5435924817 835.912830415799 2194.5413326824 301607.298711607 490408.851785888 893.883256840248 2239.96627890556 0 0 0 0 1906.49381526955 989.70990410168 0
267337.442354974 572.3330011776 324253.828050425 207.963873685927 55751.2362363269 144.841382965788 401.292940999973 1427.3417044477 0 10652.6693857292 12140.2351946037 641707.270433774 2880.36 630.504 0 0 0 0 6297.38075610939 3269.13208650488 0
11538.8061479291 16732.2639716514 0 217.687401338875 4417.82028296163 155.419525523359 430.600407211115 0 100.603302944447 40293.5769166197 183392.623770788 16162.1927746666 40567.2789808563 15563.7621870713 0 0 0 0 271.807252827538 141.102125784787 0
112452.198331451 89116.7497788672 25055.7042569584 4580.59061460364 13527.9185605797 249.602424082976 691.540558299137 0 344.129636560128 48028.4514579763 308316.161734652 114859.433236514 101028.06 60045.3 0 0 0 0 2648.91555599751 1375.12009737575 0
57993.9449906103 65541.7746966528 875.145439201823 0 14561.5821152372 148.695692927746 0 0 592.92224332976 132312.55451631 261727.137747486 17285.0551693215 68572.98 40762.764 0 0 0 0 1366.1010217559 709.178126048143 0
9813.91727552762 51095.1894478272 21283.9725803036 137.141100191673 10060.4471817738 95.5151789642573 264.631324914643 0 131.6878389451 40187.5381547464 124350.267957196 50669.5363742628 33458.67 18001.116 0 0 0 0 231.175899823625 120.009346902974 0
8702.72105877931 23576.6056344966 4393.08384298945 553.229064183568 5284.20100327458 153.172966941696 424.376163269883 0 207.120093819445 41444.8274599291 213264.069056961 0 70985.400067517 33916.206512332 0 0 0 0 205.000645022163 106.421099874893 0
55302.3388499273 0 156506.945841684 96.2441100785038 592.210924500003 0 0 0 0 235.129428501686 0 153638.665606838 4386.2065116279 5449.52930232558 0 7257.63615204509 0 0 1302.69774923241 676.263858891143 0
19314.0122552955 45339.7058966592 17489.9475067971 1009.0774859921 8749.75228380027 99.8311097704969 276.58890589685 0 137.638260721757 25854.4400756645 0 38365.4122938082 22430.52 11237.94 0 0 0 0 454.959425168212 236.181122355083 0
6193.68937406433 11408.0757762816 1219.91541376889 230.479672746111 1736.92567077714 0 0 0 221.31490838479 113110.317855339 287969.565752228 9304.61124492093 85617 39386.088 0 0 0 0 145.898082700148 75.7394418388748 0
233597.392902818 9363.1106709504 189961.51612229 195.023241531017 75189.013815927 0 0 1333.21546136992 0 10858.4076356681 0 497719.377964114 6407.1 2138.724 0 0 0 0 5502.60267991289 2856.54237481817 0
0 482.634144052634 0 0 0 0 0 0 0 7525.87660801077 15991.6888368623 0 4856.85395239693 3977.46375326852 0 0 0 0 0 0 0
27519.071182807 67683.20042016 4995.79469914027 0 7552.2809517174 1726.97684778435 790.193705654938 0 1142.3807618733 144382.531846063 418135.992326035 6268.04749895901 159100.2 134610.336 0 0 0 0 648.237178324263 336.516567982541 0
278083.631346543 1143698.1808195 20137.6772212542 570.568971962617 57311.1285097193 664.075197666614 10092.1473299707 0 9775.91362629547 756865.301914391 821751.506461969 329445.419163353 251390.79 139148.604 0 0 0 0 6550.51717860563 3400.54170474063 0
113344.426559849 152912.587286534 14827.7011618318 5842.4003049875 43791.789765206 0 873.213836960273 0 5392.00235724446 223866.075739154 443631.482152274 117852.502435451 119353.5 77182.308 0 0 0 0 2669.93281727628 1386.03069749315 0
38171.825369874 35224.202403936 14139.7165659664 1091.75721852104 24117.8629624469 122.988341832636 340.747598456627 0 169.565393972007 22745.5065210311 153610.326203091 55816.391105482 37365.3 22344.336 0 0 0 0 899.172657568224 466.783620049078 0
24047.1524948408 5941.9740796416 5011.3482318275 92.8173437108054 9701.34523298603 64.6448452224309 179.102957515429 0 0 16939.1159116423 76237.4900858829 34573.3321569412 22884.12 7947.072 0 0 0 0 566.45292191867 294.060260012423 0
38621.7918291962 0 89290.4087003667 117.023114685303 0 4821.90921230441 337.211233904464 853.324760604932 1330.72995910454 7269.41816451045 0 198750.211616399 1086.96925582004 391.031112477112 0 72375.0595466172 0 0 909.77203376061 472.286028454961 0
9164.32292041049 2118.9182459328 1868.49772682664 151.45237115762 1141.36534571323 105.482603796113 292.246755968048 0 145.430038354536 45148.1159588306 132417.200285029 0 68743.08 21924.756 0 0 0 0 215.874103879305 112.065791631334 0
235104.807748802 0 298709.224415999 297.93698099073 141317.333303142 5291.81841571834 574.907579933745 329.670040415128 286.08985281335 13304.4068293871 0 709726.29834332 9310.14 17313.912 0 0 0 0 5538.11123104945 2874.9757756814 0
0 0 0 2.15569953848584 16.2456403302996 0 0 14.7367664090449 0 0 4135.66084420883 0 300.51 260.82 0 0 0 0 0 0 0
0 0 0 0 0 0 0 0 0 0 0 0 0 0 0 0 0 0 0 0 0
0 0 0 0 0 0 0 0 0 0 0 0 0 0 0 0 0 0 0 0 0
0 0 0 0 0 0 0 0 0 0 0 0 0 0 0 0 0 0 0 0 0
43119.6169663359 2050.00316538459 99239.036049359 9.69607757934672 0 0 0 717.948347706672 32.654789535355 3564.71357145986 0 177707.245632363 1518.8838207368 359.348363083934 0 0 0 0 1015.72246559484 527.287618751421 0
0 0 0 0 0 0 0 0 0 0 0 0 0 0 0 0 0 0 0 0 0
0 0 0 0 0 0 0 0 0 0 0 0 0 0 0 0 0 0 0 0 0
0 0 0 0 0 0 0 0 0 0 0 0 0 0 0 0 0 0 0 0 0
0 0 0 0 0 0 0 0 0 0 0 0 0 0 0 0 0 0 0 0 0
0 0 0 0 0 0 0 0 0 0 0 0 0 0 0 0 0 0 0 0 0
0 0 0 0 0 0 0 0 0 0 0 0 0 0 0 0 0 0 0 0 0
0 0 0 0 0 0 0 0 0 0 0 0 0 0 0 0 0 0 0 0 0
0 0 0 0 0 0 0 0 0 0 0 0 0 0 0 0 0 0 0 0 0
0 0 0 0 0 0 0 0 0 0 0 0 0 0 0 0 0 0 0 0 0
0 0 0 0 0 0 0 0 0 0 0 0 0 0 0 0 0 0 0 0 0
0 0 0 0 0 0 0 0 0 0 0 0 0 0 0 0 0 0 0 0 0
0 0 0 0 0 0 0 0 0 0 0 0 0 0 0 0 0 0 0 0 0
0 0 0 0 0 0 0 0 0 0 0 0 0 0 0 0 0 0 0 0 0
0 0 0 0 0 0 0 0 0 0 0 0 0 0 0 0 0 0 0 0 0
0 0 0 0 0 0 0 0 0 0 0 0 0 0 0 0 0 0 0 0 0
0 0 0 0 0 0 0 0 0 0 0 0 0 0 0 0 0 0 0 0 0
0 0 0 0 0 0 0 0 0 0 0 0 0 0 0 0 0 0 0 0 0
0 0 0 0 0 0 0 0 0 0 0 0 0 0 0 0 0 0 0 0 0
0 0 0 0 0 0 0 0 0 0 0 0 0 0 0 0 0 0 0 0 0
61380.6430593493 0 106101.673217886 0 2056.91629083529 135.179315093709 374.523522252821 2077.61532694683 0 0 199090.671308667 228197.526177185 1703.22530050688 1939.47913251267 0 73301.1004707046 0 0 1445.87782764196 750.5923148961 0
10715.6309895642 0 30329.8861322584 0 771.805316627348 0 0 707.490738944863 6.70510804654732 0 2883.71899743176 17587.3927902808 234.08 111.587 0 0 0 0 252.416600491187 131.035940145698 0
0 0 0 0 0 0 0 0 0 0 0 0 0 0 0 0 0 0 0 0 0
0 0 0 0 0 0 0 0 0 0 0 0 0 0 0 0 0 0 0 0 0
0 0 0 0 0 0 0 0 0 0 0 0 0 0 0 0 0 0 0 0 0
78753.0822222213 66972.6071995968 28330.7597898008 896.245221800685 13261.5356998537 0 689.640963414545 0 144.340833198182 261287.577422498 230056.958978954 67746.784263357 57709.26 37422 0 0 0 0 1855.10170255914 963.03093848699 0
12214.7468236181 24015.4785718848 178.53458640865 0 61.9910679234238 0 13017.58946892 0 87.967904919772 0 227188.716373502 1257.90652560222 68102.37 112420.224 0 0 0 0 287.729660724683 149.367856660355 0
9923.07285666146 29613.409780032 2078.98886919391 853.028859072823 1566.42927610952 0 0 0 150.338644897257 67756.4636465691 427666.923483734 2149.78363573542 94796.73 86896.152 0 0 0 0 233.747160511985 121.344154364145 0
106610.298411802 124775.024964595 0 0 6778.0546923988 0 17990.375574528 0 1196.18250428498 82546.7578366265 256309.34615941 31011.6120283885 96707.52 99342.936 0 0 0 0 2511.30419932017 1303.6825078438 0
327892.390844251 155311.241325178 97362.5223666506 2203.18711945961 9243.32184212359 0 724.992032821349 0 151.739759716932 225009.066016592 162195.13566802 524516.851658584 32903.01 33505.164 0 0 0 0 7723.80858434168 4009.62740717191 0
18931.0778660461 13652.3928258432 167.034742206496 617.739773110021 1266.54427645788 0 2911.38890436 0 1362.41734710578 55617.9069001696 159625.668333969 1176.88172611499 53468.1 46496.268 0 0 0 0 445.939051394644 231.498414658421 0
569.961351434801 1983.08459995648 818.760770965101 0 0 0 3308.48080194687 0 0 678.722300864248 14603.3033184359 0 6820.84772166208 11704.8615287426 0 0 0 0 13.4259668777925 6.96976422617642 0
2644.35327665263 5723.330011776 2695.42721469802 409.5668363098 1291.87516198704 0 147.166688325777 0 30.8017701077176 19705.152383044 60183.298835923 440.453227275724 16068.78 8373.456 0 0 0 0 62.290187599819 32.3364361856984 0
32783.4550250987 51445.6630272 0 126.937989269374 92.8468585317237 0 2222.025554592 0 131.753555746247 172088.616171178 226372.063965006 24405.2736081288 110689.74 168464.772 0 0 0 0 772.244609566171 400.892010430525 0
414.1289238106 436.059192319624 0 93.7894227355187 0 0 0 0 0 1666.88731282205 14.7466340851907 57.059141162823 125.843518546997 142.378931226781 0 0 0 0 9.75518989177109 5.06416961594674 0
28.7740250327471 0 0 59.2191763320709 0 0 0 0 0 0 0 0 10.49453125 14.266875 0 0 0 0 0.67779877715906 0.351862753170004 0
