34624571.1663596 11293398.8285288 15885307.2305176 0 4313965.59744916 0 0 0 14204.9313075887 2411569.31782458 2608817.17879271 15399818.7054715 293600.374725053 161939.104525275 0 0 0 162213.864510654 29493.4299110279 2406780.14533673
7589300.42523094 1576460.93044264 3556030.93986882 0 1682352.00524171 14766.0742433146 0 0 1698.41849206108 0 1873731.88626004 4125496.42185517 51562.6561909205 47308.3116207125 0 0 0 35555.3790108788 6464.61436561432 527538.016071895
126575472.249323 15034853.8181564 21625187.0065145 0 5877033.92058566 139234.228785754 0 18619427.9683417 212802.622342096 0 4845876.93886861 26483552.5699799 552425.139079536 194941.276712958 0 0 0 592997.857133676 107817.792206123 8798356.86722589
0 0 0 0 0 0 0 0 0 0 0 0 0 0 0 0 0 0 0 0
1242447.90714489 2493000 158258.422532298 0 316462.586218909 14756.6635331328 228669.175673002 0 47377.3758260142 1833000 12646000 0 343602 1025136 0 0 0 5820.78765691575 1058.32502853014 86363.4942990083
7729059.60498149 448000 1890800.32767522 12310.0050525971 307296.384031213 19322.3721557329 24445.4147365056 0 350722.168669117 1062000 6825000 2671859.39358312 198223.2 497485.8 0 0 0 36210.1416804076 6583.66212371047 537252.782424842
45479531.8291056 19408000 5697412.07336224 141652.015668857 2507990.48979307 60238.7368411988 0 0 699802.123792489 5159000 19106000 8428955.16782469 625514.4 1389717 0 0 0 213068.649390299 38739.7544345997 3161316.67594051
4483372.78273195 0 2522854.25800886 1876.27316838109 243568.417752386 17009.3635916806 21519.1459957097 0 62766.7140825036 0 0 755503.664573791 333396 266943.6 0 0 0 21004.3099634235 3818.96544789518 311642.635103771
74912904.0599689 24375000 38020340.9019778 13975.1305923835 12165575.1410855 668106.076000813 160282.031739596 0 0 7139000 5797000 30409267.439044 590587.2 194367.6 0 0 0 350962.084437017 63811.2880794576 5207252.65461838
53632304.6461523 88528000 14002754.2136475 67703.0319854415 4741060.23131053 122012.384273471 0 0 382061.572851047 9604000 45214000 13224253.409428 665884.8 2056622.4 0 0 0 251263.859918002 45684.3381669094 3728022.08439834
55756001.8253563 45256274.0804669 12617904.8068117 0 2923869.81684752 70462.3579407745 89144.4150486092 4195275.7412939 318786.831944727 8958779.8454051 10290072.4998025 16274843.0410481 561991.890459558 946962.916125648 0 0 0 261213.243112782 47493.3169295968 3875641.88251968
6368783.53020892 1323000 4844068.50698215 4009.74676906943 393384.658259597 35034.5116192104 44323.3967196115 0 0 864000 6782000 3952677.60187461 671781.6 540237.6 0 0 0 29837.3367197319 5424.97031267854 442698.963022739
81698477.972221 0 27278308.9345929 12379.0461591027 3322606.77210339 3044020.52428368 141976.395588073 0 0 0 2302000 29238155.112305 278510.4 128595.6 0 0 0 382752.056995537 69591.2830900976 5678923.03252014
40800799.1841362 216377000 27326752.6133732 128003.454551063 6339637.183864 169881.964887683 1100000 0 100157.488315383 16602000 79647000 16423414.0818698 1762236 3243807 0 0 0 191149.091175234 34754.380213679 2836094.42896603
1434609.80045291 5926845.20684683 16740.0870272522 160471.073479144 0 0 0 0 7084.83763082878 3080316.86746988 8775395.69943418 0 0 918633.433381676 0 0 0 6721.05363206412 1222.00975128439 99720.8129292356
50591201.4567764 40264000 4377512.33544798 17581.1973720737 1443861.91040201 58183.5175751851 233610.020886186 0 0 9069000 19603000 8705628.44786998 910375.2 1397995.2 0 0 0 237016.489218329 43093.9071306052 3516632.70022536
9639080.41294106 13288000 2997792.81890501 2437.30284699671 936868.598899185 22095.3808892209 27953.645921151 0 70938.8787009437 960000 7477000 2112743.13691871 408920.4 566092.8 0 0 0 45158.4649698498 8210.62999451814 670019.774272628
96924462.2864773 67788000 29164918.0675871 13226.004006871 6118777.43328921 119900.4040611 151690.231443895 7274334.25557818 218349.928876245 8734000 3489000 20325144.1743755 657039.6 323530.2 0 0 0 454084.803464142 82560.8733571168 6737292.72509166
21843749.6271039 9042000 6652732.30512986 0 154192.503309413 57426.7049570903 72652.5505415497 0 0 1422000 15407000 7594199.8220103 750254.4 1090227.6 0 0 0 102336.546650383 18606.6448455242 1518375.56773264
4948763.03218345 1746000 1289908.20195027 0 298652.720685571 20547.4625812738 25995.3198568863 0 31116.6429587482 331000 4191000 1669565.12272852 405518.4 663503.4 0 0 0 23184.6330208959 4215.38782198107 343992.263546288
112716417.967296 25220000 45567702.7626505 15696.8303664006 5974143.03629903 0 180028.361550314 8633294.74110161 28373.2981101402 1873000 4668000 33828139.2456394 1289358 304365.6 0 0 0 528069.088983768 96012.5616334124 7835003.51567494
9624614.49934031 3027000 7666756.47798126 322753.770704173 1538267.26119975 0 59533.7107726135 0 47678.3174151595 1722000 6503000 5118074.66313953 606463.2 586504.8 0 0 0 45090.6931052516 8198.30783731848 669014.237670567
36752584.2920027 1450000 7581354.08246856 0 610281.822615481 0 52948.1100584092 2539136.81256705 134368.145302852 858000 2525000 14365673.5712517 480362.4 169646.4 0 0 0 172183.467633865 31306.085024339 2554699.94816133
63195313.961569 13997000 22802847.8351391 11566.5772184695 3475797.7426322 674151.595204227 130316.202047295 6249338.56047349 0 452000 -452000 22901232.0479429 480816 281572.2 0 0 0 296065.936742344 53830.1703167898 4392754.09911213
22150555.047787 158963000 11382686.0114795 140788.377903211 4074082.9443322 287035.155456208 4740000 0 0 17664000 31672000 8302293.9986991 1454695.2 2217990.6 0 0 0 103773.910096784 18867.9836539607 1539701.8447119
32531918.9028777 0 3334068.15318 0 452083.188183655 14529.5671611461 77417.4615535307 3712569.27488471 70412.5177809388 1134000 3801000 11676260.1479982 410281.2 355735.8 0 0 0 152409.924727389 27710.8954049798 2261318.30280176
39008858.4759162 343688.549730705 9756210.69304803 0 370260.740586536 0 89120.6195629949 1138905.08322796 201697.436691785 510904.255319149 -510904.255319149 14758963.3439409 203148.883025575 89645.516243705 0 0 0 182753.965475115 33227.9937227482 2711535.2742131
0 0 0 0 0 0 0 0 0 0 0 0 0 0 0 0 0 0 0 0
799678.115474761 7767245.17515886 0 41261.3740992314 1190.36301636116 1295.04176162079 0 877058.385228988 1208.09258478299 748168.325683972 2938385.58647054 10935.6096156932 90814.9820852971 149089.142968381 0 0 0 3746.43997329242 681.170904234986 55586.2309958339
2107124.86012583 87050564.0192095 0 31372.0328199728 20926.4763750783 0 0 0 0 7530265.32663317 25615278.4392547 173318.333419942 585259.05979517 1555359.86039651 0 0 0 9871.74295748597 1794.86235590654 146467.843680431
5503619.92665621 29850529.7589987 0 313198.92113822 11348.1857329792 4570.15179664676 51827.9067289249 0 69147.9875466121 3685025.58184266 15332720.5343403 0 739286.963409002 940873.508188116 0 0 0 25784.1014928766 4688.0184532503 382560.786191781
12544902.0980875 174682177.323174 0 658277.042657537 152037.03058594 12037.7545683386 0 14059858.7823152 25909.3680146312 23353857.8717439 65030576.2993015 359066.098286536 1699932.10570859 3562112.95975077 0 0 0 58772.0506186572 10685.8273852104 872005.638706792
10654066.1064296 128499122.032903 75298.9902918718 394749.341166395 207423.91674436 7507.44775458247 688818.375990545 9964261.59254057 43771.5127807705 15512736.505133 25950226.179094 401043.827506785 878631.771080329 2155892.61264732 0 0 0 49913.6069461284 9075.20126293244 740572.197959033
739350.272722746 37897514.314584 0 33625.5914007829 0 3899.87870147584 137930.363689596 0 6609.17966548125 6174198.51668727 14949003.7863004 99138.7215921395 552860.391472628 1423347.39848763 0 0 0 3463.80795271442 629.783264129894 51392.7969905742
4558101.11450442 41829540.1564871 9721.03552954148 761384.682380446 0 1109.65253355155 12584.0389049271 0 19623.0413223861 13081151.1122631 -1226036.16109856 303355.012363586 262652.403947482 503699.222747655 0 0 0 21354.4073386951 3882.61951612638 316837.057999003
1191469.4165579 3732230.35800472 104969.602178997 701545.860280774 592600.29995563 0 0 0 0 335776.607322808 2465627.31906098 40979.7899537821 17872.9211579591 17216.1673505818 0 0 0 5581.95674330517 1014.90122605548 82819.9408382446
16361881.9497901 94282657.8634377 187766.778062787 584313.15146105 554272.856187286 2595.69762752504 0 0 1900.12643633641 21840887.7429835 31864117.3684457 868503.700174768 688250.321669101 1203260.19750186 0 0 0 76654.353031273 13937.1550965951 1137326.79685455
3912392.83384284 13962897.2351117 31877.2027242521 289761.030964123 13215.9870758726 0 0 0 29550.4408560958 3927166.51808359 -1572835.87416166 328114.326842199 102626.321011677 159278.884584836 0 0 0 18329.3060298763 3332.60109634115 271953.386744016
6717761.17005763 27893751.8512805 123003.017794629 141710.684053011 22567.7160977931 0 0 0 3441.90781076116 3788917.36831387 4153693.45890692 92316.5293407328 68971.3798261786 54607.6038188043 0 0 0 31472.2742707468 5722.23168559032 466956.662871753
113835.486434617 377089.793986293 893.04954400472 4852.00698998708 0 0 0 349609.752914497 0 86288.7497748153 2881.96414818044 1139.34583307025 191.482321616017 289.135789446734 0 0 0 533.311851987648 96.9657912704814 7912.79081173936
12514275.7255355 123023719.556111 128740.607233349 841663.010135804 172566.965689165 12239.7279870465 604000 0 52838.6404738955 42945070.8503155 45661634.6074018 407203.878216665 1755370.00566922 3449335.43319335 0 0 0 58628.5680546788 10659.7396463052 869876.776372941
104051.766992592 756084.938433628 0 2995.98233746127 0 0 0 0 0 188033.490705223 2414617.91633926 212.797265679768 50651.326161585 142096.329594493 0 0 0 487.475762571444 88.6319568311717 7232.71706909357
2531991.88356437 12341578.4375072 246555.509660918 750510.751013681 12121.8354797847 0 0 0 0 958452.972632903 4458584.02835265 112020.058550575 147483.092827253 183415.427064301 0 0 0 11862.2173360413 2156.76678837114 176000.672015173
38529503.5774247 276507014.500424 565842.020366685 6523373.64004466 531373.401609447 20937.415310771 767857.142857143 0 372673.997745789 49631512.4666589 92495286.2150268 1588697.06071743 3403657.47945112 4641779.35133727 0 0 0 180508.218944918 32819.6761718032 2678214.95244749
9324724.86835614 79002242.2907489 0 444822.174212545 86872.0824914652 7470.37903861563 350717.997403755 0 0 10108671.3975951 28892190.147153 222821.199852468 1064048.73631559 1700369.37950113 0 0 0 43685.729683903 7942.85994252782 648168.68246709
1009917.67862837 5935634.02727761 552950.557501203 340269.347028161 0 17775.9415684647 127646.272130631 0 0 380186.457978904 3598658.28145961 20454.7441796697 63177.4554779622 84949.3541385232 0 0 0 4731.39865619775 860.254301126863 70200.1421380461
423285.880687781 1704789.50923008 36427.6505301297 21082.8532085049 0 0 0 0 1118.16577231986 141058.804168952 3075018.14786374 22326.439047022 38699.5831319809 35178.9745384089 0 0 0 1983.06682757913 360.557605014387 29422.9219055434
41790903.9345277 93590000 12125207.8587622 239705.746275562 1763459.72967324 206004.877057509 739000 0 247637.675269254 14772000 51256000 14733954.3921815 2370740.4 1324625.4 0 0 0 195787.667550945 35597.7577365354 2904917.35946809
47511662.7370285 245857819.054116 1622781.59249069 1953363.56065513 1038284.67916115 70197.6426101094 1800000 0 220331.233489128 45220000 46022551.6288963 4257981.64039005 2500908.00451229 3367392.00117858 0 0 0 222589.050558068 40470.7364651032 3302571.63324857
17978923.7276664 43381816.5453257 1332680.5710715 68405.6916145416 998274.323177933 0 97175.3246753247 0 31953.426607731 5390399.25885486 2066282.31438448 3102267.93091054 167403.477591992 271059.019979277 0 0 0 84230.0886152374 15314.5615664068 1249728.59459737
34687760.2011538 256671000 1029128.8030329 375173.498658277 927462.899742214 8792.8964731182 334000 0 45341.3940256046 20161000 16232000 5198306.10417568 534114 770666.4 0 0 0 162509.901029905 29547.2547327101 2411172.46296617
19877165.6963928 195917000 394952.059808892 582970.913913821 27237.3371420609 20810.053734403 856000 0 46713.0664499086 30925000 87174000 676170.336683568 3349382.4 3631861.8 0 0 0 93123.2288087712 16931.4961470493 1381676.83041594
10312478.7482439 18523728.4786447 1777648.12213936 2102082.81488719 37553.1023364489 4882.76986590322 0 3300760.71020089 69375.5863186288 10527456.9459583 5852108.28612551 996007.375399889 464745.67689282 344472.853191232 0 0 0 48313.292384164 8784.23497893892 716828.20218131
328139.899131792 2395514.01869159 0 0 0 0 0 0 0 0 0 0 55283.8608 88250.2614 0 0 0 1537.31409069464 279.511652853572 22809.2527219661
0 0 0 0 0 0 0 0 0 0 0 0 8.21893825301205 2.44967055722892 0 0 0 0 0 0
36768990.9989911 139785000 5024534.81821373 1190786.83569292 519947.920295409 12228.256054522 339000 0 91470.2296281244 29075000 26264000 7767590.09027398 1627290 1621166.4 0 0 0 172260.331989287 31320.0603616885 2555840.39078054
40812038.118061 100165328.799232 4815865.98394847 12996.4953271028 1811429.55164891 270323.762884586 0 0 143681.541750211 18346325.133786 -5391879.48756978 7127515.44891708 706929.316001793 693809.301501569 0 0 0 191201.74484988 34763.953609069 2836875.65576867
6976011.20699179 13391377.2592084 103891.259442797 581912.062055557 30592.8866704489 4467.48593919746 0 0 16470.6508450381 10035421.615145 17776075.7977252 0 607304.085415544 498892.286665948 0 0 0 32682.1589015147 5942.21070936631 484907.818380344
13344755.2762435 55406000 1152224.73512466 143980.753215508 110930.641677698 5060.692522744 0 991993.554033279 91775.0457224141 7667000 7998000 3042181.38075371 1175277.6 459383.4 0 0 0 62519.310749228 11367.1474089505 927604.038442084
50892624.6772401 32936000 7493257.34751808 856358.533049567 182409.600780325 281837.775710486 899432.649688581 0 163102.011786222 12186000 13183000 9156154.66052684 1209978 614628 0 0 0 238428.63740667 43350.6613466673 3537584.85639417
51008512.0514802 287936000 13044385.8402937 858594.737978471 3151997.84017279 198511.481406218 2905000 0 67592.9689087584 34752000 33366000 15458269.0365968 1774483.2 1380304.8 0 0 0 238971.562219605 43449.3749490192 3545640.27548012
37834186.4461235 61817000 5340480.13673092 678618.796459085 1515340.86950463 0 102000 1843152.2961006 180374.923795976 12068000 25381000 11024393.2973544 885427.2 840634.2 0 0 0 177250.703396583 32227.4006175606 2629882.93244101
507939.747345447 2491018.8003581 7214.60899613889 28194.7910623735 0 1938.07715216845 70106.6993581207 0 0 1349245.31981279 2271018.88957237 0 87565.3359437702 87083.3714643578 0 0 0 2379.66468839686 432.666306981248 35307.2762422003
40972249.272165 641353000 15586617.5698147 527898.584250949 7989793.07461855 73105.0599471652 4880000 0 86618.5734606787 43735000 66727000 15984998.788908 2659683.6 2522583 0 0 0 191952.3236894 34900.4224889817 2848012.05433679
7621915.80507552 68432000 936704.795652044 407775.824311403 1117296.90657006 7442.11972957273 0 0 71758.788864052 11628000 40458000 443150.798640311 1398448.8 1070949.6 0 0 0 35708.1799446911 6492.39635358021 529805.135807917
24948638.891942 180465000 1907320.1664503 664245.396502267 368324.566292761 54059.7010340967 1529000 0 73308.2706766917 22439000 24266000 3144756.78823853 2135548.8 1696350.6 0 0 0 116882.750966016 21251.4092665484 1734198.77028372
2377886.10025739 3585806.27079902 52627.6368614245 257130.59661599 54185.7979634874 11856.6003454315 0 0 745.040876619824 2505683.72156568 912789.625021875 404623.29039627 329845.906157656 254592.435650514 0 0 0 11140.241761714 2025.49850212982 165288.662391639
25550.3820328412 44153.9122374698 62.0619790693777 6073.77404050634 0 0 0 0 0 28862.6234703166 1091.58265781714 2289.42036392088 6327.20564826701 4277.02875481386 0 0 0 119.701878453807 21.7639779006921 1776.02639140141
20320306.8505137 91140000 1214575.5598919 785894.94463465 710587.507838083 8386.31480275412 1210000 0 61623.6537289169 18476000 16777000 7179298.76414188 985219.2 897107.4 0 0 0 95199.3163013291 17308.9666002417 1412479.90740411
1941530.36322984 10682452.1271296 0 0 0 3034.45642598892 109766.38578815 0 10953.1635243068 3594457.10857828 11669292.7638681 0 425030.095025234 466445.241240086 0 0 0 9095.94350702826 1653.80791036877 134957.244880769
321343617.446421 1493053343.80722 23991349.6723812 338067.918941427 12993797.0282656 138070.730477154 1641000 5582293.07157529 2147113.37057761 160126699.053571 52389878.7120568 41638200.4083185 3265489.55376641 5330683.73519872 0 0 0 1505473.95291532 273722.536893694 22336838.0386513
54119103.0221882 232413922.76299 7254552.97129865 176552.234662719 3244533.71307374 0 469437.5 0 269700.261343715 13746903.6451302 20028411.2868366 14629272.5839692 895175.63610531 1091894.19836352 0 0 0 253544.478656495 46098.9961193627 3761859.80792121
19939156.522522 19241083.4589663 1862168.25038987 624112.902340448 0 4931.91799998308 586800 3764821.14831581 117327.919052057 4093081.80159955 11450478.9014695 2766731.9880239 532423.806286379 475122.08661234 0 0 0 93413.6517983384 16984.3003269706 1385985.85965427
40071721.1402942 56544000 2151089.84669481 1150442.61435489 43719.0831185118 0 2145000 0 211770.981507824 21849000 24085000 6887411.99171559 1454241.6 1242637.2 0 0 0 187733.407946892 34133.346899435 2785415.66237889
944.080677696933 19940.4374127501 0 0 0 0 0 0 0 3069.74358974359 30317.1834687594 0 2537.65371259795 4569.70482817344 0 0 0 4.42295658777275 0.804173925049591 65.6237623784534
33564581.0505429 155610000 1889711.70568016 806730.205730853 277990.663972689 8341.45453465529 896000 0 55933.7533021744 29483000 8173000 7818973.04844096 1242410.4 1212246 0 0 0 157247.879742104 28590.5235894734 2333099.43019536
11798283.0853318 16467000 1683445.05316558 547068.258227692 146267.330871595 4872.30778930366 668000 955066.504936495 17145.9053038 4845000 7601000 4044557.29825793 860932.8 316839.6 0 0 0 55274.1890915258 10049.8525620956 820107.586095611
79146754.8392223 53043000 5630978.91611351 728956.540513864 1967184.56071901 853343.224948796 560000 0 79684.0073155863 10008000 14446000 18333836.8210061 1430881.2 790284.6 0 0 0 370797.400038887 67417.7090979794 5501550.82642436
30219913.7655231 122490000 5185759.73568258 1262638.41337405 2295883.26482269 13096.6429531313 0 0 22988.2137776875 21989000 42209000 8600086.54544861 1436324.4 1164618 0 0 0 141578.330993077 25741.514726014 2100609.07599961
1546429.71043193 23830151.9908374 200099.396116068 206648.483794351 6347.12599464904 0 0 0 5440.09043314875 5287307.90762771 7697708.15076645 28003.9291505823 323178.214870562 457848.789702714 0 0 0 7244.92263941674 1317.25866171213 107493.499496177
27914558.5855718 32390614.6555383 3039252.92322116 987307.733066885 500240.222717666 43795.4158462325 194647.748488509 19822010.1423375 161176.113647597 10482991.2481767 7885181.99830423 4815375.59388634 669487.631227026 341339.061613863 0 0 0 130777.891876797 23777.7985230541 1940362.09276919
21941329.5173264 83106000 1976093.86098841 773989.081151106 373593.499616805 43385.4907539118 947000 0 167394.83844747 17717000 12585000 6559573.47790234 892911.6 922622.4 0 0 0 102793.70209111 18689.7640165654 1525158.41974958
684714.945192892 3344491.42426287 5245.61738095 143613.330905243 20244.8302733257 294.989061068913 6517.24137931034 0 1348.76446629756 2665063.29113924 5836975.39465437 38778.0266221306 182084.353036422 219193.576354453 0 0 0 3207.84499580612 583.244544692023 47595.0540264511
3359133.19862057 17633000 0 95971.746707381 0 0 0 0 7442.51448079684 3852000 10563000 0 300510 428992.2 0 0 0 15737.320613625 2861.33102065909 233495.890797815
2498141.22895603 59669000 0 86456.3091823201 0 10781.6543712084 366000 0 8128.42918106076 12297000 67255000 0 2337174 2975842.8 0 0 0 11703.6292202823 2127.93258550588 173647.687395478
12154588.7414897 91933000 435720.953524005 659294.901452762 239213.927401937 13751.51768965 726000 0 23496.2406015038 24549000 74203000 806560.03614225 2047323.6 3656129.4 0 0 0 56943.4579224574 10353.3559859013 844874.661904051
20166483.9684078 106846000 3229778.16605296 240029.610437679 412043.649411273 7126.67822414361 588000 1396966.68553705 108539.930908352 16816000 7611000 8066770.6300672 567000 494991 0 0 0 94478.6661007338 17177.9392910425 1401787.56245716
0 1809340.43664473 0 0 0 388.364628051185 14048.4408423315 0 0 206185.002245173 2904882.34429872 0 47243.2124847411 96762.8501017258 0 0 0 0 0 0
6363421.3381688 25753000 0 137642.268899787 0 5880.81204428495 0 1152752.83258047 144881.087934169 8423000 20558000 0 1207710 871025.4 0 0 0 29812.2151986914 5420.40276339844 442326.232995973
233547713.260131 155889000 38743675.7865974 945606.242867277 8312155.99526231 1263462.71083113 340000 0 166861.410282463 32526000 59282000 48466730.3510534 1398902.4 2393533.8 0 0 0 1094155.85058162 198937.427378476 16234078.2955141
40911241.4767341 0 12237505.8597589 0 0 3794.46134221954 13631.5286268128 0 0 0 17322833.8600383 16472333.2340717 0 135100.594285714 0 0 0 191666.506134734 34848.4556608607 2843771.35630624
1604075.73898438 4721000 0 46771.5660671418 181613.730625864 16558.1443024453 59484.8116000709 0 18584.7065016476 2436000 48779000 0 2269814.4 6015303 0 0 0 7514.99053485019 1366.36191542731 111500.518566852
0 0 141489.717112092 0 0 2855.4701854442 10258.2211453299 0 0 0 7869723.82088714 0 366257.473282443 1038561.05194857 0 0 0 0 0 0
6309879.4504847 34172000 2347613.33235357 84798.6818840686 1721438.8977914 0 43121.8548346281 0 13472.4645560996 1735000 22656000 4231201.5393115 636174 2587674.6 0 0 0 29561.3749363614 5374.7954429748 438604.495863033
0 6428000 372986.067318075 0 0 7527.40634832908 27042.0610117165 0 8448.69057468445 1511000 24825000 0 1011754.8 4132069.2 0 0 0 0 0 0
280203.776228439 2317189.47974659 105359.931783957 0 0 7236.57473941636 25997.2541089911 0 0 0 0 194874.908309561 743678.928389982 2140992.17141058 0 0 0 1312.73647185715 238.679358519481 19477.1765413287
0 0 568.089202959467 0 0 0 0 0 0 0 10858.4416172409 0 0 0 0 0 0 0 0 0
40049872.2085487 188408000 6020487.86594709 21282.5020819839 2979603.56719849 478069.438004225 2079763.99998735 0 59769.3558219874 27158000 97602000 4370926.17237785 3229178.4 15688323 0 0 0 187631.047122354 34114.735840428 2783896.92659819
2687878.79282312 6268000 209802.443767968 0 46440.8661185836 4234.12128627097 15210.998431055 0 4752.33818237129 255000 11557000 0 558608.4 1337553 0 0 0 12592.5373696379 2289.55224902507 186836.489051556
32749.000647721 1531513.45615897 3664.93887752584 0 11293.2284917936 214.490777853699 884.714944037968 0 9990.06525322315 12926.5536723164 5635967.55415087 0 207908.084791612 756473.505828907 0 0 0 153.426938586609 27.8958070157471 2276.40781917132
1421922.56291074 10959064.5839374 0 0 5844.22540507854 9862.20411561428 35429.7766140449 0 11123.6401083732 3428877.52280896 18757874.6761938 0 822458.304255691 3382857.1178902 0 0 0 6661.61474914507 1211.20268166274 98838.9134460927
892905.015574908 5450000 0 0 88178.4295966 10274.3185079026 36910.289558924 0 11531.7991247133 1810000 29236000 0 1517292 2877978.6 0 0 0 4183.20193834129 760.582170607507 62066.503375072
307416.121246195 1777675.08794372 13046.8774742698 1678.28767483675 58789.1889854523 14107.4760688183 50680.8335993444 0 0 23812.5 4575035.08802057 11001.9053281051 175620.915863483 560758.63973927 0 0 0 1440.22453882897 261.859007059812 21368.7272375701
16656589.1391073 1518000 10193965.2239704 36478.2996990247 1943975.12715112 0 46393.6739251461 0 14494.6716689434 0 5076000 8908738.09659887 470610 630390.6 0 0 0 78035.0370503911 14188.1885546166 1157812.11661573
15057375.3876816 0 8834902.30978372 0 0 6575.46352740997 23622.2249285118 510952.511472138 0 0 1656000 6278491.27877704 426610.8 138688.2 0 0 0 70542.8246111112 12825.9681111111 1046649.5584836
2303.85501134975 8109.78692668833 1376.23299501095 932.180445458876 0 0 0 0 0 0 19426.4513561153 1097.1335882549 565.821392908708 1040.84879478899 0 0 0 10.7934109239271 1.96243834980494 160.142705375608
500744.702193587 720000 758007.495162436 32849.0793004534 25762.930975921 2348.8660647142 8438.25568742566 0 0 0 0 843736.477273655 196862.4 491022 0 0 0 2345.95636970595 426.537521764718 34807.1432085492
4481371.96480653 21444000 773738.082991098 0 398087.507838083 11654.7609952949 41869.5023660703 0 13081.1948783667 4460000 21399000 1455297.09855023 1269626.4 3266260.2 0 0 0 20994.9362615427 3817.26113846231 311503.556735575
234166.185357949 2453783.77472343 196718.639312308 0 43544.6977035052 3970.07090651283 14262.4025735759 0 0 761988.826815643 5642252.47319969 0 342851.648263763 927796.103294255 0 0 0 1097.0533521448 199.464245844509 16277.0687590875
12186941.9673437 26834000 2517819.38128169 122946.336307817 570329.373650108 20103.298315616 72220.7084925475 0 22563.7542520761 2818000 39716000 4239420.63537423 1825966.8 3825889.2 0 0 0 57095.0306818698 10380.9146694309 847123.55911779
378454.710592228 7250000 346453.949928831 17355.1494392724 33202.9889221765 6144.09764243195 22072.5513702963 0 6896.07780415344 386000 14211000 222024.455893119 1052578.8 1723453.2 0 0 0 1773.03571075191 322.37012922762 26306.6733443764
840258.611110165 733301.923186022 1093538.92998045 768.918379126775 2034.68745541831 119.040164313366 427.64947675787 0 0 0 0 700964.02153652 101999.32054263 185232.129815567 0 0 0 3936.55695666671 715.737628484857 58407.0119584038
20512365.3631743 0 14653559.6578461 0 3130987.42423187 13721.3045372826 49293.5198775211 1066226.7359211 0 34000 5553000 10247770.3660764 270572.4 227593.8 0 0 0 96099.0979448664 17472.563262703 1425830.03996729
729498.215606273 0 50986.0059656122 0 11286.0185727341 1028.97244323661 3696.5635043146 0 0 0 801000 393427.989015804 254469.6 255603.6 0 0 0 3417.65170573696 621.391219224902 50707.9730444602
15905982.2943879 71500000 765246.831429606 63384.8431572129 930859.402215565 30480.4424123796 2815000 0 86161.3493192441 7741000 70546000 2293672.1124982 3785745.6 9423540 0 0 0 74518.4927898117 13548.8168708749 1105636.8667868
1120197.93190204 516000 0 18354.0142416844 97758.3083675887 6497.71735046626 23342.9232988334 0 7292.97726142205 0 16587000 0 882252 1376676 0 0 0 5248.05447199932 954.191722181695 77865.8060021995
2307343.23158846 9816000 1105386.77378707 40868.5728385923 0 13578.7101666669 48781.2523723967 0 15240.617457427 5801000 30292000 709400.523082869 948477.6 3933619.2 0 0 0 10809.75300893 1965.40963798727 160385.174204255
163.355962409426 1118.10154525386 0 0 0 0 0 0 0 0 6513.49247535029 0 1540.02180576252 6211.78259498146 0 0 0 0.76531206194506 0.139147647626375 11.3549965733978
13772089.9687536 0 2221115.45652724 16590.0615055101 0 5873.23999372482 21099.5005314169 456385.578410219 0 0 3117000 6977685.97065619 212738.4 170667 0 0 0 64521.3459969277 11731.1538176232 957308.396321502
9143857.96822162 27290000 3637303.80990483 23095.3329846426 325561.791673943 8176.24656236163 29373.0068704608 0 9176.94277034145 3145000 13445000 2298108.24712808 650689.2 1789225.2 0 0 0 42838.3800173348 7788.79636678814 635596.487360301
296421.175650218 0 0 0 49399.9092889418 4503.90410303878 16180.1879570818 0 0 1561000 18920000 0 708296.4 1315326.6 0 0 0 1388.71393363942 252.493442479894 20604.4602483181
24946097.8531767 25072000 12030633.8229411 56707.5889952879 1829321.39622379 0 72121.6014626616 1560001.79958752 0 2079000 30357000 14543037.3097973 901983.6 1752937.2 0 0 0 116870.846364627 21249.2447935686 1734022.14075611
7693104.90686179 0 3275309.78099647 12362.8494693657 0 4376.71565688662 15723.2659361794 0 0 0 0 3069097.55958164 408920.4 312870.6 0 0 0 36041.6962576097 6553.03568320177 534753.54414835
0 4676000 0 0 0 4518.59347287607 16232.9592327353 0 0 452000 15436000 0 817840.8 4882550.4 0 0 0 0 0 0
4392155.19801943 2017874.67594374 2581127.42480689 49430.2412475045 33167.0883554915 0 5341.65937121917 0 0 0 0 5185701.62242546 97568.6814847645 280926.919445983 0 952506.031197059 0 20576.9615103134 3741.26572914789 305302.031757759
0 0 611615.052376326 3025.94301845149 0 1071.24916618296 3848.44180985399 83242.413191396 0 0 1341000 0 38556 167605.2 0 0 0 0 0 0
16336218.1728898 0 9254484.44223091 32712.569273721 283477.321814255 11580.9558687953 41604.3588835185 0 0 137000 2441000 9052218.47554819 336117.6 168966 0 0 0 76534.1199052386 13915.2945282252 1135542.8883001
4744479.52199859 0 1466645.98284876 60010.9013063267 0 5521.05339494294 19834.2770200167 429018.591063349 0 0 7333000 1924302.66957329 318427.2 700358.4 0 0 0 22227.5780588669 4041.3778288849 329792.36215342
19563477.4620463 5356000 9699050.44946481 0 1485273.11363478 0 32956.305197763 712850.163801236 0 205000 2872000 8196343.86302958 226800 264789 0 0 0 91653.6198279005 16664.2945141637 1359872.12385008
6044631.01811245 0 3754004.08777559 0 983156.831324462 3739.69859418653 13434.7945188147 290596.758826686 0 0 3759887.92502377 3099987.20869156 15876 108410.4 0 0 0 28318.7032780248 5148.85514145905 420166.876591217
8960322.93992331 9094000 2153375.95288444 0 415265.972270605 26366.7023033118 94721.8655894931 0 29593.7403837579 10947000 48489000 1905170.13801005 4182192 5202338.4 0 0 0 41978.5303438097 7632.46006251085 622838.828645632
3460034.44659924 10137000 955456.309517006 59965.6160400893 345681.216470424 10800.9861581664 938802.332856745 0 12122.9259759644 666000 22634000 1159681.79579084 1185710.4 1975314.6 0 0 0 16210.0363994734 2947.27934535879 240509.612905967
0 0 0 0 0 0 0 0 0 0 3899.47320090861 294.279437194311 142.034899586202 206.72567621543 0 0 0 0 0 0
7145721.13882678 3.2e+07 1579400.00598742 16193.2081058573 1014552.7067512 15051.5882008402 54072.5380848749 0 16893.7620053817 3589000 44266000 4146425.10144596 1581930 3993948 0 0 0 33477.2388970625 6086.77070855682 496704.48417714
1912581.8549041 0 0 0 12460.9905620265 1136.0973598549 4081.4076853 88281.5024180324 0 0 0 1427891.03982451 0 0 0 0 0 8960.32162784959 1629.14938688174 132945.012159077
10784408.6179863 0 4833481.65808016 13880.8810839735 65317.3552567408 4914.13162654363 17653.9223625275 381857.170345548 0 0 0 4052531.45437177 60328.8 89699.4 0 0 0 50524.2531374718 9186.2278431767 749632.404579376
406.12744440178 12227.0050761421 0 0 0 0 0 0 0 1085.88520153824 51598.5398027886 0 4821.892499287 15848.8162182717 0 0 0 1.9026806692773 0.3459419398686 28.2302260139537
0 0 406503.330292684 0 0 0 0 0 0 1843000 22373000 0 1159628.4 2826608.4 0 0 0 0 0 0
10916782.7319318 0 3406407.08475194 458386.593544562 55255.1208743784 0 18097.9733405876 391462.064175324 0 75000 -75000 4257627.83824166 203666.4 130069.8 0 0 0 51144.4172539051 9298.98495525547 758833.829419259
15472325.4632046 0 23835434.5064931 0 0 15595.7808755048 56027.5396922579 0 0 0 18614230.4493813 14514457.8859733 107655.244692737 30297.4391061453 0 0 0 72486.8387335148 13179.4252242754 1075493.05226368
19047486.527261 349000 22230559.2523344 37339.5296350455 2073129.31094545 13218.9997443098 47488.9996710277 1027194.67461864 0 0 410000 12106483.5604471 0 123719.4 0 0 0 89236.2358498629 16224.7701545205 1324005.20347588
755276.853617744 7752081.8801363 175000.521631373 11812.050066881 209008.343280243 4067.03535680512 14610.7454767532 0 10003.7161078736 107398.230088496 17574342.2865205 186480.646589558 590534.366708946 1078871.17222507 0 0 0 3538.42294860869 643.349627019763 52499.8656816782
8742453.87602488 24542000 3340463.807401 45745.376695667 803381.697206159 16194.8511069572 58179.6878558595 0 18176.9496124173 2407000 37982000 4360448.18567537 2060704.8 3539100.6 0 0 0 40957.8279460102 7446.87780836549 607694.58513271
4767368.87906534 35448000 0 24937.5404830203 1623223.36793702 9924.99812762552 0 0 69816.8233435434 4234000 34624000 734221.104570307 869097.6 3037305.6 0 0 0 22334.8132083832 4060.87512879695 331383.418685589
2770512.57314276 5490000 0 11745.5166127585 0 4158.16649589278 14938.1323227978 0 4667.08723511603 310000 9849000 859086.047404045 519372 774181.8 0 0 0 12979.6712573146 2359.94022860266 192580.425658073
987579.859390279 9783369.97396587 191671.961968052 25306.5990365879 187809.168814882 8144.62044681393 29259.3906650072 0 10055.5905050242 547000 25209033.8994164 117989.521302725 883688.213424557 2185087.08499939 0 0 0 4626.74742554591 841.22680464471 68647.4234177461
6391883.50755841 0 2220919.05196818 22542.7694769254 1049.96411504088 80.2879994910109 288.433077779377 0 0 0 1354366.86390533 2373564.93402267 149725.607260861 197943.5740567 0 161873.243835984 0 29945.5586115777 5444.64702028685 444304.659930157
1817522.99526764 10114000 0 18400.567211199 71449.3000311463 6514.19810686907 1636402.13009591 0 0 332000 14800000 507787.729597183 424116 1015723.8 0 0 0 8514.97705149314 1548.17764572603 126337.398886059
989864.652240514 4514000 0 0 229894.680891628 7477.60580180753 26863.1535162082 0 0 1151000 20778000 0 1122886.8 2619199.8 0 0 0 4637.4515314845 843.173005724454 68806.2410978765
9208304.31359924 0 10583555.8204536 24507.1023862278 1514056.29485125 8676.04341414264 31168.5173469646 674180.026034397 0 78000 1012000 5767056.6654964 49215.6 379549.8 0 0 0 43140.3069549151 7843.69217362093 640076.201599912
0 27178.2752902156 0 0 0 0 0 0 0 389895.104895105 -389895.104895105 0 78860.1952672514 247412.040377296 0 0 0 0 0 0
1759999.47991196 20754000 352958.466349333 0 514613.669616108 14509.1563487997 52123.8621985475 0 16284.941561304 10592000 56698000 0 1690113.6 7780487.4 0 0 0 8245.48312242036 1499.17874953097 122338.895800409
34042016.2239054 363858000 1783652.70781114 63138.0895098856 3769072.66773497 41030.9927286859 2094403.04394311 0 541023.166023166 29227000 92660000 8556704.95894534 3376598.4 9431704.8 0 0 0 159484.632484898 28997.2059063452 2366286.31041442
22625409.1660257 61677000 1021399.58686795 58603.9912402455 1531822.61548108 0 1601544.17181213 0 76559.642349116 16060000 52526000 3598684.94462996 2278659.6 5808688.2 0 0 0 105998.570764153 19272.4674116641 1572709.31383598
3863339.31582512 14446000 1258338.16409344 61071.8241484828 1192303.00285655 8517.32656443728 1432598.33014905 0 9559.76777877075 571000 15137000 1793096.50361831 487620 1190700 0 0 0 18099.4934875847 3290.81699774268 268543.639583344
2056960.87640204 0 0 10677.8343771511 41461.97143486 3780.18393056735 13580.2373029329 0 0 701000 5771000 917653.91073844 189831.6 386013.6 0 0 0 9636.72795556759 1752.13235555774 142980.90720814
3019232.72237498 0 3179777.94968097 19090.7655853073 0 101717.491393605 28158.978122366 408472.470349218 0 0 688933.291378225 2795841.26263881 89431.7718940937 48450.9775967413 0 761645.186594558 0 14144.9089838637 2571.80163342976 209869.15146037
261406.861955457 1520000 0 13514.5294543148 52476.8426254498 4784.43523919974 17187.9906116355 0 0 1649000 12003000 0 586051.2 2375956.8 0 0 0 1224.67415072555 222.668027404645 18170.5888048786
21040681.3363801 4311000 16148319.3037174 90929.2717560803 4241817.91263151 0 57587.6198851127 0 0 192000 -192000 7902307.06216304 126327.6 200944.8 0 0 0 98574.2239264896 17922.5861684527 1462553.68308959
0 0 5183.81397700514 295.510154310313 1147.46428385737 104.616975426563 375.834450995774 0 0 0 99083.2797573233 0 0 47514.6 0 0 0 0 0 0
0 0 0 0 0 0 0 0 0 0 0 0 0 0 0 0 0 0 0 0
0 0 0 0 0 0 0 0 0 0 0 0 0 0 0 0 0 0 0 0
0 0 0 0 0 0 0 0 0 0 0 0 0 0 0 0 0 0 0 0
1846591.22270938 0 359011.096845317 0 125525.519244027 1191.0515877265 4278.82968089683 1203173.03374333 0 10685.7142857143 625383.27243342 2371176.97371153 27152.4647531573 61263.6013777267 0 0 0 8651.15980694573 1572.93814671741 128357.953374107
0 0 0 0 0 0 0 0 0 0 0 0 0 0 0 0 0 0 0 0
0 0 0 0 0 0 0 0 0 0 0 0 0 0 0 0 0 0 0 0
0 0 0 0 0 0 0 0 0 0 0 0 0 0 0 0 0 0 0 0
0 0 0 0 0 0 0 0 0 0 0 0 0 0 0 0 0 0 0 0
0 0 0 0 0 0 0 0 0 0 0 0 0 0 0 0 0 0 0 0
0 0 0 0 0 0 0 0 0 0 0 0 0 0 0 0 0 0 0 0
0 0 0 0 0 0 0 0 0 0 0 0 0 0 0 0 0 0 0 0
0 0 0 0 0 0 0 0 0 0 0 0 0 0 0 0 0 0 0 0
0 0 0 0 0 0 0 0 0 0 0 0 0 0 0 0 0 0 0 0
0 0 0 0 0 0 0 0 0 0 0 0 0 0 0 0 0 0 0 0
0 0 0 0 0 0 0 0 0 0 0 0 0 0 0 0 0 0 0 0
0 0 0 0 0 0 0 0 0 0 0 0 0 0 0 0 0 0 0 0
0 0 0 0 0 0 0 0 0 0 0 0 0 0 0 0 0 0 0 0
0 0 0 0 0 0 0 0 0 0 0 0 0 0 0 0 0 0 0 0
0 0 0 0 0 0 0 0 0 0 0 0 0 0 0 0 0 0 0 0
0 0 0 0 0 0 0 0 0 0 0 0 0 0 0 0 0 0 0 0
0 0 0 0 0 0 0 0 0 0 0 0 0 0 0 0 0 0 0 0
0 0 0 0 0 0 0 0 0 0 0 0 0 0 0 0 0 0 0 0
0 0 0 0 0 0 0 0 0 0 0 0 0 0 0 0 0 0 0 0
6408581.27207532 0 3238525.00076772 0 171019.334361208 9511.59918642319 34170.23521991 1496693.02112691 0 0 10007539.4337398 4490679.90091412 89330.2440207972 70633.8311958405 0 2116646.24238319 0 30023.7865525957 5458.87028229013 445465.334178445
98359.7071118507 0 65643.5094241809 0 0 0 0 0 0 0 32678.9590959814 419603.644690803 14090.0666666667 40388.1333333333 0 0 0 460.808832146668 83.7834240266669 6837.0576790837
0 0 0 0 0 0 0 0 0 0 0 0 0 0 0 0 0 0 0 0
0 0 0 0 0 0 0 0 0 0 0 0 0 0 0 0 0 0 0 0
0 0 0 0 0 0 0 0 0 0 0 0 0 0 0 0 0 0 0 0
2171207.57994323 17696000 1202437.42464695 95308.5962801888 421732.390441023 0 0 0 0 3992000 26189000 468815.062173924 1323831.6 2528706.6 0 0 0 10171.9663329608 1849.4484241747 150922.282032162
155063.389219655 6492000 13143.9757246691 0 0 0 0 0 4860.18703742029 694000 25252000 0 921261.6 6065879.4 0 0 0 726.461895761422 132.083981047531 10778.5735352322
0 0 0 0 0 0 0 0 0 0 562.973596911556 0 40.1931168157948 233.879672744484 0 0 0 0 0 0
770915.146662361 12470000 74597.8222116989 18043.8604608124 56978.5062356302 0 0 0 0 1025000 37133000 0 1320429.6 4746697.2 0 0 0 3611.68733466937 656.67042448534 53586.8952661287
10952377.2828249 38595000 0 0 409104.36842472 0 438000 0 289641.688859044 1482000 31112000 656847.296271198 1048042.8 6146847 0 0 0 51311.1754103644 9329.30462006625 761308.033589476
13012059.2716055 46181000 6521145.12147661 21806.8535825545 665017.76632063 0 0 0 10116.9125908782 9752000 19098000 7170970.80587965 627555.6 2163331.8 0 0 0 60960.6516004898 11083.7548364527 904478.087378363
763792.234847884 1804000 12507.1551953731 23364.4859813084 26126.9421026963 0 0 0 4624.7128592507 2182000 16156000 0 897901.2 2966090.4 0 0 0 3578.31695597375 650.603082904318 53091.776275349
24266.823245933 323360.210630245 516.51285408797 0 0 0 0 0 0 75951.8072289157 2208233.93872831 0 86314.6495886944 406745.534623497 0 0 0 113.688488998365 20.670634363339 1686.80524873771
428095.003321772 2393000 210974.942643229 35933.4998920453 21337.002717202 0 13495.0619689566 0 1841.64354746435 407000 8487000 0 218181.6 538876.8 0 0 0 2005.59725441437 364.654046257159 29757.2076593327
5392084.25991763 18408000 0 6565.12616738571 14577.4699015845 0 0 0 6969.56472546346 2449000 27126005.8659589 152951.390306365 1871544.21154882 10202726.2155014 0 0 0 25261.5641466231 4593.01166302238 374807.857587596
0 0 0 0 0 0 0 0 0 0 230.199262831749 0 64.6139889157311 375.423777177775 0 0 0 0 0 0
234.027737533256 1078.70699556965 0 0 0 0 0 0 0 0 4194.89288975646 0 586.851850097124 2382.29051262614 0 0 0 1.09640473308845 0.19934631510699 16.267445146017
0 0 0 0 0 0 0 0 0 0 0 0 417.653989432673 1712.1824411592 0 0 0 0 0 0
0 0 0 0 0 0 0 0 0 0 795.549762591937 0 58.0924132254081 221.89932775415 0 0 0 0 0 0
