1018608.95918507 14205.3894425216 326723.818557894 0 59970.8072134991 6050.59041391452 0 0 1113.95923999187 24720.5764731855 36494.9282119163 2276197.5944438 4986.2550646992 3748.67980385926 0 0 0 0 6962.30419476593 3614.31092078013 0
212116.007559212 5247.67554391401 8003.74281575756 0 48670.7861993885 0 0 0 0 8871.20874980531 18255.418235031 434621.095223595 1440.3905880619 1194.86462962417 0 0 0 0 1449.83622605089 752.64722117396 0
3302243.32085889 32235.3180307224 568615.573737951 0 135982.869029307 2652.46512884492 0 0 4150.67807356228 27402.7197261233 26400.9379726977 3783254.040509 2404.04941203478 4961.86036006772 0 0 0 0 22571.1960587384 11717.2875714762 0
0 0 0 0 0 0 0 0 0 0 0 0 0 0 0 0 0 0 0 0 0
32373.119354177 9935.443672128 22290.8045962573 0 9192.66007106529 434.520704718532 82.7976096719892 0 1697.16128641335 56395.1402888279 161647.381003784 0 7484.4 17948.952 0 0 0 0 221.27382902421 114.868927635519 0
156991.338969818 0 40393.5612909314 145.359704574898 0 477.365856878773 90.9617227887592 0 713.865712332524 26060.1783256035 85688.7478378755 284356.072081404 2421.09 8979.012 0 0 0 0 1073.05305730469 557.049401333038 0
977725.512843027 44455.4835633792 180366.023356445 0 32580.0129798649 10462.0208203276 0 0 2475.93806405043 117087.924020826 198117.882466162 1212262.2946631 3651.48 24709.86 0 0 0 0 6682.861345381 3469.24496071692 0
129931.739798906 7323.6311660415 67114.5304476033 126.419288117334 899.246436285098 25044.4590513809 79.1093809285785 0 0 7269.41816451045 47306.0846385296 0 578.34 5447.736 0 0 0 0 888.097722759965 461.034336951895 0
1838962.05604158 0 657167.863101104 1088.55448341127 145991.698808611 67464.8999333214 681.184592732151 0 3851.98441780125 60235.5876210221 45403.882077275 4025336.55983135 1752.03 5522.58 0 0 0 0 12569.5077795476 6525.15431178702 0
1660317.9165636 252440.653120531 328186.279564847 539.498384380495 73605.0163450151 4576.83132715387 4711.765031424 0 897.050751879699 248211.768648599 516771.668591297 2327884.53856545 11924.01 31160.052 0 0 0 0 11348.4554508376 5891.27468759329 0
820933.934536352 92971.500870255 164527.56159812 0 64147.5834786484 1773.72818988167 337.982638652762 12429.7274773663 0 116728.189761228 149329.546812007 1515289.76039977 8149.23675764622 14181.6462013951 0 0 0 0 5611.17367416527 2912.90436636996 0
191819.87712247 800.6231308608 220539.242934307 0 14926.0200167212 52635.6534505351 162.469601764817 0 0 26425.9352143839 83965.8104394617 669585.664167261 2052.54 8915.508 0 0 0 0 1311.10994369981 680.630845090064 0
1336412.0544965 56118.5174083138 561562.88992811 968.708398895772 17782.6902041385 69487.3784650605 606.188524537749 0 0 3497.55024896258 12309.5411817311 3969814.96510014 867.51 2429.028 0 0 0 0 9134.52328202646 4741.96563821045 0
1466879.38347343 629447.33319961 511664.564812009 0 72219.1717689681 4615.79419497833 0 0 3462.61590225564 474409.544553728 622567.992194476 3388497.45684601 25214.49 51079.896 0 0 0 0 10026.2818156866 5204.90039612144 0
40928.9453438513 11322.9751321014 271.586636762196 948.73298074387 0 0 0 0 0 45074.6891617306 70589.459152968 12633.3851636592 2567.28371348247 10865.6132092515 0 0 0 0 279.753840063238 145.227403311517 0
918676.272511417 93451.0468889088 165840.060728745 0 69860.9480387375 1697.50130798422 323.457660797112 0 0 71368.3129232755 170779.945132948 1269494.6749106 7739.55 20743.128 0 0 0 0 6279.25329741389 3259.72165712743 0
248217.996747646 13951.4207421888 34893.3136816351 178.275670939703 3860.91722984741 585.462929136044 111.559542635434 0 875.516974935486 73814.3121169945 106045.302996013 270513.529763606 1326.78 10773 0 0 0 0 1696.59729024487 880.747227176297 0
2169642.49630573 166696.809623885 684102.952557769 1090.7522110593 49197.891012332 3582.06468152563 682.559864466982 25578.6270619736 0 108149.740051255 33960.7891826076 3945994.45151312 2783.97 7625.016 0 0 0 0 14829.7449349523 7698.50146896431 0
642552.159149859 14041.4506524864 281675.513868026 0 0 1598.03231767039 304.503915797076 0 0 37398.6418777959 201902.369237244 1344071.71396593 2863.35 18994.5 0 0 0 0 4391.91463285782 2279.955683724 0
148041.78707604 0 75112.1569553801 0 0 47292.6648598481 110.746882064852 0 4783.94741515953 11887.098885363 50005.0212568541 218846.84062608 669.06 8280.468 0 0 0 0 1011.88188643537 525.293875471915 0
2903288.71147335 84120.0897573504 621276.531072038 1356.80712219553 84958.5643767852 0 849.049010438599 31817.7336903717 1140.466685633 50794.4879293781 45134.9843330139 5030239.40701025 1156.68 7073.892 0 0 0 0 19844.2974531455 10301.6844702122 0
418458.232953722 6167.0488553856 177134.517715127 3438.94912556676 12213.5724517523 9497.86177809389 231.251942211847 0 0 52806.1508176703 91415.2738730659 1105407.46898822 3878.28 10632.384 0 0 0 0 2860.20801639023 1484.80744020258 0
707337.416307151 0 288900.648252337 0 38237.7888316031 0 237.415660077953 8897.0461697869 1863.23317219964 0 12020.7250860432 1738280.5136486 1655.64 4805.892 0 0 0 0 4834.72898629339 2509.83198742006 0
1415975.85402111 0 487692.941783351 0 82786.2366613252 38385.2630641002 507.006427515795 18999.8401643163 0 12961.5097461554 16512.3133327752 3213552.72325903 515.97 3971.268 0 0 0 0 9678.35059690199 5024.28036451195 0
888730.83227717 588351.894502694 268395.389208575 666.040413805866 67032.877238208 12350.2462419986 49714.475359968 0 0 271094.434002923 326850.187737243 1675082.93682216 14560.56 49471.884 0 0 0 0 6074.57292200879 3153.46681743626 0
1190464.76556625 0 122864.094560643 0 8765.71208109804 19815.3947235065 410.012262799254 15365.0270209893 10144.9166653119 29054.812852493 45453.6779558419 1710796.79265663 793.8 4712.904 0 0 0 0 8136.95752063087 4224.1036309286 0
891693.041754232 0 134028.729351038 0 9566.35049754327 0 353.821823604503 3529.81433486921 2473.86418249132 0 10789.4625715482 1619436.57173761 221.405601659751 2088.35477178424 0 0 0 0 6094.81994937092 3163.97756934555 0
0 0 0 0 0 0 0 0 0 0 0 0 0 0 0 0 0 0 0 0 0
30503.2355197688 27268.6816510374 1090.07743918322 1151.27848021504 0 64.2690846560153 0 2918.06203755817 40.2421352118028 26035.8463090642 29962.3096075174 4275.60367636147 1733.7344736807 2657.02423808314 0 0 0 0 208.492967490809 108.234054161895 0
59172.1884293729 244886.175655297 0 0 1514.07373414988 0 0 0 592.538388538915 78139.5019385438 145778.788615856 0 4043.95821889217 16740.6710948783 0 0 0 0 404.448411728974 209.95955800138 0
202543.177795285 74294.4078415345 0 6596.37989698036 1135.78995212405 202.675133558406 1317.43379588207 0 3852.21460776687 102165.441030214 139611.882864218 74558.9849951943 7365.45340550362 18709.5806006283 0 0 0 0 1384.40488243254 718.680130224544 0
177273.59940841 500166.649653026 0 6982.69086925141 821.210966348499 446.725668274188 0 34980.3423767464 0 341645.945422383 377450.326644022 56693.4978265352 15613.4699198891 49184.1285946326 0 0 0 0 1211.68453669392 629.016562764601 0
226400.086208354 439325.857162587 6014.89873605364 2562.70890622864 1874.75694181465 298.265002783919 1938.78937143099 26540.11342304 1151.25646505044 267546.354037749 201513.250183269 102766.830194379 12440.1615194396 31386.2325301576 0 0 0 0 1547.46947362889 803.331147512265 0
39714.6455762508 94670.1197055376 0 0 48.7639315597728 160.290424446071 1041.92368651225 0 182.333510573118 67804.5229262692 125925.584266164 17334.0132498304 4409.70354352625 18311.8255325299 0 0 0 0 271.453967683919 140.918726393291 0
48917.4823809985 137079.271783118 323.719146442444 6019.67094912092 1437.30879354647 41.3205650529624 268.59293446588 0 205.376802718068 223764.972245758 38206.4577689626 40953.678056906 3239.50741442893 7275.14399314392 0 0 0 0 334.35636875911 173.57297831757 0
15692.459708767 13989.8773940746 2683.92470704561 6237.33437638153 0 0 0 0 0 5827.29956369017 11557.6767068067 3636.48549369633 190.030378624155 295.443891840916 0 0 0 0 107.259686920438 55.681258237386 0
228599.892811523 245134.857833583 4659.2565757621 4923.99126409754 9294.7529749001 98.5780724925589 0 0 148.81002805157 289162.775400204 199702.855817575 100567.468015401 9791.6421529439 20093.128233197 0 0 0 0 1562.50539354969 811.136679711589 0
55144.6039458719 49375.9707265538 524.446429215921 4935.5653385408 0 0 0 0 250.662992252453 60271.7311072048 8224.07991448404 37851.770706298 958.173166969213 2260.29057699842 0 0 0 0 376.919429098889 195.668556089587 0
85576.4286116751 114679.01654759 2866.25846617005 729.953715176257 511.65984591455 0 0 0 147.081673920219 54710.5649496306 15412.7093864763 7796.42423073123 1028.6626789902 1366.07414740591 0 0 0 0 584.924295553837 303.64922446784 0
1922.36135726499 1784.92797107645 31.4959036916532 36.287787849923 0 0 0 1047.03715242724 0 1154.20449836062 361.23722245657 95.9852861623806 2.71613811112723 2.8849689284099 0 0 0 0 13.1395511701074 6.82107847628525 0
288240.229200299 222557.624648719 1171.40754177992 12810.8855245708 0 472.18032045001 0 0 2151.51531736005 383122.0787401 436868.78331577 113670.616169017 15879.579221444 57106.4153353448 0 0 0 0 1970.1536480369 1022.75735827052 0
2042.55013849723 2324.21425725742 0 10.57849771903 0 0 0 0 0 3430.9337132294 18195.5661916916 41.3591558268081 991.680391823767 2469.9163225045 0 0 0 0 13.9610547001828 7.24754205747195 0
31388.5920475801 48455.6009975619 5728.1716695505 2157.93584145267 0 0 0 0 0 46689.0774150135 45875.0856280886 15647.9737185399 3584.10598153977 4017.85443802384 0 0 0 0 214.544476670913 111.375547998561 0
1336235.46090659 1162057.16241707 119218.549983671 97239.2334160739 30250.252717845 2107.49434270618 1348.13082270857 0 11093.4841020361 857770.041054926 795019.676490718 309729.255871854 60941.0800850795 76939.1563628292 0 0 0 0 9133.31624542939 4741.33903451253 0
201691.782995189 291928.401642653 0 7448.54909552718 0 317.875980848666 2066.26512447081 0 0 196842.773956208 282312.773789827 89859.5757410648 10667.6938598525 31950.9334480428 0 0 0 0 1378.58550539422 715.659142144538 0
8801.401423779 17050.747961587 4903.1048543115 663.046339002499 0 134.991613057612 203.389724487161 0 442.236361212701 10274.9753516121 30540.7081943078 2547.15870340306 868.737038687678 1092.89902606164 0 0 0 0 60.1585461231565 31.2298463480868 0
7170.90126721955 4460.99644222446 924.399379864202 119.516249533281 0 0 0 0 39.4395192064545 2946.64072280765 10448.8652208356 2614.27444575037 1309.71146089187 590.34813209859 0 0 0 0 49.0138983393176 25.444373454837 0
1133050.94694212 245627.318123366 274459.193152238 2269.00027315628 27349.5936807636 41413.8634792852 10574.69992848 0 4621.02360292624 188799.134027333 609421.880252822 2210293.00341215 24517.08 23081.436 0 0 0 0 7744.52775978912 4020.38326327851 0
858179.986160766 803274.635055836 69448.5972528678 31751.3159100583 40730.838242876 4376.38844775636 29642.624040024 0 6038.36379089617 802813.511067429 499006.537136556 679001.428143466 47729.7623623903 77832.7386435026 0 0 0 0 5865.75453085694 3045.06382749403 0
325672.578449145 169805.894919597 20487.2531009873 576.488981761536 13975.5635024418 385.580751325488 415.695400361299 0 1360.5494904637 139425.250522069 44044.6064350854 311430.625898616 3510.35966464835 4905.02407824872 0 0 0 0 2226.00786946815 1155.57785573483 0
531028.591964512 756264.107915597 19025.5996341169 4556.64289886185 14693.5478575907 235.744844502923 0 0 0 488582.623993968 99651.5121880267 306264.436508503 22957.83 16170.84 0 0 0 0 3629.63879321568 1884.23871778956 0
662172.951996855 591657.278352192 20030.8762968019 14498.6660053669 735.412805685224 774.446551831483 14523.48028152 0 10429.0635521235 720312.4728419 1256569.11810791 414303.280407934 61893.72 81196.668 0 0 0 0 4526.02490855436 2349.57577220035 0
220004.014674056 92590.5216954088 26258.8600847452 16907.8491346697 374.889945454845 134.418876127989 2910.16758172205 0 1988.29754805376 127054.328939889 39145.056324073 390922.334188907 2551.7439312185 6989.12720901274 0 0 0 0 1503.75162167824 780.636087756465 0
5759.37262650767 0 0 1037.7576252429 0 0 0 0 0 8206.67019201022 11848.6298734277 1836.4364299186 0 1785.39783666476 0 0 0 0 39.3659449341923 20.4358730532693 0
0 0 0 0 0 0 0 0 0 0 0 0 0.0573697585768743 0.110363405336722 0 0 0 0 0 0 0
781948.616301192 428249.775808109 103402.477560194 16830.6548333488 6570.50485612764 373.232038885588 13352.23187172 0 9225.56086770982 787451.721738652 338552.219200458 892363.123117025 20083.14 30280.068 0 0 0 0 5344.70473902053 2774.57349839864 0
671081.616423335 282328.305577309 84783.7345494956 2968.51880373832 22683.512517951 260.051700179246 0 0 15404.3484970255 256004.154851908 66716.2512856752 564595.423623013 6193.89053451368 16476.7943464814 0 0 0 0 4586.91660909062 2381.18621783393 0
116965.695049693 36539.3974151243 6360.49298738086 12507.3347814339 0 126.975024412794 0 0 885.970705052344 219267.898210815 153314.264485721 36567.8455161076 5355.9595061107 17313.3123554277 0 0 0 0 799.473381757517 415.027165393247 9317105.54372332
271401.356881762 185972.856489389 52239.6502366201 1612.56349551217 0 112.094673002259 0 0 12010.7822292217 175951.923308921 49238.1647269243 345461.077923222 3112.83 6504.624 0 0 0 0 1855.05810492263 963.008305834154 0
911975.76840102 68458.1007195072 154174.911213318 15373.7267356343 0 333.508164340066 10396.5388015572 0 5389.09300345457 198605.990607757 201165.390234455 1105012.7962467 11334.33 12367.404 0 0 0 0 6233.4546153444 3235.94638501485 0
1597278.12533307 1103277.96644982 298567.687268543 9610.69765892478 90807.9561206716 8396.95707236842 13867.581172032 0 1847.43965657387 690571.865822944 531152.71832141 2556305.01226435 15150.24 28653.912 0 0 0 0 10917.5715488615 5667.59178766032 0
749104.532075055 219042.771754061 122169.370100613 7715.67427630241 18975.2846373581 0 0 0 3560.56414651494 229763.905570738 245324.375347558 1006265.676319 7886.97 13687.38 0 0 0 0 5120.21181333115 2658.03345500798 0
8422.64045635806 6607.98412938088 0 271.145857314703 0 39.4788219265428 1230.68382691991 0 0 27450.6233234035 21026.8186328811 0 317.01613785558 1647.97669102845 0 0 0 0 57.5696732799429 29.8858959649977 0
2092602.0930336 2414463.93396225 358123.200830151 6097.46158304802 200931.121019995 32017.4593701102 189153.271758672 0 3219.68486080065 1339516.02574157 779683.948248675 2377949.98400883 26660.34 48587.364 0 0 0 0 14303.1653108175 7425.14046189978 0
247446.163054569 272636.291212646 28937.8660156925 14633.6818314056 22141.6453285028 5183.64114455643 27179.655955416 0 5360.48435785409 226494.953377263 420834.928944359 85611.7667263368 15201.27 20920.032 0 0 0 0 1691.32172211785 878.008544268828 0
438376.846305512 616142.1985992 37630.7354345887 10312.3280185065 7817.84668710375 6115.84088181392 27715.083799896 0 2077.76349827271 623844.09342607 295249.723198705 266099.638695205 8238.51 30207.492 0 0 0 0 2996.35392797148 1555.48427954804 0
46357.1524703601 14964.3532540764 1194.65647041102 2772.91447838814 0 48.5285044201148 0 0 136.996994036547 28956.7780142707 14335.7637924483 68943.2127056679 1395.23730628446 3296.58778954796 0 0 0 0 316.856232405426 164.488208079319 0
561.371174930338 85.8136699525754 5.07268109120319 109.786346744069 0 0 0 0 0 588.492032974492 137.23522201538 548.174302571766 44.811024678338 94.987615102299 0 0 0 0 3.83703368284244 1.99190273153022 0
491343.171413839 330744.167601869 78813.3792838528 8596.66666419914 8163.08214310596 235.440641251777 20045.07992772 0 4657.39052529974 456373.157975744 179384.672949304 610164.058386202 17202.78 18969.552 0 0 0 0 3358.38458179379 1743.42369000225 0
59240.0267535644 48775.8027263288 0 0 2283.45756108405 85.6670155589237 2670.52068435661 0 585.228939481312 70039.0433425528 133000.38219953 0 4174.86668569368 11632.3714053957 0 0 0 0 404.912094131162 210.200267445138 0
5420583.80504563 3790012.15760215 616280.65479294 12910.9589799204 186189.696390165 4991.45253166095 6860.1692574 0 43188.1743258155 2451734.9364649 538895.68593101 3940914.05866186 43791.9297010553 79722.640943212 0 0 0 0 37050.2861020808 19233.7550803152 0
892710.817744705 670798.681734073 132295.957595328 3062.43009604885 52066.4829969886 16424.0581112614 0 0 14710.3816058459 248730.065334618 205779.299474258 1068142.13745435 8817.4579454435 22042.1970051612 0 0 0 0 6101.77656013296 3167.5889246592 0
223037.657813064 19221.7360134549 31991.9533737324 6744.79453490692 3111.09267730059 105.045185161459 0 0 5034.56149147917 105325.359274685 110589.077222529 223123.994381139 1861.4648661234 4761.31314551804 0 0 0 0 1524.48690597128 791.400306378532 0
647947.374210589 103695.1645392 38508.9915803281 17217.9073385768 2363.53504493833 1724.33538184566 0 0 2996.63440357651 271048.714391825 301753.064939539 718080.473190305 13358.52 26261.172 0 0 0 0 4428.79152080414 2299.09942336827 0
20.6976209100789 20.2813481889869 0 0 0 0 0 0 0 71.392931175405 342.779542785097 0 21.7467145120701 70.0016963370304 0 0 0 0 0.141470513865504 0.0734409771432944 0
554497.884169762 485550.598358592 25887.299804636 8796.08334449893 12572.2904758587 210.964954669963 17254.162288368 0 5568.50315383052 423477.897791057 124748.634985731 526826.895378324 13800.78 29161.944 0 0 0 0 3790.05398502741 1967.51436381203 0
228357.301406 77473.953165024 20580.4344517509 5580.55998963635 5025.32083884902 124.127601603157 0 0 873.775921560658 115030.541521436 47823.9617756251 569230.856908804 5579.28 4402.188 0 0 0 0 1560.84725462891 810.27589721173 0
1481011.98761182 201297.233363616 96538.7035853165 19010.9627019524 66933.5965094406 391.509584225295 5421.20692536 0 13331.6288498273 357298.760727353 148112.861209308 1929975.48056742 9009.63 15377.04 0 0 0 0 10122.8797183346 5255.04684831577 0
783518.194376094 535330.708045286 118317.796956164 19350.761946146 47660.4696857799 326.165035861007 8894.795066424 0 1882.83679435074 348040.539480099 292072.746146138 1041923.15033325 8181.81 17112.06 0 0 0 0 5355.43297768011 2780.14280262082 0
45219.1294552347 84292.877238287 12585.7959294878 2985.89516616395 34.4954110451153 0 0 0 345.09017597015 179205.64629674 92671.1408887712 6190.08752202683 3951.81637934668 9697.0445487882 0 0 0 0 309.077720013107 160.450182520465 0
625471.78076082 96957.9182863518 54157.6815888104 10120.9280810348 16458.9471539051 1975.47328988754 2639.65700248144 0 4143.20188242288 172074.458285566 94190.3507691029 639077.726163741 6500.6272114423 5375.90995079016 0 0 0 0 4275.16836920691 2219.34969986151 0
885680.686964008 213480.209439245 74451.6502672621 12814.6401584158 26472.8181913189 0 0 0 10114.3684505182 367105.617307778 150453.267501951 1216990.31301556 11056.5 13719.132 0 0 0 0 6053.7248435416 3142.64404446148 0
15558.5610786032 10373.12024005 510.281963738811 1441.91284689311 173.86117960493 9.92572375274 0 0 21.8528762172386 64248.7691005329 59665.5925996069 8372.00584659758 2971.0934561644 3648.49982467598 0 0 0 0 106.34447506602 55.2061482583162 0
63673.2313625283 66120.5384057088 0 12993.1548070695 2357.22283542367 0 0 0 604.134293365721 56075.1030111451 173090.473898451 35101.71035783 4190.13 11457.936 0 0 0 0 435.213534901855 225.93052358293 0
27512.8838081977 236865.478639046 3218.02591298916 1305.52959822337 0 303.020238502959 0 0 1204.95736130868 188341.937916357 761707.636086033 4365.5637939293 11844.63 68017.32 0 0 0 0 188.053584862609 97.623445693704 0
366768.847553254 307596.834593568 27782.2385370309 14539.905148885 8844.56467637427 520.719915149689 0 0 0 653927.597528258 1031242.7675928 193376.756070428 31491.18 65663.136 0 0 0 0 2506.90538582386 1301.39897078288 0
595028.907668538 313053.29022839 36875.3521970787 1847.28766170075 9990.99152790357 210.424148890148 6090.49173096 0 17520.128522658 421900.571208191 90668.3356945628 944361.659539252 7308.63 9162.72 0 0 0 0 4067.08798554262 2111.32982856037 0
1709.25315160493 8906.90928124278 0 0 0 12.6088976597443 393.060523791941 0 0 2294.2950777758 40818.8500933865 0 475.24070130927 1996.15876531272 0 0 0 0 11.6829331609814 6.06491065734004 0
88062.50543417 62725.1246459136 0 2197.53792171741 3319.88782024052 124.550106118638 0 0 3022.68898148667 153800.771732158 228085.042187706 58967.3294010266 3384.99 14873.544 0 0 0 0 601.916903888653 312.470523876624 0
3741371.46320611 529813.160685619 688846.261576287 4122.50205237347 151484.41534174 0 0 0 6032.5450833164 689840.352045383 536739.815896613 4220114.80686145 9945.18 43618.176 0 0 0 0 25572.6851777325 13275.4376605714 0
514117.946867785 18453.8059051179 225892.320662599 0 1054.72736015373 6247.91598917646 150.661589064721 0 0 554.080845162368 3731.3711672777 1124110.9998418 0 1085.89988571429 0 0 0 0 3514.05267527367 1824.23499536065 0
50552.9730751164 0 0 975.252841064823 4696.52477418345 1877.90802899978 976.885972368129 0 982.517375286123 77243.2829493107 457484.695569578 221321.197079023 16454.34 122993.64 0 0 0 0 345.535127415687 179.37615904093 0
5916.17232039424 0 0 0 0 323.235762668012 168.14693661344 0 0 9738.27716377815 75659.8578945072 0 669.06 17057.628 0 0 0 0 40.4376880762887 20.9922424439751 0
174056.423411302 98434.8454946688 61446.3046852849 654.738900907216 14644.1117745419 0 655.835308474096 0 659.615967603545 0 200866.614963053 703139.29083285 6231.33 33840.828 0 0 0 0 1189.69478514305 617.601117970435 0
0 0 0 0 0 628.15737071386 326.76686739385 0 328.6505630785 45308.134597672 200856.65578734 0 12037.41 70035.84 0 0 0 0 0 0 0
6906.62145031735 4461.78947457822 2056.2778311867 0 0 567.376136759907 295.148527243045 0 0 20688.1240216414 226902.31202145 28643.2759609257 1282.23427741895 46543.5594097326 0 0 0 0 47.2075167429077 24.5066343747335 0
0 0 0 0 0 0 0 0 0 0 0 0 0 0 0 0 0 0 0 0 0
920044.661708977 590515.827703776 111466.465807436 740.044904228741 23717.0629833484 5999.78731315665 29322.44137867 0 3160.04310810812 457356.129614341 932597.132151829 802527.552601875 44503.83 293526.828 0 0 0 0 6288.60638798347 3264.57708665809 0
10499.6207442116 28443.0209461632 0 0 1391.94248405611 556.568972250194 289.526650533654 0 291.195669509022 5663.01628919784 181827.378857905 0 24959.34 34432.776 0 0 0 0 71.7660618353098 37.2556058707892 0
937.814413691589 6802.83557126856 165.833775538476 0 69.4139638019216 19.3538189415574 706.557580861472 0 0 490.646334914104 58262.6644422317 1615.68008174057 2555.22472732653 13773.9504917539 0 0 0 0 6.41006459591783 3.32762916181526 0
57038.7168495366 39547.1427757381 6303.3376327384 0 131.575517358953 973.770991828064 506.554744708399 0 511.978416000646 54238.0013142427 235774.864378176 47318.0215726243 3721.78428066838 66525.1428637414 0 0 0 0 389.865898983756 202.389401111786 0
43809.48770456 0 19105.9595530009 0 0 1106.64639266402 575.676401970056 0 578.994973289097 22951.2447709701 220426.436064121 149825.827225824 26796.42 55012.608 0 0 0 0 299.44266370878 155.448377335159 0
2725.95851707906 8879.37893372023 2392.09969104407 4.65228049357987 0 1226.83418091983 11519.6284289599 0 0 1657.33590228619 44809.1057305885 5928.56239511072 1925.65973441616 10569.4190517998 0 0 0 0 18.6322260835027 9.67246709252872 0
539888.218526752 2864.8803598272 219967.909833596 798.177270177422 0 24560.7656943457 799.513875651026 0 804.122791020545 13144.3881905456 88915.5207690089 1697199.10852949 2642.22 15372.504 0 0 0 0 3690.19531455994 1915.67516329614 0
288506.374267082 12559.6022985273 120941.159469411 0 0 746.600992488093 388.381126900133 2236.18843103634 0 7596.56716920021 1480.81886364807 734911.251979589 0 3547.152 0 0 0 0 1971.97277882127 1023.70171578153 0
18105.1699710168 4374.84374035745 1802.65443845067 0 650.395487923787 260.060995634726 135.283482829011 0 0 3926.23562991024 28057.459884338 146043.412543851 368.55 3767.148 0 0 0 0 123.750826752014 64.2422324668927 0
121329.391134359 61188.185462976 0 0 1306.99198077057 897.321045180593 466.785555102248 0 469.476409113293 79346.385059798 183746.791911762 153772.554641 6463.8 70187.796 0 0 0 0 829.299724124719 430.510785747805 0
11868.542860633 0 0 0 1088.01342534288 435.042769995004 226.308835590129 0 0 10298.6616707503 75037.7330002261 0 4630.4519282037 17407.8936030054 0 0 0 0 81.1227949638828 42.1129263473709 0
397951.294551523 87177.8913535296 19762.8370834919 1131.51704141079 0 2178.80414959403 1133.41184840108 0 1139.94556776129 69356.6500349834 474076.68230806 989568.602989082 21160.44 80176.068 0 0 0 0 2720.04083842464 1412.04305819858 0
19889.654346717 0 11486.2838895239 290.247992229926 0 558.889974024092 290.734033451107 0 292.410012562945 38450.1929330396 163708.930376452 129763.564683538 2228.31 34562.052 0 0 0 0 135.947973598603 70.5740846550126 0
29414.2056480222 0 3012.02801339821 17.3364295876043 0 14.59823260112 7.59398672841124 0 0 0 23217.6119520846 101530.026895445 656.687890915138 4247.71747552796 0 0 0 0 201.049328618486 104.369870047848 0
646228.733467473 25797.6073636529 281932.147157366 0 35508.1816345015 1533.52939079766 797.740531991014 4593.16384100659 0 6034.9886648766 12986.7651302405 1581907.95164103 2024.19 2109.24 0 0 0 0 4417.04442242337 2293.00120289737 0
365.79795880426 482.568874441885 0 0 71.7421323312951 28.6861312992705 14.9224982453978 0 0 291.877623298071 0 0 170.1 4492.908 0 0 0 0 2.50026925451085 1.29795398458213 0
375788.510722469 180037.313117626 37267.301220797 0 23968.7375879607 3040.69365206996 0 0 0 185118.70533398 531322.024308538 841788.630382553 29274.21 175502.376 0 0 0 0 2568.55577496696 1333.40327115771 0
0 0 0 250.527466916 0 482.40571244361 250.946993249408 0 252.393614114095 731.5137775608 112299.665344013 0 776.79 20643.336 0 0 0 0 0 0 0
175983.873822568 37536.0418862208 47677.7990994538 0 0 1638.80858063557 10597.2934360483 0 857.421066621694 97725.6687210131 327507.493334325 221723.924366286 6906.06 77964.768 0 0 0 0 1202.86912055661 624.440253840863 0
2.3467998184876 21.0062692782835 0 0 0 0 0 0 0 0 59.6123004968352 0 7.67284564167283 131.631003002742 0 0 0 0 0.0160406347040224 0.00832710544744333 0
202423.75028494 8658.78639058617 17928.5571285771 267.30840008561 0 514.718409014596 267.756027303326 1541.66330216636 0 0 12657.1116887238 418067.975089267 861.84 2893.968 0 0 0 0 1383.58858227265 718.256367846459 0
77201.6592056392 98872.1336304 69687.0847540722 451.729160575871 2175.39196455893 869.831680420989 452.485613673662 0 455.094033568377 40644.734265722 138840.868620156 224153.175363056 7903.98 31082.94 0 0 0 0 527.681826164514 273.93318844606 0
0 28938.1854528 0 0 1887.16779668728 362.511464560692 188.578119419718 0 0 28986.2334358467 111791.74738263 0 3883.95 24920.784 0 0 0 0 0 0 0
453683.966723308 28732.4028006912 202827.398361172 1155.09698341792 28389.7942381383 0 1157.03127672376 6661.85809801765 1078.88536374721 64304.6330087041 183089.48631468 1646563.40124736 1400.49 25739.532 0 0 0 0 3100.9797784842 1609.7982456612 0
70836.7747224451 4465.13475605579 33377.8811468089 137.844724880334 0 265.428312236865 138.075555825622 0 0 0 13504.642267336 229591.604650253 0 1884.708 0 0 0 0 484.177141136027 251.348789114331 0
0 10469.1924260352 0 0 0 567.521199370776 295.223988675386 0 0 16733.3776617033 195667.925240672 0 9463.23 108537.408 0 0 0 0 0 0 0
207189.667570961 4017.9660009038 125309.787873578 936.323336169667 779.171557314918 0 79.6914590632342 0 0 542.103960156665 19817.0825478145 558441.062725452 1382.51248753463 4577.42059080332 0 136104.470170456 0 0 1416.1641507606 735.167182088836 0
0 2190.7772795459 0 67.6322458047928 0 130.229958907307 67.7455008839741 390.059389704742 0 1325.0727500169 9879.84908328314 0 119.07 1070.496 0 0 0 0 0 0 0
460311.920905208 20519.853466312 93875.9387892619 633.475518697913 0 1219.79522914154 634.536319195898 0 0 0 42814.4963917976 1069178.12222605 992.25 3746.736 0 0 0 0 3146.28257381823 1633.3160902335 0
151488.518342873 0 0 245.367000374504 0 472.468923599109 245.777885134062 1415.11938988398 0 0 69066.8835722532 299005.679882878 856.17 9126.432 0 0 0 0 1035.440673486 537.52384689164 0
384055.239759814 0 142583.381752611 0 0 0 495.309976527079 2851.85443517069 0 7749.47408103473 47226.4112328226 812104.407492988 1950.48 3299.94 0 0 0 0 2625.0597765612 1362.73594958095 0
235575.104796473 6878.58920269562 29736.7991447268 0 0 408.895234385934 212.706912410696 1224.70610384877 0 4526.2122651214 1892.25612151663 367622.355086722 0 1104.516 0 0 0 0 1610.18173413584 835.886692584177 0
229247.104940792 68692.8215570688 52577.1618959333 0 0 2182.39444921303 1135.27951885152 0 3447.48688315281 198926.02788544 383308.754856364 639814.452183638 28418.04 82339.74 0 0 0 0 1566.92915959051 813.433170279226 0
71608.9132471543 11613.8584283904 44961.1153900832 466.909219088449 0 899.061796511015 467.691092290338 0 470.387166403735 33512.4749345041 232955.079111546 333039.357474887 3594.78 42985.404 0 0 0 0 489.454792820756 254.088553650119 0
294905.399893098 52339.5314222976 25693.3990971351 0 12091.4122134745 1635.58093754374 850.82764964278 0 855.732370812331 74385.8072557139 383547.775073484 701056.385303128 24777.9 81450.684 0 0 0 0 2015.71082231351 1046.40725748515 0
41502.5219110344 2551.94134233931 0 0 379.389809787366 151.699225315864 78.9137928704164 454.363248993296 0 0 6199.37652373085 147142.052583504 0 587.412 0 0 0 0 283.674298943664 147.262614205728 0
254384.435838188 8945.52137287147 84060.104310347 276.16029524803 0 531.76326579166 276.622745603373 1592.71535261504 0 10394.0590893038 18995.2641381935 484964.199321925 0 2478.924 0 0 0 0 1738.74557920278 902.62748647139 0
17.9086262944881 40.524558317568 14.6433751369399 0 0 0 0 0 0 54.0494108153657 744.790194478119 0 19.5358055073721 369.619041495014 0 0 0 0 0.122407429120164 0.063544840253637 0
26142.3607892111 372.9810569472 0 0 0 0 0 0 0 10332.6321080463 201225.145288735 0 9553.95 48848.184 0 0 0 0 178.685909389042 92.7604447648032 0
138918.176320197 6789.51833585804 41521.1924107561 209.601577154424 1009.37824363462 0 3221.73419533025 1208.8473817945 0 0 16572.0683870554 375955.588114765 102.06 3229.632 0 0 0 0 949.52100411245 492.920739839796 0
190553.982311912 13069.5293262405 171617.260290833 0 0 25500.1508209504 533.495720366011 0 0 12961.7755059288 0 803502.395598917 0 0 0 0 0 0 1302.45741353089 676.139094455928 0
649014.5897554 0 239650.386998204 635.88624759321 3667.2585243503 1224.43723268934 636.951085030804 3667.38378574246 0 525.775527621825 13016.6426573807 1272557.01320294 0 7851.816 0 0 0 0 4436.08605635419 2302.88620411829 0
37741.2813865722 25698.0831489447 6098.90975556084 177.638456992637 0 332.672578436219 173.055959209553 0 381.436537703776 11819.3286653733 113456.215749585 85215.3774236595 2730.77916936528 17158.0048717617 0 0 0 0 257.965806548372 133.916675530575 0
220952.941056538 39503.8384970112 33396.026934944 749.623683520569 12810.0739496969 1443.44550944825 750.87898250736 0 755.207534879654 104194.993691316 306951.75466192 558639.12925379 7920.99 68230.512 0 0 0 0 1510.23763780219 784.003145307147 0
174773.082578926 105765.852476045 0 0 18798.7855639937 1104.25285958469 0 0 577.742682014738 165825.029450814 288168.749266496 61154.9440254383 16936.29 63086.688 0 0 0 0 1194.59322932418 620.144026151896 0
40634.0565905067 0 12735.7510153986 214.328865847547 0 412.703127921236 214.687775009643 0 215.925374275928 12870.0705239603 66238.4776696548 215220.684131565 1366.47 20359.836 0 0 0 0 277.738243021913 144.181055120665 0
12008.0874397006 0 4155.07595990138 378.220763088791 0 662.07894351448 344.412837333731 0 381.038081389207 29580.5883801148 191904.323653933 99088.1880117736 4587.3619565058 36133.3159160416 0 0 0 0 82.076597499624 42.6080697402419 0
138676.685975789 9113.16371778968 3233.32022013161 414.193358323309 0 77.8655908381321 4.17391302826808 0 0 5130.17856105925 9567.02043042574 218784.203366151 195.021600980192 1581.5147943639 0 0 0 0 947.870391065406 492.063864214281 0
38167.3590216366 0 35928.6605075156 265.952365082004 1280.74671384351 512.107282018961 266.397721521192 0 0 15543.2565310451 108695.05856201 230026.550120497 2313.36 11360.412 0 0 0 0 260.878094015662 135.4285187513 0
0 12318.0209410752 0 0 2282.68771999246 912.733947585384 474.80333228846 0 0 6240.72691481558 360960.364555551 0 9553.95 50628.564 0 0 0 0 0 0 0
380017.744789512 0 138077.004882029 493.29540020026 8322.8301470076 949.869975967751 494.121458967711 2845.01128798289 0 0 14859.090164355 1003113.12711431 861.84 995.652 0 0 0 0 2597.46305466453 1348.40978247613 0
0 310.374661238479 0 0 0 0 0 0 0 9453.92348500072 21505.6187927368 0 272.29502232512 3359.35544898296 0 0 0 0 0 0 0
69532.0953360431 105871.959156038 1823.91093312323 0 2263.43719083119 1324.49416853597 43369.2926610999 0 692.97245336603 175060.390892519 359884.773578506 40651.2923763122 20899.62 143029.152 0 0 0 0 475.259514128271 246.719419902654 0
1069449.3510132 1375338.70930735 94661.9106410569 0 17770.0247613739 4419.4412370708 32758.1406351934 0 10604.1096718147 344863.02650882 639339.244095799 1024117.77150879 37903.95 157449.096 0 0 0 0 7309.80386094961 3794.70692235089 0
483322.44150379 168693.544420128 86661.6918778321 513.794534653466 19908.8503379085 0 1155.25793306375 0 8668.41961694777 107052.469384913 543282.994340301 412004.513052238 27556.2 95945.472 0 0 0 0 3303.56201127324 1714.96388563365 0
37757.3604761435 25980.059828736 16456.674485275 314.995631045713 5027.36365219814 606.543041694435 315.523113975068 0 317.341993388831 0 153670.081257371 285163.13756508 5267.43 26474.364 0 0 0 0 258.075708892898 133.973728660248 0
109740.91179944 0 0 189.769565226704 913.87323055642 365.412716778065 190.087348066534 0 0 6629.34360914475 45891.8816872304 220607.564325993 255.15 5679.072 0 0 0 0 750.091194141816 389.391603516243 0
88348.5230416854 0 20660.5425515343 307.771515996747 0 0 357.53983856963 1380.57778979316 0 0 13944.8844704906 241245.486284495 451.104378818738 1194.7032586558 0 39016.3400441037 0 0 603.87186567318 313.485394748372 0
19125.1366128161 0 4028.36496599417 262.336271739058 1263.33269436487 505.144276697267 262.775572768832 0 0 50520.1702627928 141858.498861309 15706.3642032511 7053.48 34001.856 0 0 0 0 130.722410856675 67.8613608272359 0
433501.369177915 2102.8414762368 232534.127342704 603.247238409221 27511.7930606841 0 604.257419469143 0 0 11727.0802465216 20754.9221866728 1232807.8299501 1315.44 4805.892 0 0 0 0 2963.02950592428 1538.18471619019 0
0 56.7369220266691 0 1.75154521298962 8.43491568496894 3.37270570269552 1.75447830192414 0 0 0 0 0 0 0 0 0 0 0 0 0 0
0 0 0 0 0 0 0 0 0 0 0 0 0 0 0 0 0 0 0 0 0
0 0 0 0 0 0 0 0 0 0 0 0 0 0 0 0 0 0 0 0 0
0 0 0 0 0 0 0 0 0 0 0 0 0 0 0 0 0 0 0 0 0
20510.5441035251 0 5041.94847263432 0 2166.99253940279 90.1759403140054 46.9094384695599 3511.18623564626 0 0 4114.7255426376 144518.062986328 180.789024110218 910.767347876004 0 0 0 0 140.191823330467 72.7771760458711 0
0 0 0 0 0 0 0 0 0 0 0 0 0 0 0 0 0 0 0 0 0
0 0 0 0 0 0 0 0 0 0 0 0 0 0 0 0 0 0 0 0 0
0 0 0 0 0 0 0 0 0 0 0 0 0 0 0 0 0 0 0 0 0
0 0 0 0 0 0 0 0 0 0 0 0 0 0 0 0 0 0 0 0 0
0 0 0 0 0 0 0 0 0 0 0 0 0 0 0 0 0 0 0 0 0
0 0 0 0 0 0 0 0 0 0 0 0 0 0 0 0 0 0 0 0 0
0 0 0 0 0 0 0 0 0 0 0 0 0 0 0 0 0 0 0 0 0
0 0 0 0 0 0 0 0 0 0 0 0 0 0 0 0 0 0 0 0 0
0 0 0 0 0 0 0 0 0 0 0 0 0 0 0 0 0 0 0 0 0
0 0 0 0 0 0 0 0 0 0 0 0 0 0 0 0 0 0 0 0 0
0 0 0 0 0 0 0 0 0 0 0 0 0 0 0 0 0 0 0 0 0
0 0 0 0 0 0 0 0 0 0 0 0 0 0 0 0 0 0 0 0 0
0 0 0 0 0 0 0 0 0 0 0 0 0 0 0 0 0 0 0 0 0
0 0 0 0 0 0 0 0 0 0 0 0 0 0 0 0 0 0 0 0 0
0 0 0 0 0 0 0 0 0 0 0 0 0 0 0 0 0 0 0 0 0
0 0 0 0 0 0 0 0 0 0 0 0 0 0 0 0 0 0 0 0 0
0 0 0 0 0 0 0 0 0 0 0 0 0 0 0 0 0 0 0 0 0
0 0 0 0 0 0 0 0 0 0 0 0 0 0 0 0 0 0 0 0 0
0 0 0 0 0 0 0 0 0 0 0 0 0 0 0 0 0 0 0 0 0
158781.294119064 10683.213066724 93322.6669066499 0 4252.68754409343 1037.30512149649 539.605138594176 6291.45917880487 0 22035.6825518722 7095.65813268304 467898.032405528 410.626880053907 1776.65443665768 0 169233.039790834 0 0 1085.28759748978 563.400665363545 0
1663.14057774637 61.4997838078174 911.900435440374 0 0 0 0 0 0 0 30.3615597982998 27989.7181499704 112.373333333333 696.714666666666 0 0 0 0 11.36774865027 5.90129028292703 0
0 0 0 0 0 0 0 0 0 0 0 0 0 0 0 0 0 0 0 0 0
0 0 0 0 0 0 0 0 0 0 0 0 0 0 0 0 0 0 0 0 0
0 0 0 0 0 0 0 0 0 0 0 0 0 0 0 0 0 0 0 0 0
163176.372789934 47014.9052989824 12177.3791919268 0 5008.97833205601 0 0 0 0 102411.928858512 250811.881165627 150175.394511168 5284.44 38297.448 0 0 0 0 1115.32844328305 578.99563995568 0
8824.87575615279 19893.3948218304 361.425935899314 0 0 63.1217124751553 0 0 95.7206184843997 10104.0340525586 265641.093802842 3311.15960472681 20105.82 109249.56 0 0 0 0 60.3189957650743 31.313139878044 0
19085.8133322446 45140.3539524288 0 0 0 88.9711666260822 0 0 0 21693.9554657875 406254.695699979 4667.13784157322 17973.9 87576.552 0 0 0 0 130.453631911816 67.7218307738934 0
200643.22872046 143356.555379232 0 0 4400.21995401658 97.5153856059852 8299.13158944 0 147.876739333135 19499.4141331051 366149.095102219 98072.1489942495 33328.26 135878.148 0 0 0 0 1371.41852167632 711.938576826505 0
537618.137360739 93097.3579555968 108814.588484263 0 6520.66021040898 0 0 0 162.616194972906 65950.5390082159 181814.711823368 991541.96669667 5925.15 33176.304 0 0 0 0 3674.67906027797 1907.62027719349 0
73047.4137201521 10372.7318078592 407.893802562601 0 0 0 0 0 108.027242040877 26037.3185200547 298197.639209864 3736.86929440489 18892.44 84233.52 0 0 0 0 499.28710166412 259.192757694489 0
371.78844964846 896.74565274469 34.1080926097841 0 0 0 0 0 0 968.374413367385 26106.8631266997 36.5918009299687 1096.11420642802 8067.52782946486 0 0 0 0 2.54121491786594 1.3192099300397 0
5166.89616811018 5530.408775424 4279.81374443782 327.088549273619 0 17.2835554499023 84.0403493388063 0 26.2095648613024 1554.4667773167 60910.3186629994 906.639068993848 1020.6 7429.968 0 0 0 0 35.3163032199658 18.3336000322227 0
84702.6511825529 41783.524439904 0 98.2892182631445 1561.60058572197 71.2925584801822 0 0 108.111258764475 17693.4894947518 294881.23369731 19379.2370630884 16664.13 196488.18 0 0 0 0 578.951930785971 300.548816528237 0
7.20251639172706 1.47287585411584 0 0 0 0 0 0 0 0 31.6526973964639 0 5.41197967498935 40.7879765480646 0 0 0 0 0.0492299911902509 0.0255565528036823 0
0 0 0 0 0 0 0 0 0 0 4.43907403794804 0 0.689252932702203 3.35446799753036 0 0 0 0 0 0 0
