446861.164058446 69639.9361802198 243691.449201038 855.158350896633 171867.255320983 9108.40672617353 0 750.764184160564 985.852463355316 113913.279714311 22113.8625327608 1582361.67377045 11017.7288311601 2817.96865842184 0 0 0 0 9459.05913045769 4910.44053220481 0
105285.638187985 8123.75315202983 104640.805842962 463.032457798517 13664.9309868964 0 0 182.28097822231 11.6114376927443 4834.47302006521 8949.35212785766 243645.778145456 1914.0803190113 419.282665791252 0 0 0 0 2228.66330151229 1156.95635870857 0
1494809.3795251 71444.3814492705 273393.213576486 86.7401232427763 236121.278315177 45814.9240214825 0 25948.634289804 4742.17207868945 43860.9241573478 160209.412808458 2915968.6850786 11463.7003712534 6600.4578147139 0 0 0 0 31641.7971552374 16426.069561462 0
0 0 0 0 0 0 0 0 0 0 0 0 0 0 0 0 0 0 0 0 0
14579.1346080775 11520.6131641536 1261.90995202443 1193.11056315351 0 268.321010418939 344.729565619038 0 90.5217432300816 82958.2343365045 147106.984462257 0 44781.66 18119.052 0 0 0 0 308.607924385818 160.20629954455 0
140687.666345829 10482.053841792 63608.7641799002 174.18353108741 8048.68459555493 324.039344639905 416.314556757155 0 109.319081297955 27134.5891863959 52913.1005651595 283323.479316863 22901.13 5166.504 0 0 0 0 2978.0456703936 1545.97999282728 0
332929.346593025 100663.085774534 71507.3665295683 2357.97513759601 46821.690524629 747.393275306945 2135.018529864 0 252.143289314513 149548.847900086 157932.608462695 454598.561862305 56484.54 18427.5 0 0 0 0 7047.37540198543 3658.4735693367 0
111018.433627622 0 79789.1042344321 131.520261503777 7421.94946004319 244.671462786949 314.345443743777 1268.96137993393 3236.65609124161 17190.5737726788 28363.732431691 239387.543185635 12196.17 6738.228 0 0 0 0 2350.0138582576 1219.9525493687 0
597575.686585221 27896.4107764992 667092.572308829 693.610472737013 270205.373064864 101794.526179321 1657.79241422499 42.8668109470115 2187.83404998984 71619.7707843121 35524.3797696074 2264682.12901157 5789.07 4304.664 0 0 0 0 12649.3510937419 6566.60302680589 0
513289.636596122 369112.986158342 278796.03651653 8698.91714333302 108667.864669407 1708.74062953369 6746.390840448 0 2363.36506197928 298183.303578221 449716.538513146 1096975.97050208 87403.05 31085.208 0 0 0 0 10865.202470311 5640.40565398658 0
478854.139662855 113637.312331625 216556.810540748 592.694996452916 46140.5720990249 824.581895141073 1059.39433548452 4357.29307195431 1507.65775869261 223121.791744487 130906.35733694 680801.196457583 41846.3704746303 17216.2960624219 0 0 0 0 10136.2794224449 5262.00297886484 0
146214.766884923 3716.9491537152 94758.8609948073 1344.50906264458 3061.36008499965 432.719151529309 555.9426185405 0 1781.00941170494 59846.970926693 76506.3878301441 394941.763345485 23842.35 5672.268 0 0 0 0 3095.04212259019 1606.71585598945 0
744518.784895563 0 611990.035155578 714.335537971494 170677.872444785 226854.452815168 1707.32721405934 33989.9840884143 3973.69238467791 8435.26824749798 15247.4980171766 3051396.99740636 4116.42 3381.588 0 0 0 0 15759.8103762326 8181.32232645952 0
348043.265845441 739965.478797792 352118.500310698 12643.4694668271 120220.791284052 2321.89907248147 12435.311688048 0 6647.87340987604 642063.358448443 858610.415777169 956652.896346515 165518.64 40930.596 0 0 0 0 7367.3035304519 3824.556477557 0
16539.9908858309 22756.2330831006 0 3982.93405426541 3701.76360720599 135.9810550738 174.703762388266 0 46.5876914065769 43475.1743579087 74100.9633712985 0 20867.9623748284 14207.3177209739 0 0 0 0 350.114900085261 181.753636656283 0
605151.40536098 178837.986098304 134447.328803917 1737.41076561488 26131.6683620149 968.104367835886 1243.78705073035 69.8809899211654 651.210356634831 293634.202274015 203714.939217078 446284.659744052 64456.56 17726.688 0 0 0 0 12809.7122475392 6649.85062030723 0
155999.598843504 49381.4057982336 68270.6763773546 225.883597429437 41715.4742771547 420.2186763524 539.882439835004 0 141.76648732004 39638.9028215759 100249.062730829 202947.167324943 33781.86 8400.672 0 0 0 0 3302.1652998142 1714.23881684345 0
767954.322441593 199805.309135827 556811.804143249 713.362120957326 77787.063833345 1327.09098686226 1705.00065844146 6882.81007848063 1290.29840581183 144359.672040514 61597.5017872222 1476309.63510242 14900.76 7618.212 0 0 0 0 16255.8886959251 8438.84932302122 0
276606.63777012 72474.077789568 190380.943053756 1964.50851485148 17741.4253744862 827.112521867577 1062.64559728772 0 1294.66243649665 57538.1305662667 245822.334133226 636697.342980228 46284.21 15708.168 0 0 0 0 5855.14865239541 3039.55804359325 0
103147.928216064 14070.3888379392 48158.4032594895 1083.23366706764 0 380.987455337734 489.479522232785 0 1036.21484149563 19339.3954942637 84194.8714808693 233934.615716095 26286.12 8421.084 0 0 0 0 2183.41272559623 1133.46562257728 0
1348314.76726043 78030.2093965056 1130161.16114175 1048.1304021581 141184.141872779 9780.87527560455 2505.12744272692 10112.7916434005 3036.39557203821 56349.4206777304 45164.861860154 3651939.09544527 10041.57 3309.012 0 0 0 0 28540.831327015 14816.27855774 0
242221.116643405 19726.196416992 185294.93786503 3654.18355954474 30824.0106249565 8655.94112197724 733.872036242031 0 1009.5457650884 37535.8007110886 97181.6366111098 754024.689033084 22186.71 9155.916 0 0 0 0 5127.28348144344 2661.70453954715 0
468545.789510273 5932.328017824 226122.442717936 292.272090656888 26595.7955549363 6638.35747777382 698.557005445299 0 183.432476309197 16413.3403840204 30694.1795486207 1117668.09852165 6441.12 1957.284 0 0 0 0 9918.07452689038 5148.72721341304 0
810895.802349169 40947.532415712 686899.477734933 222.860850929952 85619.2102138926 9831.60411006401 1614.8553094264 6518.90798046256 1246.65809896362 28414.7382971273 17498.2717283993 2247070.05928499 8357.58 4465.692 0 0 0 0 17164.8645261496 8910.72202177164 0
336109.469088312 479013.783800198 167554.578481968 6695.14670417321 126448.920622866 1521.86503378378 4865.700536712 0 5642.69167547247 367402.794779912 317976.562176626 620995.811504424 84851.55 39826.08 0 0 0 0 7114.69153760981 3693.41910422366 0
812342.936743091 13620.2392864512 359726.770050204 520.6328164582 24218.3693792238 46440.4679885312 1244.36000845714 5023.27876828858 4433.85517577728 69905.285368154 45234.5760901477 1536617.24091545 8102.43 5062.176 0 0 0 0 17195.497149664 8926.62420337751 0
843884.864934384 14349.3985586188 174306.62490787 456.147571422627 0 1428.28570658016 627.710703607838 5646.69266933767 293.622704228555 12134.4230068586 20576.3182139209 1182485.3774421 4068.7177552611 5906.06503632112 0 0 0 0 17863.1697689187 9273.23020790862 0
0 0 0 0 0 0 0 0 0 0 0 0 0 0 0 0 0 0 0 0 0
6491.96220028565 36921.6874430276 168.903788900125 2802.85152342846 2868.11814624205 1.88555229766288 54.2663355891892 522.006384697801 96.2739514600456 37805.2807123594 36042.4318706782 142.189088901644 7297.72531821295 3140.7576569765 0 0 0 0 137.420432260179 71.3384757634807 0
39482.7160993166 253909.051627527 0 2828.07312771351 0 11.1121129486954 3017.86603252364 2201.06028468727 236.148462599313 172033.94812084 315821.043124877 0 44002.63020744 28258.0597499236 0 0 0 0 835.761476389258 433.8652473059 0
116556.981915367 96824.792931836 2221.53489444367 8488.46398489867 0 9.45356299747988 578.16791822845 81.1503779562919 205.392053692047 127029.049740997 155876.795735703 5448.51046058192 43860.3393831998 18352.5741133528 0 0 0 0 2467.25263388731 1280.8142088486 0
137707.350324791 649721.417065801 0 20629.438470041 1201.17424928586 26.4235271311618 4892.471928936 4758.09812378784 368.033254419834 604869.817235984 819552.046954869 0 125130.566626708 62564.7170348246 0 0 0 0 2914.95899440139 1513.23007906083 0
174996.763140953 483737.118471794 5594.08725650928 12039.4604487264 4374.05068844241 16.786879452206 1026.66424807464 2914.86408953375 319.358861224902 497897.598467472 364027.877332817 6191.76304420344 53903.071952011 39448.5309059552 0 0 0 0 3704.29310785326 1922.99368986918 0
8002.91474186519 135929.576355601 0 438.266993045991 464.553648846779 7.63199769973391 466.763295823571 0 235.512433567249 191707.99362773 222283.58048585 0 47551.5366312005 29941.707109287 0 0 0 0 169.403944329818 87.9419383132933 0
45701.4566817227 165432.79148881 117.965240148242 11315.9517844967 2075.91364315331 9.3494822152942 571.802469647852 0 136.906680048417 330375.53507748 74281.6900237342 4022.69613567662 14692.349928321 7828.13577670098 0 0 0 0 967.398413355801 502.201362124596 0
7626.60606053873 5352.67742644145 374.011303078181 13763.7749557625 62.3044174793863 0 0 15187.0958360404 0.65121651679107 6410.038488618 16801.7587817502 119.39649196777 1656.22804319057 454.662989387796 0 0 0 0 161.438324682669 83.8067805729702 0
156804.936608061 293565.793022779 5211.79876374192 26082.3069653276 2704.77816808032 16.6454489575209 1588.714807293 0 952.813366185734 594121.365701884 190231.240283749 6295.44920988289 40346.7185928235 24634.542450015 0 0 0 0 3319.21251301516 1723.08846304066 0
49211.849101728 62776.2692423766 493.892342395481 3534.03362544604 4446.75070252445 1.28895669956398 78.8309563147972 0 80.3329791999765 116625.409100053 27709.6773031373 1008.83745205908 6378.29877295038 3172.79616962206 0 0 0 0 1041.70563032308 540.776146889028 0
82944.7582616973 57428.6456867806 1710.37418187325 2078.82601345673 919.633196341435 0.617725132094439 37.7792853081578 0 202.505671563834 118571.671614103 26051.9412805223 1184.4846951948 2956.4586535446 1311.06752039694 0 0 0 0 1755.75645427155 911.458268610914 0
1237.29347011622 537.469819929496 18.3378070571735 92.7036348587163 0 0 0 437.161249921435 9.15618324849485 1788.65391629085 376.230495752019 68.1810063565502 48.8090587044535 12.9055627530364 0 0 0 0 26.1907568544661 13.5962945419359 0
153402.400674756 619712.82122252 0 16103.4527185794 8090.29468943529 29.0862468042147 2797.610487408 59.897991360999 680.173540313395 973084.96569085 620048.614724738 7348.36530370555 149606.850141133 62754.5697679164 0 0 0 0 3247.18837850699 1685.69888501729 0
1336.36730002551 2904.26825461449 0 79.0039012791198 0 0 0 0 3.94772972585976 6503.35443723964 12442.161019537 0 4614.31102274447 1797.57910221388 0 0 0 0 28.2879299604969 14.6849909630995 0
15129.3682149684 32739.112972586 1864.78367980579 3230.72026040823 2351.06683932472 1.50992153431356 92.3448852475088 36.8709090468029 306.342278466577 49313.5061881344 63139.1372180135 350.724199280663 8387.53055871075 4958.76825032556 0 0 0 0 320.255148718038 166.252672831768 0
526352.891305987 762911.120852754 54919.0658584208 176498.158156717 17452.9966635422 49.899203830861 4746.2908958784 168485.185587151 1182.95715824756 1306011.83832057 960343.678860321 19762.8432714824 169143.580726836 81647.2683830432 0 0 0 0 11141.7225814224 5783.95434554717 0
118796.876667643 332220.893124921 0 14007.9631410819 2972.29342297777 15.6101486753653 954.696886801141 230.348448258657 526.108143669985 275300.638223897 362943.066302417 0 63850.6854494203 27706.3939558378 0 0 0 0 2514.66623482625 1305.42782682237 0
17815.9423336462 13938.3448191197 734.002725875983 3895.36925953353 203.757004167297 0.282806708653688 17.2960994756083 0 103.939623452566 21483.7139461844 18989.1787600981 835.157806143231 4119.8918262043 1184.87402590743 0 0 0 0 377.123960534514 195.774733610813 0
3538.37551687436 2497.02044710658 253.755622548786 739.392983282215 0 1.15605663639559 491.748204535579 29.6796720890106 25.715805170612 3898.59078683035 9174.5370535961 35.2862605200389 1557.71610620357 298.872803151978 0 0 0 0 74.8995570255034 38.882283701764 0
443141.732318518 283369.142661696 234949.072517942 14643.0030076802 39053.688483244 4737.80614464794 6592.45533516 2081.70939651731 1246.17320666531 217122.433102265 935186.517837306 867097.624023305 79776.9 26497.044 0 0 0 0 9380.32701500567 4869.56866899201 0
357257.12468618 750001.698160821 36663.8241525323 58913.5060342372 35058.7626976939 497.669319106537 15386.857680744 275.64168246682 3048.51787949604 1467119.46031483 635558.593482597 96264.5705133791 132362.570880813 47738.51023099 0 0 0 0 7562.3404739238 3925.80516405879 0
266008.592961391 104253.369567991 22396.070218259 5030.46935948922 15995.0217554155 83.9589960065203 247.144355726584 0 246.312182345931 251927.261596288 38605.5327377135 181788.516966648 11061.5906634468 2762.27811734592 0 0 0 0 5630.81156388555 2923.09889928485 0
286576.381345702 554005.48372416 21325.4486674695 14789.5996890904 16565.9905733993 235.879222248031 9791.636705928 273.053497654925 1338.30274334485 766054.943744999 118404.640056311 157273.060221888 34263.81 13986.756 0 0 0 0 6066.18599817962 3149.11294987466 0
418404.369346514 829728.514718438 0 37940.8594163042 5991.98011565526 736.05543364343 12254.604790536 0 903.354351757773 1415479.15958015 1706803.53375815 58498.5548386526 189746.55 65656.332 0 0 0 0 8856.691940168 4597.73625309268 0
100113.958876378 69214.5090545488 34196.8344640714 64395.7082394149 14302.5956476719 74.4395015043348 722.827590048 26656.2636182058 0 236482.410195498 87817.4861125484 5551.00252175161 22183.504260691 6399.4891979356 0 0 0 0 2119.19032792032 1100.12612651601 0
2029.2635585566 0 0 731.571107615434 0 0 0 0 11.3872122132727 11132.7253022534 11068.7875748176 0 0 0 0 0 0 0 42.9550060187359 22.2990468403275 0
70.6767204039812 15.5375892981417 9.42337913161769 0 0 0 0 0 0 194.012235693748 20.4875996590044 21.9057665894265 0 0.77701506456241 0 0 0 0 1.49606931910656 0.776648007186466 0
542059.025664446 388160.742894163 96256.6661925881 60483.1356269084 9909.68755660837 369.68886481343 12482.16162444 0 892.686721194879 1024827.94255713 233731.89481719 454231.274576322 72462.6 24344.712 0 0 0 0 11474.1865893892 5956.54495077583 0
520195.76580699 299057.975097454 40199.1100710981 1350.17866933817 35050.1628601797 24.4213310360893 115.746901674353 19885.9944790939 573.346038537932 411548.549974093 67276.9080446747 407606.15944265 34101.0722458502 9947.6550592431 0 0 0 0 11011.3898990302 5716.29530277524 0
79153.6574907393 48936.6198017177 2934.40003912675 22613.8631689999 3342.04263916952 133.28488805245 255.545107592727 1484.61808546326 168.949323994297 335632.11260311 169629.968665428 4010.95171855374 23473.9520449819 7196.03181082954 0 0 0 0 1675.50726448668 869.798853148821 0
180825.100041969 181416.699957542 26680.0115205953 10326.451012862 1605.65129241274 121.6658163794 2744.06770296 0 502.833313350944 318825.707988765 67254.313592419 126139.019098172 25945.92 6735.96 0 0 0 0 3827.66606530213 1987.03976067596 0
564076.609715855 106219.217381472 91690.6674467051 51224.6654472101 9825.93220929422 344.790607814341 940.405820589188 13250.2121444966 1761.12882747409 493771.79985354 202171.266981505 516874.698655484 36066.87 9913.428 0 0 0 0 11940.2499804448 6198.49042700684 0
803117.306099694 683970.089946624 190555.661070943 46148.8612758397 95573.4311015118 10555.1574857752 35137.452294 278.229867278715 2309.54201686649 1047001.95393944 398357.069359273 729198.968137055 85378.86 15601.572 0 0 0 0 17000.2110232549 8825.24615961319 0
515161.382851307 239656.405858272 134522.504211906 41476.974743037 44445.0814742563 2839.03477062589 2529.896565168 2996.46453821385 2359.97081589108 466317.173389461 330654.592859752 571703.602452598 38890.53 8237.376 0 0 0 0 10904.8231845933 5660.9737843517 0
3703.00564613978 7282.44098822706 11.5428733150558 1361.75398206815 114.397547551035 0 0 0 32.1221359449036 41036.7093288128 15301.2244757062 0 5150.24652617738 1000.36327305631 0 0 0 0 78.3844115007358 40.6913611615841 0
751777.980243187 1558041.55084057 219367.543471868 33654.2481695197 156077.885438584 4194.0286384246 69183.970354872 0 2603.8716419427 1437904.6288235 800707.768179608 828978.680829299 124360.11 31713.444 0 0 0 0 15913.4714315122 8261.0917267413 0
101118.664657507 187837.761774125 28803.0687324031 34402.4844104748 24777.6916742145 204.673912485882 10916.035179336 0 795.223369233896 359447.582448938 364266.810892391 25302.5500041504 51262.47 17068.968 0 0 0 0 2140.45771957749 1111.16657573695 0
349913.523279233 475509.04800647 26994.7113319672 33272.0799422596 10776.6575419773 300.777771184572 14724.2657232 0 991.604750050802 829605.203170594 248073.107844449 147011.568942431 70149.24 27597.024 0 0 0 0 7406.89272968943 3845.10824765298 0
13247.1524069053 7910.7812779021 503.852535879015 14176.4766833631 0 0 0 164.026212453847 0 51264.9203100947 14757.3349769233 1186.43923651114 6667.61872273143 2170.43178626116 0 0 0 0 280.412817236258 145.569495286582 0
202.320613005987 141.69552157465 0 84.8436842387198 0 0 0 0 0 1887.8592700095 574.916855610441 10.7759508766797 222.946299306013 59.0805514674524 0 0 0 0 4.28267837006255 2.22324833418548 0
367049.55974752 230447.632176403 35188.3123516032 39730.5252610344 22809.6452936668 238.41266256416 1064.162840904 50.954888484183 880.564413737045 661974.249081427 208565.057789492 328322.615486464 48092.94 13739.544 0 0 0 0 7769.62459195974 4033.41167342172 0
24112.0384604878 49334.8430028516 27893.8882540504 778.712688774518 0 83.707644417873 228.310035871877 0 108.66653940666 126654.157661748 181479.722589379 0 23641.7873092889 5260.27229870052 0 0 0 0 510.398342702687 264.960888288279 0
3666215.89728388 4406836.55177999 408214.253879834 15241.4456348663 265865.638717143 1364.8319944959 24710.3543702986 36847.6636438478 22189.1564631173 4078225.85945822 416509.454249595 2126202.62044142 207864.118722403 58051.8871394634 0 0 0 0 77605.6541644253 40287.0882274339 0
723174.667420164 631232.709397233 150283.894497596 13893.7870769063 61472.3954143565 4004.90798364154 3333.038331888 0 3128.21654089154 526462.411972756 107712.01843344 798539.784615207 47912.653744854 11004.9156232171 0 0 0 0 15308.0027779763 7946.77739840299 0
190331.969941739 55015.5232849646 36254.8508711658 29378.9607197646 0 152.57320724592 432.329504213107 12805.3678799521 1656.67593043254 217380.970193491 154250.012204895 68476.649553874 20289.6382388054 8730.12367890228 0 0 0 0 4028.90540261836 2091.50826911883 0
590523.139646937 237505.334072947 33592.001446803 49492.6214194504 3378.81327945377 1000.33701635846 2938.160296584 7311.29857050193 2577.68745783378 845127.011138212 328951.573812765 319056.666061121 48654.27 22680 0 0 0 0 12500.064326676 6489.104431881 0
18.7120751479655 103.365358786967 0 60.7954427084592 0 0 0 0 0 58.6647335994075 433.667500285644 0 214.527529784781 116.850884319754 0 0 0 0 0.396093103438776 0.205622102878053 0
419469.472171012 445464.780798586 40491.5485468611 34498.8032319793 6029.976443949 220.265189640986 481.885060032 0 1356.24375838244 791177.870043103 111443.176232662 160314.456695298 45172.89 17939.88 0 0 0 0 8879.237803195 4609.44038963676 0
240098.95062993 52259.1475738176 37251.7476881099 29059.7556457852 6745.3696788128 129.652980010791 3312.95978772 1312.87583086676 613.388757366389 205669.670522329 71735.9426634376 318889.131509619 13216.77 3032.316 0 0 0 0 5082.36193663119 2638.38461191236 0
1024647.08078851 130286.141616384 140742.361933531 47538.846380309 71267.6293109454 369.613013306958 4490.901045576 10449.6344164754 1614.69135338346 392297.123022528 195588.251834965 1119332.16767262 32177.25 11240.208 0 0 0 0 21689.5047155221 11259.5789506809 0
387753.70556609 254151.221416186 89615.8261862279 44532.343341908 38988.3184560719 322.357524775558 542.120692536 315.596785500449 1134.16308575493 613145.704429243 313494.933105607 438036.804900908 48977.46 18266.472 0 0 0 0 8207.88541052097 4260.9241202158 0
19705.2439971407 78350.1724816965 9578.17139993487 10228.323246123 1868.17365280955 0 0 23236.2379565413 65.944374399269 142939.11721432 87909.1392569385 0 15070.7373893609 9516.71011218942 0 0 0 0 417.116283850239 216.53577576925 0
438305.326803963 84590.2286333013 58618.2506364798 26218.7603599388 22835.8750170696 462.789366998578 174.884808827158 48424.3981482139 4049.70733397684 151170.597083805 115665.103124496 310623.82913415 16810.8832629886 4930.55096192478 0 0 0 0 9277.95104362887 4816.42267292209 0
486757.946081366 230656.630182451 64679.8841309612 60504.0376585546 19735.2112032327 2467.02331792319 3714.53067108 903.276499351361 2529.19822800243 579587.509883641 297241.55834138 404824.690974915 40625.55 13310.892 0 0 0 0 10303.585463519 5348.85584171751 0
8323.28601965555 10090.5270127072 50.5361254885133 3559.59209081686 1917.23794596681 148.854405355059 1051.90515289133 0 0 52494.8087596999 85764.461634556 462.576425593424 6933.33287928463 3301.19105799348 0 0 0 0 176.185493285195 91.4624145469592 0
36344.8100798034 56062.9112838912 0 6263.26553678172 0 70.6291302504231 192.638789123906 715.195887153559 90.4324320033168 149434.548872342 111174.278488401 0 19431.09 5059.908 0 0 0 0 769.338969866603 399.383618236761 0
37324.454556348 290590.827609139 0 7488.01160729157 0 358.940706346495 10655.014105152 0 285.11667140825 685336.970352274 639578.26431292 0 133562.52 53483.976 0 0 0 0 790.075869323924 410.148675332092 0
215373.200464791 375987.412880352 1523.20930117 36650.3001920978 7725.92008639308 464.852164831881 23050.168704864 0 703.093832554359 1067095.72301682 1132557.46212497 22615.5535435326 121179.24 62726.076 0 0 0 0 4558.97267914275 2366.67980611235 0
440544.930044978 215878.863477888 60118.5514448844 34149.9652713981 9119.52735316658 230.03107109912 2188.561314312 2329.31193381973 2037.03254521438 537045.411757371 124559.410647177 704998.279990857 25203.15 4572.288 0 0 0 0 9325.35847392137 4841.03308755481 0
3011.68849131819 7397.69017796894 0 0 0 10.0227275699399 27.3366824134216 0 0 4645.91930417752 49177.6691483263 0 4401.1688739798 2040.61449827086 0 0 0 0 63.7507615635441 33.094657642277 0
99592.3249654808 129093.245304941 0 9614.08717757009 0 149.309897912737 1860.611759568 1511.92326055676 191.174054424023 272717.480196886 270590.804132389 7110.55298391289 37994.67 11535.048 0 0 0 0 2108.14849568138 1094.39402781273 0
1806028.78560861 514379.461777459 650500.582089175 47679.2289442029 168996.637058455 4080.55624555476 11846.34105912 7913.05153926753 2041.39657589921 809648.592926513 549567.23421544 2084920.77706893 99865.71 36512.532 0 0 0 0 38229.6212972006 19845.9782690385 0
216652.309757131 0 449384.276615895 492.999458192365 27690.2662510197 902.579928384807 370.849777384657 27846.8298134883 104.500987269561 3029.85004868494 0 723273.505218467 2939.6669612711 2220.68093147964 0 0 0 0 4586.04858415241 2380.73560379497 0
45333.4203574481 29291.874386112 13616.0809654961 945.786334234946 3750.20863804856 2222.29597244537 913.091395837929 0 510.936405737856 105223.684941011 565651.30299254 7708.20027821094 202282.92 78579.396 0 0 0 0 959.607901148713 498.157107153704 0
0 13826.02193856 0 0 693.400691602557 0 0 0 0 46976.9004027326 60203.2171873498 0 45513.09 21881.664 0 0 0 0 0 0 0
38509.8541493949 85952.8415026944 28139.9697888373 467.27195915184 47077.4507559396 9636.25359841749 451.118809792285 0 252.431491838218 60509.9052876074 136968.543586042 168728.235180793 62137.53 17572.464 0 0 0 0 815.168147968177 423.174721622824 0
5052.16651475127 17279.3120692608 0 434.039281157588 1721.04184902002 0 0 0 234.478404092283 15613.2471898133 219271.17168137 1962.08734354461 116819.01 74868.948 0 0 0 0 106.943152915612 55.5169373059187 0
6333.11263989671 18182.8068385092 4125.35212042879 384.427906356991 3968.1195348243 1120.1328575752 460.237379327029 0 248.9494834103 19435.4066775685 146554.068110134 4824.78029535222 76498.8326491918 22356.7973683462 0 0 0 0 134.057939599327 69.5929194641314 0
0 0 0 0 0 0 0 0 0 0 0 0 0 0 0 0 0 0 0 0 0
369732.118133292 547877.019116045 85973.7072819667 5159.97721772924 41722.0112798718 4342.10205589802 1784.07200312205 0 960.571642958749 843229.647277663 804830.866924946 148604.758090843 373692.69 218179.332 0 0 0 0 7826.40839962267 4062.88960636148 0
6127.98885327879 7832.6021958912 0 259.432016559843 1028.69343135105 609.582423276056 250.463697297227 0 140.151382269266 0 138432.542415908 0 63356.58 35360.388 0 0 0 0 129.715924264943 67.338867787812 0
638.184178465592 9110.00120550001 1401.08194184548 27.5527240149291 132.239983049699 30.4524783276155 12.5122379231466 0 6.11426098063692 1615.24190550955 50700.6015695916 0 25910.308600608 10120.7110476914 0 0 0 0 13.5089427449978 7.01283912991688 0
23079.3453435638 74146.4052302125 3496.53545462544 460.094665719324 2033.97043769891 1219.97964266464 501.262175977735 0 219.153329204489 175600.092508578 212904.568340703 0 93876.0380635838 57889.6908554914 0 0 0 0 488.538521258628 253.612893549561 0
8917.44461506283 12192.6221374464 11452.5845687016 481.916050289779 1495.33937155995 1132.34888140148 465.256668560074 0 260.342580231527 27066.0097697496 287979.524927941 0 104628.51 25816.644 0 0 0 0 188.762512142202 97.9914680519627 0
4150.31658509982 10841.9670274382 1709.53354598264 68.7946747272859 7950.96176313172 0 0 0 8.47763701350159 5099.85328603875 34759.2894862156 2812.2096581236 16514.7952065776 8201.72235114612 0 0 0 0 87.8529913676807 45.6067441526212 0
251805.851006776 21578.2402859712 255688.153003103 481.228477641621 99995.3048770292 15029.5296830548 464.592864647584 0 0 37284.342850052 51478.9792624336 832281.044584855 22583.61 8053.668 0 0 0 0 5330.17103665066 2767.02868022848 0
129182.352385584 0 235141.417872174 4769.05273396873 24296.4048491605 0 0 0 0 0 8963.25814203718 286082.966689188 5097.33 2272.536 0 0 0 0 2734.50370743573 1419.55110495297 0
8038.1467004014 0 24406.0850417215 969.402332562229 544.599591266241 322.718439178927 132.597742940728 0 1083.24939443203 0 29877.527140124 71898.0971404624 16924.95 5794.74 0 0 0 0 170.149726702242 88.3290930967922 0
70122.2965496472 59496.9092909568 35225.6408300525 923.643830850375 7800.27849230126 1440.58382133393 591.903467653734 0 331.210031860218 90113.353473271 250552.942597079 94085.1488503473 110865.51 37712.304 0 0 0 0 1484.33339653533 770.555588365334 0
1162.49304064348 6524.03831757559 0 0 0 572.480856713152 235.219498675287 0 0 21415.4814709206 60019.4241214373 0 35276.7806096605 12908.8082007179 0 0 0 0 24.6073977660633 12.7743321736395 0
149524.714605674 175924.875429389 35494.1984944522 930.611485263344 25455.9057061242 2186.63992146283 898.441127032431 0 502.738589264394 97085.5941656474 440723.402843968 201958.069107425 153152.37 45650.304 0 0 0 0 3165.10637011833 1643.08800634558 0
23047.8484553128 47587.23830016 9987.9602406535 354.823674483087 2959.21941754336 833.722368562104 342.557755893334 0 191.684238129468 55526.4676779745 184951.852173081 0 75479.04 21355.488 0 0 0 0 487.871802034957 253.266782477163 0
4591.94446540898 2637.40680836081 22117.1985202233 31.0073957345417 784.581751603792 118.117432655743 48.531794501588 0 25.2170491425234 2316.11393491907 9470.82005684955 48193.9043129666 8218.03049859185 2373.17086074894 0 0 0 0 97.2012734953188 50.4596774975698 0
381968.741161741 0 387290.740678524 622.824051078006 140277.949871107 0 0 0 0 12664.3322740213 18384.6383668896 602616.949022895 9049.32 5690.412 0 0 0 0 8085.43055257056 4197.35465843827 0
196.524423866083 0 0 51.0371907781045 202.371409682721 119.921106285442 49.2728833991057 0 27.5715115256086 0 28881.6095687865 0 5057.64 8396.136 0 0 0 0 4.15998590937135 2.15955552672284 0
233291.761457199 314188.310168928 34263.3956078021 3184.73522716758 35225.8648296524 3580.00356717125 10708.5568896 0 703.093832554359 226014.897460738 681337.0880791 450899.914456084 268706.97 149354.604 0 0 0 0 4938.2688489431 2563.58218934205 0
11509.482660145 13697.407780992 9604.30643436834 342.206113255505 4447.20466104648 804.075127443085 330.376371814992 0 184.867929678561 30906.4571019438 200657.472273072 0 71402.31 26261.172 0 0 0 0 243.630205083229 126.474696627906 0
61329.317403033 42391.2263344128 16984.4576944619 2052.91845951699 1341.71980770571 1827.38678457605 750.832099123268 0 420.141352538541 151949.127482707 256478.652146537 34574.9430660903 137843.37 44196.516 0 0 0 0 1298.20554213573 673.931838813629 0
0 0 0 0 0 0 0 0 0 0 219.468898250377 0 168.797560474482 94.4239298687778 0 0 0 0 0 0 0
137502.779622085 0 39426.650008875 210.505794438359 30245.8944471539 494.621419472285 203.228808366295 308.49302157364 113.720266516993 0 9959.17571337465 292700.581473491 2687.58 3240.972 0 0 0 0 2910.62868662597 1510.98210507906 0
61795.3184990185 50963.35993632 52684.9997225646 329.998683081211 1308.50263641934 775.391563377647 318.590940947609 0 178.273183835045 18264.9846334712 170311.86387442 169366.155203817 53076.87 15690.024 0 0 0 0 1308.0697511481 679.052603055025 0
8968.06454242227 18102.442677696 1075.26755977759 229.89051804517 911.55621028913 0 0 0 124.192357989848 12481.4538296312 120047.904049018 0 56036.61 15864.66 0 0 0 0 189.834023664313 98.5477172027855 0
311278.905897111 50246.3360078784 303969.429170821 757.741246303047 150493.650867414 15452.7149599929 731.546848613005 0 3006.33224954277 131283.863266615 208714.445425193 743548.946836802 62630.82 26222.616 0 0 0 0 6589.08362096969 3420.56253547607 0
39758.6775337802 0 72449.9106104149 180.276723275531 1720.86596530342 0 0 0 97.3897990428317 11909.9586909118 30664.3020214805 213445.462249311 13358.52 3544.884 0 0 0 0 841.602967519546 436.897715378999 0
0 14861.3659069824 0 464.581981949402 1842.14901264957 0 0 0 250.978301795625 38198.735072003 143700.946368283 0 156129.12 78404.76 0 0 0 0 0 0 0
99210.992615574 4562.28074771633 201761.265736455 348.134455561949 1794.53840021795 1456.30951870403 702.392914454121 32.3523101486878 37.0442016116506 1332.40009484289 14927.1522111999 227821.439586863 6669.6269533536 2506.346382925 0 290062.305362976 0 0 2100.07653611934 1090.20366629146 0
42122.0326129091 0 23148.8411495031 73.0033274850125 10581.7731484707 171.534515537578 70.479671550789 106.985259673582 0 0 13942.8459987245 57055.1802411025 4167.45 1614.816 0 0 0 0 891.629949584215 462.868006614756 0
333852.11809236 0 265840.980690241 422.736551836132 105811.60304466 0 0 619.513949976976 228.372399294482 5577.7925539011 10516.8895533236 558239.623784826 4371.57 4390.848 0 0 0 0 7066.90842673261 3668.61366415081 0
191304.913826768 578.763709056 100248.739582312 267.284819962477 24235.9375740264 628.034004507874 258.045036718834 0 0 4640.54052640133 64704.7646097951 360755.049384316 16613.1 5377.428 0 0 0 0 4049.50046542381 2102.19969516537 0
313490.698958441 27819.2422819584 347024.718355629 908.390996946424 93411.3174527973 7113.16156872333 454.449475037415 689.835721784892 0 19247.9562720685 16512.3133327752 546558.921545054 14872.41 4018.896 0 0 0 0 6635.90237147696 3444.86735131318 0
126330.366125297 0 92966.5755781481 165.246626440381 31353.5078450498 388.276822265248 159.534206968648 242.166403216853 0 0 0 297275.563456797 2971.08 938.952 0 0 0 0 2674.13348767821 1388.21137338486 0
183744.976557774 63779.7607379712 125041.070685767 1966.48573406126 12579.6446039156 3516.91106360439 1445.01959771398 0 808.586219125635 147880.082095025 677532.682956591 447644.267065851 271201.77 83462.4 0 0 0 0 3889.47337110105 2019.12552051694 0
81780.3635848061 76342.1485784256 28220.3297077214 520.902625708079 13031.1063540723 1223.95488837727 502.895514966576 0 281.40406102821 87027.2797241864 285758.628743859 102476.374607756 91717.92 26515.188 0 0 0 0 1731.1088030864 898.663039853596 0
168650.114219186 149182.776717062 24066.4995780502 176.819889330989 11380.5131679788 1621.92516806384 666.412545410169 0 372.902901333355 90159.0730843686 393945.154518248 153271.561895645 125970.39 55561.464 0 0 0 0 3569.9486352076 1853.25202374165 0
24730.5143935965 0 8681.46349492566 71.688495578888 284.257453969372 168.445080277565 69.2102921391835 0 38.7278404624655 0 18922.4338554118 102220.240053056 3946.32 2159.136 0 0 0 0 523.490105631711 271.75715866127 0
120888.723934157 0 128105.116625152 184.257407028018 21267.7297777468 432.946088043045 177.887802864887 270.026411353926 99.5402596439781 0 14938.763570062 244350.754273862 2800.98 1483.272 0 0 0 0 2558.9459990513 1328.41458967144 0
31.7389876856078 98.4514760027691 0 0 0 0 0 0 0 2055.92022926951 878.709730893236 0 330.51688855583 172.378778434934 0 0 0 0 0.671843931417962 0.348771439807139 0
3412.37863258381 1768.44466656 0 434.956044688465 1724.67697715424 1022.00785876636 419.920025905213 0 234.973661685274 28689.0559637126 201623.51231727 0 110304.18 40583.592 0 0 0 0 72.2324826081755 37.4977368730965 0
70218.7721759088 0 105866.675588942 143.364928479738 568.467077305399 0 0 210.099109586999 0 914.392221951 10556.7262561771 155261.034694723 4791.15 1682.856 0 0 0 0 1486.37557143629 771.615733805725 0
49433.9863676076 0 494057.146304901 226.510287599455 18431.612679414 0 0 33132.7043550632 111.850424732927 0 0 554349.068845747 2891.97524271845 1198.85519152692 0 0 0 0 1046.40778325566 543.217155242007 0
355080.329041239 980.682951456 348867.293527976 379.479788392434 62275.5735107643 891.656365548029 366.361531281604 556.121824863054 0 6240.72691481558 11223.9910289732 683160.795566316 2625.21 328.86 0 0 0 0 7516.26254105216 3901.88492568282 0
6129.73761619962 29970.4375256933 3007.982942786 420.509647440589 4639.80753043055 1012.86682768148 416.164181977952 0 109.332852959943 31983.7494508306 117407.976557209 17538.1208861233 53418.9625887363 10536.9884509315 0 0 0 0 129.752941694972 67.358084486461 0
145222.020780121 116501.919279034 19568.936375991 695.630517086204 29971.7488957012 1634.50965664591 671.583228517993 0 375.796248323989 75505.9377276038 331610.673728236 183379.453891415 125539.47 52368.12 0 0 0 0 3074.02789073892 1595.80682852567 0
77524.7165152697 82943.2702156032 9358.04216682044 762.641695197556 10739.0697763534 1135.06985190572 6425.13413376 0 260.968168770042 82706.776475468 271706.231812287 28825.6083131258 94762.71 36120.168 0 0 0 0 1641.02619912165 851.89884653856 0
23333.7021627543 78959.4466849344 10145.0509207946 247.140147639283 3503.42489375043 580.700455111351 238.596746651118 0 133.511020594817 62933.0446757776 123961.860104374 40134.1905394666 38028.69 15377.04 0 0 0 0 493.922690630405 256.407954152396 0
14567.6364780265 48370.4731434022 11744.6502321984 437.513332432487 9960.2355801052 1028.01666862987 422.388910632372 0 231.809877982677 34541.166184199 206164.540913448 0 78608.7180546888 30601.2509570038 0 0 0 0 308.364534490276 160.079949598777 0
66105.7912668693 0 131302.499102421 156.091688687451 2218.72686035743 0 0 0 0 0 5668.76745278969 120946.78475477 3007.68446511628 1564.60353488372 0 16348.7915447449 0 0 1399.31289347227 726.41926163861 0
63649.7944260457 63020.93720832 18393.0893048359 332.712785639725 1319.26452892196 781.768837996939 321.211219549548 0 179.73940697219 0 149387.63570062 119084.847934476 42082.74 12303.9 0 0 0 0 1347.32489091108 699.4309542981 0
13421.4270929392 11880.732805344 2101.80071713518 455.981292508421 1808.04577107458 0 0 0 246.332003587693 130895.246572286 248720.454265819 0 99667.26 38669.4 0 0 0 0 284.101825574249 147.484554259856 0
263317.71578115 8990.1296140032 236649.592091747 313.460751491331 61891.1160384588 0 0 459.371936199222 0 6537.90438694965 17070.0271727241 385675.813920142 4553.01 3023.244 0 0 0 0 5573.85166580551 2893.52955328701 0
237.828199858218 1199.50082223723 0 0 0 0 0 0 0 5830.25053143038 18144.3693503061 0 7739.37702983573 2468.1458679182 0 0 0 0 5.03429518223912 2.6134319252061 0
26635.6102479831 81708.5743029504 1817.68952004833 520.008652169891 1699.62070647251 1891.89646028054 777.3376728922 0 434.973014139174 141205.018874783 412538.935575118 17024.0878871752 194951.61 118201.356 0 0 0 0 563.816756916797 292.691759055168 0
406545.311423309 1159315.1549022 76480.3493807673 1361.4566558712 28567.5189995123 4321.43968613151 1775.58230045177 0 5784.76511887827 551904.285364075 780371.131372897 264852.795013839 317015.37 119646.072 0 0 0 0 8605.66200257328 4467.42016527027 0
162235.973894187 156906.056879021 27917.5542714097 963.188215045804 35219.7363896049 529.537833392603 896.2866757375 0 1394.06535765088 205441.072466841 362643.465251111 254141.860081796 174862.8 65694.888 0 0 0 0 3434.17551933826 1782.76871222478 0
57345.8268841232 42539.132615616 24496.8139823971 310.987902493575 12478.3210617989 730.72229759985 300.23734505137 0 168.003105327751 28163.2804360908 157036.282648491 149663.12540177 44101.26 11836.692 0 0 0 0 1213.88388835456 630.158302697723 0
34772.9124531533 1913.135593824 6725.8659850505 145.053703405036 575.1633659737 340.829899097716 140.039334170231 0 0 10721.2488023755 74006.634726087 75529.0863624239 21245.49 3755.808 0 0 0 0 736.065385600586 382.110446076807 0
50521.8945831275 2480.02519952054 84428.1117608242 190.213354309203 3603.0120445203 13076.7810492088 274.232535637472 297.338411716728 219.216650371419 2743.176665853 18248.7107663516 121659.50551488 1637.39937418258 1343.25785351818 0 75955.9094487699 0 0 1069.4363857989 555.171894267189 0
8617.29822224917 10983.6490563072 1819.76332440663 299.069976592187 1185.86489252274 702.718976160472 288.731410568194 0 161.564756618864 56372.2804832792 124828.308391438 0 68544.63 26878.068 0 0 0 0 182.40907911698 94.6932377929679 0
355057.10342751 8797.2083776512 353713.77431332 507.730181290758 135445.470612415 16854.8777440434 490.178429485171 368.007527941323 274.287991402598 22196.8711878605 20207.1675224372 608709.407424606 10171.98 13469.652 0 0 0 0 7515.77090635377 3901.62970548421 0
0 0 0 11.4233561018353 45.295609777721 0 0 16.7407536204365 0 0 0 4990.59654376125 1752.03 170.1 0 0 0 0 0 0 0
0 0 0 0 0 0 0 0 0 0 0 0 0 0 0 0 0 0 0 0 0
0 0 0 0 0 0 0 0 0 0 0 0 0 0 0 0 0 0 0 0 0
0 0 0 0 0 0 0 0 0 0 0 0 0 0 0 0 0 0 0 0 0
48275.570318675 3726.93715664908 113607.772249089 6.69686714166744 0 0 0 269.641662062692 32.1861579324843 10382.3977024268 6199.6400444354 152459.02518365 2092.17185719711 528.918617546526 0 690.727529347193 0 0 1021.8866863561 530.487624064642 0
0 0 0 0 0 0 0 0 0 0 0 0 0 0 0 0 0 0 0 0 0
0 0 0 0 0 0 0 0 0 0 0 0 0 0 0 0 0 0 0 0 0
0 0 0 0 0 0 0 0 0 0 0 0 0 0 0 0 0 0 0 0 0
0 0 0 0 0 0 0 0 0 0 0 0 0 0 0 0 0 0 0 0 0
0 0 0 0 0 0 0 0 0 0 0 0 0 0 0 0 0 0 0 0 0
0 0 0 0 0 0 0 0 0 0 0 0 0 0 0 0 0 0 0 0 0
0 0 0 0 0 0 0 0 0 0 0 0 0 0 0 0 0 0 0 0 0
0 0 0 0 0 0 0 0 0 0 0 0 0 0 0 0 0 0 0 0 0
0 0 0 0 0 0 0 0 0 0 0 0 0 0 0 0 0 0 0 0 0
0 0 0 0 0 0 0 0 0 0 0 0 0 0 0 0 0 0 0 0 0
0 0 0 0 0 0 0 0 0 0 0 0 0 0 0 0 0 0 0 0 0
0 0 0 0 0 0 0 0 0 0 0 0 0 0 0 0 0 0 0 0 0
0 0 0 0 0 0 0 0 0 0 0 0 0 0 0 0 0 0 0 0 0
0 0 0 0 0 0 0 0 0 0 0 0 0 0 0 0 0 0 0 0 0
0 0 0 0 0 0 0 0 0 0 0 0 0 0 0 0 0 0 0 0 0
0 0 0 0 0 0 0 0 0 0 0 0 0 0 0 0 0 0 0 0 0
0 0 0 0 0 0 0 0 0 0 0 0 0 0 0 0 0 0 0 0 0
0 0 0 0 0 0 0 0 0 0 0 0 0 0 0 0 0 0 0 0 0
0 0 0 0 0 0 0 0 0 0 0 0 0 0 0 0 0 0 0 0 0
78082.4438093256 0 163378.31180104 31.4934884186899 2080.88366133283 876.86297799412 360.283261303954 820.342889343747 544.786195001016 0 0 208910.960169975 3802.49626900798 4396.33584286748 0 78372.0426104253 0 0 1652.83204818052 858.027565995351 0
15790.1537902018 0 97280.2771710771 0 888.055425772284 0 0 331.670307931596 8.24935643828237 0 0 20252.5652807399 318.2025 132.867 0 0 0 0 334.242512873652 173.513872803262 0
0 0 0 0 0 0 0 0 0 0 0 0 0 0 0 0 0 0 0 0 0
0 0 0 0 0 0 0 0 0 0 0 0 0 0 0 0 0 0 0 0 0
0 0 0 0 0 0 0 0 0 0 0 0 0 0 0 0 0 0 0 0 0
60343.1221123595 64638.2602397376 21413.0669016076 2658.22999759414 11080.6281683272 10.3078451474 298.338228875095 0 90.4211747259185 232895.69893092 229180.551516177 34584.6085209846 69446.16 30289.14 0 0 0 0 1277.32997648143 663.094796534074 0
8754.56755467684 28356.2063898048 1836.58589931109 686.377525677801 76.6067084554531 7.07461144713028 1291.719674808 0 62.0590112318773 47205.4984582204 266258.562697071 1016.39139464665 104645.52 113903.496 0 0 0 0 185.314766244587 96.2016546078456 0
19509.217768609 21513.9332071872 5870.94013834208 2678.5671094661 915.180380408277 10.4991179264196 3373.195420224 0 92.0990335921239 39524.603793832 412021.058438023 1508.38151205066 132133.68 71351.28 0 0 0 0 412.966843630457 214.381694780839 0
83839.1058069427 141221.560363603 845.075276006499 1129.83954844083 2970.25060962865 9.04275664789566 18579.346203456 0 79.3237254897619 105863.759496377 304442.04238215 71463.1516702183 119931.84 112136.724 0 0 0 0 1774.68780699154 921.286020022931 0
264919.687599938 191242.821595738 117956.95499782 1954.62241880263 22772.8746533826 11.5954728176213 335.60582002447 0 101.716339223066 195748.51491416 225445.860623662 380540.235552966 75830.58 22484.952 0 0 0 0 5607.76185397585 2911.13320288363 0
15037.0960685412 13327.642077984 1551.43276169848 1078.71430887388 528.271532083886 5.97618874210131 2422.810996272 0 52.4235665861657 53583.3842063286 230614.672818903 858.583804304886 68550.3 42824.376 0 0 0 0 318.301952156445 165.238718332581 0
2440.70549210216 2915.84801288257 379.442472327789 0 0 7.02871814377633 203.431007382313 0 0 1015.51990001673 16909.5838317613 0 9685.43503630692 8934.67778367772 0 0 0 0 51.6643186446331 26.8202747062302 0
4301.80053271714 5974.1276190336 2148.97976628647 2176.35343018414 552.376729603567 2.54775341654026 73.7391987395944 0 22.3490800978564 16390.4805784717 62573.5010071329 366.029239570966 20604.78 8368.92 0 0 0 0 91.0595703525576 47.2713616584315 0
29137.1279523756 75023.8534633536 619.549052041575 102.529726240107 103.800712903805 9.58597134031114 2409.42530016 0 84.0888446697852 129112.181739481 278378.879540248 22456.0735377765 150045.21 162397.872 0 0 0 0 616.768335135933 320.180283267288 0
412.843399728732 621.301711326945 0 153.623376049606 0 0 0 0 0 1884.33001440105 23.7731928594415 56.475148072908 270.05208958244 104.787213506973 0 0 0 0 8.73897855474081 4.53662821147746 0
74.4439917687028 9.67446042942808 0 64.67357415213 0 0 0 0 0 0 33.4821493435488 0 15.304296875 17.0384375 0 0 0 0 1.57581409324567 0.818045567531907 0
