175269.679246816 27195.5006221917 26171.2569532237 96.7675180465718 15313.8789418936 258.684664975175 18.2067187184934 689.473040655927 196.778318630238 10751.1268214611 12594.7139625043 83005.437900964 0 0 0 0 0 0 1521.35474751092 276.609954092894 0
27955.1895722147 1167.70873418329 13503.1413844836 0 1524.5762559042 0 2.83877648242337 161.323149028558 5.60972112282349 821.663470647525 4078.195726661 14157.3335649291 0 0 0 0 0 0 242.653267558993 44.1187759198168 0
565496.132117991 16227.7813735976 20593.3032830607 0 19361.9267279847 217.012953350214 36.6203518050411 23767.1240465082 1035.08799138926 0 23667.4290546557 117797.377567013 0 0 0 0 0 0 4908.55137633507 892.463886606375 0
0 0 0 0 0 0 0 0 0 0 0 0 0 0 0 0 0 0 0 0 0
4228.46786554724 2185.55403168997 0 174.736677902869 0 22.7615291253008 205.179344163018 0 294.172743589864 7292.92894629442 42413.203047749 0 0 0 0 0 0 0 36.703437180875 6.67335221470454 0
66117.7322615318 319.653008089781 7701.98341862898 26.8801914345627 2097.07818969868 29.042460089086 26.5733704978992 0 648.742034112923 5669.9156045049 0 18578.8402332424 0 0 0 0 0 0 573.907171525586 104.346758459198 0
149060.259974793 20902.4541825428 7002.6726949926 250.486084040381 2589.48244984789 59.0548682460151 0 0 763.232229198427 21363.7695048074 46887.0947045228 26856.2844153713 0 0 0 0 0 0 1293.85490492351 235.246346349729 0
29621.0606532846 0 7261.49060796214 19.4020825285092 1319.97809779599 20.9628048539435 19.180619628994 1228.40379851678 404.035956004099 1627.73827145995 9420.02743287384 6869.83979588044 0 0 0 0 0 0 257.113160957655 46.7478474468464 0
278467.980119508 14180.5121856522 81709.7991968455 105.645324959733 29406.1998630584 1021.84757672116 104.439448221943 11194.7346009151 236.250419231215 11094.1348661479 9033.00029748626 101543.888474609 0 0 0 0 0 0 2417.12420200189 439.477127636707 0
305974.935748862 105449.41634588 31932.3223690145 1181.76115351983 16190.6084868084 139.41330101849 0 0 1635.47234525463 50904.0298042779 150255.296221984 61296.5687036394 0 0 0 0 0 0 2655.88676330811 482.888502419656 0
168220.574617413 35884.0038537329 29813.3004153952 80.8966101402169 7395.41572411282 284.857485954871 119.892373368734 3722.56812289599 1075.39872033234 24006.925174209 31183.3743108322 36974.7884527999 0 0 0 0 0 0 1460.16795901602 265.485083457458 0
28259.7832720219 1693.90924759388 11228.8850026762 192.693210433474 1025.50263823418 37.0223214201344 99.9774528010368 0 0 2891.6569582975 23161.266092965 20232.5778398142 0 0 0 0 0 0 245.297165084537 44.5994845608248 0
254432.668538902 0 64823.3927208771 101.955268509028 11836.1748738856 5389.64591155404 100.791511507599 47596.5602576542 226.586158612097 408.706416491395 0 93756.5750869633 0 0 0 0 0 0 2208.49578698913 401.544688543478 0
229208.043973493 170308.77355427 49891.4365363865 1636.91146968076 19574.9573524107 180.007514005901 45.5373750526574 0 1074.13017122127 62619.4929220862 231467.081915421 66042.9355193244 0 0 0 0 0 0 1989.54404073344 361.735280133352 0
6763.40932525296 5176.8462747048 0 423.45173301722 237.941480900356 11.1226405682024 16.4442485865221 0 9.90854974887149 5313.4545169102 16645.7744589946 0 0 0 0 0 0 0 58.7069305458328 10.6739873719696 0
185058.698905145 43269.7749060955 9559.05871759094 363.808402783952 2839.46060288183 66.9166806905129 61.2276557503765 149.86477491881 147.874831160002 33395.8029105338 48207.9579555703 34395.222154222 0 0 0 0 0 0 1606.32421624432 292.058948408058 0
80938.2530235011 10542.6763770504 8871.44675630629 28.8716504714512 3037.55239726602 31.1941140212644 28.5420982484978 0 403.156486322804 7453.57655508873 28089.6483307444 13557.1886271046 0 0 0 0 0 0 702.550469777158 127.736449050393 0
297311.230233719 59709.6717394793 69331.6140174864 213.395417131811 13807.5848462473 115.676955830025 105.842500804384 6251.14963251749 418.357691620382 13003.0064529979 16194.7776559885 85579.6130568188 0 0 0 0 0 0 2580.68511078533 469.215474688241 0
134563.429317403 17455.0678039577 21546.8493156482 246.86459848799 1283.52181857717 64.7552907676912 59.2500197294132 0 0 11821.7740353927 65638.3818786678 43037.7550479714 0 0 0 0 0 0 1168.02126250882 212.36750227433 0
34564.4569616806 2264.41855337092 5365.67176074123 48.7894581363796 0 28.9706571580914 26.5076720039595 0 557.03400966098 2234.89173410901 16635.0654063377 11115.3975862653 0 0 0 0 0 0 300.022233849924 54.5494970636226 0
445308.894616301 18589.3745413262 135041.635292126 148.630652881531 13120.9463115717 387.002183318782 146.934124929152 8678.05649030076 340.461422292791 5511.6304605458 17579.55364499 144068.234184917 0 0 0 0 0 0 3865.31660150599 702.784836637453 0
59520.951133811 6678.31481468414 22993.2980560648 910.049140269604 4847.27252319673 238.673820374302 46.4443810801573 0 283.523790452444 4857.22770119253 25792.3404720677 25372.4374610921 0 0 0 0 0 0 516.646586979094 93.9357430871078 0
113499.466566164 857.441927211959 21625.4374721521 122.079374322351 1674.81559344141 257.484553674988 43.1160285651466 0 730.107269340272 2367.18976488079 7744.0934154157 53032.792656956 0 0 0 0 0 0 985.184391518348 179.124434821517 0
255821.274594865 6729.49285534943 76162.6589871542 0 6699.31670503126 0 95.97881844307 5668.59202192064 0 935.536074743308 2009.70053788413 81274.2571738605 0 0 0 0 0 0 2220.54899793091 403.736181441985 0
131143.864441196 166461.191677368 19644.424108511 1386.07329676723 13614.1655407049 0 1162.30477452952 0 127.964125547119 55236.7903120537 89744.136210285 32277.7289832837 0 0 0 0 0 0 1138.33916757262 206.970757740476 0
177414.791246363 0 22124.1488295811 71.1980397413374 2411.81921132997 442.08594355771 70.3853576852876 4157.02009575697 661.477886472415 2806.60822422992 13489.1384159396 59937.9773968393 0 0 0 0 0 0 1539.97449017535 279.995361850064 0
231089.821211233 0 12660.3956399159 77.0426003056219 786.316723545366 0 43.8515429447183 5771.35864199844 1103.38825516124 1099.67135395639 3748.84009840872 74734.7401566863 0 0 0 0 0 0 2005.87801673372 364.705093951585 0
0 0 0 0 0 0 0 0 0 0 0 0 0 0 0 0 0 0 0 0 0
3559.99978250205 7299.82565469076 127.051188216726 290.733539978351 731.45004611307 0.995005691965213 84.563739199791 3928.29537288707 60.1783875082759 3357.0462413517 12916.1788522487 39.964746389147 0 0 0 0 0 0 30.9010810855677 5.6183783791941 0
28952.6484853441 46683.2603825392 0 803.92452406141 58.6801997477055 110.16611002654 200.311033955971 2331.49644562718 0 22362.4670220852 100525.807628948 0 0 0 0 0 0 0 251.311290209902 45.6929618563457 0
19329.0159400881 20121.9787025364 407.400502383582 2068.97298641208 67.895259372468 4.49848255905344 57.1575748437272 59.2531044387025 285.250043157099 14395.056073592 59794.3561717361 0 0 0 0 0 0 0 167.777394764082 30.5049808661967 0
44097.2328351109 134820.043712689 0 2851.28801561122 568.848350850956 12.1382894059849 479.978622530833 4522.92085892971 800.852825762592 81513.6825752414 212638.317059507 1543.39136824726 0 0 0 0 0 0 382.767486162379 69.5940883931598 0
36355.1714179383 77011.0616546187 360.875364382659 1102.27683079847 500.016290297513 8.47331052200968 371.70493914255 2930.85972011288 446.630884753258 45339.2956075906 113856.025892686 1381.94433775504 0 0 0 0 0 0 315.565777668634 57.3755959397517 0
7317.45603027648 27366.2937941636 0 75.0528725265414 0 3.61561303192755 113.016109000098 0 16.3271114097277 22784.6638640923 58146.5202119237 0 0 0 0 0 0 0 63.5160999849079 11.5483818154378 0
16013.6239909573 31297.3697113149 0 1652.13000247916 94.2554063639182 4.9091586955036 79.3158952398722 0 10.519520749955 38155.4937274563 19982.8804036431 364.290626649205 0 0 0 0 0 0 138.999529115302 25.2726416573276 0
2443.93891094403 1532.00801389871 50.3912653198436 1416.74766669306 4.50838624361147 0 0 7067.92143774529 1.65526323288551 811.98790749671 5035.03038429958 11.8944853196675 0 0 0 0 0 0 21.2135840081929 3.85701527421689 0
40973.4248590254 60084.3530914678 1321.03486077834 2754.90194523945 574.335894237788 64.0981442425876 92.9568391951929 0 139.418603118273 71583.64444037 39964.6662337053 491.631872088893 0 0 0 0 0 0 355.652584628053 64.6641062960094 0
16950.0733007655 14210.7283536749 115.6262143719 667.909695506529 266.808954689467 0.652660065291037 10.7001196884548 0 43.1091014384877 11951.8398660016 8065.53597598334 595.575492906664 0 0 0 0 0 0 147.127983559917 26.7505424654395 0
28977.4543614545 17239.8406983563 220.252147775849 296.268668770115 95.281909639712 0.306301741394551 3.89186008363829 0 46.4518155032578 11240.4126528726 7387.85864710081 233.76907456076 0 0 0 0 0 0 251.526607186282 45.7321103975059 0
233.339714707564 114.991468242841 2.22707865995078 13.0840876408666 0 0 0 392.230206803208 9.55782906104656 258.616075484659 194.287903915288 2.93753846032024 0 0 0 0 0 0 2.025407271119 0.368255867476181 0
60033.5769956174 139090.322940952 260.644363909503 2353.55339381012 849.996580529373 13.531162368507 0 298.870054256752 555.421511111722 117767.756372578 158873.45928908 1424.33456927329 0 0 0 0 0 0 521.096220206632 94.7447673102967 0
703.130940918511 597.002387544141 5.53141996638675 41.7493890452736 3.92328034120296 0 0 0 1.15973514780928 787.366006913395 4980.32081978755 4.62388459155419 0 0 0 0 0 0 6.10323245689186 1.10967862852579 0
9032.7564590814 7438.86281972335 265.208867733389 799.693308284476 200.616012494115 0.715088748522432 9.08589466048272 21.3764450896412 213.450533070299 6050.2091358375 16556.7006240683 0 0 0 0 0 0 0 78.405044050898 14.2554625547087 0
161663.819329961 173873.949556347 6733.06068908135 32014.3140066118 1843.22608434757 24.8146474314479 442.629363915619 113834.625197464 1495.88510620786 130930.060321873 373603.698394217 3598.71087454531 0 0 0 0 0 0 1403.2548019446 255.137236717199 0
24902.7145438705 58174.8356015304 0 2390.21264694435 130.069049850734 17.2251015335127 554.298678213789 0 0 38208.1437798574 138886.152294223 0 0 0 0 0 0 0 216.157541681098 39.3013712147452 0
4180.40822520579 3271.74734869208 86.596798335981 491.775882963332 7.30572577167929 0.139297281720437 9.02600130857177 0 36.4631266225449 3177.40333614894 9660.85649457236 62.1538750411374 0 0 0 0 0 0 36.286275682598 6.59750466956325 0
765.621353321514 599.44302008944 36.1894024608685 79.602075955208 0 0.506851418056051 0 2.95013299070351 8.97753539701293 452.274076227532 4192.52044712314 2.05955869355321 0 0 0 0 0 0 6.64565420372087 1.20830076431288 0
140070.286178214 64637.0263759919 52758.665556295 2179.83251207672 5176.35699894689 53.9375865252659 145.425810652035 2463.33386876129 1982.45423254345 32316.1564808427 238302.194168826 44924.8119978867 0 0 0 0 0 0 1215.82121778379 221.058403233416 0
89971.1655565266 152859.77770055 2119.05875939137 9574.65451800702 3046.46272482472 46.7091100542948 821.87617232135 68.0954907934012 1320.51059857132 120504.606314411 131473.197462176 7429.6055417418 0 0 0 0 0 0 780.9568685623 141.992157920418 0
32433.934137759 28427.087085515 2435.32865976562 720.81667916382 2179.03437627405 2.08707060779284 17.0404948009211 0 84.4544976344106 20378.272030805 7079.64098845536 6871.36948263166 0 0 0 0 0 0 281.529126389569 51.1871138890124 0
26159.2136765981 161621.930389542 1185.70397247145 2369.96050357725 2005.42134462843 24.8799688609615 0 163.128354450858 441.295755981422 65218.2042408176 52188.3012470334 6779.18161624725 0 0 0 0 0 0 227.064054028431 41.2843734597148 0
105348.947154697 144452.956222746 183.670568922014 5753.03159043588 136.317145394943 76.2690452645455 1825.16737106216 0 542.130089670052 134806.968426774 350699.845276109 2339.38680730783 0 0 0 0 0 0 914.437235167051 166.261315484918 0
32727.1600743417 15093.4916809733 4746.33610570657 10853.3175181162 741.230215653999 7.38789410782581 5.64979839362995 8407.18917926025 0 24791.5600283075 26015.8318212879 807.040365866182 0 0 0 0 0 0 284.074350826736 51.6498819684974 0
0 0 0 114.076794900318 0 0 0 0 0 928.448680237677 0 0 0 0 0 0 0 0 0 0 0
4.68203183630347 2.19744209948917 0.690858800454036 0 0 0 0 0 0 12.9104943585183 5.35697995621565 0.449151324440953 0 0 0 0 0 0 0.0406404084994463 0.00738916518171753 0
152658.105780763 92810.1182700991 13451.3745845067 7175.77242842107 1645.15072242282 42.9820128429657 93.6454083744165 0 3146.35723433508 120074.637714402 68422.1366873271 26418.5837341975 0 0 0 0 0 0 1325.08449250104 240.924453182007 0
96589.7676821668 63905.154211577 4826.94070433638 169.37480920046 4030.14730346711 2.17972963726165 8.16562038420516 8912.71523173628 154.598121680103 38634.9298194665 19987.3414678603 16836.2410851547 0 0 0 0 0 0 838.406861105211 152.437611110039 0
24060.3125426459 16357.5625279974 366.148616006109 2994.98607935505 272.797284586691 13.9785322547689 38.7267998981544 1253.00298397538 202.250851751907 31244.7260116613 36564.4086971417 238.12539401747 0 0 0 0 0 0 208.845425350522 37.9718955182767 0
47544.0305378717 54216.0027185557 4306.10797292099 1014.36804354264 81.4968984027159 14.0674766859855 71.9784315348456 0 199.572803628537 35418.0728094739 19461.4287069663 6810.89596177263 0 0 0 0 0 0 412.685964197706 75.0338116723104 0
121783.664447742 25766.8849985652 16151.5177515329 7175.37004113749 1116.50750811721 461.722248703388 421.202597338875 10906.7645133431 1825.61376201391 36278.0100094905 46617.2409220507 23535.3546313986 0 0 0 0 0 0 1057.09188761589 192.198525021072 0
157392.669763625 172047.148968344 28459.64798928 5276.60504665466 13223.4150784967 257.282287725519 1386.68651773254 811.40289632137 1366.73603791819 80035.583687257 97662.214301242 29472.8780946789 0 0 0 0 0 0 1366.18088420823 248.396524401496 0
87235.0632737415 63365.1262178184 19753.0161496347 4697.6703423766 5503.05089901058 2472.16185640241 103.928041450823 2062.61028248659 1751.55990955898 34940.8549127614 105484.423285268 20034.4966581657 0 0 0 0 0 0 757.207283263358 137.674051502428 0
2158.64846060868 2030.62811754919 0 225.184659941714 0 0 0 0 7.27730468307094 4116.51017903696 5725.69001023645 0 0 0 0 0 0 0 18.7372402224203 3.40677094953096 0
164513.078611298 410679.445795054 27109.6108138914 3733.24862041069 24260.8660167701 161.543071643171 2522.91747267546 0 2121.7127349587 112082.419176886 186096.139383472 37248.2318638098 0 0 0 0 0 0 1427.98659898546 259.633927088266 0
30130.7662182005 47598.0947715421 4199.8556842677 4212.29068153529 3115.62642593583 165.937741304823 102.826330764065 0 664.272371470716 30303.3364412435 110093.241833278 422.217246489643 0 0 0 0 0 0 261.537445776056 47.5522628683738 0
55400.7666963187 108771.794067758 4294.95974056228 3943.94866178521 1415.76411905198 32.1641697829816 947.103953716158 0 604.30738088221 70925.9192826858 72796.608529506 8334.03880545707 0 0 0 0 0 0 480.883058560854 87.4332833747007 0
4605.70579787244 1751.65099343877 47.6487911479701 2527.64251779553 0 0 0 73.9923141678297 0 4924.46652344977 3663.0658724286 154.795028251911 0 0 0 0 0 0 39.9778924189426 7.26870771253498 0
67.3574376201661 33.5676660179371 0 12.4401716196524 0 0 0 0 0 245.069619369143 118.43269888979 0 0 0 0 0 0 0 0.584667912578903 0.106303256832528 0
46502.8338135858 54190.8331903597 6443.54067082948 4408.50478070025 1952.93734205708 112.89779131231 379.355713140283 45.2602559289474 507.664774691029 62035.9641077892 36994.8231523229 10398.8882984693 0 0 0 0 0 0 403.648293869375 73.3905988853407 0
7489.08073848517 5477.82530353905 0 122.658744379835 0 9.01046183156593 191.427586915022 0 0 6700.83053352673 52878.8829092749 0 0 0 0 0 0 0 65.0058160940802 11.8192392898328 0
604098.715053453 1004820.55306119 43803.8582989164 1749.64849783 35939.5563802131 416.951815350951 1159.61088240284 20443.0047210189 10845.978462774 437321.461765968 125498.411811914 87528.8341121775 0 0 0 0 0 0 5243.62486461564 953.386339021025 0
161206.319636191 174751.683433767 22930.4832325922 1459.18388945545 9059.94659651442 297.263523737372 335.654522565556 0 3371.74726868655 37549.035394596 38214.7904518813 28765.2198622652 0 0 0 0 0 0 1399.28366823743 254.415212406804 0
39744.4255210355 11296.6707600856 3648.55813377905 5130.91088297631 76.607084498553 15.8899741075668 39.5365679077637 7530.84167760355 1046.00072619266 22927.6415455624 39064.7834319283 4914.40845349227 0 0 0 0 0 0 344.984772684918 62.7245041245305 0
141955.191279428 43410.7242639933 4510.42341658134 7924.16247750478 618.398465079807 29.5982506057396 333.083864296454 431.408179624859 1178.34117428284 94252.8970655531 85675.0252272193 20732.5326066489 0 0 0 0 0 0 1232.18234388765 224.033153434118 0
4.45705963613139 17.3360257254948 0 6.65733101368419 0 0 0 0 0 5.19529535547013 137.27867646398 0 0 0 0 0 0 0 0.0386876319196034 0.00703411489447331 0
134712.190122136 108568.759873643 5013.95191144923 6020.82032767103 945.527015268309 62.9001192201951 229.155822845631 0 591.965072139723 80054.4834059387 32577.7428181747 12376.4966457096 0 0 0 0 0 0 1169.31251811843 212.602276021533 0
30425.0651065928 11676.9831144188 4378.70911575078 2724.06131314437 678.488844835409 11.3842136577519 0 742.827615211518 425.926088490776 15878.1261574489 17299.0477395256 15379.1083690385 0 0 0 0 0 0 264.091983520216 48.0167242764029 0
260429.765729348 32947.7513928971 15621.2885520035 5806.39820392322 8017.99085245279 38.6774316573134 105.764225928753 0 875.721736342026 32739.0376863454 36455.1155873787 48967.2698381393 0 0 0 0 0 0 2260.55106729304 411.00928496237 0
35374.7779482921 72583.8854117567 12321.6182225761 5291.84546502097 5682.45273802776 36.849898623818 408.734664787159 169.828513183543 796.893972015 36114.999935861 118323.782198676 11409.5828452636 0 0 0 0 0 0 307.055884423638 55.8283426224799 0
6600.80893351476 17785.8288207095 1570.56166605658 1446.14137081278 73.0810962411292 0 0 16420.7216744754 26.9839631510529 9604.99755467459 27640.4603322297 0 0 0 0 0 0 0 57.2955462209395 10.4173720401708 0
67250.1224462749 21386.1743152081 7047.37097057961 2927.81247051666 2489.92801200976 46.371341748805 55.4551142031931 31016.9188529058 692.081378432955 12119.2770539317 34015.4588553083 12437.426567377 0 0 0 0 0 0 583.736408339374 106.133892425341 0
88322.6671814791 63437.2788653137 8142.88912679059 6341.52299269945 2280.6635361672 0 770.830243834903 711.99441879767 2463.92071037542 57169.2865472558 55834.8780180705 16198.021890366 0 0 0 0 0 0 766.647771632815 139.390503933239 0
3060.11217279862 3065.35161548171 5.39649792567899 576.401005563287 96.6177075525121 57.6661213700209 62.116676698324 0 0 5859.28828535728 17188.5113193869 33.8664596342464 0 0 0 0 0 0 26.562016898811 4.82945761796563 0
7088.82618115686 12499.1877021563 0 506.60559005115 0 7.00142722967533 92.7395071645757 456.847846364449 0 13085.6927222303 31714.9208557969 0 0 0 0 0 0 0 61.531574721465 11.1875590402664 0
16239.8071225466 37704.7922219497 65.3754366713801 484.122200580055 0 43.1454206389787 86.3006704626976 0 190.723601133923 36986.7494600536 224809.505045222 0 0 0 0 0 0 0 140.962816676101 25.6296030320183 0
46137.6350615861 55315.911100723 376.356066479765 3269.79906652552 668.057241839862 46.9091508322855 587.579032937515 0 567.164017779816 93754.4169853237 277718.599948069 764.027414930048 0 0 0 0 0 0 400.47833967349 72.8142435769979 0
88546.5818416357 61740.8526649002 7316.40597476608 2893.6172547709 1716.86799301721 23.5393663631924 33.0513206027352 1535.95952297099 1471.29635160455 49925.9693625008 26214.8746840963 26934.1287180245 0 0 0 0 0 0 768.591368681261 139.743885214775 0
157.684376381531 1190.38095266271 0 1.16047966593504 0 0.996403097656623 9.35138135702366 0 0 204.631145285134 10481.1824254662 0 0 0 0 0 0 0 1.36871292083852 0.248856894697913 0
26087.9270864619 28611.0416847184 0 1095.44908118785 0 14.5745759421266 186.556342957661 951.000904874707 0 22273.3184663634 60795.2166248269 0 0 0 0 0 0 0 226.445280759697 41.1718692290358 0
643834.055797354 105616.374216247 90872.8892169552 5889.79296844912 18892.1763375928 514.429731484722 0 9253.73963743657 1581.32919841258 73382.8827113046 166687.971291467 116423.896335278 0 0 0 0 0 0 5588.53078071295 1016.09650558417 0
120349.359380301 0 24208.1731025351 45.8108014889913 354.374477868659 79.3778970250146 21.2231449119296 0 103.168964437699 173.466797241533 64511.6232775889 45131.4430384268 0 0 0 0 0 0 1044.64200562199 189.93491011309 0
8096.50660628289 5513.80464348042 0 79.1405232197475 445.390738389926 46.8983639236157 47.0555009989555 0 102.476606198789 12320.2541156221 132441.395871163 3591.9432820988 0 0 0 0 0 0 70.2783209089809 12.7778765289057 0
0 2248.47785218009 0 0 74.7100804205788 0 0 0 0 0 0 0 0 0 0 0 0 0 0 0 0
10149.6377475112 36551.1888462976 3633.36032144793 44.9931607069193 4504.76822484292 0 26.7521066636356 0 58.2602467587844 7767.78437817171 57539.2176968415 12353.645231762 0 0 0 0 0 0 88.0996624119321 16.0181204385331 0
1722.8666856606 2684.74967424488 0 36.9754058242933 208.091918429973 0 0 0 47.8783049130894 3746.86922864365 75079.7135575263 0 0 0 0 0 0 0 14.9546197769159 2.71902177762107 0
2522.84715956322 2041.58801979114 786.231340898972 117.24559475866 614.543963625724 26.3110244979126 26.3991818896189 0 55.5752652096577 3359.89748863619 69978.8578465727 295.661702379135 0 0 0 0 0 0 21.8985138783818 3.9815479778876 0
0 0 0 0 0 0 0 0 0 0 0 0 0 0 0 0 0 0 0 0 0
62345.8595176165 133146.804157082 5522.4351762543 327.34205520779 4916.70788063583 94.9925291774199 1152.21859546153 0 896.447500079412 85752.7485884661 289105.719426858 8716.7465979252 0 0 0 0 0 0 541.167016293824 98.3940029625133 0
0 0 0 19.7985949495519 111.423458740333 11.7325697802394 11.7718807827402 0 25.6365858524966 0 0 0 0 0 0 0 0 0 0 0 0
344.71529070064 1264.02078925364 119.254526213306 8.76182113768713 26.3826671651093 0.652788014054721 0.654975237462185 0 5.45589928239376 195.728941454795 19194.6896493823 0 0 0 0 0 0 0 2.99215612364139 0.544028386116615 0
9251.75935625388 8594.42919991643 0 44.0866895579772 276.620777057982 29.4823966910984 29.5811800430635 0 50.3338750203338 14502.9113349684 81905.7196548963 316.634104813605 0 0 0 0 0 0 80.3060066062228 14.6010921102223 0
2473.24506031307 4729.354348037 752.918581706915 43.3041267356473 92.1458264606708 25.6618558030458 25.7478380981906 0 56.0731691140003 1599.38869343742 108335.641539545 0 0 0 0 0 0 0 21.467963714172 3.90326612984945 0
904.907658505408 2646.11699235206 165.085239956541 12.0202023550659 1325.13315515747 0 0 0 6.91174380108757 651.996545169264 12431.5710136684 116.516252074094 0 0 0 0 0 0 7.85467040415771 1.42812189166504 0
95606.0168066066 3855.13273536101 28427.9236984321 44.7937767781532 12085.3923892011 0 26.6335566430199 0 0 2501.85026048779 0 36633.0589864636 0 0 0 0 0 0 829.867825310015 150.885059147275 0
46038.8908879073 0 25108.8471867506 0 2431.32413568102 0 0 682.201219934736 27.221252694172 0 7353.51557236401 17742.9483249164 0 0 0 0 0 0 399.621232397087 72.6584058903796 0
4026.08098215875 444.661664796808 2374.91757364842 211.253323889478 62.3540584882674 6.56570304463099 6.58770200765802 0 0 163.010073629516 14810.0016669871 3135.55569699594 0 0 0 0 0 0 34.9467029459512 6.35394599017291 0
39663.3173346412 16901.3381836447 2684.45306222512 147.877326722635 1157.25595731856 32.5439946340867 32.653036138072 0 71.111182634955 13373.9134321259 76901.2265892128 5696.40901144071 0 0 0 0 0 0 344.280747179975 62.5964994872684 0
2527.71886400875 1112.22811613388 0 0 0 12.7022485420279 12.7448085381374 0 0 1845.9441144212 0 0 0 0 0 0 0 0 21.9408006602059 3.98923648367379 0
75001.3562627002 46061.9145673101 5581.41070175678 120.817396069 2807.40515617675 48.0486691214236 1458.3993394451 0 104.990113342795 16149.8096134981 146314.010714826 19760.8136023354 0 0 0 0 0 0 651.017733987718 118.36686072504 0
299.06851558044 6707.67926424619 750.647645485698 26.5913991433789 135.828164004526 15.7579589258152 15.8107573471623 0 34.4323770860653 2813.69561873555 0 446.456830443399 0 0 0 0 0 0 2.59593848727609 0.471988815868378 0
1432.27152130178 405.396942934724 1923.10494273854 2.96428578336129 39.9209422329612 2.84786034616687 2.85740235165136 0 5.77831278449285 132.244338389162 4649.63321457866 3017.30539992965 0 0 0 0 0 0 12.4322306517642 2.26040557304804 0
120549.620094444 0 31904.6582368651 0 17195.1392565202 0 0 0 0 413.431346161815 4370.92113451477 42164.2757671709 0 0 0 0 0 0 1046.38028453887 190.250960825249 0
1363.08210506361 0 0 4.70614824967064 26.4854812505238 2.78884501026989 2.79818927970333 0 6.09384524228522 668.577548364536 6093.0143516063 158.678509935158 0 0 0 0 0 0 11.8316610191626 2.1512110943932 0
118241.507261915 54867.0545145601 5111.60216896152 230.366719860431 6031.857107113 80.4208649272664 817.102092678732 0 312.633009184727 22953.708338904 256769.424729842 18825.0802358739 0 0 0 0 0 0 1026.34568168772 186.608305761403 0
7232.55954101556 750.051940242163 1231.32914564316 191.18082166266 188.312166575875 16.7194891265802 16.7755092390688 0 36.5333960446911 798.513114301106 0 0 0 0 0 0 0 0 62.779191709962 11.4143984927204 0
22967.5596346773 12937.9764770407 1803.46744089143 172.070862149025 687.018853534894 40.2756209518206 40.4105679468624 0 88.0053929901193 16445.1177178994 129899.089183662 1780.91533559795 0 0 0 0 0 0 199.360243249781 36.2473169545057 0
0 0 0 0 0 0 0 0 0 0 82.5514054716892 0 0 0 0 0 0 0 0 0 0
56361.9110291494 0 1605.41427590171 61.8901595293912 1714.47741733073 12.5324868540397 12.5744780487472 686.291601172762 27.3844674437827 2293.95335498927 0 24616.5255015827 0 0 0 0 0 0 489.225867768238 88.9501577760432 0
9683.8900980318 9018.24195264319 7077.20069279796 30.2731265176647 170.372517447671 17.9397361398393 17.999844796806 0 39.1997315451504 1226.11924947418 36515.4776176685 0 0 0 0 0 0 0 84.0569357936007 15.2830792352002 0
2758.64923854371 3335.80147024926 0 17.0943071800796 96.2041415376951 0 0 0 124.599337525759 1738.77411871484 42406.1016324208 0 0 0 0 0 0 0 23.9452946671156 4.35368993947556 0
72793.405601122 16204.9812368875 33975.0639081231 68.0265880180053 10433.0156084533 413.836132615104 40.4473593325707 0 389.830657262744 8450.53671554751 67967.6461063215 34777.7163820737 0 0 0 0 0 0 631.852546742 114.882281225818 0
15793.0090729769 0 8420.08097827723 207.857359803779 0 0 0 0 23.0874682176668 1949.03348904856 9881.61942920765 10461.9966425956 0 0 0 0 0 0 137.08457409123 24.9244680165874 0
0 4675.6593545521 0 32.8559505144405 184.908255148835 0 0 0 42.5441501417199 4169.75043414631 55888.1386330321 0 0 0 0 0 0 0 0 0 0
29602.7472493703 2328.58237092404 16112.6377836781 95.4972168304458 221.417849390792 795.851001860673 37.6054156533942 0 7.71884366258336 645.290394988891 4945.71100538801 17801.0357922595 0 0 0 27366.0316286487 0 0 256.954199156003 46.7189453010914 0
9493.74955472096 0 0 7.26720043813277 0 4.30651450088424 4.32094385485231 235.829071014177 0 0 0 0 0 0 0 0 0 0 82.4065007639746 14.9830001389045 0
69585.5090449931 0 16049.7385190729 37.3867784129544 3503.71465612956 0 0 1213.24426048243 268.593108995995 3061.75442643264 9562.05573943809 34560.2008203389 0 0 0 0 0 0 604.007749648954 109.819590845265 0
28337.3863954613 0 4968.87726827053 261.410572718659 1270.75397116075 10.3486724997597 10.3833466332308 0 0 1008.77248463483 0 9687.93169069791 0 0 0 0 0 0 245.970766364425 44.7219575208045 0
95001.4343332996 8171.70682098285 25584.7115494691 165.079383096492 7531.23704392617 0 25.456913622312 1389.39095070541 0 1462.36573299522 9522.99795513292 32004.2594920698 0 0 0 0 0 0 824.620001385303 149.930909342782 0
36928.3873231953 0 8522.06665948459 11.1208105096308 3531.26060778968 6.5901487277013 6.6122295981302 360.883181045819 0 0 35325.2114292501 14385.8193384753 0 0 0 0 0 0 320.541337289437 58.2802431435339 0
63443.1315885738 8234.63064147297 9622.85138053239 635.268923981933 1027.45856379584 70.944767503766 71.1824741601083 0 155.019885409845 17605.0879519877 249760.327800897 15964.9161116389 0 0 0 0 0 0 550.691425088518 100.125713652457 0
9595.58754062982 8180.09666371487 2159.31626513112 117.750535508083 1463.14098265676 26.5588765623753 26.6478644041287 0 58.0332298797805 7592.96198036614 103865.300590436 2760.10910148314 0 0 0 0 0 0 83.2904625764525 15.1437204684459 0
41015.3132792135 19502.1894305694 2289.03489473696 0 798.50661054981 32.4991775484579 32.608068888873 0 71.0132537851888 7444.12669574789 131976.253167165 8564.68859109634 0 0 0 0 0 0 356.016179444868 64.7302144445213 0
11112.2000776143 0 1267.25122768786 5.3409683447078 30.058151475211 3.16503691085169 3.17564164419216 0 6.91585407214302 0 0 4328.20729690563 0 0 0 0 0 0 96.4547799483503 17.5372327178819 0
51922.9350231096 0 10591.8529845005 17.409425458302 703.589889543448 10.3167573024179 10.3513245012254 564.956019539323 22.5429244621473 0 10321.9071795568 15742.168216804 0 0 0 0 0 0 450.695203195241 81.9445823991348 0
6.9693719616861 13.9348422636291 0 0 0 0 0 0 0 229.949476468328 311.662849922073 0 0 0 0 0 0 0 0.0604947026014097 0.0109990368366199 0
762.753623573047 0 511.442363517576 44.7456496229337 251.821659934674 26.5160966170024 26.6049411208024 0 237.834724106881 2367.18976488079 72785.9564065137 0 0 0 0 0 0 0 6.62076208155715 1.20377492391948 0
25005.4795324407 0 12085.8537530643 1303.4823086612 89.1619828998639 0 0 514.123736335858 0 0 7428.08043331024 12617.0771860084 0 0 0 0 0 0 217.049549950362 39.4635545364295 0
35173.8429086987 0 20417.3864876432 44.1843834514989 1524.57613902991 0 0 35935.2428705517 200.727208960299 226.796624180196 107530.922026759 32507.7234614568 0 0 0 0 0 0 305.311752308259 55.5112276924108 0
116183.477584656 149.339200629871 43039.609059482 37.0327000566975 7413.88151022627 21.9454329296085 22.0189630244588 1206.53983539818 0 1100.90861320803 4328.3126425455 42536.8392403632 0 0 0 0 0 0 1008.48182050264 183.360331000481 0
5014.70581012563 4365.95988893366 0 38.7641954202068 587.488248197986 23.5481649200359 23.6270651087756 0 24.1578062657341 4164.1718407119 65384.2861602487 1071.34300560913 0 0 0 0 0 0 43.5280450354552 7.91419000644636 0
48871.1470757599 23253.2881160535 3325.7516878468 815.678393110346 1798.96253534155 37.8181507565037 37.9448637824489 0 82.6356277279255 4963.538618777 109922.807865401 7613.68535456706 0 0 0 0 0 0 424.205441234994 77.1282620427259 0
25203.8702416986 17101.8554249399 116.161828527673 0 1936.42063731413 22.5294131362878 0 0 142.378035966814 13673.9464661976 93312.5974127118 1145.77416662465 0 0 0 0 0 0 218.771597076189 39.7766540138525 0
4265.07797693725 13332.2990854454 2825.11347544229 24.4210936199126 1337.85308417898 14.4718443776167 14.5203335595416 0 31.6221158518583 4153.21318029984 44334.1358940304 3358.73072106355 0 0 0 0 0 0 37.0212158577657 6.73113015595738 0
3782.15781579758 6151.85815211951 583.112965248908 98.5150239483343 702.700832469963 23.2077808414886 23.2855405435648 0 49.7356145751375 4283.14874623641 76034.2408119279 0 0 0 0 0 0 0 32.8294304732328 5.96898735876958 0
24034.112055348 0 20773.8419145883 17.1384538938899 78.7530810024212 0 0 0 0 24.299638305021 0 10184.2436904359 0 0 0 1157.22239375957 0 0 208.61800303818 37.9305460069417 0
8393.77039806241 11830.5172364147 2321.51616432527 179.689208564884 1163.55494613514 15.1257663997472 15.1764466046729 0 33.050986796178 2671.94772862293 0 2543.12745128917 0 0 0 0 0 0 72.8585942502132 13.2470171364024 0
2691.74554906688 2976.71620131901 161.924634197639 41.0421504403343 230.978934002924 0 0 0 53.144206243713 11689.4760046209 102668.712107632 616.774611968689 0 0 0 0 0 0 23.3645653244879 4.24810278627052 0
101520.225611052 2443.12220356284 25214.4113129126 34.7283260294056 9998.74580249801 0 0 1126.97440164407 0 1122.17079672493 0 32992.3161895328 0 0 0 0 0 0 881.2036278349 160.218841424527 0
0 125.93402288738 0 0 0 0 0 0 0 777.767719966915 5701.45700299212 0 0 0 0 0 0 0 0 0 0
11959.6468109875 17660.6189508921 663.113376595178 0 1004.31344464947 261.660402628095 43.3579667352716 0 274.319155726689 14921.3278991887 149076.4612775 415.489961075167 0 0 0 0 0 0 103.810684954968 18.8746699918124 0
120853.716054899 298425.866993509 2672.96074862078 101.602789108749 7621.31828229399 100.616394377093 553.756610675168 0 2347.48383544629 78218.8482289803 292975.990780734 21837.9430607867 0 0 0 0 0 0 1049.01986164727 190.730883935867 0
49258.904875271 39899.5750806449 1968.14472505418 1040.37232174523 5823.49670353008 0 47.9132853435249 0 1294.77804921198 23135.6181312152 158166.272897612 7812.08688314009 0 0 0 0 0 0 427.571209756428 77.7402199557139 0
16589.2789957099 9191.07271292271 1876.82556246163 194.41221637025 3207.22893974048 18.634400967087 18.696837159391 0 40.7176287165304 2350.65251103432 54766.1150111746 3699.90019565496 0 0 0 0 0 0 143.996260313603 26.1811382388369 0
10450.7688045784 1550.44293687642 665.17786406901 16.5282401639273 1290.09917811099 9.79457035016626 9.82738791586094 0 0 1750.58644289089 27180.6671687332 2291.76189786565 0 0 0 0 0 0 90.7135039232586 16.4933643496833 0
16784.8321048441 0 11851.9010441028 20.8386285032668 0 730.584609484727 18.5027966658776 721.320138683854 319.547327007816 751.263817596899 0 13174.5519959594 0 0 0 11540.1265511812 0 0 145.693676844805 26.4897594263281 0
3982.76761093675 552.890636039805 248.013761856478 26.9695410772458 151.780444780211 15.9820443539596 16.0355935931574 0 34.9220213348976 4665.86804954049 47210.2091019565 0 0 0 0 0 0 0 34.5707394408974 6.28558898925407 0
102175.340350785 0 39648.9636487078 53.0544592061726 18792.5871277446 801.782223698077 31.5452066350777 278.671908106328 68.698571881618 1374.95453409244 0 47045.6154203781 0 0 0 0 0 0 886.890075848841 161.252741063425 0
0 0 0 0.383871357107297 2.16036917918808 0 0 12.4570701339876 0 0 1474.47169106132 0 0 0 0 0 0 0 0 0 0
0 0 0 0 0 0 0 0 0 0 0 0 0 0 0 0 0 0 0 0 0
0 0 0 0 0 0 0 0 0 0 0 0 0 0 0 0 0 0 0 0 0
0 0 0 0 0 0 0 0 0 0 0 0 0 0 0 0 0 0 0 0 0
18739.563778033 534.908581852405 13172.4252592017 1.72660725326119 0 0 0 606.885708283556 7.8413735548925 368.398166913646 0 11779.6772572046 0 0 0 0 0 0 162.660903143702 29.5747096624912 0
0 0 0 0 0 0 0 0 0 0 0 0 0 0 0 0 0 0 0 0 0
0 0 0 0 0 0 0 0 0 0 0 0 0 0 0 0 0 0 0 0 0
0 0 0 0 0 0 0 0 0 0 0 0 0 0 0 0 0 0 0 0 0
0 0 0 0 0 0 0 0 0 0 0 0 0 0 0 0 0 0 0 0 0
0 0 0 0 0 0 0 0 0 0 0 0 0 0 0 0 0 0 0 0 0
0 0 0 0 0 0 0 0 0 0 0 0 0 0 0 0 0 0 0 0 0
0 0 0 0 0 0 0 0 0 0 0 0 0 0 0 0 0 0 0 0 0
0 0 0 0 0 0 0 0 0 0 0 0 0 0 0 0 0 0 0 0 0
0 0 0 0 0 0 0 0 0 0 0 0 0 0 0 0 0 0 0 0 0
0 0 0 0 0 0 0 0 0 0 0 0 0 0 0 0 0 0 0 0 0
0 0 0 0 0 0 0 0 0 0 0 0 0 0 0 0 0 0 0 0 0
0 0 0 0 0 0 0 0 0 0 0 0 0 0 0 0 0 0 0 0 0
0 0 0 0 0 0 0 0 0 0 0 0 0 0 0 0 0 0 0 0 0
0 0 0 0 0 0 0 0 0 0 0 0 0 0 0 0 0 0 0 0 0
0 0 0 0 0 0 0 0 0 0 0 0 0 0 0 0 0 0 0 0 0
0 0 0 0 0 0 0 0 0 0 0 0 0 0 0 0 0 0 0 0 0
0 0 0 0 0 0 0 0 0 0 0 0 0 0 0 0 0 0 0 0 0
0 0 0 0 0 0 0 0 0 0 0 0 0 0 0 0 0 0 0 0 0
0 0 0 0 0 0 0 0 0 0 0 0 0 0 0 0 0 0 0 0 0
26675.7118052641 0 14083.3326881945 0 273.531757969707 20.4814986719653 20.5501237268848 1756.21972424964 0 0 70981.0523293 15126.5256500616 0 0 0 11687.782795231 0 0 231.547298840102 42.0995088800186 0
4656.95811972487 0 4025.81659497942 0 102.635807790561 0 0 598.045833770807 1.61009327167668 0 1028.12154740466 1165.81521551345 0 0 0 0 0 0 40.4227666465113 7.34959393572929 0
0 0 0 0 0 0 0 0 0 0 0 0 0 0 0 0 0 0 0 0 0
0 0 0 0 0 0 0 0 0 0 0 0 0 0 0 0 0 0 0 0 0
0 0 0 0 0 0 0 0 0 0 0 0 0 0 0 0 0 0 0 0 0
34225.68452248 17475.2034265146 3760.46393358692 159.596856357456 1763.53855016917 0 37.840632919526 0 34.6604712030359 27002.9730664546 82021.347040854 4490.72996993477 0 0 0 0 0 0 297.081662149682 54.0148476635787 0
5308.46615155282 6266.37353654219 23.6976656492384 0 8.24366351857119 0 714.275761914667 0 21.1236762855376 0 80998.7432335914 83.3828290939828 0 0 0 0 0 0 46.0779081491505 8.37780148166373 0
4312.51643113277 7727.04515618605 275.953159002352 151.901199558625 208.306072317342 0 0 0 36.100721858868 7002.34577156355 152474.48851205 142.502672368083 0 0 0 0 0 0 37.4329854109199 6.80599734743996 0
46332.2874143992 32557.6237058584 0 0 901.355696334036 0 987.132775335026 0 287.238533439941 8530.86051994466 91381.012443438 2055.6662145099 0 0 0 0 0 0 402.167937568225 73.1214431942226 0
142500.346776148 40525.4573484533 12923.3475049493 392.327601509032 1229.19055297536 0 39.7803478026332 0 36.4371706570597 23253.7413729757 57826.8250176341 34768.6398858796 0 0 0 0 0 0 1236.91433693192 224.893515805802 0
8227.34908184933 3562.32722401368 22.1712417310336 110.002623653878 168.426923365613 0 159.748049579887 0 327.156399056115 5747.87694406684 56910.7424402947 78.0119395481289 0 0 0 0 0 0 71.4140439971644 12.9843716358481 0
247.702272136716 517.447479578432 108.677648333262 0 0 0 181.536501149679 0 0 70.1430974661457 5206.46110745928 0 0 0 0 0 0 0 2.15007541123962 0.390922802043567 0
1149.22233465501 1493.39200629871 357.775679215268 72.93269515232 171.795461832925 0 8.07504328534286 0 7.39640919458491 2036.44468795134 21456.926414194 29.1963158043418 0 0 0 0 0 0 9.97534121295959 1.81369840235629 0
14247.5209551778 13423.7483712244 0 22.6041975420807 12.3469120008933 0 121.922649334534 0 31.6378963849428 17784.6352794637 80707.5852051347 1617.75196871981 0 0 0 0 0 0 123.66961438263 22.4853844332055 0
179.978300506141 113.781192198128 0 16.7013409545386 0 0 0 0 0 172.265798691863 5.25756228959178 3.78227834818754 0 0 0 0 0 0 1.5622259543157 0.284041082602854 0
12.5050433001956 0 0 10.5453219150085 0 0 0 0 0 0 0 0 0 0 0 0 0 0 0.108544769833187 0.0197354126969431 0
