1271062.99932258 210371.09434234 171357.811667607 875.086519958527 102806.713092173 2281.98169241579 428.293897756978 2067.99220789756 1352.83823376793 0 19241.7433038061 0 0 0 0 0 0 0 11032.9278670144 2005.98688491171 0
202732.196789458 9032.82376360424 88412.5956357016 0 10234.9427158592 0 66.7792293227977 483.869557578598 38.5664704758029 0 6230.51825938307 0 0 0 0 0 0 0 1759.73158269222 319.951196853131 0
4101001.45606485 125530.181397957 134835.838870855 0 129982.485403497 1914.37550660296 861.455238273197 71286.6557995579 7116.16310075673 0 36158.2324049998 0 0 0 0 0 0 0 35597.0186146545 6472.18520266445 0
0 0 0 0 0 0 0 0 0 0 0 0 0 0 0 0 0 0 0 0 0
30665.024725429 16906.3772635887 0 1580.17601837782 0 200.79038222196 4826.62814807691 0 2022.41861619213 0 64797.3402307202 0 0 0 0 0 0 0 266.174852085367 48.3954276518848 0
479488.542672601 2472.67936177631 50429.1798622948 243.082530720378 14078.3218019581 256.197491383459 625.110576104253 0 4460.05959248744 0 0 0 0 0 0 0 0 0 4161.99866346993 756.727029721808 0
1080991.20131645 161691.164355105 45850.4026376396 2265.19187435853 17383.9809161906 520.951360601005 0 0 5247.17229058029 0 71632.388258406 0 0 0 0 0 0 0 9383.08955209769 1706.01628219958 0
214813.163114543 0 47545.0278238164 175.456612121124 8861.41323847276 184.92297138284 451.203891778233 3684.45078152401 2777.72110720399 0 14391.573347183 0 0 0 0 0 0 0 1864.59533067288 339.017332849615 0
2019461.36688917 109693.508064943 534999.614546458 955.370165889834 197412.736767967 9014.20833253066 2456.82811110434 33577.2721470726 1624.20637651784 0 13800.2874463752 0 0 0 0 0 0 0 17529.0851853803 3187.10639734187 0
2218942.95249329 815705.120586823 209078.719161208 10686.8841542276 108692.464385199 1229.83169734463 0 0 11243.7667642038 0 229554.5455457 0 0 0 0 0 0 0 19260.6012046027 3501.92749174594 0
1219942.59954043 277581.106704635 195204.300920739 731.562971471211 49647.6683295632 2512.86471874544 2820.34191308027 11165.3993957372 7393.29675920477 0 47640.81864994 0 0 0 0 0 0 0 10589.1987335017 1925.30886063667 0
204941.122961488 13103.253625791 73521.7710393078 1742.56025515412 6884.51018218454 326.591681418715 2351.86436447091 0 0 0 35384.9351465038 0 0 0 0 0 0 0 1778.9052374462 323.43731589931 0
1845156.28823221 0 424434.895938427 922.000304565664 79459.8311104245 47544.655574965 2371.01423885671 142760.209510027 1557.76520882391 0 0 0 0 0 0 0 0 0 16016.1032476625 2912.01877230226 0
1662226.26237335 1317425.3920326 326667.053138057 14802.8924415911 131412.624584322 1587.9327500846 1071.218826219 0 7384.57556598177 0 353626.941172073 0 0 0 0 0 0 0 14428.2560826615 2623.31928775664 0
49048.5255609806 40045.5513278194 0 3829.35215139141 1597.37331426397 98.1181553626105 386.833642662492 0 68.1206396861914 0 25430.805351084 0 0 0 0 0 0 0 425.745100585983 77.4082001065421 0
1342053.3767844 334713.819958666 62588.4873002546 3289.98651149302 19062.1600604677 590.304184701624 1440.31616774608 449.501530147692 1016.62991531673 0 73650.3548189609 0 0 0 0 0 0 0 11649.1299861901 2118.02363385274 0
586967.575282136 81552.9891340713 58086.3083956339 261.091662228659 20392.0103451959 275.178264295207 671.422824618849 0 2771.67480993619 0 42914.3372595418 0 0 0 0 0 0 0 5094.9252096989 926.350038127074 0
2156113.39997373 461884.822830075 453952.734431283 1929.77413002473 92694.5040619777 1020.44199436345 2489.8334465842 18749.5782549373 2876.18211475041 0 24741.7889319644 0 0 0 0 0 0 0 18715.2356946047 3402.77012629176 0
975859.58280013 135023.869085974 141079.236418041 2232.44211231961 8616.67118113522 571.237525939596 1393.7943615459 0 0 0 100279.918920477 0 0 0 0 0 0 0 8470.53874678654 1540.09795396119 0
250662.878624901 17516.4346389351 35132.0447730362 441.212071913208 0 255.564083237648 623.565088173053 0 3829.57284635845 0 25414.4444521493 0 0 0 0 0 0 0 2175.77371088658 395.595220161197 0
3229398.61388661 143798.311335637 884192.881871625 1344.09441737119 88084.89136357 3413.93216077632 3456.4706607729 26028.796114441 2340.65029321742 0 26857.3990357719 0 0 0 0 0 0 0 28031.4366635142 5096.62484791167 0
431648.411726348 51660.1777420983 150549.942822787 8229.74228569657 32541.210327097 2105.45641971223 1092.55518851544 0 1949.20775102066 0 39404.5943437381 0 0 0 0 0 0 0 3746.74252419134 681.225913489333 0
823102.849363618 6632.75146387242 141593.796897332 1103.98630646955 11243.5449470739 2271.39493414718 1014.25919823821 0 5019.44033057534 0 11831.1426574467 0 0 0 0 0 0 0 7144.59815839397 1299.01784698072 0
1855226.51707016 52056.0660388656 498679.394656179 0 44974.5445305571 0 2257.80069921865 17002.2661363669 0 0 3070.34697116682 0 0 0 0 0 0 0 16103.5136344274 2927.91156989589 0
951060.756177018 1287662.38008219 128622.997845359 12534.51656259 91396.0216117221 0 27341.9966530898 0 879.745099947313 0 137107.808650603 0 0 0 0 0 0 0 8255.28296051532 1500.96053827551 0
1286619.44070905 0 144859.138222571 643.857009902127 16191.2737217141 3899.85247007149 1655.7414685289 12468.4863064705 4547.61775505067 0 20608.212267602 0 0 0 0 0 0 0 11167.9590147827 2030.53800268776 0
1675872.98912116 0 82894.6693534667 696.710449446015 5278.78260653865 0 1031.56139998877 17310.5023646473 7585.72300374986 0 5727.3407776744 0 0 0 0 0 0 0 14546.710755569 2644.85650101254 0
0 0 0 0 0 0 0 0 0 0 0 0 0 0 0 0 0 0 0 0 0
25817.2664010109 56467.8816845339 831.874969608809 2629.15704433417 4910.44596325541 8.77742317323687 1989.27297283912 11782.4537616758 413.722528144359 0 19732.8656038491 0 0 0 0 0 0 0 224.095924495996 40.7447135447264 0
209965.810288789 361118.874426212 0 7270.03780061441 393.937974992757 971.82817632175 4712.10627369061 6993.04570010588 0 0 153579.651873205 0 0 0 0 0 0 0 1822.51992284414 331.367258698935 0
140174.827045612 155653.787690587 2667.47824475947 18710.1044556727 455.801464613179 39.6832755602146 1344.57179762383 177.722624450122 1961.07562689367 0 91351.6302075772 0 0 0 0 0 0 0 1216.72864082244 221.223389240443 0
319794.965507364 1042901.93179885 0 25784.7236071492 3818.85147589256 107.077681641315 11290.9919828083 13565.9620342888 5505.81146263661 0 324861.042941766 0 0 0 0 0 0 0 2775.84572012364 504.699221840662 0
263649.214296207 595719.91491591 2362.85222509136 9968.09275846169 3356.76098087746 74.7471423837038 8743.96752442695 8790.76440446192 3070.55849181831 0 173945.071745238 0 0 0 0 0 0 0 2288.49613675746 416.090206683174 0
53066.4952958387 211692.266803664 0 678.71697402152 0 31.8950593631455 2658.58503014126 0 112.247836630687 0 88834.1267025442 0 0 0 0 0 0 0 460.621397260625 83.7493449564772 0
116131.466819809 242101.147821251 0 14940.5164416097 632.765124774022 43.3060470336656 1865.82296632416 0 72.3210258656382 0 30529.1137490115 0 0 0 0 0 0 0 1008.0303629296 183.278247805382 0
17723.5465692342 11850.8648508613 329.939710874548 12811.9105494585 30.2661639689281 0 0 21199.3879345654 11.3798278386841 0 7692.33525032694 0 0 0 0 0 0 0 153.841793011241 27.9712350929528 0
297140.980217645 464783.174551652 8649.55180732023 24913.0865888936 3855.69101868191 565.440520772456 2186.71181763455 0 958.493893584547 0 61056.5552485435 0 0 0 0 0 0 0 2579.20732711316 468.946786747845 0
122922.636139873 109927.245565204 757.069295586043 6040.03061033428 1791.16941953513 5.75742795000224 251.709055250002 0 296.372288651138 0 12322.2308437901 0 0 0 0 0 0 0 1066.97825243694 193.996045897626 0
210145.703533446 133358.977442076 1442.11361821163 2679.2122352669 639.656352539576 2.70203479701635 91.551912814094 0 319.353231993134 0 11286.9002087327 0 0 0 0 0 0 0 1824.08141050693 331.651165546714 0
1692.18931027775 889.517768043554 14.581925746359 118.321818639266 0 0 0 1176.44775580988 65.7094576049251 0 296.825952959489 0 0 0 0 0 0 0 14.6883377201425 2.67060685820772 0
435365.995784457 1075934.72376238 1706.58397886106 21283.6175867884 5706.28479664646 119.364883129047 0 896.425105742921 3818.4870229582 0 242721.059845357 0 0 0 0 0 0 0 3779.0114493151 687.092990784562 0
5099.1348105444 4618.11853870295 36.2172906921762 377.547428181842 26.3381706195167 0 0 0 7.97310425214607 0 7608.75197882609 0 0 0 0 0 0 0 44.2608954700921 8.04743554001672 0
65505.9253053263 57543.4052047111 1736.47033044163 7231.77413565559 1346.79612633977 6.30814135324684 213.736110219287 64.1160992108879 1467.45863144739 0 25294.7216042169 0 0 0 0 0 0 0 568.596638515067 103.381207002739 0
1172392.73765155 1345003.8502305 44085.1025064751 289511.348419853 12374.1356410448 218.901925043569 10412.3899789011 341433.390453294 10284.1135095004 0 570778.064770335 0 0 0 0 0 0 0 10176.4621527138 1850.26584594797 0
180595.521001851 450012.080994499 0 21615.1339767621 873.192973570848 151.95089493709 13039.2930809978 0 0 0 212185.183312206 0 0 0 0 0 0 0 1567.58347727942 285.015177687168 0
30316.4942159805 25308.637620532 566.997522770755 4447.22004562315 49.0455524814445 1.22880823538507 212.32718214519 0 250.681640950458 0 14759.5031786262 0 0 0 0 0 0 0 263.149579559734 47.8453781017696 0
5552.31787882635 4636.99807861564 236.952196156893 719.856259985839 0 4.47117983159104 0 8.84857228243814 61.7199761367297 0 6405.17938554765 0 0 0 0 0 0 0 48.1945605249096 8.76264736816538 0
1015795.53765793 500000.428845068 345440.400221826 19712.6276005923 34750.4542038383 475.809360386945 3420.98915469938 7388.47633723602 13629.2448332147 0 364069.375658816 0 0 0 0 0 0 0 8817.18600933866 1603.12472897066 0
652474.632442192 1182448.4925845 13874.6592283811 86585.3673950335 20451.8280760504 412.043497140288 19333.7720409526 204.244308406525 9078.42509417878 0 200859.942070078 0 0 0 0 0 0 0 5663.53167280302 1029.73303141873 0
235212.238546502 219898.044982665 15945.4546097923 6518.47822524447 14628.5185346965 18.411052383872 400.859707388172 0 580.619217649609 0 10816.0165438069 0 0 0 0 0 0 0 2041.66092688215 371.211077614935 0
189707.704941219 1250228.2211354 7763.46502468116 21431.9901076356 13463.0016071318 219.478156751338 0 489.284056082296 3033.87982602395 0 79731.3777070845 0 0 0 0 0 0 0 1646.67795817265 299.395992395028 0
763994.943799485 1117417.43252808 1202.59362454289 52025.7261456585 915.138333621244 672.805885143698 42935.1416637776 0 3727.10935883048 0 535786.395751193 0 0 0 0 0 0 0 6631.53683979139 1205.73397087116 0
237338.725227106 116755.8709981 31076.9089144817 98148.5528270167 4976.10320710605 65.1721627997657 132.905561565633 25216.3618993584 0 0 39746.036252234 0 0 0 0 0 0 0 2060.11900029768 374.567090963214 0
0 0 0 1031.61750422593 0 0 0 0 0 0 0 0 0 0 0 0 0 0 0 0 0
33.9542894946207 16.9983375428744 4.52343777101348 0 0 0 0 0 0 0 8.18419803006309 0 0 0 0 0 0 0 0.294725931735506 0.0535865330428194 0
1107082.92865279 717933.691229447 88073.6495324653 64891.8340488925 11044.3956723999 379.164982277711 2202.90968295036 0 21631.0028123533 0 104532.837693259 0 0 0 0 0 0 0 9609.5678193284 1747.1941489688 0
700473.010172389 494339.023663175 31604.6721646854 1531.6876504008 27055.6009433563 19.2284421928317 192.087626333388 26732.6270406539 1062.8521034909 0 30535.9291997464 0 0 0 0 0 0 0 6080.16140674474 1105.48389213541 0
174486.386672895 126534.104946025 2397.37914369455 27084.211710852 1831.37089402642 123.311347795925 911.007212913515 3758.23310635662 1390.46154559462 0 55861.76615844 0 0 0 0 0 0 0 1514.55570570776 275.373764674138 0
344791.285720627 419388.485662328 28194.4898696691 9173.11737553984 547.113391961685 124.095969349345 1693.21685434616 0 1372.05013767943 0 29732.4589204334 0 0 0 0 0 0 0 2992.81576645549 544.148321173727 0
883180.1967496 199320.022464237 105752.992374799 64888.1951864438 7495.45346987508 4073.07375032569 9908.34784394126 32713.540192245 12550.9767261819 0 71220.1155202281 0 0 0 0 0 0 0 7666.07430906811 1393.83169255784 0
1141418.18345785 1330872.61417853 186341.183726474 47717.3130063163 88772.7952683965 2269.61064904573 32620.3410306689 2433.70627727775 9396.22200471481 0 149204.758731348 0 0 0 0 0 0 0 9907.60056024028 1801.38192004369 0
632632.304956028 490161.631174588 129334.010486621 42481.8996581504 36943.649421082 21808.1272716351 2444.79780499981 6186.55370201818 12041.8612725272 0 161155.243497215 0 0 0 0 0 0 0 5491.29869301744 998.417944184985 0
15654.6083647505 15707.9461498335 0 2036.38642794993 0 0 0 0 50.0309997695243 0 8747.4997639589 0 0 0 0 0 0 0 135.883244942778 24.7060445350506 0
1193055.6843948 3176815.37236761 177501.737594483 33760.456084064 162870.550395335 1425.0490343589 59348.9785171333 0 14586.6380448043 0 284310.874745272 0 0 0 0 0 0 0 10355.8181728794 1882.87603143261 0
218509.569058216 368195.585909857 27498.7968924138 38092.521829323 20916.1449746952 1463.81652648321 2418.88122049451 0 4566.82965896218 0 168196.42789399 0 0 0 0 0 0 0 1896.68042807992 344.850986923621 0
401768.662922184 841405.410016309 28121.4961764596 35665.8554338005 9504.45384515838 283.735592148691 22279.6238130548 0 4154.57422086129 0 111215.995764774 0 0 0 0 0 0 0 3487.38392952174 634.069805367588 0
33400.7698912788 13549.915536207 311.98320334084 22857.9376556125 0 0 0 221.93112728209 0 0 5596.29805266249 0 0 0 0 0 0 0 289.921337580925 52.7129704692589 0
488.478937464178 259.663049885144 0 112.498767252553 0 0 0 0 0 0 180.937145345156 0 0 0 0 0 0 0 4.24003600487968 0.770915637250854 0
337240.483796741 419193.786499984 42189.4535183399 39866.9221309039 13110.6605827085 995.925649143493 8923.94393132441 135.75274313767 3490.16254392202 0 56519.3376194117 0 0 0 0 0 0 0 2927.27420556611 532.231673739291 0
54311.1248136826 42373.7779175622 0 1109.22565679709 0 79.4856121131799 4503.13253067226 0 0 0 80786.4231106342 0 0 0 0 0 0 0 471.424880407287 85.713614619507 0
4380948.99210417 7772800.44599241 286808.284146079 15822.3941878911 241273.140231817 3678.132251642 27278.6256757647 61316.3560809587 74565.4015605025 0 191731.88309868 0 0 0 0 0 0 0 38026.9854796456 6913.99735993556 0
1169074.93085547 1351793.5702985 150138.659149642 13195.6691416698 60822.1688255751 2622.30433743256 7895.91941261424 0 23180.5447441242 0 58383.1590358429 0 0 0 0 0 0 0 10147.6633260015 1845.02969563664 0
288228.225932798 87385.5209815514 23889.1444405544 46399.7738026117 514.286588443984 140.173094566344 930.056153168863 22587.8620190549 7191.18744784827 0 59681.7472198061 0 0 0 0 0 0 0 2501.84391147322 454.880711176949 0
1029464.94780168 335804.135267795 29532.2570001554 71659.6633457963 4151.49641820526 261.100386512335 7835.44738210187 1293.957415708 8101.01948268135 0 130891.169730184 0 0 0 0 0 0 0 8935.83757592583 1624.69774107742 0
32.3227817475663 134.103017777997 0 60.2034726794696 0 0 0 0 0 0 209.72934053684 0 0 0 0 0 0 0 0.280564314807533 0.0510116936013695 0
976938.402339585 839834.836773396 32829.1388101144 54447.3891053142 6347.60957353946 554.872166562444 5390.64957710206 0 4069.72164525219 0 49771.0838523949 0 0 0 0 0 0 0 8479.90298614102 1541.80054293473 0
220643.836829942 90327.4313837342 28669.8500322367 24634.189062552 4554.90135921167 100.42561723569 0 2228.02289500272 2928.21435451071 0 26428.8523737186 0 0 0 0 0 0 0 1915.20604198489 348.219280360888 0
1888647.48633831 254867.693481149 102281.28616382 52508.3302779266 53827.2039547584 341.192203875409 2487.99211250864 0 6020.53038826548 0 55694.792143056 0 0 0 0 0 0 0 16393.6103042052 2980.6564189464 0
256539.360102373 561473.444369333 80676.5047088906 47855.1349215634 38148.0283679204 325.070657106791 9615.0528514657 509.380383616272 5478.59459876198 0 180770.746408415 0 0 0 0 0 0 0 2226.7820372145 404.869461311729 0
47869.3407612941 137582.474570996 10283.3429309682 13077.723239151 490.615560057069 0 0 49251.99749444 185.513004193948 0 42228.0842657619 0 0 0 0 0 0 0 415.509682794926 75.5472150536228 0
487700.683362355 165432.986764551 46143.067170474 26476.7483721401 16715.6417862606 409.063880665999 1304.52320266358 93031.5512261048 4758.01478608143 0 51967.5738253034 0 0 0 0 0 0 0 4233.28069741483 769.687399529974 0
640519.65370331 490719.768773309 53316.0353708922 57347.5624769829 15310.7859029171 0 18132.9702922071 2135.54239733489 16939.2957779664 0 85302.4843137777 0 0 0 0 0 0 0 5559.76150708498 1010.86572856091 0
22192.0606766421 23712.0611549522 35.3338808627311 5212.50064320361 648.623968993345 508.700557304558 1461.22944997289 0 0 0 26259.9788742202 0 0 0 0 0 0 0 192.628850652005 35.0234273912736 0
51408.4621265795 96687.6040203242 0 4581.32782299983 0 61.76295282302 2181.59931032669 1370.26066396689 0 0 48452.8960184841 0 0 0 0 0 0 0 446.22953755949 81.1326431926347 0
117771.756291836 291665.835164276 428.049435487353 4378.00638367487 0 380.606480941482 2030.13245291504 0 1311.21244195969 0 343455.738749922 0 0 0 0 0 0 0 1022.26820592837 185.866946532431 0
334592.047267044 427896.839056787 2464.21301334772 29569.3962586946 4484.87084504058 413.808152935231 13822.1784028258 0 3899.21599803763 0 424288.318639245 0 0 0 0 0 0 0 2904.28556597225 528.051921085861 0
642143.492126214 477597.045231283 47904.5893496256 26167.5147269019 11525.8554573262 207.652058142016 777.497535158951 4606.92751978851 10115.0674094033 0 40050.126657464 0 0 0 0 0 0 0 5573.8565536697 1013.42846430359 0
1143.53365197626 9208.20495915358 0 10.4944317354196 0 8.78975036010347 219.981405366766 0 0 0 16012.7671300511 0 0 0 0 0 0 0 9.92596299513218 1.80472054456948 0
189190.731626386 221321.027809175 0 9906.34815896675 0 128.569335479736 4388.54164289719 2852.41386539704 0 0 92880.7081984421 0 0 0 0 0 0 0 1642.19058870728 298.580107037687 0
4669111.33485556 816996.625030375 594995.474002718 53262.484520434 126828.908586467 4538.03177469048 0 27755.4890992199 10871.5361259185 0 254659.785444216 0 0 0 0 0 0 0 40528.2575198677 7368.77409452139 0
872778.556780837 0 158504.407133951 414.275530268522 2379.023329861 700.230559901693 499.252149579188 0 709.27996844931 0 98558.4983442045 0 0 0 0 0 0 0 7575.78724734483 1377.41586315361 0
58716.2024557877 42652.0964976219 0 715.68235343946 2990.0430863601 413.712996432218 1106.93114148455 0 704.520050265329 0 202339.120184668 0 0 0 0 0 0 0 509.661304486851 92.6656917248823 0
0 17393.1251694502 0 0 501.551424824175 0 0 0 0 0 0 0 0 0 0 0 0 0 0 0 0
73605.5948343591 282742.123556816 23789.6358893277 406.881453815975 30241.8751118128 0 629.315156307693 0 400.535434354131 0 87906.3121338485 0 0 0 0 0 0 0 638.902413844929 116.164075244532 0
12494.300818711 20767.9106500898 0 334.375417082234 1396.98414986849 0 0 0 329.160254571223 0 114704.04011541 0 0 0 0 0 0 0 108.451524240014 19.7184589527297 0
18295.7924681951 15792.726594237 5147.8949704913 1060.27354600998 4125.61998111138 232.102185951772 621.012972404283 0 382.07635958459 0 106911.139338773 0 0 0 0 0 0 0 158.808932900291 28.8743514364165 0
0 0 0 0 0 0 0 0 0 0 0 0 0 0 0 0 0 0 0 0 0
452134.76474851 1029958.56880289 36158.4622614997 2960.21460207334 33007.3509370484 837.974730817334 27104.7299048472 0 6163.01867560908 0 441685.143262093 0 0 0 0 0 0 0 3924.56569682103 713.557399422005 0
0 0 0 179.042347103844 748.019466388615 103.498633929716 276.921107110259 0 176.24987227227 0 0 0 0 0 0 0 0 0 0 0 0
2499.88961692169 9777.84672548998 780.825876261637 79.2347651635293 177.114844915596 5.75855664750861 15.4076031889285 0 37.5089552557805 0 29324.9447450096 0 0 0 0 0 0 0 21.6992405834288 3.94531646971431 0
67094.1434189018 66482.3016554006 0 398.684067966017 1857.0391584157 260.078383479294 695.86613034372 0 346.042140491898 0 125132.562550047 0 0 0 0 0 0 0 582.382497983483 105.887726906088 0
17936.0759826255 36583.9726045488 4929.77776175487 391.60720797554 618.602875178012 226.375557057408 605.690795161697 0 385.499416775168 0 165511.230454542 0 0 0 0 0 0 0 155.686565212787 28.3066482205068 0
6562.42795372578 20469.0671141653 1080.9051131222 108.700907705719 8896.0207017514 0 0 0 47.5177923117132 0 18992.499474 0 0 0 0 0 0 0 56.9623962655844 10.3567993210154 0
693338.80793131 29821.4216991133 186133.467105674 405.078388160456 81132.9038630434 0 626.526391830486 0 0 0 0 0 0 0 0 0 0 0 6018.23596421637 1094.22472076661 0
333875.950415032 0 164401.622555157 0 16322.2161935236 0 0 2046.18124836483 187.144354480095 0 11234.4321153471 0 0 0 0 0 0 0 2898.06978837645 526.921779704809 0
29197.3066344917 3439.68520142112 15549.9095453727 1910.40278560358 418.601702772978 57.9192204807515 154.968757069631 0 0 0 22626.1788281569 0 0 0 0 0 0 0 253.434942391628 46.0790804348412 0
287640.025993647 130740.487514393 17576.610977817 1337.2819499225 7769.01016585592 287.086209614282 768.128312267987 0 488.884788663087 0 117486.881098111 0 0 0 0 0 0 0 2496.73828924719 453.952416226762 0
18331.122271336 8603.65283213338 0 0 0 112.052636085732 299.808208681821 0 0 0 0 0 0 0 0 0 0 0 159.115598399811 28.9301087999657 0
543912.953194162 356312.447034759 36544.6079101445 1092.57400428095 18846.9621262961 423.860391146706 34307.3096934641 0 721.800249572496 0 223533.193711786 0 0 0 0 0 0 0 4721.20766769562 858.401394126476 0
2168.85730635313 51887.3267648337 4914.9086761011 240.470928747066 911.855653269475 139.008525232839 371.931427919937 0 236.720369021316 0 0 0 0 0 0 0 0 0 18.8258538149519 3.42288251180943 0
10386.8926076284 3135.95251335896 12591.6403321332 26.8065832697677 268.001390770155 25.122344121687 67.2173832951919 0 39.7255272630974 0 7103.539551444 0 0 0 0 0 0 0 90.1590534564103 16.3925551738927 0
874230.855804033 0 208897.586663244 0 115436.184054518 0 0 0 0 0 6677.73343022323 0 0 0 0 0 0 0 7588.39331830496 1379.70787605545 0
9885.12808507673 0 0 42.5585669380418 177.805067048156 24.6017414949268 65.8244580913204 0 41.8947925351439 0 9308.6844567531 0 0 0 0 0 0 0 85.8036975169402 15.6006722758073 0
857492.325601338 424424.703994975 33468.5094932265 2083.24875192009 40493.6858503908 709.431080771163 19221.4668414296 0 2149.33175009876 0 392282.935017541 0 0 0 0 0 0 0 7443.10154565121 1353.2911901184 0
52450.8224268311 5802.03503786883 8062.19847281602 1728.88344445366 1264.1966776928 147.490645017795 394.626200906864 0 251.164738690117 0 0 0 0 0 0 0 0 0 455.277307819694 82.7776923308533 0
166561.69716191 100081.859417198 11808.3069008601 1556.06855465472 4612.165894237 355.290599354052 950.616084322469 0 605.031393923655 0 198455.077019729 0 0 0 0 0 0 0 1445.76877084317 262.867049244213 0
0 0 0 0 0 0 0 0 0 0 126.119017723117 0 0 0 0 0 0 0 0 0 0
408738.921575704 0 10511.54240051 559.684131778471 11509.8067978286 110.55508668867 295.801363168592 2058.44985936016 188.266445344196 0 0 0 0 0 0 0 0 0 3547.88632867875 645.070241577955 0
70227.973520629 69760.7098680672 46338.3789940951 273.765468696403 1143.76237310573 158.255030083874 423.427406455952 0 269.495623079124 0 55787.0110450168 0 0 0 0 0 0 0 609.584392365005 110.833525884547 0
20005.8389465331 25804.1289827365 0 154.586973845072 645.847574926806 0 0 0 856.612399579171 0 64786.4909481365 0 0 0 0 0 0 0 173.652272258608 31.5731404106559 0
527900.803218638 125353.810689526 222453.686995952 615.176986813683 70039.9974698897 3650.64731756884 951.481562953326 0 2680.06059565387 0 103838.483607907 0 0 0 0 0 0 0 4582.22093315144 833.131078754807 0
114531.558264328 0 55130.9649773585 1879.69245579819 0 0 0 0 158.724853140209 0 15096.7767151188 0 0 0 0 0 0 0 994.143029496206 180.753278090219 0
0 36168.614391547 0 297.122422647792 1241.34518808663 0 0 0 292.488284967172 0 85383.8539331549 0 0 0 0 0 0 0 0 0 0
214680.353548125 18012.7745557234 105498.423546821 863.59895168191 1486.44516534166 7020.58398518174 884.627828659956 0 53.0665517416178 0 7555.87637034061 0 0 0 0 315274.025834672 0 0 1863.44253307974 338.807733287226 0
68849.0663969778 0 0 65.7186344098032 0 37.9898331046567 101.645656979585 707.341190293784 0 0 0 0 0 0 0 0 0 0 597.615368926619 108.65733980484 0
504637.00405114 0 105086.586990498 338.09553530253 23521.4989472168 0 0 3638.98155403899 1846.56028014534 0 14608.5589988555 0 0 0 0 0 0 0 4380.28930720959 796.416237674471 0
205503.904038395 0 32534.0099888046 2363.98404111845 8530.95674972789 91.2906112448706 244.257302486419 0 0 0 0 0 0 0 0 0 0 0 1783.7902219275 324.325494895909 0
688954.350704242 63212.3280412107 167517.371867152 1492.84331960737 50559.4780357019 0 598.847103025102 4167.31255662834 0 0 14548.8879446456 0 0 0 0 0 0 0 5980.17852697836 1087.30518672334 0
267806.199867963 0 55798.7220967188 100.567541303554 23706.4232736998 58.1348675939285 155.545742823537 1082.42608826887 0 0 53968.5658997812 0 0 0 0 0 0 0 2324.57910194632 422.650745808421 0
460092.227417337 63699.0759470722 63006.1734336196 5744.85409099363 6897.64090359161 625.837873427188 1674.49279474236 0 1065.75170189779 0 381574.6931075 0 0 0 0 0 0 0 3993.63710530071 726.115837327399 0
69587.5997038826 63277.2277619923 14138.2475649707 1064.83981837201 9822.50909701877 234.288608071481 626.862966853597 0 398.974707970427 0 158681.607068148 0 0 0 0 0 0 0 604.025896734299 109.822890315327 0
297444.756782023 150859.400956668 14987.5877606483 0 5360.61701444059 286.690856573458 767.070505052494 0 488.211534144628 0 201628.492175441 0 0 0 0 0 0 0 2581.84413183823 469.426205788767 0
80586.1368630399 0 8297.40037315748 48.2993621860758 201.789485637073 27.920310958815 74.7036277486351 0 47.5460501598017 0 0 0 0 0 0 0 0 0 699.494073515724 127.180740639223 0
376547.283065243 0 69350.7672242484 157.436646576496 4723.41228393589 91.0090719582229 243.504015529932 1694.51824410808 154.981149984524 0 15769.4322353038 0 0 0 0 0 0 0 3268.46034759347 594.265517744266 0
50.5421751616309 107.7931256796 0 0 0 0 0 0 0 0 476.147102140362 0 0 0 0 0 0 0 0.438710097845245 0.0797654723354988 0
5531.52098348771 0 3348.69832057054 404.64316541602 1690.5551651238 233.911225623422 625.853241784263 0 1635.09837023272 0 111199.721840898 0 0 0 0 0 0 0 48.0140418202889 8.72982578550707 0
181340.776970589 0 79132.8232710173 11787.6310185496 598.571428538545 0 0 1542.05286928443 0 0 11348.3495824752 0 0 0 0 0 0 0 1574.05235832618 286.191337877487 0
255082.170842987 0 133684.013524744 399.56753187032 10234.9419312467 0 0 107783.477907286 1379.98659979042 0 164281.809417852 0 0 0 0 0 0 0 2214.13351861553 402.56973065737 0
842567.408835852 1155.21502991124 281804.31825051 334.89353939704 49771.6347512771 193.591205656937 517.972933186095 3618.872430092 0 0 6612.63773472146 0 0 0 0 0 0 0 7313.55208179097 1329.73674214381 0
36366.8549810189 33772.9307670939 0 350.551771441893 3943.98675911471 207.729674438438 555.801842410886 0 166.08335810438 0 99891.720776162 0 0 0 0 0 0 0 315.667191924864 57.3940348954296 0
354415.590017569 179876.06611809 21775.5506507714 7376.3302070925 12076.9810141622 333.61207428219 892.612988672972 0 568.114604494708 0 167936.045111983 0 0 0 0 0 0 0 3076.35549275934 559.337362319878 0
182779.514640622 132291.590841072 760.576260108055 0 12999.7789352709 198.742775582829 0 0 978.839803315069 0 142559.573148876 0 0 0 0 0 0 0 1586.54071566291 288.461948302347 0
30930.5227749998 103132.14629393 18497.5931316446 220.844455462272 8981.41344244301 127.663091000701 341.575566311717 0 217.400004506692 0 67732.0711695916 0 0 0 0 0 0 0 268.479396259266 48.8144356835028 0
27428.3656929003 47587.7664353116 3817.96571172153 890.889538254856 4717.44377420539 204.726982973487 547.767836422463 0 341.929138563401 0 116162.331940089 0 0 0 0 0 0 0 238.080394410931 43.2873444383511 0
174296.379649936 0 136017.925954992 154.986200723426 528.693313722871 0 0 0 0 0 0 0 0 0 0 13331.9352918043 0 0 1512.90642964541 275.073896299164 0
60871.9718301197 91515.0962740362 15200.2607433325 1624.96266692992 7811.29718787652 133.431651278182 357.009935228673 0 227.223399980601 0 0 0 0 0 0 0 0 0 528.37355401154 96.0679189111893 0
19520.6506094654 23026.420933287 1060.2108649492 371.151738987057 1550.63162563034 0 0 0 365.362986177562 0 156853.502952806 0 0 0 0 0 0 0 169.440798926729 30.8074179866779 0
736228.896016727 18898.7986915817 165092.809748881 314.054659895603 67124.6125752565 0 0 3380.22539486499 0 0 0 0 0 0 0 0 0 0 6390.52533799919 1161.91369781803 0
0 974.164019916332 0 0 0 0 0 0 0 0 8710.47746188336 0 0 0 0 0 0 0 0 0 0
86731.8557992318 136613.912245122 4341.7730109012 0 6742.26070027449 2308.23210368793 1019.95053908338 0 1885.9264816636 0 227753.564636818 0 0 0 0 0 0 0 752.839402386195 136.879891342945 0
876436.172349585 2308476.57822696 17501.3643928418 918.812768314102 51164.2207049503 887.585547243189 13026.5415126042 0 16138.7997816541 0 447598.00227017 0 0 0 0 0 0 0 7607.53564121422 1383.18829840258 0
357227.62569753 308643.602120725 12886.5408999351 9408.27886129152 39094.8992782755 0 1127.10961548917 0 8901.51547899374 0 241640.646343862 0 0 0 0 0 0 0 3100.76418598148 563.775306542086 0
120306.140842493 71097.6441161667 12288.6234253122 1758.10554300864 21531.1004272602 164.383002216649 439.823418296083 0 279.93106811527 0 83669.6672849416 0 0 0 0 0 0 0 1044.26686527852 189.866702777912 0
75789.4097773081 11993.4684004268 4355.29036149554 149.467925374803 8660.82699019332 86.4026100128618 231.17895873124 0 0 0 41525.6290888374 0 0 0 0 0 0 0 657.858101134469 119.61056384263 0
121724.300118479 0 77601.0044396553 188.447562423333 0 6444.83778644117 435.258819887413 2163.51378261098 2196.86723864552 0 0 0 0 0 0 132949.570686882 0 0 1056.5766005192 192.104836458037 0
28883.1962659854 4276.89159950286 1623.88438473307 243.890536024776 1018.9481514598 140.98529043696 377.220463997399 0 240.086641613622 0 72126.0306159611 0 0 0 0 0 0 0 250.708439425325 45.5833526227863 0
740979.815340386 0 259603.872212724 479.78126350897 126160.33602149 7072.90614215192 742.067789049947 835.843173760034 472.298245526457 0 0 0 0 0 0 0 0 0 6431.76369536454 1169.41158097537 0
0 0 0 3.47141950919017 14.503213406655 0 0 37.3634971221093 0 0 2252.64391653477 0 0 0 0 0 0 0 0 0 0
0 0 0 0 0 0 0 0 0 0 0 0 0 0 0 0 0 0 0 0 0
0 0 0 0 0 0 0 0 0 0 0 0 0 0 0 0 0 0 0 0 0
0 0 0 0 0 0 0 0 0 0 0 0 0 0 0 0 0 0 0 0 0
135900.095464664 4137.79122144842 86247.2127649897 15.6140279619894 0 0 0 1820.28134794192 53.9089368389657 0 0 0 0 0 0 0 0 0 1179.62363091453 214.477023802641 0
0 0 0 0 0 0 0 0 0 0 0 0 0 0 0 0 0 0 0 0 0
0 0 0 0 0 0 0 0 0 0 0 0 0 0 0 0 0 0 0 0 0
0 0 0 0 0 0 0 0 0 0 0 0 0 0 0 0 0 0 0 0 0
0 0 0 0 0 0 0 0 0 0 0 0 0 0 0 0 0 0 0 0 0
0 0 0 0 0 0 0 0 0 0 0 0 0 0 0 0 0 0 0 0 0
0 0 0 0 0 0 0 0 0 0 0 0 0 0 0 0 0 0 0 0 0
0 0 0 0 0 0 0 0 0 0 0 0 0 0 0 0 0 0 0 0 0
0 0 0 0 0 0 0 0 0 0 0 0 0 0 0 0 0 0 0 0 0
0 0 0 0 0 0 0 0 0 0 0 0 0 0 0 0 0 0 0 0 0
0 0 0 0 0 0 0 0 0 0 0 0 0 0 0 0 0 0 0 0 0
0 0 0 0 0 0 0 0 0 0 0 0 0 0 0 0 0 0 0 0 0
0 0 0 0 0 0 0 0 0 0 0 0 0 0 0 0 0 0 0 0 0
0 0 0 0 0 0 0 0 0 0 0 0 0 0 0 0 0 0 0 0 0
0 0 0 0 0 0 0 0 0 0 0 0 0 0 0 0 0 0 0 0 0
0 0 0 0 0 0 0 0 0 0 0 0 0 0 0 0 0 0 0 0 0
0 0 0 0 0 0 0 0 0 0 0 0 0 0 0 0 0 0 0 0 0
0 0 0 0 0 0 0 0 0 0 0 0 0 0 0 0 0 0 0 0 0
0 0 0 0 0 0 0 0 0 0 0 0 0 0 0 0 0 0 0 0 0
0 0 0 0 0 0 0 0 0 0 0 0 0 0 0 0 0 0 0 0 0
193453.370839553 0 92211.4316002927 0 1836.30163656709 180.677138349691 483.420034464285 5267.57174094743 0 0 108442.255411321 0 0 0 0 134650.664186039 0 0 1679.19063590167 305.307388345758 0
33772.4538597549 0 26359.2659352891 0 689.025300810101 0 0 1793.76719795606 11.0692872721904 0 1570.72649360422 0 0 0 0 0 0 0 293.147583971315 53.299560722057 0
0 0 0 0 0 0 0 0 0 0 0 0 0 0 0 0 0 0 0 0 0
0 0 0 0 0 0 0 0 0 0 0 0 0 0 0 0 0 0 0 0 0
0 0 0 0 0 0 0 0 0 0 0 0 0 0 0 0 0 0 0 0 0
248206.086814084 135179.62841585 24621.8541075858 1443.26381874289 11839.1690597896 0 890.161067311527 0 238.28850134648 0 125309.213840907 0 0 0 0 0 0 0 2154.44856268585 391.717920488337 0
38497.2171877681 48473.6014517252 155.161830191878 0 55.342212995016 0 16802.5856209351 0 145.223910417237 0 123746.917148865 0 0 0 0 0 0 0 334.158905215396 60.7561645846175 0
31274.5484166972 59772.6428397896 1806.81919610978 1373.67057441019 1398.42182985407 0 0 0 248.1901316022 0 232944.946353084 0 0 0 0 0 0 0 271.465566174742 49.3573756681347 0
336003.674220748 251849.856464807 0 0 6051.07411509623 0 23221.2597167473 0 1974.74636918292 0 139608.568286129 0 0 0 0 0 0 0 2916.53860013629 530.279745479324 0
1033418.43812434 313485.121291027 84616.3618287869 3547.8908875495 8251.92891982743 0 935.790818650476 0 250.503195363835 0 88345.7080784854 0 0 0 0 0 0 0 8970.15418617731 1630.93712475951 0
59665.0775273172 27556.4214438379 145.167481706126 994.774021932149 1130.70101005415 0 3757.90475326826 0 2249.17911762735 0 86946.1506251974 0 0 0 0 0 0 0 517.897615530893 94.1632028237987 0
1796.34717376156 4002.72067265324 711.573159395981 0 0 0 4270.45514706529 0 0 0 7954.24083859556 0 0 0 0 0 0 0 15.5924362543706 2.83498840988556 0
8334.20814057679 11552.1502991124 2342.55685799868 659.543818839332 1153.31503025523 0 189.956895402731 0 50.8498355950967 0 32781.107326433 0 0 0 0 0 0 0 72.3415891208171 13.153016203785 0
103323.614192833 103839.553250449 0 204.413929000789 82.8885643191058 0 2868.10201858635 0 217.508494652631 0 123302.096562936 0 0 0 0 0 0 0 896.85718407058 163.064942558287 0
1305.21011641819 880.155664380901 0 151.033307762571 0 0 0 0 0 0 8.03231135548402 0 0 0 0 0 0 0 11.3293275576538 2.05987773775523 0
90.6870938094341 0 0 95.3632917608355 0 0 0 0 0 0 0 0 0 0 0 0 0 0 0.787171182704474 0.143122033218995 0
