188418.614658335 6522.47472935709 27373.8844163667 0 16990.5079919788 0 0 0 0 4762.48940272423 13470.2322242045 70447.1033608096 0 0 0 0 0 0 579.164043539507 105.30255337082 0
50089.2743622277 1679.98013350965 5818.44741938788 0 5364.32310053302 148.186910378628 0 0 0 993.991719844505 3550.2252333006 16623.6498804469 0 0 0 0 0 0 153.965184014287 27.9936698207796 0
670578.278797167 13350.4074532058 70465.278663724 0 32430.0028452344 737.201922329152 0 0 1016.20424881395 3217.17472327514 10725.1653901148 147991.367621465 0 0 0 0 0 0 2061.23385506353 374.769791829735 0
0 0 0 0 0 0 0 0 0 0 0 0 0 0 0 0 0 0 0 0 0
5509.02132521772 1073.9679688578 0 0 0 65.6843525741212 131.838365604917 0 0 3319.8419706392 39518.5280899041 0 0 0 0 0 0 0 16.9337147098981 3.07885721998148 0
31547.2420476336 52.3886814076976 4864.73586141896 3.06997109215803 1055.64549101858 712.697718271938 164.471624418016 0 379.782655553566 2185.49498922886 20054.0502843249 13822.2747466278 0 0 0 0 0 0 96.9703991293982 17.6309816598907 0
198670.641431984 9538.23259496148 15842.7203264448 102.004643780804 2620.8589883243 248.140887502237 0 0 1573.60784109188 5840.16209749366 44595.7202126945 45099.0619898443 0 0 0 0 0 0 610.676881543695 111.032160280672 0
41129.0726823022 0 26550.0241710119 4.42399035963946 3049.32379606727 118.083979528191 237.012290675372 6373.47513970082 1391.39008973982 211.04129886704 14055.2934132039 13963.6578696603 0 0 0 0 0 0 126.423177905786 22.9860323465067 0
318346.903770338 10857.8452699754 117792.651844543 25.2782194405572 28645.8583513902 7206.0993360876 1354.26350573906 0 408.150734617422 5633.17928514329 15577.8786495762 171083.552283741 0 0 0 0 0 0 978.539622373531 177.916294977006 0
338669.188474739 54945.8311568534 32071.8310838174 275.754180555762 15996.8366059693 540.549371171038 218.848859187912 0 552.671837560923 17579.3343469727 114357.026860392 92044.0035233438 0 0 0 0 0 0 1041.00657450936 189.273922638067 0
176591.717062597 24505.5336816746 36023.5675484459 0 8254.32463862578 302.083972595504 606.327925322705 12567.2601693292 108.665878893292 9481.64793460788 33441.0513371546 84967.2644792394 0 0 0 0 0 0 542.810343314631 98.69278969357 0
38623.4444815906 874.308883048465 15583.1830919886 104.444946263598 0 8262.98842180614 282.007139493568 0 0 2266.66471956234 20557.7626933503 13959.3493546243 0 0 0 0 0 0 118.721339300496 21.5856980546358 0
300685.021433752 0 73036.6024947415 19.1491060784357 8851.25364124504 8317.93031069797 1025.90040372637 0 0 0 3520.26285852999 144921.211750178 0 0 0 0 0 0 924.250256064769 168.045501102686 0
328065.387062391 141110.077564554 53705.2896910724 570.835556775258 17717.99773263 1596.01648897404 1025.79953320549 0 80.5764548219661 42098.6806374578 215331.330853723 124422.01529483 0 0 0 0 0 0 1008.41244619565 183.34771749012 0
6239.00973326137 2392.12588642994 10.5723211827362 642.456306861088 26.7911940408355 0 0 0 0 3486.22094505186 24701.5063143917 0 0 0 0 0 0 0 19.1775643364659 3.48682987935747 0
152807.406705968 15827.2027497255 8106.81331689956 0 2813.26393972586 224.678616856948 450.963745122821 0 0 10696.1412146939 48880.1376917347 32929.022972199 0 0 0 0 0 0 469.701763337424 85.4003206068046 0
78138.6319823765 1338.82185819672 11692.1977632397 4.35297827563284 1866.26022527801 116.188543780727 233.207866314597 0 538.502024761646 4626.67462900818 20700.8628095507 21660.1018955968 0 0 0 0 0 0 240.183732045908 43.6697694628924 0
370484.546495722 29934.8925563584 92100.2796729643 21.7907139541666 25239.1589177508 3047.79262166986 1167.42275861326 31393.0552223289 0 7739.53378729702 10535.0305546739 143422.407028865 0 0 0 0 0 0 1138.80111265255 207.054747755009 0
124849.623881268 3933.80787725801 21012.0204762258 0 839.248596639328 253.226880783552 508.264400597716 0 0 2362.03915270418 51427.3197601019 60696.3651439801 0 0 0 0 0 0 383.764699324324 69.7753998771502 0
32233.5530430092 2328.38584034212 5550.57239760292 0 0 80.2364076675503 161.04652682635 0 0 0 15071.3042382268 8132.24234309418 0 0 0 0 0 0 99.0799924513113 18.0145440820567 0
402922.296005072 9259.40839058051 121674.178252615 27.0595606915625 9174.46683827281 1373.60141568638 1449.69765817914 38983.6829058899 337.284775632974 5133.98544359241 16153.1411167018 207057.977300537 0 0 0 0 0 0 1238.50876735122 225.183412245677 0
43867.4799124103 1764.33437051924 25326.4544730739 441.353107038186 7433.95568803659 170.241646004857 459.833297518174 0 96.0719269031133 4766.69241383343 29335.5238210832 43216.0015571753 0 0 0 0 0 0 134.840536281567 24.5164611421031 0
105758.448650809 0 40859.8810508183 80.7907077460881 2446.96955813379 0 406.180873028538 10922.5715218927 937.915285628728 0 8251.15270011541 66478.2327476323 0 0 0 0 0 0 325.081950475736 59.1058091774068 0
295548.561874267 3186.97811896827 101671.346868033 0 11459.8037196938 3930.19098835819 1095.36182915213 29455.2715691878 0 1235.80914432719 5094.36413673446 169654.401888844 0 0 0 0 0 0 908.46172745605 165.174859537464 0
206121.959117134 102968.207017449 28789.7799704087 432.909660447718 15283.4935535651 2582.65184713042 3548.01083765104 0 0 28799.0203223176 99491.7867894943 69551.6401399638 0 0 0 0 0 0 633.580856758959 115.19651941072 0
179271.977129784 823.084394560938 17601.7556366593 11.681383695802 2598.53605007549 801.092149964427 625.822229012627 16828.926496252 121.174591674572 2106.35450215372 10746.8187266505 67121.5578723564 0 0 0 0 0 0 551.048968044279 100.190721462596 0
170985.008497579 696.388265801142 17523.8410467519 7.42805140901716 1274.97365741364 0 591.331441765226 13515.3105666996 0 605.603961046977 2282.8367369466 75700.2597105019 0 0 0 0 0 0 525.576356060498 95.5593374655452 0
0 0 0 0 0 0 0 0 0 0 0 0 0 0 0 0 0 0 0 0 0
7176.72324203136 3853.58262883855 461.18429189931 183.276114807448 7.64481181817716 0.595006873631474 0 726.038436747818 9.60798940453233 1820.68450035902 6165.97518593134 347.43560564644 0 0 0 0 0 0 22.0599225811947 4.01089501476271 0
22055.1737172708 43635.307460015 0 148.417244761567 128.38332615054 10.4362278243683 0 22325.869261429 0 15952.3392369267 64188.2992430352 0 0 0 0 0 0 0 67.7935331083051 12.3260969287828 0
26908.588925961 10865.5117977473 0 412.832280830711 84.7974898021847 7.54545435455786 16.2085513091072 0 108.027446757063 5943.69716473708 36069.7154410826 3269.21990144254 0 0 0 0 0 0 82.7120356264256 15.0385519320774 0
63920.277120385 76747.1244554287 0 2090.62799766018 0 21.8305380149942 0 46472.4036326872 0 24327.4949465289 151719.539699037 1066.65254656799 0 0 0 0 0 0 196.479133594831 35.7234788354241 0
54852.4596592662 67195.65070231 474.495513448041 1503.9693074981 217.439832675178 16.288013891921 198.978473361262 31856.3621318332 61.6868980287108 19289.0366560982 80653.7596162516 5508.4396363397 0 0 0 0 0 0 168.606336438441 30.6556975342622 0
3978.69424114649 15410.4814009355 0 0 0 3.71421261339295 7.97857927279721 0 46.9682867285354 8199.9430615023 37793.8934535221 0 0 0 0 0 0 0 12.2297717180876 2.22359485783412 0
20011.202224385 23968.0109133366 396.306545048915 1017.57509133557 109.238793470631 15.3042261765556 65.2151875668323 0 68.9840559441816 17606.6617731303 19879.7439469804 1760.67424832538 0 0 0 0 0 0 61.5107420112268 11.1837712747685 0
5003.84199501615 1740.91857135696 201.258151095623 1540.3156341455 1.34619891561097 0 0 0 19.5359991197125 239.381974056424 1206.4501069805 243.639292411923 0 0 0 0 0 0 15.3808866938198 2.79652485342179 0
60886.8338535334 46377.6730076577 2494.29343990239 1653.1959785565 314.885142430939 14.4787898035423 8.67318817079375 11830.7250614972 0 35789.7266927627 45375.243616856 4976.92874935553 0 0 0 0 0 0 187.154888899246 34.0281616180449 0
20963.4517918478 9133.97672964677 94.8972969601208 199.248045217461 0 0 0 0 138.336312318724 5730.54238513172 4027.78208038982 1734.89765551101 0 0 0 0 0 0 64.4377814173415 11.7159602576985 0
19164.7394195847 12589.1382869384 168.717664035497 146.019678927028 25.3376984591686 1.00144595200231 2.15122739249256 0 20.7444553843713 7775.32385782378 5168.63151215373 537.033041716923 0 0 0 0 0 0 58.9088715876333 10.7107039250243 0
444.842540138362 225.393339198937 0.708882401621579 9.47561746006649 0 0 0 772.79806812467 0 72.1394145624184 90.21931903548 22.39133978362 0 0 0 0 0 0 1.36736386026455 0.248611610957192 0
90490.7274385976 66756.8452791206 318.208651621205 3266.43560486186 140.283522117925 23.176340590553 169.46842982078 0 96.332592042368 42553.3920597267 128355.55435518 5031.04564765398 0 0 0 0 0 0 278.151793553967 50.5730533734486 0
773.803911618606 422.038871120716 0 27.0417938693036 67.1152909514967 0 0 0 0.888983987594668 334.582491177517 3927.64800964642 0.702277910693628 0 0 0 0 0 0 2.37853039718172 0.432460072214859 0
9947.5186130869 8758.72004697262 616.460822682291 360.520262017574 8.40912647967306 2.09510363068133 4.50053676029228 0 26.3423025379504 2478.3041445781 10698.0137827806 982.278103175755 0 0 0 0 0 0 30.5768361241109 5.55942474983836 0
260522.336078011 157100.765294043 5201.42931890838 24056.2255801946 1400.03307583347 54.1127837231509 149.493559821487 0 1359.91710035651 85022.7017675822 254196.865751062 16195.1533031494 0 0 0 0 0 0 800.797574427045 145.599558986736 0
42624.0133015804 41273.3807407768 0 1459.96657795495 221.769003350346 13.9618486014008 49.1737162597495 0 0 19601.2649055189 89915.0777523565 1807.74120685496 0 0 0 0 0 0 131.018349436384 23.8215180793426 0
2678.7330662328 2312.54505526646 73.2596372896704 273.940535841321 71.6806639233498 0.832828774159389 1.78901723916854 569.863572218371 404.625945833048 701.397216225551 6483.63074320881 70.2134344265074 0 0 0 0 0 0 8.23393101056186 1.49707836555671 0
1549.01276386873 862.814818496452 33.920967847458 117.736004628781 0 0 0 0 5.65440106555786 253.042321768479 1251.58765058182 420.595910660844 0 0 0 0 0 0 4.76137932254368 0.865705331371584 0
234614.655960553 56866.1673786755 22592.1785262472 3373.42534616526 7629.59433610037 0 1829.26257600096 0 3024.09633135671 18691.3596525414 187836.074526977 85781.8960678108 0 0 0 0 0 0 721.162147732273 131.120390496777 0
203235.374347085 129996.15496496 5549.98931345162 6439.12854925016 4878.34435333206 78.351691313611 841.173055384615 0 300.198945785427 94517.0582659629 133277.146017498 16050.81425533 0 0 0 0 0 0 624.708027975707 113.583277813765 0
69808.7555648935 27846.6069856319 3026.773983478 247.309416226783 3131.18473084484 7.48128082318472 68.5707049726447 0 247.366814141441 14838.9520329343 15705.3074391072 9749.25506082557 0 0 0 0 0 0 214.579229450015 39.0144053545481 0
151845.978244852 143437.881308436 2131.62608289482 1338.74994206098 3815.91853060239 47.5434582396964 133.183917294636 0 194.726432486418 43310.1388626849 48196.1191362968 15409.4838134931 0 0 0 0 0 0 466.746509706438 84.8630017648074 0
160999.811768146 112758.487379628 551.468032873405 3617.74843074265 120.481278866251 122.72573595106 205.116311250822 0 109.3980328929 66486.1261161509 340094.598164209 6970.45924237411 0 0 0 0 0 0 494.883704361289 89.9788553384163 0
51913.2941771328 11215.4960455367 3266.12723410022 4890.14309565277 332.506239902382 18.188336431374 0 0 58.6109435209713 14968.3752689248 23884.1213016663 11326.3446032084 0 0 0 0 0 0 159.571884251481 29.0130698639058 0
0 0 0 0 0 0 0 0 0 1747.17844542809 5165.73000656629 97.2607375714438 0 0 0 0 0 0 0 0 0
0.852793194381215 0.0640225457538382 0 1.54516497914988 0 0 0 0 0 0 1.05040428446907 0 0 0 0 0 0 0 0.0026213288727147 0.000476605249584493 0
201931.11288301 80097.0550042289 12334.6917108437 4514.41317502061 1339.42845132649 63.7722384628716 276.830728255626 0 575.915045682643 65542.5280010242 71919.2564000001 35514.929866941 0 0 0 0 0 0 620.698968973039 112.854357995098 0
145901.173443926 55776.7174364597 9076.09126011708 73.8092569863559 2757.09116143377 48.8713197384842 0 0 438.405958804481 32828.8860191878 32694.4903480004 24926.6997824517 0 0 0 0 0 0 448.473277028231 81.540595823315 0
36306.0963270806 8907.85270257372 137.335854260372 2131.91428182583 344.510112376219 23.6844021195908 18.9639947702673 0 46.486416243442 20318.329784045 53899.7245530903 793.324798625341 0 0 0 0 0 0 111.598238804887 20.2905888736158 0
65477.1331413826 36520.7319057661 3523.90146194198 1409.86035640961 91.2736961107963 21.8770689970251 39.6718051515937 0 920.431041620149 14890.5870296763 23173.6328174938 12924.0291489418 0 0 0 0 0 0 201.264621642097 36.5935675712906 0
215584.023046656 19128.2717748706 19422.6626540394 3422.47542606943 1039.00760012753 167.700441483242 639.970070502833 0 564.655002637008 23969.4213674757 50528.6510303634 54530.0024670244 0 0 0 0 0 0 662.665494790021 120.484635416368 0
293696.708321935 168164.756836409 24434.4005087137 2221.26093193874 16000.7483358026 396.624778641653 959.316563033866 0 1613.07864364744 57464.1105895849 150257.98401275 68455.6017872 0 0 0 0 0 0 902.7694714475 164.139903899546 0
149035.414457861 38028.3617373876 13076.5691126803 2971.26349700075 5185.02397226433 0 0 0 659.590594920838 21234.0014552375 62280.0325727407 47185.3407150439 0 0 0 0 0 0 458.107355393309 83.2922464351473 0
2279.44984882261 809.761418904945 10.8448018478394 75.4681928644778 0 1.12444418094856 10.4548578009365 0 0 1121.40841758636 6654.94624431181 154.118586594715 0 0 0 0 0 0 7.00660809911768 1.27392874529413 0
443703.847553251 386101.671492431 42700.9368649823 2691.45841432355 33768.607584708 1616.33922330454 6877.39079306556 0 477.98366212979 96234.8322833702 278644.546265431 95935.3904739872 0 0 0 0 0 0 1363.86372943545 247.97522353372 0
75565.7894547054 47049.6926757932 7913.68288856361 2755.78478777001 3207.46199412894 333.765650265053 1180.56316868698 0 997.908402025889 25444.6812162867 108295.305938143 3285.00335298727 0 0 0 0 0 0 232.275289005827 42.2318707283323 0
129058.509254613 119467.731178574 6767.40423423689 3426.67274633985 2195.47140805021 58.0157478021742 1110.15661339048 0 849.358476341289 57701.5320508104 90974.4678732461 18622.4392206009 0 0 0 0 0 0 396.702036094585 72.1276429262881 0
9844.15914378914 2268.79173108225 329.96287373711 537.878329501572 169.837435093265 39.9631589930627 0 0 21.0107768131512 6820.7622511454 5020.93578503639 1249.10598158142 0 0 0 0 0 0 30.2591281933678 5.50165967152143 0
134.161777245228 24.8656389959442 1.71759715348492 6.07452085400211 0 0 0 0 0 306.788467415274 174.303085877704 7.5565776868778 0 0 0 0 0 0 0.41238853994703 0.074979734535824 0
94586.6202792541 60561.3157072985 3105.24704130901 2397.25554699786 1683.9736150453 40.4359467973864 506.360458061275 0 680.871043245614 35156.6394506872 47417.6545041665 24460.7962436139 0 0 0 0 0 0 290.741812134671 52.8621476608495 0
15380.205719784 4984.63720938726 0 0 0 12.0983234731616 112.487799469899 0 0 5203.1072060989 30042.191018592 482.355099246101 0 0 0 0 0 0 47.2759135358896 8.59562064288903 0
1235804.67160521 881445.140175712 59017.6623383582 1062.94459834521 33761.2299901135 766.338980137481 873.215667237825 0 7741.9182763525 290418.926325917 184879.784384372 155509.691100935 0 0 0 0 0 0 3798.63545823086 690.660992405613 0
197615.257761214 140699.482780657 16733.5381862196 1711.84197841141 11020.1128702498 60.9790890410655 396.190687923882 0 1134.56588974629 31523.6056334976 56229.8154732907 58051.8011072236 0 0 0 0 0 0 607.432826940296 110.442332170963 0
91061.2098503089 10150.934373567 3920.3551133065 1912.38615430229 0 25.8354546908711 0 0 144.864744025028 7060.9196134671 34790.4175554733 9926.59131321776 0 0 0 0 0 0 279.905351189097 50.8918820343814 0
179310.608893686 29511.1263334162 3385.06264680481 3534.87575842693 462.418622696183 0 55.3661456511252 0 1026.83328324403 48578.0543613276 76601.4922020774 35582.3501485225 0 0 0 0 0 0 551.167714955942 100.212311810171 0
4.87906529050884 4.4953358050776 0 0 0 0 0 0 0 16.5376423366506 110.299040517793 1.46835479750906 0 0 0 0 0 0 0.0149973461351917 0.0027267902063985 0
125357.026153413 86097.3053147905 2434.82984157051 2235.31707423963 1163.34845242932 40.0053934559714 60.8155694356848 0 191.11082233415 50308.998860689 33645.6993210395 24183.5353223171 0 0 0 0 0 0 385.324360253632 70.0589745915696 0
68256.0666568635 11381.1499875923 2629.32079959284 1337.67620896856 237.572391876958 22.2144484914322 250.455517138358 0 141.628614821687 12932.3672853812 24455.8098586494 19036.7747498942 0 0 0 0 0 0 209.806550338855 38.1466455161556 0
296828.105201459 39951.0263450501 18235.6976833776 2617.81008539282 5878.80837550195 2064.24857778617 145.390626572049 0 1297.9007415169 25369.5992157282 46659.2238883044 76730.8229996365 0 0 0 0 0 0 912.394807468363 165.889964994248 0
141929.641014862 77226.7373595472 11104.8376614974 4764.20253715942 5811.21368398218 61.0536660558226 68.0088088313034 0 268.174970151056 25933.7288415459 144751.491541359 38387.2732242601 0 0 0 0 0 0 436.265519398572 79.3210035270133 0
11967.8641045084 15393.1138910153 1990.97776008329 574.076385298234 357.152110153053 6.73440236104753 62.615130436843 0 0 7702.95782495667 17146.2094120202 441.853235330999 0 0 0 0 0 0 36.787005253527 6.68854640973217 0
139369.162424538 17222.6765483183 7090.60975888554 2510.74059815115 5040.99529274099 36.5644330442583 331.710531302985 24378.3397609579 1803.67295024555 16372.0155755743 36243.1321575011 25096.9928726358 0 0 0 0 0 0 428.395080819787 77.8900146945069 0
137089.632880287 43236.3787657729 5793.91285007853 3378.5987874288 1543.98584341023 0 108.988475691191 0 1559.05109765784 44247.6492480366 45774.8651701859 32332.2138524004 0 0 0 0 0 0 421.388227751632 76.6160414093879 0
4191.52659008111 2039.06232418564 73.2805399169555 296.95586701985 0.82737760368855 0.63179149462399 0.85655731599556 0 6.37418678696087 1488.33516847909 16963.626778388 242.250904130099 0 0 0 0 0 0 12.8839790745555 2.34254164991919 0
22763.4168046114 17677.6873963374 0 348.279970344411 0 11.5881215205949 107.744043439835 0 0 0 25377.37460698 718.085839329771 0 0 0 0 0 0 69.9705416327385 12.7219166604979 0
10347.1349383214 39541.2304371499 0 510.657697549548 0 55.3798296142448 0 0 0 13604.0468038907 195434.690697219 0 0 0 0 0 0 0 31.8051829475227 5.78276053591326 0
82745.1197530662 56960.4670052094 1722.4953700664 2841.73224121403 367.963386320953 81.8735124501063 87.4087575043355 0 177.06159431391 41406.7086863649 252374.22693336 4324.47249907485 0 0 0 0 0 0 254.343225196972 46.2442227630861 0
160237.637543445 60593.3310126032 5218.79751551356 687.237985204548 1785.57427791606 39.5695803006125 128.170447412841 0 1055.03504243172 26122.4484645712 23064.8767291814 47506.2452979089 0 0 0 0 0 0 492.540921475108 89.552894813656 0
223.943550549744 941.93836362567 0 1.97463008240791 0 0 0 0 0 259.68056128383 8933.35169612514 0 0 0 0 0 0 0 0.688361139350126 0.125156570790932 0
37945.9471295786 10995.2200345556 0 298.20496339747 0 24.3687180024907 23.9774646520621 0 0 13263.1339364901 67331.466674615 769.947594392479 0 0 0 0 0 0 116.638837491479 21.2070613620871 0
745990.151482216 160495.635974782 84156.5355570448 2894.88202928929 11478.8929612804 0 0 0 792.025229641045 48052.4803574183 183296.9388411 166338.680419396 0 0 0 0 0 0 2293.03603232908 416.915642241652 0
87000.0032218749 0 29718.3229949736 274.877419039534 3724.21674036551 0 0 0 0 0 1677.13336186876 62104.8618359561 0 0 0 0 0 0 267.421951622455 48.6221730222646 0
22850.3176807662 3412.83154548146 0 243.265141038786 717.766096190763 344.308887406982 43.7402708955918 0 166.714595953511 3181.85342907229 146591.759035696 8475.88631087122 0 0 0 0 0 0 70.2376588860531 12.7704834338279 0
0 0 0 34.8306654736658 125.415415206882 0 0 0 29.1300750808941 0 36295.913473071 0 0 0 0 0 0 0 0 0 0
8336.80054644234 13200.7835218196 10780.6428733749 120.667042690816 3867.34473881112 105.205511576035 26.4774614998869 0 100.917968852204 1866.90379766997 62838.1230259223 17871.8799438703 0 0 0 0 0 0 25.6257860902722 4.65923383459497 0
0 0 0 82.7955369480223 298.123406555751 49.1193763299857 18.1674763300599 0 69.2447352027295 2408.71174764593 80631.1914742808 0 0 0 0 0 0 0 0 0 0
1205.04693830855 1443.52088971174 1798.83182027298 309.918415314883 162.502972683535 20.7724219722005 26.3667044092449 0 0 1498.51809846419 63366.6311471747 1199.90278669911 0 0 0 0 0 0 3.70409186327605 0.673471247868374 0
0 0 0 0 0 0 0 0 0 0 0 0 0 0 0 0 0 0 0 0 0
135655.068274495 75104.4136660753 10262.5402113814 234.952323043441 5471.15397047225 639.448844317885 784.405755275997 0 299.579126902181 46301.2434254735 291809.756955868 27858.1401367985 0 0 0 0 0 0 416.978640942412 75.8142983531657 0
5620.13912799757 3767.32828967354 0 42.9737876570963 154.736504420279 25.4946791344437 9.42955742365009 0 0 483.572809110552 31867.5314372484 0 0 0 0 0 0 0 17.2752703257479 3.14095824104509 0
235.801703534747 753.198821527957 64.8272523580302 0.454451540209008 73.4404022299529 1.31973251540983 11.9942359422066 0 0 89.3862981279699 15544.3650670334 47.6008873874131 0 0 0 0 0 0 0.724810912872545 0.131783802340463 0
16132.019754867 8345.19384466661 0 93.6816751266835 391.957876142306 57.8771973762689 21.4066767932815 0 90.8396340261497 8810.39981765836 80542.8699744938 1227.04887466664 0 0 0 0 0 0 49.5868511114472 9.01579111117223 0
3465.82110434743 0 1463.08770986608 104.718669464969 0 62.1255193677205 22.97797706191 0 87.5797996507482 0 117267.683223909 1721.0921822425 0 0 0 0 0 0 10.6532943606356 1.93696261102467 0
781.742155889404 2035.45253770313 642.150333211283 20.8122940318319 0 6.50681844553804 2.40663621824418 0 0 353.446428702095 10574.3278594694 295.579516934717 0 0 0 0 0 0 2.40293109484536 0.436896562699156 0
60605.0005123057 1365.59829536065 28079.3243256144 161.750462698187 7891.83670412611 0 35.4922235034283 0 0 566.158869076001 14496.0417711011 51889.6008358087 0 0 0 20.9428779510012 0 0 186.28858522853 33.870651859733 0
83655.0666524798 0 30503.8530138452 0 0 54.2802220066834 20.0762860235018 3055.66604073983 0 1029.5653966264 5027.49572193107 43753.0499776786 0 0 0 11.8464037018976 0 0 257.140234009643 46.7527698199352 0
2629.9252832875 0 1127.1664515897 0 388.259807614953 17.4286376367928 6.44622113286749 0 0 330.579381546615 12816.3105279891 5435.03214325608 0 0 0 3.80371836714508 0 0 8.08390489462816 1.4698008899324 0
32278.1978533181 6309.92562732714 0 0 1154.53402120491 70.0672337079682 25.9153292450336 0 98.7754203534983 7751.70924684704 67646.2869302559 9715.94076807827 0 0 0 0 0 0 99.2172223577536 18.0394949741371 0
1761.72731918535 1148.19666940813 0 11.6023161323413 152.071123316189 25.2384129528575 9.33477385480169 0 35.5791818307532 0 25398.5059540377 0 0 0 0 0 0 0 5.41522460317202 0.984586291485824 0
68864.7022719415 19389.633085449 1936.29289220952 248.134276700778 3918.45800863316 147.208428943288 54.4470603707535 0 207.523169946379 4776.83863012511 147003.887370353 36396.3403410604 0 0 0 0 0 0 211.677383878895 38.48679706889 0
2750.26858192453 4402.97762408694 3341.13697407359 90.4041337544959 504.352366509373 61.2253435983191 14.6858224644407 0 0 633.12389660112 50030.662625986 3059.84354869965 0 0 0 0 0 0 8.45381798191993 1.53705781489454 0
1169.60755995667 84.5274872647586 989.883403024372 1.1571254970036 0 11.9821547369949 4.43176458725881 0 0 0 7543.53501118683 5890.16422962615 0 0 0 0 0 0 3.59515775554992 0.653665046463623 0
76388.9178484632 0 40045.0533429414 0 9716.4761239776 98.2438272378248 36.3368295624733 0 262.460400805885 0 2263.84383829042 68519.9901507932 0 0 0 21.4412542110726 0 0 234.805433756892 42.6918970467078 0
223.30642204311 0 31.7456926818572 6.03463518950668 21.7290214706423 3.58011467542796 1.32415461034736 0 19.9226247031988 67.9061737315873 2328.34251878273 0 0 0 0 0 0 0 0.686402723920602 0.124800495258292 0
107426.533620486 30957.0539402686 4119.94303882585 47.3418681662106 3498.91194491015 208.572761633029 991.795128789841 0 0 11538.2771669037 194641.916053468 32860.4856682006 0 0 0 0 0 0 330.209335780832 60.0380610510608 0
7864.15862475908 0 4255.73685895068 58.3062944993226 0 34.5908599362929 12.7939048921797 0 0 0 41301.5555377612 4127.47761715205 0 0 0 0 0 0 24.1729720622913 4.39508582950752 0
20639.9053474844 4247.55786924411 2827.37504965088 54.3211332670025 731.07622764859 100.847085676513 305.411330670116 0 142.16649854681 7914.04870751399 116703.868766079 4643.6217609992 0 0 0 0 0 0 63.4432593669056 11.5351380667101 0
0 0 0 0 0 0 0 0 0 0 21.3825707576078 0 0 0 0 0 0 0 0 0 0
44092.433744428 349.257876051318 6058.17954487301 58.4773684947729 0 0 0 1952.98096456952 0 0 6879.4697834846 21126.1651803974 0 0 0 7.57144289328504 0 0 135.532002839673 24.6421823344861 0
41851.2972151219 11690.8253043578 11792.4882372632 83.3942959320981 300.279368997913 49.4745967797093 18.2988594948003 0 69.7454977900731 1394.09011847747 34275.3398323213 13512.7797498767 0 0 0 0 0 0 128.643162812956 23.389665965992 0
0 0 0 32.3201545904338 116.375772681533 19.1742924182914 7.09187554244862 0 0 909.100979734941 33313.7070514545 0 0 0 0 0 0 0 0 0 0
128941.378405426 6659.18350337845 36935.2064155499 235.966638774381 6959.80187584044 0 51.7771667729941 0 0 3321.87121389754 58639.5656166024 67285.1218690924 0 0 0 0 0 0 396.341997483954 72.0621813607194 0
18890.6854365632 0 5049.12002748542 40.4547230740919 0 24.0002159566783 8.87680968056391 0 0 0 8534.49093019222 11844.1078339053 0 0 0 0 0 0 58.0664802281456 10.5575418596629 0
0 1406.34504756664 0 49.645673479655 178.76008591865 29.4528498599347 10.8935412593282 0 0 2869.34996728841 50866.3673045963 170.186343921156 0 0 0 0 0 0 0 0 0
19352.4689370575 698.29993244053 4952.52347606534 185.706793512003 630.354418941618 29.2280039433056 7.51196382719411 0 0 0 5301.61326647021 30898.5049735538 0 0 0 2963.54913663168 0 0 59.4859174736169 10.8156213588395 0
0 0 0 12.7749506102455 0 0 0 426.647710171078 0 143.753182803863 7315.73361749322 0 0 0 0 1.65405543203703 0 0 0 0 0
62071.0306486107 0 28330.6983819523 124.203997546749 4263.78551831864 0 0 0 0 0 3691.98299797048 46815.8456570508 0 0 0 0 0 0 190.794891270706 34.6899802310375 0
10636.173018347 0 2500.97749917904 43.1363079527741 479.838859553902 25.5910961136545 9.46521856836533 0 0 172.485676958638 18926.4213686657 4613.06321916994 0 0 0 0 0 0 32.6936326554672 5.94429684644861 0
54935.2743440758 0 20088.6095419513 0 1269.48672190673 0 26.8387652029229 0 0 1272.33552297725 12890.4584673326 36118.9198451329 0 0 0 0 0 0 168.860893493782 30.7019806352332 0
23539.7587550933 0 8832.9474466511 31.6101975093152 1501.99994319927 0 0 1055.69240906409 0 355.701296988067 102.20880760238 10305.4094548525 0 0 0 4.09277659798651 0 0 72.3568734929199 13.1557951805309 0
68937.5177928145 3737.0592737491 9716.77344576517 35.4331920501741 777.651890863986 142.603249541515 52.7437714850126 0 201.031140689034 7483.84913674657 134868.997516559 18462.8645896388 0 0 0 0 0 0 211.901205349919 38.5274918818034 0
11159.1433147511 2158.41367399714 3448.81318068021 128.592045530048 1507.52852136369 76.2886661559834 28.2164115303431 0 0 3849.47446106514 101792.836657997 11467.751066781 0 0 0 0 0 0 34.3011468178322 6.23657214869682 0
52422.9741329672 10594.1555735566 3873.75195272164 0 1453.23371127721 101.628570665905 37.5887234322133 0 0 12607.6883640473 124465.619068789 24793.7487111165 0 0 0 0 0 0 161.138546360038 29.2979175200071 0
7171.17561898677 0 0 13.4849076913639 48.5553541438236 8.00007198555942 2.95893656018796 450.358296005828 0 0 1277.08925846717 4745.11122629115 0 0 0 0 0 0 22.0428702119246 4.00779458398629 0
45318.8480999427 1004.11639364754 15046.2273757698 568.650277144814 0 0 0 1957.98018447443 0 0 7601.18070119796 19812.5468183168 0 0 0 0 0 0 139.301774199487 25.3275953089976 0
9.13917302696818 21.0627528025014 0 0 0 0 0 0 0 0 111.553124978581 0 0 0 0 0 0 0 0.0280921309951471 0.00510766018093585 0
0 931.354336136847 0 95.925466098827 345.400582966006 56.9088533346377 21.0485214425804 0 80.2257433680468 0 80571.0894254766 0 0 0 0 0 0 0 0 0 0
29635.5051427282 0 10238.6985483061 355.642966863129 162.005177796709 0 9.8725063790604 0 37.6287315632375 945.627358385005 3188.27058894505 14771.9033754837 0 0 0 0 0 0 91.0940727481835 16.562558681488 0
44685.9599054961 0 13463.2968146857 170.988982971825 1857.82125584453 0 0 0 76.5576574157559 1177.22368287053 0 48202.3459898011 0 0 0 0 0 0 137.356392706959 24.9738895830836 0
110254.9718057 0 45010.8571239189 143.2317026907 6275.30131140724 0 0 4783.53927473364 0 123.783838758552 1548.34325728839 45345.2058581037 0 0 0 0 0 0 338.903432694882 61.6188059445241 0
6711.00522820121 4076.94297139112 10039.6632135609 72.0133994615216 557.040488601975 269.754130942307 4.48592880092823 0 0 952.570178086486 34041.7631457167 5851.8323266569 0 0 0 0 0 0 20.6283913679537 3.75061661235523 0
34739.4283552172 14700.264003 16081.8496156055 173.041346397902 6567.42929535958 102.658709970103 37.9697346099605 0 144.720387742261 2390.44855832089 103761.894256914 22826.5924479303 0 0 0 0 0 0 106.782590631729 19.4150164784963 0
31047.4178613712 23275.70905298 932.934642079068 0 5957.61669254391 71.4982646625688 113.348014718839 0 398.305842163397 9811.39115405901 84054.1462537945 4245.80220601049 0 0 0 0 0 0 95.4340318373475 17.351642152245 0
8592.31383348687 1486.09226259836 3853.08485891447 45.125043149883 0 26.770935464522 9.90159836553861 0 0 0 28127.7588403518 7223.62439439559 0 0 0 5.84263102223728 0 0 26.4111867725303 4.8020339586419 0
625.671984228711 4727.06995574731 622.325714681867 84.1684057615105 0 49.9338460754233 18.468719157786 0 35.1964561389978 1103.90833253529 54442.3003458215 423.980006756376 0 0 0 0 0 0 1.92320019427155 0.34967276259483 0
19529.712183423 0 1893.29583497852 48.8330720012665 17.2342879612932 6.41543746286416 2.37283770605232 0 0 732.674407434221 5400.71725794339 9219.38110492365 0 0 0 0 0 0 60.0307304977509 10.9146782723184 0
8163.08116463162 8363.56193850888 0 81.465436633397 293.334089987807 48.3302794738142 17.875618014101 0 68.1323268837024 3335.56724617664 40409.3282309649 7749.58237804691 0 0 0 0 0 0 25.0918047753521 4.56214632279131 0
1661.08347728564 542.513900799713 0 74.0194409814259 266.523157046353 43.9128594526093 16.2417745154371 0 0 722.410599967944 64068.7840252458 0 0 0 0 0 0 0 5.10586400980555 0.928338910873739 0
33026.6162047322 0 25285.9625181227 95.4165209623627 5412.53017937021 56.6069159523726 20.9368457525511 0 0 0 6053.13491527718 27942.0763926846 0 0 0 12.3541937357704 0 0 101.517722228481 18.4577676779057 0
0 6.68274407996324 0 0 0 0 0 0 0 0 7982.79077581838 0 0 0 0 0 0 0 0 0 0
20627.3850316783 18890.7764191557 0 0 1371.34816676638 106.771655320116 432.939361212619 0 150.518503128574 11806.1372770042 172312.573921557 2903.77955961864 0 0 0 0 0 0 63.4047742270914 11.5281407685621 0
187042.480497493 206037.116722494 10875.8151642926 39.5329002212687 6825.13405677869 254.883359121273 3527.40909722962 0 3304.04786028944 38715.9321258101 288435.456215862 44008.3693872179 0 0 0 0 0 0 574.934061133092 104.533465660562 0
86341.5804683911 43767.2507373709 1683.75266756895 224.605440516393 4355.00705803166 0 49.4807767435683 0 425.402360201099 13559.4034522073 154488.023447634 19065.8971200448 0 0 0 0 0 0 265.398081608563 48.2541966561025 0
11700.5646028697 5213.83799298608 2435.54249997767 80.0412456212738 1610.48525057667 47.4853622612575 17.5631137722543 0 0 844.165195468159 48513.8013942617 11057.8038398392 0 0 0 0 0 0 35.9653759230814 6.53915925874209 0
3904.03215756371 0 0 28.3811758451922 102.192619758456 16.8374493168958 6.22756200869247 0 23.7361466400802 314.532705042223 14126.8434713041 2504.28447100484 0 0 0 0 0 0 12.0002742541279 2.18186804620509 0
18036.4241830902 0 11365.2473941362 28.2641057488463 0 205.692113842098 6.01334724763738 0 0 0 3560.59107309556 15744.2883380602 0 0 0 2257.03651534079 0 0 55.4406388127543 10.0801161477735 0
1995.42533160986 602.469836188523 562.352270364328 67.6897031497676 243.731554086362 40.1576718412462 14.8528667738963 2260.64724100357 56.6112104991787 3062.12807683041 59918.880655434 0 0 0 0 0 0 0 6.13356915786668 1.1151943923394 0
44293.0059088233 0 35599.2958377951 153.799798759638 17631.2094867281 0 33.7476427659118 0 128.628024310417 888.808547151572 7942.05644912254 49221.6725807522 0 0 0 0 0 0 136.148524651826 24.754277209423 0
0 0 0 0 0 0 0 0 0 0 134.514109228382 0 0 0 0 0 0 0 0 0 0
0 0 0 0 0 0 0 0 0 0 0 0 0 0 0 0 0 0 0 0 0
0 0 0 0 0 0 0 0 0 0 0 0 0 0 0 0 0 0 0 0 0
0 0 0 0 0 0 0 0 0 0 0 0 0 0 0 0 0 0 0 0 0
2413.87582889523 0 2242.38615679055 0 189.878692227512 18.7708634789625 6.94266180535065 0 6.61543146636957 0 1454.62953649663 6920.09441007655 0 0 0 0 0 0 7.4198087497901 1.34905613632547 0
0 0 0 0 0 0 0 0 0 0 0 0 0 0 0 0 0 0 0 0 0
0 0 0 0 0 0 0 0 0 0 0 0 0 0 0 0 0 0 0 0 0
0 0 0 0 0 0 0 0 0 0 0 0 0 0 0 0 0 0 0 0 0
0 0 0 0 0 0 0 0 0 0 0 0 0 0 0 0 0 0 0 0 0
0 0 0 0 0 0 0 0 0 0 0 0 0 0 0 0 0 0 0 0 0
0 0 0 0 0 0 0 0 0 0 0 0 0 0 0 0 0 0 0 0 0
0 0 0 0 0 0 0 0 0 0 0 0 0 0 0 0 0 0 0 0 0
0 0 0 0 0 0 0 0 0 0 0 0 0 0 0 0 0 0 0 0 0
0 0 0 0 0 0 0 0 0 0 0 0 0 0 0 0 0 0 0 0 0
0 0 0 0 0 0 0 0 0 0 0 0 0 0 0 0 0 0 0 0 0
0 0 0 0 0 0 0 0 0 0 0 0 0 0 0 0 0 0 0 0 0
0 0 0 0 0 0 0 0 0 0 0 0 0 0 0 0 0 0 0 0 0
0 0 0 0 0 0 0 0 0 0 0 0 0 0 0 0 0 0 0 0 0
0 0 0 0 0 0 0 0 0 0 0 0 0 0 0 0 0 0 0 0 0
0 0 0 0 0 0 0 0 0 0 0 0 0 0 0 0 0 0 0 0 0
0 0 0 0 0 0 0 0 0 0 0 0 0 0 0 0 0 0 0 0 0
0 0 0 0 0 0 0 0 0 0 0 0 0 0 0 0 0 0 0 0 0
0 0 0 0 0 0 0 0 0 0 0 0 0 0 0 0 0 0 0 0 0
0 0 0 0 0 0 0 0 0 0 0 0 0 0 0 0 0 0 0 0 0
19901.8886517257 0 21867.4994803687 0 784.339136458364 21.7802021813636 8.05570707851771 7274.86480563553 16.1152909643932 0 619.198273495931 20524.7321745585 0 0 0 3679.3061566742 0 0 61.1747322657465 11.1226785937721 0
521.745180334661 0 477.748856064919 19.099061007843 139.996761193256 35.8806484739796 13.2709509070107 2815.5837348703 0 0 49.9370018636227 1359.73544212151 0 0 0 4.30693072277721 0 0 1.60374838169687 0.291590614853977 0
0 0 0 0 0 0 0 0 0 0 0 0 0 0 0 0 0 0 0 0 0
0 0 0 0 0 0 0 0 0 0 0 0 0 0 0 0 0 0 0 0 0
0 0 0 0 0 0 0 0 0 0 0 0 0 0 0 0 0 0 0 0 0
39176.8918625229 6830.90195910368 2036.97208900055 122.503184636277 1562.29273903017 0 637.364189107886 0 43.7792292068319 6871.01767272882 76887.6924344782 4481.33436131066 0 0 0 0 0 0 120.422534395304 21.8950062536917 0
1703.58665462767 3485.01150653206 59.6937971930228 0 24.1168860842607 0 180.484915744613 0 28.0558144249734 3135.18083413054 76555.7001648932 117.558371572001 0 0 0 0 0 0 5.23651093180592 0.952092896691992 0
8771.38729771474 3606.66966668994 0 127.383789601865 78.2345966663969 0 0 0 45.7833099426904 3027.63094143869 116346.118475578 191.839426954863 0 0 0 0 0 0 26.9616255485552 4.90211373610096 0
50921.6070527091 29795.771502398 742.460485987925 0 743.90670150188 414.366253548338 350.070983920107 0 38.4236096435075 2934.28575155519 104082.438517203 5993.22420236177 0 0 0 0 0 0 156.523621074572 28.4588401953767 0
113070.230711119 21364.6863745192 11592.8143090071 0 1462.67401927495 786.411199030863 477.664908856688 0 54.4404650058628 10917.3287298526 54755.8284629234 29142.1574048356 0 0 0 0 0 0 347.55701893544 63.1921852609895 0
4585.97751650689 1450.00228207305 100.264649607752 43.9254446902984 52.1563977775979 0 0 0 0 2897.75937290512 41653.5818236142 92.0683686745122 0 0 0 0 0 0 14.096448415448 2.56299062099055 0
757.583796939235 359.673482305018 3.62615819271596 0 0 0 0 0 0 227.174203775644 7950.5010042745 38.5873320955626 0 0 0 0 0 0 2.32867275853273 0.423395047005954 0
1252.8552856052 601.887739728437 557.558022898088 68.328469518242 0 0 1.13095770699335 0 10.3256871531713 0 18803.3552687334 43.2662887165468 0 0 0 0 0 0 3.85104589849957 0.700190163363561 0
25269.5392283155 9622.0544852138 0 17.796303466467 27.5476123866648 0 0 0 32.0468694951364 2268.69396282068 88513.1458745992 0 0 0 0 0 0 0 77.6738993882839 14.1225271615062 0
36.1379364647384 9.70515303655152 0 0 0 0 0 0 0 0 27.5908700474662 0 0 0 0 0 0 0 0.111081346426649 0.0201966084412089 0
0.708701983553788 0 0 0 0 0 0 0 0 0 32.4572994150234 0 0 0 0 0 0 0 0.0021784190866904 0.000396076197580075 0
