1761891.30546599 21330.554609628 216099.464812566 0 31089.5183372938 25867.213045307 0 0 0 0 9305.80841076317 0 0 0 0 0 0 0 4437.60000605946 806.836364738077 0
373105.331683007 0 7949.97928024297 0 79932.0143845131 0 0 0 0 0 4984.60665661185 0 0 0 0 0 0 0 939.724384245955 170.858978953809 0
3912531.62539971 0 350564.590227878 0 82808.0982018786 10739.284978967 0 0 0 0 6601.02861451852 0 0 0 0 0 0 0 9854.32546872663 1791.69553976846 0
0 0 0 0 0 0 0 0 0 0 0 0 0 0 0 0 0 0 0 0 0
0 13267.4731446984 0 0 5506.7977014735 860.82679864716 164.64179757983 0 2849.21811911533 0 41647.6965256141 0 0 0 0 0 0 0 0 0 0
382417.267775744 1577.69007887679 42041.1441496941 738.091367931465 0 14775.5030701434 297.896765987831 0 5155.26965664255 0 32434.0110424567 0 0 0 0 0 0 0 963.177957989898 175.123265089071 0
1244160.8478551 25004.2345751515 78260.4705934897 801.810954660195 14618.0199417903 3166.33589515262 0 0 10480.1356298991 0 51150.8893331801 0 0 0 0 0 0 0 3133.61452483045 569.748095423715 0
323169.20893381 9629.26864282478 63830.8168075828 497.967217912682 1645.84872783142 16015.0586162493 200.981653802406 0 2948.90856358881 0 12972.6853461115 0 0 0 0 0 0 0 813.952415267533 147.991348230459 0
2620116.6187408 0 426074.472469221 3129.32496080091 86224.9679608647 44605.2248637807 1612.93895610345 0 21937.498887587 0 20164.4149127656 0 0 0 0 0 0 0 6599.1752653127 1199.85004823866 0
1704334.73570173 131163.594051335 157513.177008702 0 34220.6103164414 6335.64923177417 0 0 2698.77119948266 0 148958.411439676 0 0 0 0 0 0 0 4292.63474427387 780.479044413426 0
1443745.106813 92172.4103800087 201001.25410276 0 36003.4179868274 4028.40024801426 770.472131265461 52475.7075052228 4725.48658937891 0 82492.0880159661 0 0 0 0 0 0 0 3636.29883118538 661.145242033701 0
0 0 90352.9141701727 0 0 1813.33109740765 346.81784065481 0 0 0 28909.3742516428 0 0 0 0 0 0 0 0 0 0
2075532.13092316 62615.6264330863 439548.505639103 3238.09942886765 16741.6625026021 121246.335880706 1306.91048522909 0 0 0 3441.92041241145 0 0 0 0 0 0 0 5227.55369084772 950.464307426853 0
2163788.03728167 705955.629909714 320703.16100767 0 39981.5957278956 9725.7779368711 0 0 13890.911391642 0 253148.880746224 0 0 0 0 0 0 0 5449.8400540168 990.880009821232 0
66482.1384031098 4723.09611410713 0 1641.95459711036 0 0 0 0 0 0 30795.2102050849 0 0 0 0 0 0 0 167.44570840734 30.4446742558798 0
1062269.26797699 105364.642141166 102166.57464605 0 7933.36843511314 3059.35573074545 585.132604767508 0 0 0 61678.8461620648 0 0 0 0 0 0 0 2675.49200985738 486.453092701339 0
377156.944436215 0 39082.9255507694 650.054596340812 15719.1425109004 1371.76960328177 262.364756423265 0 12528.1887007069 0 18533.0641164958 0 0 0 0 0 0 0 949.929007381562 172.714364978465 0
2995443.10840758 175464.191898902 526567.260930071 3673.5254292433 72622.6031568541 13186.5710964821 1482.65024181567 107987.609103535 1785.6191353361 0 19709.4748315524 0 0 0 0 0 0 0 7544.49398483444 1371.7261790608 0
1081629.62930584 0 146587.344639291 0 0 3554.92662826136 679.915531511303 0 0 0 66871.5965839939 0 0 0 0 0 0 0 2724.25412093862 495.318931079747 0
292115.994954241 0 99326.1772535778 320.724381864076 8476.80080542941 1325.09993932679 253.438713021656 0 0 0 21873.8867330821 0 0 0 0 0 0 0 735.740018102966 133.770912382357 0
4535123.22827929 64329.0406354923 456656.144815973 4386.25249436466 57468.7813664413 0 1770.3098690061 134327.81126178 0 0 10734.7477748907 0 0 0 0 0 0 0 11422.4202156273 2076.80367556858 0
518245.817379706 6827.52232645439 76337.6285041887 4927.70103849737 10673.8181208287 373.434093601488 462.419373077135 0 0 0 26754.1530588244 0 0 0 0 0 0 0 1305.28349575811 237.324271956018 0
963504.920877396 0 218683.047184409 0 0 2419.83757467357 544.157562802258 37561.466517778 9416.95007209862 0 5960.17459932931 0 0 0 0 0 0 0 2426.73848804368 441.225179644303 0
2002497.02921563 0 360448.060475306 0 0 0 1040.40054841309 80213.3479534583 0 0 10684.1988769781 0 0 0 0 0 0 0 5043.60331503595 917.018784551985 0
1270899.2627616 428830.256948101 256933.248700653 475.588440535589 59481.2132937146 11112.0630134058 21532.3778887971 0 0 0 160497.346226812 0 0 0 0 0 0 0 3200.95942277224 581.992622322222 0
1027936.58002018 0 35009.5745486225 0 0 16821.8050591503 668.261350215431 64867.9277346572 22146.1978329406 0 7288.23200812358 0 0 0 0 0 0 0 2589.01974235002 470.730862245455 0
1199783.10903966 0 72222.0118788042 0 24926.5528660113 0 786.602169302393 14902.1372288032 12127.5794566885 0 4013.12514457528 0 0 0 0 0 0 0 3021.84221888551 549.42585797918 0
0 0 0 0 0 0 0 0 0 0 0 0 0 0 0 0 0 0 0 0 0
28519.2163082473 42711.6823664329 433.613509083691 1012.39886485168 0 32.4110880348721 0 12319.447087141 873.089395518575 0 7706.61860633542 0 0 0 0 0 0 0 71.8301259956654 13.0600229083027 0
231120.25794631 193108.811535534 0 4800.73419316183 2321.48034630139 0 0 0 339.041607975208 0 137855.173772092 0 0 0 0 0 0 0 582.112673398855 105.8386678907 0
351423.270102826 22576.7366929812 0 21825.0057036022 1474.52762989362 142.318911114909 979.671486172058 0 2821.74251786435 0 55422.5835124292 0 0 0 0 0 0 0 885.114706395172 160.929946617303 0
523701.798310739 541719.970235765 0 22148.7676338448 0 351.713635524917 0 147679.683109483 0 0 188760.998654149 0 0 0 0 0 0 0 1319.02524074403 239.822771044368 0
221210.599817654 625935.501075849 21370.8307716937 16068.2468641415 0 201.574947304779 1387.56843102659 112046.80325284 3286.28450014061 0 63229.3100629157 0 0 0 0 0 0 0 557.15364281885 101.3006623307 0
53530.3260775698 246924.317209742 0 3100.64722784205 0 110.869935664228 763.188207337235 0 1359.00089165274 0 43467.6224981183 0 0 0 0 0 0 0 134.824534628918 24.5135517507121 0
116015.914818078 118281.189725953 728.26538575376 16199.7134953714 0 26.3484554208039 181.373158902232 0 1547.94275795954 0 17898.3770361629 0 0 0 0 0 0 0 292.204304943505 53.1280554442736 0
27685.3373510471 17680.5418800369 1998.73932806471 11837.5721038122 0 0 0 0 0 0 3446.22838479973 0 0 0 0 0 0 0 69.7298708584476 12.6781583378995 0
371839.852948693 235836.72202126 4656.10475944838 12999.1704497578 6790.12393722952 73.6080870650203 0 0 338.156381844725 0 92488.216200602 0 0 0 0 0 0 0 936.537077275523 170.279468595549 0
158286.614059521 51999.3445816795 1018.50309403374 4881.46431025038 119.319742234076 0 0 0 3514.48304674567 0 3794.88236067537 0 0 0 0 0 0 0 398.669700753126 72.4854001369315 0
127481.359479249 168253.227420036 1970.32138547463 2420.98259210863 163.221195573519 0 0 0 156.161806566359 0 7090.20900134765 0 0 0 0 0 0 0 321.081828284499 58.3785142335447 0
2398.9584151121 2032.82642251683 15.2742606817624 65.7463337730928 0 0 0 4420.37168215655 0 0 152.91168314947 0 0 0 0 0 0 0 6.04215359052598 1.09857338009562 0
701152.136633874 197354.596188191 0 23040.9092699067 0 305.582885755538 0 0 17315.5857374347 0 156501.856034702 0 0 0 0 0 0 0 1765.96179124237 321.083962044065 0
1874.51908789281 4358.29075377982 0 27.4541692743574 0 0 0 0 0 0 6563.58806401953 0 0 0 0 0 0 0 4.72127076737668 0.858412866795754 0
60778.9582555185 86926.936739972 7060.24859019573 10889.3821645656 49.2101887871055 0 0 0 293.799583871108 0 15233.8008047055 0 0 0 0 0 0 0 153.081353365122 27.8329733391131 0
1720989.30816435 903518.393165696 117207.489760696 191882.881101772 26257.0782011208 657.858701776966 4557.42559401487 0 29633.7568720191 0 311546.792961472 0 0 0 0 0 0 0 4334.58190107734 788.105800195876 0
498050.374929428 398415.573286541 0 37329.5538051195 0 255.783524243359 1760.7205069992 0 0 0 85810.0418009553 0 0 0 0 0 0 0 1254.41810170021 228.076018490946 0
15723.3138725293 29225.687126997 6415.79113280932 4286.13864670249 251.723469270141 25.218970962055 602.136032824787 0 438.67630503411 0 12746.834075637 0 0 0 0 0 0 0 39.6016357646744 7.20029741175892 0
12890.5355276855 3738.13860746795 648.799731079929 285.420069659532 0 0 0 0 24.0570171710422 0 5496.7391728955 0 0 0 0 0 0 0 32.4668385378277 5.90306155233227 0
1825383.63812716 241527.517162043 258595.796555392 0 18558.7893357908 0 0 0 23751.7482031521 0 225232.103035411 0 0 0 0 0 0 0 4597.51541907488 835.911894377248 0
1407794.58099547 498312.084951316 91892.5654434122 44168.3291595672 5667.280155417 6860.17418178167 8287.51597507604 0 8669.67062882383 0 169731.314191349 0 0 0 0 0 0 0 3545.7517849001 644.682142709104 0
397972.906521257 127068.338008331 17030.5593033855 1041.37884216495 10033.4484113845 159.649417627309 207.345065042641 0 1554.75419040246 0 16016.0103664737 0 0 0 0 0 0 0 1002.35727760921 182.246777747129 0
1312097.35490124 1051951.2854212 57131.6842721012 4775.12786826773 3921.89104571465 547.563343499824 0 0 0 0 50783.2609847249 0 0 0 0 0 0 0 3304.72328911367 600.858779838845 0
863057.026190397 611619.158865808 23464.5464234563 54207.4604896013 0 6070.15952741299 7144.41032334142 0 9806.59015423401 0 337390.916794725 0 0 0 0 0 0 0 2173.74468718388 395.226306760703 0
320266.49219112 111924.255251601 27877.7802755871 43762.5804675765 244.20479323415 273.230609273932 0 0 8225.81338746273 0 12769.4664938254 0 0 0 0 0 0 0 806.641467199968 146.662084945448 0
13540.6711409873 2070.99949501964 47.8535361590766 0 0 0 0 0 0 0 0 0 0 0 0 0 0 0 34.1043072015173 6.20078312754855 0
0 0 0 0 0 0 0 0 0 0 0 0 0 0 0 0 0 0 0 0 0
1061150.24502078 279074.975093823 58209.8389428367 25288.6593322941 7128.80755543914 580.963349663384 2624.47726163562 0 21630.1011630228 0 78920.6157046119 0 0 0 0 0 0 0 2672.673574769 485.940649957996 0
936349.779036333 173127.987192126 94639.4550236515 0 8958.76275450297 448.827505448482 0 0 7329.94052017848 0 24368.686195905 0 0 0 0 0 0 0 2358.34399785886 428.789817792515 0
158712.471671075 26364.9852240404 0 19300.5680997678 0 245.73999802837 0 0 4091.17941477283 0 46581.3094681285 0 0 0 0 0 0 0 399.742290040417 72.6804163709845 0
357457.868328645 190653.863129776 20309.4757780589 1287.02112665171 0 197.034018833427 0 0 9103.64388703209 0 14355.8870071741 0 0 0 0 0 0 0 900.313789925682 163.693416350123 0
1011713.14475011 111589.275454849 84091.3514691153 10087.698165002 2718.48215316472 544.595718804182 1708.23374099929 0 3066.4429876869 0 51081.9590178447 0 0 0 0 0 0 0 2548.15847228788 463.301540415976 0
2166550.06667417 620756.450786648 310471.204912564 18297.784163034 33886.6351731297 8806.98062268586 6432.88537685354 0 0 0 132428.921822261 0 0 0 0 0 0 0 5456.7966588941 992.144847071649 0
1045942.95408686 145452.84662677 127913.952260368 18389.4197007094 24812.328016158 2653.95350180297 0 0 7780.62819013327 0 95477.6774481612 0 0 0 0 0 0 0 2634.37162383075 478.976658878315 0
13109.744437317 540.230164451636 0 0 0 66.060138772864 207.210879723198 0 0 0 6218.42454826822 0 0 0 0 0 0 0 33.0189506094926 6.00344556536226 0
3407143.29323062 2191419.3492873 488119.482313777 2864.06873004621 98343.8378323024 17183.7252546961 47584.6888393001 0 42629.5849352118 0 350175.192612253 0 0 0 0 0 0 0 8581.42556909138 1560.25919438024 0
569043.879734241 211375.236796016 52243.0105213046 22935.9169024769 12758.6742569805 7298.4990124895 0 0 8136.99859140501 0 129827.95125694 0 0 0 0 0 0 0 1433.22639502378 260.586617277049 0
1003005.51578623 634689.450763627 79452.8212027868 10756.6375900328 2670.77141840589 4944.84525324533 734.853633257974 0 10849.3314552067 0 102821.053708553 0 0 0 0 0 0 0 2526.22694097093 459.313989267441 0
69879.8286542529 18515.741867899 931.55922334012 4560.70921377622 0 94.5487751283687 0 0 127.740445835582 0 5116.52610289884 0 0 0 0 0 0 0 176.003325005075 32.000604546377 0
960.990008766827 90.7211452455435 5.76771442153946 181.702576902818 0 0 0 0 0 0 54.9695263993185 0 0 0 0 0 0 0 2.42040428685745 0.440073506701352 0
730311.347777054 295983.271497468 73216.2728501763 4388.88407696572 17702.7420517009 4829.37771635256 19071.2014345522 0 12707.2794669108 0 43159.568108636 0 0 0 0 0 0 0 1839.40384475852 334.437062683365 0
95449.2139468084 72331.1933237676 0 654.568743750741 1228.92532154489 197.676326644264 620.051460764322 0 1820.11185353252 0 46652.7230925731 0 0 0 0 0 0 0 240.403838236037 43.7097887701884 0
7424635.8092344 3311666.6040537 772696.169664004 19344.720180976 152006.461614182 8684.9050823205 8934.88703294616 0 94544.7569717105 0 225232.928504036 0 0 0 0 0 0 0 18700.1115277846 3400.02027777897 0
1281918.80606948 629520.661930159 159354.180295385 2361.90598358474 27234.6245837479 3144.25366066823 17008.4352090527 0 42671.6540070327 0 105518.589729921 0 0 0 0 0 0 0 3228.71387351395 587.03888609344 0
477921.136478356 23072.0428144141 21165.4265881236 17912.7331868664 1988.29221329773 225.230518681338 0 0 2973.58975344142 0 37106.28348219 0 0 0 0 0 0 0 1203.71945281345 218.858082329717 0
765185.892194539 64806.6540092466 40061.0228277179 32087.5580501243 6190.38202428354 0 0 0 2200.00332286135 0 92950.232552532 0 0 0 0 0 0 0 1927.24086287549 350.407429613724 0
27.3547085569814 54.1976758048763 0 0 0 0 0 0 0 0 80.5915798566176 0 0 0 0 0 0 0 0.0688971303062934 0.0125267509647805 0
608166.090565945 290455.48392582 31680.128517676 7638.73842062557 3935.27751086281 336.650597665133 3236.8552893506 0 0 0 28702.5833056368 0 0 0 0 0 0 0 1531.76182821721 278.502150584946 0
296793.92068197 23042.8878517836 9550.04320483753 2701.41565067229 0 186.139177485039 0 0 0 0 17682.9235606933 0 0 0 0 0 0 0 747.522108844497 135.913110698999 0
1411109.30817112 199673.709139037 125489.373094975 13460.344129147 22651.2720014705 3034.66490053536 0 0 7162.06561202739 0 40071.4899816126 0 0 0 0 0 0 0 3554.10044596056 646.200081083734 0
796139.714964909 539773.579889265 144551.031665007 24200.0291447098 24378.126005583 3331.96694924577 5488.07356266471 0 14720.433192488 0 154394.715642457 0 0 0 0 0 0 0 2005.20292766758 364.582350485011 0
41606.9079637861 62813.6561163715 14154.8194808002 12046.4981531675 0 0 0 0 839.400544100109 0 18431.4854787144 0 0 0 0 0 0 0 104.793533210257 19.0533696745919 0
726515.307551575 78362.2351223172 51313.1279802252 55277.7677731154 8287.02282633504 2848.5869049488 567.922699735772 0 8983.145415191 0 39937.8060841549 0 0 0 0 0 0 0 1829.84292117865 332.698712941572 0
542045.652719476 283909.831787155 58230.8654966036 7939.30298420106 14337.247416375 0 0 0 31777.9932026185 0 43890.2294511906 0 0 0 0 0 0 0 1365.22711947674 248.223112632134 0
29247.4611489276 9113.04441156176 312.431496066077 2681.92608346349 46.1698735252159 16.8163530344198 99.5491375103166 0 22.76455241006 0 31800.8992191287 0 0 0 0 0 0 0 73.6643250176994 13.3935136395816 0
101151.915752163 16849.5734478553 0 7523.27764315449 648.30321943548 0 0 0 960.175816781481 0 13519.5325144386 0 0 0 0 0 0 0 254.766988498194 46.321270636035 0
41811.8764490825 266942.812427721 0 3350.65343510286 0 621.583220839904 2251.21827331411 0 0 0 311156.038778093 0 0 0 0 0 0 0 105.309778536385 19.1472324611608 0
631993.389266151 278025.791617052 36015.9489151195 38069.9841272659 3554.27811818443 929.346227974578 0 0 19060.1657745707 0 325741.693503052 0 0 0 0 0 0 0 1591.77462272297 289.413567767812 0
461262.395957913 243907.754303376 60251.9523457464 4038.37814535712 14362.990618583 395.035564622417 0 0 10884.7424675952 0 25058.467301575 0 0 0 0 0 0 0 1161.76179810165 211.229417836662 0
1077.00858985011 2798.01808209389 0 0 0 20.7432114165591 65.0652445749188 0 0 0 15188.5353926623 0 0 0 0 0 0 0 2.71261530720869 0.493202783128849 0
154664.055600019 28410.1660109401 503.549710037555 11970.8084642325 1583.35399569752 254.687242715073 0 0 2345.04190399812 0 87872.3659894951 0 0 0 0 0 0 0 389.545718250934 70.826494227442 0
4480652.05044793 503905.598493064 541985.887796599 4584.52594990279 55080.1554442351 0 0 0 6332.54381118139 0 234450.383872924 0 0 0 0 0 0 0 11285.2259980699 2051.85927237633 0
702131.612328675 42442.4859285047 209249.376523198 0 0 477.169419711998 268.789741502465 0 0 0 484.04399213263 0 0 0 0 0 0 0 1768.42875463319 321.532500842396 0
58143.8573818342 33479.91452743 0 835.24155505524 2644.53782216485 1363.63666095541 1372.39317536042 0 2599.24613883922 0 206800.13671474 0 0 0 0 0 0 0 146.444437900048 26.6262614363721 0
0 0 2434.46865563859 0 0 266.670582611339 268.382992423196 0 0 0 39483.2846240844 0 0 0 0 0 0 0 0 0 0
264716.71569183 120499.505279969 36723.9637342004 5762.5649439747 9473.49841254371 9125.14800562073 953.948661676372 0 1806.73251662153 0 56977.7986561944 0 0 0 0 862.918518977559 0 0 666.730629473997 121.223750813453 0
0 5167.62010947236 4979.28815088176 0 0 545.428945700298 548.931386311264 0 1039.64943281105 0 86020.4381841522 0 0 0 0 0 0 0 0 0 0
23084.0120372516 4334.48629495456 1049.3158884459 0 0 448.49362632491 451.373602356588 0 0 0 84387.0650044425 0 0 0 0 0 0 0 58.1407102915986 10.571038234836 0
0 0 0 0 0 0 0 0 0 0 0 0 0 0 0 0 0 0 0 0 0
1123741.8590143 581098.881310167 72854.4711146704 0 48199.5123580811 9459.2106633339 24740.1582854912 0 0 0 373400.113525908 0 0 0 0 0 0 0 2830.32038633747 514.603706606807 0
3044.50967127553 2231.47231999943 2494.04636957405 0 529.81781862831 273.196698135161 274.951015022582 0 520.743892492532 0 35696.7126349962 0 0 0 0 0 0 0 7.66807583066376 1.39419560557522 0
4368.02172201563 1715.61073906713 130.681449052179 0 0 14.9998745469449 15.0961953788091 0 0 0 24745.0167595641 0 0 0 0 0 0 0 11.0015488242379 2.00028160440689 0
108988.655066752 66430.6727181618 8666.37495800457 0 85.3773921395905 814.846522486141 820.079012574095 0 1560.82227414418 0 104128.790380792 0 0 0 0 0 0 0 274.505047436348 49.9100086247901 0
99628.7890638126 33346.8091609739 0 0 0 821.454698840859 826.729622953287 0 1565.78582501402 0 114552.993378628 0 0 0 0 0 0 0 250.930754684859 45.6237735790648 0
3251.55531438806 7044.97862537643 1225.857764051 0 228.008808015374 4797.91286190121 10180.1120464152 0 0 0 16173.8291343911 0 0 0 0 0 0 0 8.18955280502666 1.48900960091393 0
849116.537247427 0 136900.628834969 808.284304686976 8770.88061361338 0 1328.09946630347 0 2515.35600129835 0 30526.9389848455 0 0 0 0 1201.36614322991 0 0 2138.63337604573 388.842432008314 0
578407.141937751 29972.6187141527 62463.3657591582 0 0 714.36853721598 718.955813699313 9440.71945642447 0 0 0 0 0 0 0 650.349762929058 0 0 1456.80924163988 264.874407570885 0
23150.7409954796 7049.04844067154 4589.58914980234 0 325.821124988414 168.007289297993 169.086138445283 0 0 0 19341.8464830972 0 0 0 0 152.95116606216 0 0 58.3087776545047 10.6015959371826 0
85614.6285666525 39606.6762481302 0 0 0 632.390238764032 636.451096317864 0 1205.40752050136 0 78323.2196383722 0 0 0 0 0 0 0 215.63389016536 39.206161848247 0
7181.47300384363 3650.8394305541 4613.01727900268 0 979.957222075754 505.307801987345 508.552606981047 0 0 0 46771.1675532998 0 0 0 0 0 0 0 18.0876678070352 3.28866687400637 0
468153.083869405 35597.8557995698 43423.4587964711 1058.30344853346 13362.4381594321 1727.81319619607 1738.90824928085 0 3293.40791974712 0 183809.578873225 0 0 0 0 0 0 0 1179.11707797784 214.384923268697 0
51260.5802183978 0 6851.75631368595 272.152050649939 0 444.322377609561 447.175568207472 0 846.928846568518 0 70387.0426660964 0 0 0 0 404.50403102662 0 0 129.107823156895 23.4741496648899 0
46151.105532311 0 2138.15511534083 18.6105113878655 0 13.2870450317767 13.3723670274021 0 0 0 6969.34430467402 0 0 0 0 0 0 0 116.238808577166 21.1343288322119 0
1279311.76958237 61474.824288566 201410.820845295 0 0 1465.19330597883 1474.60196054003 19391.376253673 0 0 5500.63916376036 0 0 0 0 1333.88869966494 0 0 3222.14764261476 585.845025929952 0
0 874.049634434588 190.179106552598 0 40.4003231902971 20.8321323124952 20.9659046522279 0 0 0 583.61000317257 0 0 0 0 0 0 0 0 0 0
404847.858430883 106836.630899622 87849.6666915484 0 18054.5658152101 12659.9047474163 0 0 0 0 285725.347773707 0 0 0 0 0 0 0 1019.67292389293 185.395077071441 0
86383.6026588819 0 20562.1569500505 299.384977793335 0 488.783548887619 491.922244340237 0 931.676881790592 0 52239.9883154785 0 0 0 0 0 0 0 217.570672205062 39.558304037284 0
231568.875571012 11873.7816606285 12793.5703867713 0 134.894379569916 995.79521354867 1002.18965525117 0 1898.09861967006 0 98630.0905361642 0 0 0 0 0 0 0 583.242587354342 106.044106791698 0
7.13071589181191 35.1948840989802 0 0 0 0 0 0 0 0 27.0238608379061 0 0 0 0 0 0 0 0.0179598280475898 0.00326542328137995 0
347275.064575592 21470.8674088422 13489.6218218124 313.444493325066 0 511.737472454165 515.023565207044 6508.57974668639 0 0 10417.6683243481 0 0 0 0 465.877661955122 0 0 874.666799185637 159.03032712466 0
354107.33835536 77506.4719146468 37358.3856150973 335.144193767598 1061.13194552292 547.164956726339 550.678545032283 0 1042.95846672427 0 34258.3667216654 0 0 0 0 0 0 0 891.874953895544 162.159082526462 0
0 15228.8198680663 0 0 812.931811849202 419.182366084297 421.874121543827 0 0 0 72404.4032282441 0 0 0 0 0 0 0 0 0 0
834657.731867004 8843.67714189247 133618.311286603 1158.7285594744 19023.5399463192 0 1903.91768404375 28124.9703687749 0 0 105472.573171786 0 0 0 0 0 0 0 2102.21660354409 382.221200644378 0
102525.519700357 8374.96015463634 0 122.262649771035 0 199.609119642411 200.890898126054 0 0 0 4466.68443373022 0 0 0 0 181.720970164553 0 0 258.22662580381 46.9502956006926 0
0 8753.63527634863 0 0 0 531.830192662975 535.245309663282 0 0 0 66834.8337491484 0 0 0 0 0 0 0 0 0 0
263855.378541731 0 96360.2898187301 1069.48327196993 585.139660363171 0 149.313726364571 0 0 0 8094.97906582679 0 0 0 0 150788.426105679 0 0 664.561216564904 120.829312102709 0
0 3211.59286973573 0 46.884742970661 0 76.545226907486 77.0367576804855 1646.74909253512 0 0 8731.17327581009 0 0 0 0 69.685558054727 0 0 0 0 0
834551.365836107 44430.8564170916 32673.814446555 648.628069489112 0 1058.96672588517 1065.76681982158 0 0 0 10863.41769685 0 0 0 0 964.06647724599 0 0 2101.94870398759 382.172491634103 0
104714.305934531 0 36127.2446393683 284.61657912555 0 464.672284637045 467.656150992751 5974.33783835907 0 0 28973.7092126224 0 0 0 0 0 0 0 263.739427743352 47.9526232260638 0
754572.829127976 40444.4570840598 113903.379442642 0 0 5756.94902777217 1146.13612098846 12039.9324490418 0 0 17448.5604885531 0 0 0 0 0 0 0 1900.51019647037 345.547308449157 0
210095.579193956 10131.1524756762 26633.3930868388 0 0 241.466274381406 243.01683617729 5170.45280376869 0 0 2127.64906668425 0 0 0 0 219.82705860943 0 0 529.158717459918 96.2106759018025 0
299773.477326181 0 40924.1991125267 0 0 1713.66792116907 1724.67214118366 0 6464.73792309438 0 164775.621131959 0 0 0 0 0 0 0 755.026590273848 137.277561867971 0
309268.825215603 0 0 671.627389014408 0 1096.5160014114 1103.5572158614 0 2090.08386504298 0 98156.7690375282 0 0 0 0 0 0 0 778.942115437582 141.625839170469 0
519003.457386675 0 29855.1686614276 0 6413.48977675287 1261.95142252266 1270.05497101629 0 2405.42254129228 0 154403.906351168 0 0 0 0 0 0 0 1307.19173112376 237.671223840683 0
0 3439.54717254351 0 0 158.98275329515 81.9782984519486 82.5047173814525 1918.22652577955 0 0 799.591657889977 0 0 0 0 74.6317400418116 0 0 0 0 0
365577.868564447 19069.928598204 59779.9424663591 278.394160486857 0 454.513405299471 457.432036995677 6724.11081699868 0 0 11970.8980965712 0 0 0 0 413.781780671031 0 0 920.765285987792 167.411870179597 0
17.7620738556644 40.6891460027182 23.5783756331267 0 0 0 0 0 0 0 214.837211183607 0 0 0 0 0 0 0 0.0447365730252457 0.00813392236822646 0
77690.795191112 1174.45911578917 6411.79466181267 0 0 0 0 0 0 0 91070.732621055 0 0 0 0 0 0 0 195.676471154194 35.5775402098533 0
355996.643182867 16215.7788660071 34473.7599543565 236.72758504548 749.52574906443 0 388.969298964636 5103.50059894826 0 0 2780.18938519216 0 0 0 0 351.852070110847 0 0 896.633464870645 163.024266340116 0
180832.044039031 25517.482753423 94767.2974803274 0 0 802.831163412445 807.98649756303 0 0 0 184.851834888543 0 0 0 0 0 0 0 455.453907533249 82.809801369681 0
1247131.68597219 0 196985.818857736 816.022945588896 15975.8880475882 1332.25986907733 1340.81489921756 15482.9266530947 0 0 1277.50851088169 0 0 0 0 1212.86821140107 0 0 3141.09704727977 571.108554050862 0
59050.2748862475 0 8851.39665228644 179.747731204648 0 285.412447782266 287.245207403603 0 1192.23266325426 0 41263.1086698328 0 0 0 0 0 0 0 148.727392762585 27.0413441386517 0
721041.809740111 71039.1170503678 57680.9123575633 1013.88010534076 7970.09540359655 1655.28651333035 1665.91584049161 0 3155.16383626122 0 116823.098430339 0 0 0 0 0 0 0 1816.05705717787 330.192192214157 0
220868.627233221 51574.4146380219 2934.29183084519 0 7697.90394558398 860.289908460448 0 0 4590.97898019631 0 123688.557837739 0 0 0 0 0 0 0 556.292331148805 101.144060208873 0
171255.848641029 0 7087.76125337958 206.029007014711 0 336.368210471663 338.528179592995 0 4691.57303650097 0 31018.6419009043 0 0 0 0 0 0 0 431.334755219847 78.4245009490626 0
20319.89437943 0 7729.7745534568 386.361000347475 0 573.438928315752 577.121233419422 0 1202.34360021134 0 68201.355232659 0 0 0 0 0 0 0 51.1788457900569 9.30524468910119 0
208964.300904943 12980.4951818502 1423.31642662235 278.984896433568 0 4.58227219184602 4.61169698923115 0 0 0 2392.95264490524 0 0 0 0 0 0 0 526.309415390826 95.6926209801498 0
33152.1993843792 0 0 230.150724838759 728.702125691654 375.749942080932 378.162798727222 0 0 0 22645.906264838 0 0 0 0 0 0 0 83.4990216096763 15.1816402926683 0
0 18501.6459373988 0 0 1264.87925445177 652.225772154169 656.414002445062 0 0 0 110734.25390905 0 0 0 0 0 0 0 0 0 0
746471.573725486 0 116033.586855299 550.30991675811 5074.5000192408 898.450002681022 904.219347709592 12011.0421140851 0 0 6098.03523 0 0 0 0 817.934603509219 0 0 1880.10591221535 341.837438584608 0
0 0 0 0 0 0 0 0 0 0 10979.2025296254 0 0 0 0 0 0 0 0 0 0
234714.520156913 102299.303848956 0 0 0 5126.52710918758 21439.910103752 0 2144.49908939381 0 168254.304379216 0 0 0 0 0 0 0 591.165387353494 107.484615882453 0
1479607.72429032 1117861.93099929 147811.597606027 0 17421.6262835894 6480.5951990385 36650.3888914717 0 9377.13745079876 0 302700.586763625 0 0 0 0 0 0 0 3726.62446650747 677.568084819536 0
875361.047592424 79330.7984078393 35286.1824886936 0 12877.0929871373 0 1613.69520760782 0 0 0 214171.085101266 0 0 0 0 0 0 0 2204.73429776815 400.860781412387 0
121588.57925432 6988.03173894558 10350.1398283457 303.657967807879 0 495.759741344117 27618.5416042502 0 944.974295849296 0 64353.3423970761 0 0 0 0 0 0 0 306.239935665628 55.679988302841 0
101494.117941732 0 0 109.601209313187 347.018825427768 178.937729091586 180.086767429476 0 0 0 15642.5862267671 0 0 0 0 0 0 0 255.628878464843 46.4779779026984 0
153604.232594553 0 6342.60297527999 358.732842725448 0 0 683.607725768642 5828.51043333924 0 0 5491.91470072003 0 0 0 0 22862.8884621077 0 0 386.876387537462 70.3411613704472 0
10426.0506597791 0 7531.13151642922 249.920687855367 791.297688165509 408.026887824366 410.647009021723 0 0 0 86604.0481873248 0 0 0 0 0 0 0 26.2596462832168 4.77448114240301 0
636141.664471171 8385.63808673469 129614.92795475 546.903339465408 21851.8597622381 0 898.621968844102 0 0 0 12338.5264450264 0 0 0 0 812.87135212599 0 0 1602.22270542695 291.313219168534 0
0 242.791565120719 52.8275295979439 3.54441568026837 11.2223119973047 5.78670342013755 5.82386240339664 0 0 0 0 0 0 0 0 5.26812282648083 0 0 0 0 0
0 0 0 0 0 0 0 0 0 0 0 0 0 0 0 0 0 0 0 0 0
0 0 0 0 0 0 0 0 0 0 0 0 0 0 0 0 0 0 0 0 0
0 0 0 0 0 0 0 0 0 0 0 0 0 0 0 0 0 0 0 0 0
31193.127424289 523.550198570862 1887.31414305602 0 1433.37928731758 76.9211153347771 77.4150598536976 14823.493293288 0 0 915.99166726627 0 0 0 0 0 0 0 78.5647911523282 14.2845074822414 0
0 0 0 0 0 0 0 0 0 0 0 0 0 0 0 0 0 0 0 0 0
0 0 0 0 0 0 0 0 0 0 0 0 0 0 0 0 0 0 0 0 0
0 0 0 0 0 0 0 0 0 0 0 0 0 0 0 0 0 0 0 0 0
0 0 0 0 0 0 0 0 0 0 0 0 0 0 0 0 0 0 0 0 0
0 0 0 0 0 0 0 0 0 0 0 0 0 0 0 0 0 0 0 0 0
0 0 0 0 0 0 0 0 0 0 0 0 0 0 0 0 0 0 0 0 0
0 0 0 0 0 0 0 0 0 0 0 0 0 0 0 0 0 0 0 0 0
0 0 0 0 0 0 0 0 0 0 0 0 0 0 0 0 0 0 0 0 0
0 0 0 0 0 0 0 0 0 0 0 0 0 0 0 0 0 0 0 0 0
0 0 0 0 0 0 0 0 0 0 0 0 0 0 0 0 0 0 0 0 0
0 0 0 0 0 0 0 0 0 0 0 0 0 0 0 0 0 0 0 0 0
0 0 0 0 0 0 0 0 0 0 0 0 0 0 0 0 0 0 0 0 0
0 0 0 0 0 0 0 0 0 0 0 0 0 0 0 0 0 0 0 0 0
0 0 0 0 0 0 0 0 0 0 0 0 0 0 0 0 0 0 0 0 0
0 0 0 0 0 0 0 0 0 0 0 0 0 0 0 0 0 0 0 0 0
0 0 0 0 0 0 0 0 0 0 0 0 0 0 0 0 0 0 0 0 0
0 0 0 0 0 0 0 0 0 0 0 0 0 0 0 0 0 0 0 0 0
0 0 0 0 0 0 0 0 0 0 0 0 0 0 0 0 0 0 0 0 0
0 0 0 0 0 0 0 0 0 0 0 0 0 0 0 0 0 0 0 0 0
138252.329955064 22551.9937850392 50767.7373209153 0 2791.13149927886 979.547239196371 883.597362503818 26561.2236671473 0 0 2359.77112970592 0 0 0 0 136674.435762885 0 0 348.210209303498 63.3109471460901 0
1930.66652134796 136.755371579045 1208.59140439008 0 0 0 0 0 0 0 6.28644475858327 0 0 0 0 182.403874975392 0 0 4.86268689802434 0.884124890549874 0
0 0 0 0 0 0 0 0 0 0 0 0 0 0 0 0 0 0 0 0 0
0 0 0 0 0 0 0 0 0 0 0 0 0 0 0 0 0 0 0 0 0
0 0 0 0 0 0 0 0 0 0 0 0 0 0 0 0 0 0 0 0 0
195897.893700861 26014.2694147302 12171.4744167033 0 2641.59578923682 0 0 0 0 0 102421.257879608 0 0 0 0 0 0 0 493.399616410536 89.7090211655512 0
60459.0622592892 19730.9131452581 293.932544800932 0 0 0 0 0 33.9147538872771 0 109093.712404069 0 0 0 0 0 0 0 152.275645050199 27.6864809182178 0
87546.654177061 6882.33041852455 3810.15655327192 691.848309449653 0 0 0 0 0 0 184011.774464876 0 0 0 0 0 0 0 220.500000142665 40.0909091168479 0
331629.231727402 179281.184025217 0 0 0 0 0 0 52.7425619452798 0 138821.059731025 0 0 0 0 0 0 0 835.26031155128 151.865511191141 0
859112.764520052 69175.6419199823 56757.9191525556 0 0 0 0 0 62.1877310158917 0 73723.269928327 0 0 0 0 0 0 0 2163.81044461288 393.420080838703 0
51604.9620397477 9113.80273852398 280.84479009811 1849.2051502906 0 0 0 0 32.4046523774772 0 83336.7512404295 0 0 0 0 0 0 0 129.975202868553 23.6318550670095 0
629.913512887202 701.243118988658 17.682765065675 0 0 0 0 0 0 0 10215.0280238858 0 0 0 0 0 0 0 1.58653612736109 0.288461114065651 0
8090.79316994186 0 2229.53975286607 0 0 0 157.236174013394 0 13.2188595930314 0 27420.4794403994 0 0 0 0 0 0 0 20.3779334789691 3.70507881435797 0
151063.739824666 45032.6773630762 0 172.772444423931 287.761351332166 0 0 0 49.7973950255456 0 123495.5529548 0 0 0 0 0 0 0 380.477757442592 69.1777740804709 0
7.84274027230109 1.17233926943895 0 0 0 0 0 0 0 0 12.1516793461637 0 0 0 0 0 0 0 0.0197531732927653 0.00359148605323002 0
0 0 0 0 0 0 0 0 0 0 1.60165767154176 0 0 0 0 0 0 0 0 0 0
