1248336.37172312 60257.2596064294 170948.01184555 0 101082.571226004 0 0 0 635.941836724829 0 12012.0522280069 0 0 0 0 0 0 0 4685.24900233897 851.863454970717 0
228998.283575863 7039.65190010587 60572.7391695474 0 16427.600201162 482.526555891158 0 860.843783952166 6.6918942981124 0 13146.6236157497 0 0 0 0 0 0 0 859.475061341176 156.268192971122 0
3613895.46261613 63527.6410877568 151310.753833824 0 90351.3301068828 2682.58685273638 0 144373.921310702 6629.84632212798 0 32129.1482905822 0 0 0 0 0 0 0 13563.6519886124 2466.11854338407 0
0 0 0 0 0 0 0 0 0 0 0 0 0 0 0 0 0 0 0 0 0
39301.4602199871 11670.5215899168 2525.52860588663 0 5227.35465846356 324.737591507825 2222.80302893359 0 1414.02797613445 0 61712.8290230647 0 0 0 0 0 0 0 147.506017974938 26.8192759954432 0
244487.778406041 2097.22971210699 30173.8778837444 412.886218306066 5075.94658751666 425.211334661261 237.624252415836 0 10467.6747013154 0 33306.1883664729 0 0 0 0 0 0 0 917.610145637126 166.838208297659 0
1438621.29005686 90854.9871709205 90920.7670628946 4751.1081283112 41427.1902623374 1325.62365966825 0 0 20886.3357994924 0 93237.8073157263 0 0 0 0 0 0 0 5399.42528044638 981.713687353881 0
141819.303697667 0 40260.35704851 62.931520311486 4023.28287335616 374.310883584306 209.179146067894 9287.7051300134 1873.33908084371 0 0 0 0 0 0 0 0 0 532.275407664945 96.7773468481717 0
2369665.96502402 114107.085340642 606738.37775623 468.735698805037 200951.956585009 14702.4534038548 1558.03852699361 0 0 0 28289.5199942042 0 0 0 0 0 0 0 8893.8168830091 1617.05761509256 0
1696512.08347295 414427.57132457 223459.552811788 2270.80726002026 78313.2173136383 2685.02481703481 0 0 11403.0324220843 0 220645.567883034 0 0 0 0 0 0 0 6367.33954613206 1157.69809929673 0
1759092.1099774 211306.68804845 199134.083436312 0 48216.8566374492 1536.20389153084 858.489112417756 38836.735293028 9013.76596652951 0 53195.3373169989 0 0 0 0 0 0 0 6602.21454728389 1200.4026449607 0
201459.144582892 6193.38149356594 77302.8909773269 134.489723828079 6497.95968139797 770.975288372654 430.850289248713 0 0 0 33096.3471796951 0 0 0 0 0 0 0 756.115320797854 137.475512872337 0
2584309.13971855 0 435314.269106072 415.201905525606 54883.0880639483 66987.2218294328 1380.09664495197 0 0 0 11233.8235340104 0 0 0 0 0 0 0 9699.41443097471 1763.52989654085 0
1290622.30847479 1012929.18173342 436087.345790248 4293.32579912716 104718.641031128 3738.45076797866 10692.6669264923 0 2989.30635198978 0 388679.558216039 0 0 0 0 0 0 0 4843.95634073466 880.719334679028 0
48262.2067003719 29507.6386800086 0 5127.31462803634 1661.17101391407 215.12691103471 120.221093000437 0 197.173245477428 0 30386.2810560291 0 0 0 0 0 0 0 181.137440929862 32.9340801690657 0
1600315.0555454 188488.520375615 69857.4676083304 589.685712169272 23849.8281066852 1280.39616275018 2270.83104002445 0 0 0 95663.1810326694 0 0 0 0 0 0 0 6006.29340557673 1092.05334646849 0
304906.091617956 62205.3312823162 47839.5487426333 81.7488499040681 15475.2714794418 486.234625957507 271.72638655997 0 2117.24599199233 0 36487.966361336 0 0 0 0 0 0 0 1144.37181669891 208.067603036164 0
3065941.74048649 317337.070813188 465421.262827253 443.609466800808 101070.461763467 2638.54822929276 1474.52101893827 65469.7979666695 6516.88496112204 0 17026.4162945969 0 0 0 0 0 0 0 11507.0751811996 2092.19548749082 0
690967.606841375 42328.4621805165 106166.012999925 0 2546.96427184307 1263.74161843053 706.226840273577 0 0 0 75186.5852252379 0 0 0 0 0 0 0 2593.33570977625 471.515583595681 0
156540.658428442 8173.57829763125 20584.6868107658 0 4933.16985553111 452.170878278706 252.690269888469 0 928.709176055663 0 20452.1956694341 0 0 0 0 0 0 0 587.527512888984 106.823184161633 0
3565477.30605539 118062.797632451 727181.119274247 526.482718868392 98681.3790667915 0 1749.98482489058 77700.5898585434 846.831142574838 0 22779.9688343876 0 0 0 0 0 0 0 13381.9292375496 2433.07804319083 0
304448.501786903 14170.3445056872 122348.071525588 10825.3882318232 25409.2233457012 0 578.7037638088 0 1423.00989669917 0 31734.8194794393 0 0 0 0 0 0 0 1142.65439313584 207.755344206515 0
1162568.04106429 6787.9086664177 120985.198135171 154.843740744168 10080.6846286022 0 514.687732038022 0 4010.35965472798 0 12322.0696886951 0 0 0 0 0 0 0 4363.34378932584 793.33523442288 0
1999011.8728258 65524.3845543783 363893.709932379 387.951126427152 57413.5089361155 14835.4921047185 1266.75249419745 56244.7254421631 0 0 0 0 0 0 0 0 0 0 7502.68004279392 1364.12364414434 0
700672.561847468 744156.086441212 181647.830642001 4722.1411108713 67296.0324077302 6316.54336033604 46075.6738468848 0 0 0 154560.234130832 0 0 0 0 0 0 0 2629.7602919562 478.138234901124 0
1029058.77122798 0 53205.9170064915 226.402969485454 7467.54675805554 319.740070983382 752.544664260386 33413.5264924869 2101.53619267453 0 18548.9849056357 0 0 0 0 0 0 0 3862.25755369838 702.228646126975 0
1237432.86073632 1613.47023026424 106674.52687417 247.428633677398 5149.28568435656 0 473.521584392604 46851.46713298 6572.5668070308 0 0 0 0 0 0 0 0 0 4644.32600663839 844.422910297885 0
0 0 0 0 0 0 0 0 0 0 0 0 0 0 0 0 0 0 0 0 0
23995.6517038649 34492.2752138911 0 2476.3807313988 616.802761620092 18.4857757952497 0 13575.9784568579 173.580829002587 0 14635.3697180529 0 0 0 0 0 0 0 90.0603441128783 16.3746080205233 0
67105.9326730694 410279.412805349 0 1335.70710715254 340.178483777827 121.009738993551 1935.28434454694 63584.5849833923 0 0 125160.678761241 0 0 0 0 0 0 0 251.861606558445 45.7930193742625 0
177347.918096261 142353.186590992 0 9225.05456702704 242.839159586442 100.571520380336 503.798676499728 0 2217.99534180537 0 68320.5179865606 0 0 0 0 0 0 0 665.621202064677 121.022036739032 0
396815.955130477 817726.244046492 0 22070.290312073 2511.35999862752 264.904828717383 0 126540.255310954 773.292538430023 0 317197.922743685 0 0 0 0 0 0 0 1489.32739604548 270.786799280995 0
345737.970623734 617119.602559566 1192.04693338802 13062.2104858643 4073.8464710336 187.73879960923 7608.78663978741 86476.5990046323 1699.01424352983 0 123734.271066874 0 0 0 0 0 0 0 1297.62179379553 235.931235235549 0
21709.7570474604 164684.581961051 0 955.874627790177 0 68.5845271346364 1071.47956862867 0 389.220422649261 0 70512.7872654213 0 0 0 0 0 0 0 81.4809372310715 14.8147158601947 0
138881.32722225 188616.848208868 359.775400479285 14883.8463383966 0 99.843011875965 500.149317129072 0 642.103805002591 0 34953.1451750164 0 0 0 0 0 0 0 521.248610992071 94.7724747258306 0
23896.0968581684 11077.7102656092 261.156981824919 13908.2674405265 140.577306326187 0 0 0 12.6584309340525 0 5536.37741233791 0 0 0 0 0 0 0 89.6866954296846 16.3066718963062 0
451823.549599609 385305.240008795 7697.17030522041 24156.6007319841 11716.4088822613 199.210720730281 0 0 543.010569265201 0 101650.627241008 0 0 0 0 0 0 0 1695.78158815703 308.32392511946 0
116843.903338096 61712.9964380341 714.985750072255 2913.58344767395 2237.74606919047 12.3260276890253 289.639690672754 0 510.763891525322 0 6846.66005140017 0 0 0 0 0 0 0 438.537876444752 79.734159353591 0
189428.882110624 116403.505614113 1421.8329099015 2905.47044733956 440.940327245124 7.2107703222404 69.1713861256382 0 154.211188458227 0 8378.13914972057 0 0 0 0 0 0 0 710.963407801626 129.26607414575 0
2416.51749872915 1184.66223764942 8.81548343908755 83.7516580852361 0 0 0 13475.1212930226 20.8530520883259 0 227.053703110721 0 0 0 0 0 0 0 9.06965979404037 1.64902905346188 0
403047.948466889 586377.556075402 1921.63259338471 28013.8441921444 2521.40456738359 269.349489354426 5871.24620327393 0 1647.79510014805 0 219575.934459057 0 0 0 0 0 0 0 1512.7172781505 275.039505118271 0
3443.50511963137 3703.0480738729 0 400.505437731991 188.760094495093 0 0 0 21.3862825878941 0 6167.19638690827 0 0 0 0 0 0 0 12.9241439180628 2.34984434873869 0
82780.2205270002 59713.4918036999 3502.65478490792 15921.4872337618 315.986374619294 17.7707361375004 89.0199662154958 0 0 0 24179.5087503811 0 0 0 0 0 0 0 310.690254984856 56.4891372699738 0
1196733.89855422 1271006.64960466 11002.2052107533 206654.172088417 8003.56378481919 587.220789555213 9512.78643805174 0 10967.5154079128 0 446976.275787107 0 0 0 0 0 0 0 4491.57489221184 816.649980402149 0
294884.498884221 369736.9251547 0 14944.1990488093 1434.96010232333 164.39440332862 3409.19157396793 0 0 0 141115.548421629 0 0 0 0 0 0 0 1106.75883159236 201.228878471337 0
35713.5643794115 31063.6030825343 1127.69290827712 8419.02379557665 0 77.5616163642706 246.020522436742 0 0 0 12018.8406163096 0 0 0 0 0 0 0 134.039947620559 24.3708995673743 0
7563.52982902304 4508.15662490597 186.529315073878 1026.1028744282 0 13.9225839220631 372.452704425185 0 41.4319185587529 0 5205.86596098796 0 0 0 0 0 0 0 28.3873973299971 5.16134496909036 0
1321941.5792767 438124.39454485 193497.185234333 8039.89914407629 29128.9707989168 4533.37757985181 7183.52805334344 0 7391.0087815238 0 250130.694639112 0 0 0 0 0 0 0 4961.5036505804 902.091572832795 0
1502914.78706845 1150947.84195792 25896.7659816342 65517.1862310174 17150.4705161892 1544.78099602604 17497.0913342601 0 6576.01909641373 0 224582.149827451 0 0 0 0 0 0 0 5640.73126940399 1025.58750352799 0
541487.950396591 193361.644234927 17499.0938040664 3225.42566511534 13303.2397501629 0 603.220207978668 0 357.304591551213 0 13980.9703805843 0 0 0 0 0 0 0 2032.30950955334 369.510819918786 0
1097252.94704619 1201558.14159869 16423.1020985378 12583.5827367911 15319.9073781376 193.497941905833 3246.68250313492 0 1353.26194225254 0 79212.6079948115 0 0 0 0 0 0 0 4118.20354826757 748.764281503194 0
628760.073086729 917149.449792108 6302.74653974666 19553.254040097 449.908543360021 457.949502859186 8320.83899007034 0 1394.20095899295 0 425411.52595735 0 0 0 0 0 0 0 2359.85874630397 429.065226600721 0
307986.653358712 81871.8731469245 33806.7926243815 88908.8738794742 5225.45725205395 52.4649595959253 0 44881.9660293852 0 0 28060.4940945716 0 0 0 0 0 0 0 1155.93376358233 210.169775196787 0
10399.251056808 11235.1591720017 0 0 0 0 0 0 31.1079503110253 0 0 0 0 0 0 0 0 0 39.0304101864212 7.09643821571293 0
80.5563135459597 13.0999890109398 1.14140436910536 0 0 0 0 0 0 0 9.09889579301696 0 0 0 0 0 0 0 0.302343499895257 0.0549715454355008 0
1163087.02261542 654377.802024275 80182.8187822512 39939.8270997597 8588.54190566001 269.097036099692 3295.28553461898 0 2730.02591263383 0 128169.044872827 0 0 0 0 0 0 0 4365.2916279451 793.689386899108 0
1151522.15456597 418252.865862909 50725.834490132 87.8159890802732 21625.625628609 435.372743721118 0 0 1156.63727403694 0 38244.2413298964 0 0 0 0 0 0 0 4321.88643066155 785.797532847553 0
227958.389955579 64760.6421600876 1501.50379814633 21102.6677984871 573.624401805942 92.1852893409747 0 8129.36390017814 446.784495197155 0 74598.7838272139 0 0 0 0 0 0 0 855.572138493345 155.558570635153 0
422125.036887832 259373.012118303 18387.4986392816 4829.21562176517 1832.36133366851 111.366441167928 0 0 2739.12347190948 0 39030.4607406667 0 0 0 0 0 0 0 1584.31729839854 288.057690617915 0
1609849.75928655 154183.834370437 119579.327783107 28722.8668643292 3013.05657575561 6202.16895741036 8743.03067812035 0 4867.95234241094 0 64333.4038439872 0 0 0 0 0 0 0 6042.07900167302 1098.559818486 0
1613515.54116964 1347919.49639562 208165.663847439 28797.8707487718 52064.9558930698 4368.47666911736 28238.3612922364 0 2017.38376937479 0 162827.000884357 0 0 0 0 0 0 0 6055.83739348116 1101.0613442693 0
1196781.58337023 289384.931056513 85224.7554264021 22761.3512215653 25030.5233487722 0 991.501842274737 16588.5707485844 5383.48070136429 0 123859.980502483 0 0 0 0 0 0 0 4491.7538625933 816.682520471508 0
19125.6837262684 13880.9524510055 16.5284680091285 1370.76064670927 0 0 0 0 104.396690670137 0 10361.2834255459 0 0 0 0 0 0 0 71.7824078728556 13.0513468859737 0
1296045.66568408 3002376.26685034 248735.251569619 17706.0894101352 131976.049831927 1608.7621054024 47436.5587284384 0 2585.22309416311 0 325629.601630716 0 0 0 0 0 0 0 4864.31125430582 884.420228055598 0
241098.575715443 320351.838524342 14948.1760201902 13677.0876451471 18455.6008949691 163.77252427475 0 0 2141.71707947531 0 197436.156619892 0 0 0 0 0 0 0 904.889809288254 164.525419870591 0
789182.333775007 844813.749989704 30437.505719303 22279.2572884585 6084.01505037688 1189.6467702221 14862.8070278242 0 2187.96300579318 0 118418.74972906 0 0 0 0 0 0 0 2961.95466681716 538.537212148573 0
62732.7428696088 13999.9840501834 367.221371076545 22378.8565269608 0 0 0 0 0 0 5960.07211847718 0 0 0 0 0 0 0 235.448175348858 42.8087591543377 0
568.050473039796 145.27678086139 0 104.959865397047 0 0 0 0 0 0 192.073310944421 0 0 0 0 0 0 0 2.13200381914226 0.387637058025863 0
642777.638201826 426655.169556765 19382.5091355991 26359.468602135 11737.5420700568 184.550638059756 11761.9336191415 0 1839.22323356003 0 81872.2230365298 0 0 0 0 0 0 0 2412.46939232727 438.630798604958 0
62024.4701653773 50504.1797051119 0 0 0 65.8620026551245 1052.37943976268 0 326.908769861437 0 55646.0554156323 0 0 0 0 0 0 0 232.789890245537 42.3254345900975 0
10167161.4583689 6991057.21854708 383073.005926528 11198.4689671399 214363.436632262 3018.01545750533 15844.4577858653 50417.4599958886 64139.3091531929 0 256455.592127992 0 0 0 0 0 0 0 38159.3328196381 6938.06051266145 0
1748715.41892798 1111394.3393912 120812.083345728 5204.8503208523 43382.9902545997 0 5035.27406174817 0 7762.69921465688 0 84538.7997959426 0 0 0 0 0 0 0 6563.26880918947 1193.32160167081 0
626804.162799327 89514.2346938842 29647.6071595949 21101.6520865784 0 118.02600354415 6202.98774582894 33883.7990255769 3476.30313784899 0 55642.1107617087 0 0 0 0 0 0 0 2352.51783488755 427.7305154341 0
1267559.90757046 264700.35009236 34327.6449665819 38586.6535707815 722.155359765726 0 20850.7005066599 0 6320.52930675599 0 117535.464733553 0 0 0 0 0 0 0 4757.39866823858 864.981576043378 0
30.1959688490966 94.3869669147226 0 36.3800962888205 0 0 0 0 0 0 162.862722928486 0 0 0 0 0 0 0 0.113331339316505 0.0206056980575463 0
1061724.22954117 728459.632814661 30156.5053739877 27058.2978978724 4591.87232743466 183.563435540426 8709.66324194279 0 1669.40212708128 0 39884.4655705763 0 0 0 0 0 0 0 3984.8573668894 724.519521252615 0
373206.595363712 77087.2358688968 26864.8490878287 18349.0537436671 2416.05563092936 107.220815398464 6493.36500626985 8595.70222181874 511.73770925516 0 37093.0897836719 0 0 0 0 0 0 0 1400.71688064376 254.675796480682 0
2503592.31881423 248311.061650203 89860.6096549892 24449.7145237763 32494.1140764705 18778.8129055865 5443.53952621424 0 2378.25362064214 0 70496.8787021345 0 0 0 0 0 0 0 9396.46851577082 1708.44882104923 0
955924.777109097 573414.436241038 82755.6874772249 42349.7794971251 37923.585922279 288.206902589375 0 0 686.107595371736 0 205981.084946587 0 0 0 0 0 0 0 3587.77146105207 652.322083827647 0
50969.8755777361 116237.882812803 4176.16622861398 10000.7857311834 1786.59909011071 0 0 0 186.160818833675 0 37603.6688456655 0 0 0 0 0 0 0 191.299848429712 34.7817906235838 0
863939.650028405 148357.436683602 43911.6471876683 18603.8059866509 8725.73703845056 745.314850777115 1463.21946023755 152350.650048843 6658.70580183017 0 43295.6052924503 0 0 0 0 0 0 0 3242.53340290758 589.551527801376 0
694054.281261926 389045.474228489 31535.0140231852 25960.1375759993 6171.0477182371 954.748323845484 9205.41416308016 0 4996.07630220965 0 61415.1473394962 0 0 0 0 0 0 0 2604.9205987349 473.621927042705 0
24707.5302085052 17860.2323546869 214.819248607493 5018.57130896941 315.541833952187 109.992136195776 1073.41706387707 0 0 0 26934.4407293683 0 0 0 0 0 0 0 92.7321624858773 16.8603931792504 0
106257.042263124 82545.6506999609 0 3218.95981300822 0 45.3738271859007 725.008060927396 3637.53908888713 222.129729752867 0 51547.7315333412 0 0 0 0 0 0 0 398.803329400395 72.509696254617 0
79021.9031068602 279329.463597571 0 2899.80535300082 0 237.262878909914 3557.74190463288 0 242.601580683929 0 328206.256203243 0 0 0 0 0 0 0 296.584559322975 53.9244653314499 0
384477.355683817 430367.453399847 6953.34703013671 22113.2142063477 3951.3550486783 302.618184936425 7057.16017148489 0 701.270194164482 0 362112.687964453 0 0 0 0 0 0 0 1443.01823446275 262.366951720497 0
637911.869707837 500179.923704873 51541.6305717955 8050.76177561625 6806.17041014261 156.830866053387 5715.71650252495 12572.8518177653 3239.48923207008 0 37141.8900596667 0 0 0 0 0 0 0 2394.20721756535 435.310403193698 0
0 7659.59709359461 0 0 0 5.63699817225119 90.071068891122 0 0 0 12194.6912312674 0 0 0 0 0 0 0 0 0 0
201289.52622228 120557.9392319 0 4616.6184044831 0 129.41412773175 0 10374.900630484 4324.12956564011 0 100323.607390176 0 0 0 0 0 0 0 755.478710127174 137.359765477668 0
7387646.6847246 729765.720068406 618281.541864098 31716.2977558411 137300.866692829 27803.9705082402 3305.00614091579 0 4980.15557347727 0 289297.796152564 0 0 0 0 0 0 0 27727.2737086571 5041.32249248308 0
1221900.68829248 0 221129.254251723 1417.79341541447 0 256.593296253155 407.182117567319 0 196.698809729075 0 31700.9652518435 0 0 0 0 0 0 0 4586.03074496449 833.823771811721 0
50740.5730920429 22100.4943545917 0 1568.7511869575 2999.91032801378 364.381276874825 578.228434204274 0 554.680255362477 0 238042.866275192 0 0 0 0 0 0 0 190.439231638706 34.625314843401 0
0 0 2257.92929240445 0 517.337833526696 0 0 0 0 0 38405.8172079329 0 0 0 0 0 0 0 0 0 0
199595.874233477 159969.941344018 37463.817290418 2844.20736879109 28434.8672907754 0 419.170573635662 0 402.099978263135 0 110561.905293892 0 0 0 0 0 0 0 749.122105072165 136.204019104029 0
0 30091.5013156779 5952.20758261199 961.45001652479 1363.77263267201 0 0 0 252.16012128193 0 121146.685157171 0 0 0 0 0 0 0 0 0 0
13972.561442452 17100.195770622 2656.86947578395 1370.76064670927 0 212.332356056689 336.945429322211 0 312.449313915701 0 0 0 0 0 0 0 0 0 52.4417384939325 9.53486154435133 0
0 0 0 0 0 0 0 0 0 0 0 0 0 0 0 0 0 0 0 0 0
1266868.7760414 881997.445532708 96076.4936459522 713.83007262596 49217.3333140733 10520.475548041 20216.5670341581 0 1783.87974796651 0 476300.45376476 0 0 0 0 0 0 0 4754.80471729686 864.509948599426 0
85023.7348743553 29342.4907042111 3348.08135227551 401.148985794177 767.11399204749 93.1767770924938 147.860127129697 0 141.838567982382 0 56398.4789672275 0 0 0 0 0 0 0 319.110600330695 58.0201091510351 0
1587.78255640291 10988.8256199812 928.056960309037 144.501962797529 122.044768162994 5.8529484575649 10.663957413314 0 63.892303198574 0 25997.9872773657 0 0 0 0 0 0 0 5.95925650075341 1.08350118195516 0
45366.0298452236 51744.6918530825 0 813.761957384221 1734.94867651507 213.302472765513 338.484885658579 0 253.695686360924 0 93168.3156954892 0 0 0 0 0 0 0 170.267526355114 30.9577320645661 0
28244.6215636402 25513.1739530872 0 973.409161077988 1456.53844972669 226.098361540147 358.7903931036 0 344.178762398948 0 142672.486898491 0 0 0 0 0 0 0 106.007553733152 19.2741006787548 0
12763.9863328565 10923.1920218854 659.59450159854 21.2654691523031 5781.68825351983 0 0 0 161.994497920324 0 22070.8653017885 0 0 0 0 0 0 0 47.9057212354846 8.71013113372444 0
526885.893313314 7106.23817629108 162677.918613125 1223.50780106204 32110.7387709376 0 450.974638888979 0 0 0 24771.0200949768 0 0 0 0 0 0 0 1977.50515158442 359.546391197168 0
476299.115973618 0 140989.643120062 0 0 0 0 4598.62806977715 220.271047400631 0 8081.3257047442 0 0 0 0 0 0 0 1787.64314529264 325.026026416842 0
15839.696683022 3370.54775160051 12096.4785436207 1101.78119905311 425.55418276048 51.6895371990513 82.0249613692924 0 0 0 0 0 0 0 0 0 0 0 59.449459907222 10.808992710404 0
141756.013264603 100386.147201835 12347.5113096057 0 6575.64173205007 256.476608463262 406.996948343972 0 390.4221201952 0 104427.710601341 0 0 0 0 0 0 0 532.037866369915 96.7341575218023 0
6892.44090989289 10688.6449434372 3139.28663602682 0 0 87.366040528171 138.639200264358 0 0 0 27799.4863400127 0 0 0 0 0 0 0 25.8686701983865 4.70339458152483 0
385500.761986468 125618.442175622 40180.009190885 4123.70650018626 9420.74683718286 442.396525591209 702.029073732819 0 673.43915113043 0 193815.176141075 0 0 0 0 0 0 0 1446.85927720339 263.065323127888 0
11971.3854141272 33939.5433320885 5528.80123008372 582.103905684917 548.44966316869 135.208034384767 214.55858183679 0 205.820748208654 0 69350.0722162559 0 0 0 0 0 0 0 44.9309359549728 8.1692610827223 0
21107.2800327664 2726.08638810065 17260.0513292758 67.2469858339407 65.1500104293704 25.3229706201465 40.1844512338053 0 94.6726698120425 0 0 0 0 0 0 0 0 0 79.2197239107139 14.4035861655843 0
648852.886871676 0 233845.273457114 0 51717.9041389991 0 0 0 0 0 27098.7932599303 0 0 0 0 0 0 0 2435.27098123723 442.776542043131 0
23075.6918952724 0 813.647795205219 97.4868748689186 186.423369873107 22.643738687565 35.9328384766028 0 34.4694844512949 0 3908.90210718605 0 0 0 0 0 0 0 86.607556168031 15.7468283941874 0
503142.487349212 334714.116999218 12212.0057335031 2125.97217282079 15376.0110813864 670.757684138086 27363.5067255234 0 2571.57675524964 0 344266.427033143 0 0 0 0 0 0 0 1888.39153475382 343.343915409786 0
35434.4147597535 2415.55922198037 0 615.606532946623 1614.77966401798 142.989848481085 226.90736720462 0 217.666633011379 0 80945.017792628 0 0 0 0 0 0 0 132.992244848589 24.1804081542888 0
72986.5274098412 45951.801013487 17640.0464069977 1370.76064670927 0 298.815353850525 474.183348977453 0 454.872374896961 0 147825.796043545 0 0 0 0 0 0 0 273.932621428891 49.8059311688891 0
0 0 0 0 0 0 0 0 0 0 123.235870218471 0 0 0 0 0 0 0 0 0 0
435642.607581722 0 35445.1316566844 556.442318846163 0 129.247495928012 205.099937725261 4107.51974869813 1000.36504054548 0 15211.0460275892 0 0 0 0 0 0 0 1635.05136819111 297.282066943836 0
289241.076530192 127753.122418303 58045.0295992325 774.633694771444 5377.65607194814 179.927841430682 285.523435541279 0 273.895579618035 0 65611.9710750518 0 0 0 0 0 0 0 1085.57797076597 197.377812866539 0
9376.47765848766 0 0 426.708740939127 815.991707059485 0 0 0 150.876005932182 0 92330.1221822224 0 0 0 0 0 0 0 35.1917428587324 6.39849870158768 0
789101.954925017 117369.962816845 191987.948449216 1902.01237688196 30216.8791471695 0 701.065693314053 0 0 0 148142.997837512 0 0 0 0 0 0 0 2961.65298937246 538.482361704083 0
243350.449323874 0 52268.2357923712 414.658657172253 0 0 0 0 146.615328014281 0 0 0 0 0 0 0 0 0 913.341528565431 166.062096102805 0
0 21889.8351201167 3573.02437086637 428.100440754456 818.65304346784 0 0 0 151.368084226925 0 75328.1060256229 0 0 0 0 0 0 0 0 0 0
140580.19230695 9558.24450054582 94277.9707308338 793.362893224274 1972.28395691031 0 611.123744957267 0 107.978009935309 0 0 0 0 0 0 62884.8867242057 0 0 527.624781809086 95.9317785107426 0
0 0 9760.31029408261 101.492254825232 0 23.5740872826669 37.409187689778 749.190755115439 0 0 6544.11701090699 0 0 0 0 0 0 0 0 0 0
516751.829171044 0 147685.442693055 1097.20255684642 4682.50138652876 0 0 8099.27825028477 387.949726811854 0 11912.1473703385 0 0 0 0 0 0 0 1939.47003942418 352.63091625894 0
150078.705212569 0 23405.1137697731 2012.80779265646 0 121.497219072206 192.80119809347 0 0 0 35785.2423870104 0 0 0 0 0 0 0 563.274546666393 102.413553939344 0
618837.398990895 25073.1302188505 154779.941364965 0 24533.8617193716 0 320.355267825005 6415.72885776951 0 0 14015.4392657158 0 0 0 0 0 0 0 2322.61702206913 422.294004012567 0
191205.461522132 0 59907.3626451554 354.306406644072 16239.8642557675 82.2964291158784 130.594348195954 2615.4023752157 0 0 18348.3568450797 0 0 0 0 0 0 0 717.631255590005 130.478410107273 0
283435.445105197 42571.8906292432 34364.127237071 0 6859.39700040422 580.230035248594 920.753963094926 0 883.256535245172 0 236627.658271341 0 0 0 0 0 0 0 1063.78830777284 193.416055958698 0
109448.77880256 47454.5035527422 15247.4175007501 2011.28889301004 5709.990362052 237.688297428279 9125.72786822827 0 361.821569551943 0 110454.544686703 0 0 0 0 0 0 0 410.782536908772 74.6877339834126 0
226035.452646121 149802.122293356 25204.4714678279 543.131576998012 16758.4638716948 331.22775278666 525.617854192395 0 504.21222537721 0 216019.301718724 0 0 0 0 0 0 0 848.354981071054 154.246360194737 0
60499.3249662393 0 0 107.636100351442 205.831652460873 25.0011474158315 39.6737572455806 0 38.0580554300332 0 0 0 0 0 0 0 0 0 227.065723919421 41.2846770762581 0
341135.434217 0 77133.9433199426 465.574504074544 1078.91737016792 108.141197715404 171.6068288806 3436.75598567337 164.618192456114 0 0 0 0 0 0 0 0 0 1280.34758021308 232.79046912965 0
26.3374917269616 117.346369160749 0 0 0 0 0 0 0 0 430.273636335947 0 0 0 0 0 0 0 0.0988497248281946 0.0179726772414899 0
0 0 6487.08468475247 777.247374912429 1486.32392874458 180.534933310537 286.486815960045 0 274.819726659382 0 109180.857483238 0 0 0 0 0 0 0 0 0 0
345322.72926854 0 54360.3202798271 15374.6084036647 912.708566777776 0 0 3523.20107280207 0 0 0 0 0 0 0 0 0 0 1296.06331229228 235.647874962232 0
515570.237729217 0 414434.700568827 732.056732128485 0 0 0 0 236.597020031641 0 69359.0322270878 0 0 0 0 0 0 0 1935.03529711482 351.824599475421 0
602515.429207923 1633.77939626192 354760.981553258 1252.3940582046 34244.118050883 290.899506482031 461.621869231454 9244.86357884251 0 0 2000.81131578812 0 0 0 0 0 0 0 2261.35749749378 411.15590863523 0
28544.8893519081 43358.8774443308 2873.26930799023 797.509996207434 3594.49201605044 189.891550472482 301.334620812705 0 135.714320824079 0 85260.8891162465 0 0 0 0 0 0 0 107.134517095979 19.4790031083598 0
276543.749848818 114888.865166361 53307.9805013124 1534.33207445155 13270.324013942 356.386586405052 565.541840118175 0 542.5103189998 0 185353.208283571 0 0 0 0 0 0 0 1037.922436157 188.713170210363 0
150802.747766825 165943.300970465 0 836.422628576941 26812.5352051663 218.411159165363 0 0 2083.75706107387 0 168966.075604507 0 0 0 0 0 0 0 565.99201908154 102.907639833007 0
87637.6297599142 25700.4266059539 0 393.952879431987 0 91.5053033453616 145.207703119586 0 139.29416314127 0 48063.3918273102 0 0 0 0 0 0 0 328.921055815444 59.8038283300806 0
30828.582151621 45196.7591329744 3049.33165075577 848.801111759113 3058.18106872042 197.155059060323 312.860918853039 0 294.348218459683 0 122994.074803892 0 0 0 0 0 0 0 115.705659981718 21.0373927239487 0
163784.942399817 0 79214.5486362618 437.742294288902 560.773453325224 0 0 0 0 0 6503.81887987214 0 0 0 0 10779.4415019601 0 0 614.716718473612 111.766676086111 0
57492.3964913507 47346.8332773439 0 617.167952251629 1180.20533113957 143.352526746972 15906.8208499255 0 218.218720854262 0 72224.4084723515 0 0 0 0 0 0 0 215.780136992534 39.2327521804606 0
31311.6759499399 21131.4618760066 0 708.443093798467 3797.4189792014 0 0 0 250.491855843653 0 101397.213462062 0 0 0 0 0 0 0 117.518804890318 21.3670554346032 0
291279.661379196 0 168895.10554232 821.985432390573 25009.3046404923 0 0 6067.69342002525 0 0 4938.58793067701 0 0 0 0 0 0 0 1093.22917587889 198.768941068889 0
0 289.452355266237 0 0 0 0 0 0 0 0 0 0 0 0 0 0 0 0 0 0 0
55672.7965407497 97156.0389398848 5632.60197588026 0 8500.43032042962 319.290907252895 506.675543101317 0 486.041334200587 0 276687.804835499 0 0 0 0 0 0 0 208.950824760414 37.9910590473477 0
1076826.59267899 1703334.39416925 28463.988610937 2117.69588212368 62257.8479281695 902.934848786907 20358.8674170138 0 16147.4095843344 0 452183.357368114 0 0 0 0 0 0 0 4041.53947070951 734.825358310819 0
715693.280326637 288729.546771479 16299.7572792649 1965.61904056424 25302.7701651779 0 15567.9803611382 0 2285.00363806675 0 256328.329690455 0 0 0 0 0 0 0 2686.13596750574 488.388357728313 0
122206.231395347 67626.295582807 20080.8840278202 2048.39189017232 19694.5576750452 187.433704672521 13925.724348848 0 285.321397583784 0 73868.9777733774 0 0 0 0 0 0 0 458.663735748019 83.3934064996397 0
65066.3626161649 0 0 358.142067110712 684.87220596489 83.1873561603403 132.008140239079 0 0 0 28162.6392766176 0 0 0 0 0 0 0 244.206703768804 44.4012188670551 0
111419.269031008 0 61587.8760660392 466.898316094004 0 2101.62018335004 256.99486371177 3676.29657493435 2910.87258239656 0 3439.39443976711 0 0 0 0 33462.5744527335 0 0 418.178169677373 76.0323944867949 0
8268.89507986103 7115.60080893442 0 453.286813022124 866.816741394668 105.287077449075 167.077689768994 0 160.273501170818 0 58574.971276597 0 0 0 0 0 0 0 31.034770195703 5.64268549012778 0
665564.725722327 20181.1546627081 257699.032291355 3049.83166036734 70066.6922143215 0 559.786580473594 0 2432.31428966416 0 0 0 0 0 0 0 0 0 2497.99376018997 454.180683670902 0
0 0 82.7246365598621 9.9116181969792 18.9539080790207 0 0 73.165117221976 0 0 483.529139863054 0 0 0 0 0 0 0 0 0 0
0 0 0 0 0 0 0 0 0 0 0 0 0 0 0 0 0 0 0 0 0
0 0 0 0 0 0 0 0 0 0 0 0 0 0 0 0 0 0 0 0 0
0 0 0 0 0 0 0 0 0 0 0 0 0 0 0 0 0 0 0 0 0
93473.9358987959 0 69154.5075809698 0 0 0 0 3184.90821009482 49.3987169893754 0 6410.23753487705 0 0 0 0 0 0 0 350.825846971048 63.7865176310998 0
0 0 0 0 0 0 0 0 0 0 0 0 0 0 0 0 0 0 0 0 0
0 0 0 0 0 0 0 0 0 0 0 0 0 0 0 0 0 0 0 0 0
0 0 0 0 0 0 0 0 0 0 0 0 0 0 0 0 0 0 0 0 0
0 0 0 0 0 0 0 0 0 0 0 0 0 0 0 0 0 0 0 0 0
0 0 0 0 0 0 0 0 0 0 0 0 0 0 0 0 0 0 0 0 0
0 0 0 0 0 0 0 0 0 0 0 0 0 0 0 0 0 0 0 0 0
0 0 0 0 0 0 0 0 0 0 0 0 0 0 0 0 0 0 0 0 0
0 0 0 0 0 0 0 0 0 0 0 0 0 0 0 0 0 0 0 0 0
0 0 0 0 0 0 0 0 0 0 0 0 0 0 0 0 0 0 0 0 0
0 0 0 0 0 0 0 0 0 0 0 0 0 0 0 0 0 0 0 0 0
0 0 0 0 0 0 0 0 0 0 0 0 0 0 0 0 0 0 0 0 0
0 0 0 0 0 0 0 0 0 0 0 0 0 0 0 0 0 0 0 0 0
0 0 0 0 0 0 0 0 0 0 0 0 0 0 0 0 0 0 0 0 0
0 0 0 0 0 0 0 0 0 0 0 0 0 0 0 0 0 0 0 0 0
0 0 0 0 0 0 0 0 0 0 0 0 0 0 0 0 0 0 0 0 0
0 0 0 0 0 0 0 0 0 0 0 0 0 0 0 0 0 0 0 0 0
0 0 0 0 0 0 0 0 0 0 0 0 0 0 0 0 0 0 0 0 0
0 0 0 0 0 0 0 0 0 0 0 0 0 0 0 0 0 0 0 0 0
0 0 0 0 0 0 0 0 0 0 0 0 0 0 0 0 0 0 0 0 0
244917.001675283 0 140401.609593915 0 2617.19717036341 226.058939989505 358.727835933549 10776.3197311053 0 0 34949.8382999358 0 0 0 0 55402.8526999752 0 0 919.221103981009 167.131109814728 0
38994.3155416929 0 39107.0382969391 0 932.203396891016 0 0 3636.33270124483 11.7520516910894 0 428.133266250418 0 0 0 0 0 0 0 146.3532443074 26.6096807831636 0
0 0 0 0 0 0 0 0 0 0 0 0 0 0 0 0 0 0 0 0 0
0 0 0 0 0 0 0 0 0 0 0 0 0 0 0 0 0 0 0 0 0
0 0 0 0 0 0 0 0 0 0 0 0 0 0 0 0 0 0 0 0 0
68680.2463441409 82840.573628226 19188.8056518115 3196.71728175973 6966.20982005085 0 7981.79201625092 0 1338.27526761663 0 127803.042802866 0 0 0 0 0 0 0 257.770311715031 46.867329402733 0
4905.00856248933 30391.1055602646 209.754944833705 0 167.914837727445 0 0 0 145.05743132326 0 123230.45694215 0 0 0 0 0 0 0 18.4094503648448 3.34717279360812 0
24385.803859705 58376.0145311922 1190.45123108087 605.203757226356 941.175585909813 0 0 0 235.61290625544 0 181210.06485161 0 0 0 0 0 0 0 91.5246609751574 16.6408474500286 0
346448.666072755 180675.403434753 0 0 6757.61912848506 0 4257.62555800328 0 8644.66306883623 0 151827.418675122 0 0 0 0 0 0 0 1300.28917193087 236.416213078339 0
411601.103677888 216187.869050921 104066.110883079 731.417190357323 10984.817384803 0 720.62721397124 0 301.949974775802 0 93198.7670949304 0 0 0 0 0 0 0 1544.81893186091 280.876169429256 0
24160.4899179958 8445.09464428796 199.592399056878 783.661275382846 431.566948067167 0 0 0 138.029454999458 0 78841.7258972508 0 0 0 0 0 0 0 90.6790139648498 16.4870934481544 0
1162.01575648585 2291.51740012348 125.832671629295 0 0 0 371.279081303484 0 0 0 7937.51831859468 0 0 0 0 0 0 0 4.36127095797305 0.792958355995095 0
13541.6210584544 11202.38995775 3366.79239085696 1205.23483276702 352.44634092152 0 131.180184351295 0 54.9658028284505 0 41416.794236814 0 0 0 0 0 0 0 50.8243354846734 9.2407882699406 0
170563.919682516 86173.6708492531 0 220.198944222383 240.791829799269 0 0 0 208.014043231872 0 132429.308967176 0 0 0 0 0 0 0 640.159537628837 116.392643205243 0
940.141344575613 641.308215219465 0 201.658332788776 0 0 0 0 0 0 9.37511061740048 0 0 0 0 0 0 0 3.52853317143232 0.641551485714966 0
78.4453552112954 0 0 103.453633713907 0 0 0 0 0 0 12.6390496152019 0 0 0 0 0 0 0 0.294420663025724 0.0535310296410404 0
