144772.517170812 15879.3492010057 31403.1309895297 157.18638564791 23509.4203649744 982.727810765996 0 684.33433223057 246.927941901053 11268.471688021 6789.83546314923 92516.9144301328 0 0 0 0 0 0 1129.23671957059 205.315767194653 0
34110.0728556853 1852.38413760197 13484.4654726708 85.1098494246181 1869.20193860855 0 0 166.152214159728 2.90833417631609 478.233288425478 2747.80709882398 14245.3877527473 0 0 0 0 0 0 266.061180178428 48.3747600324414 0
484283.115137935 16290.8001315064 35230.6284268029 15.9436745824801 32298.6154556278 4943.08185147947 0 23652.6218134168 1187.77893757658 4338.78809667367 49190.6626897792 170489.736822013 0 0 0 0 0 0 3777.4453809942 686.808251089853 0
0 0 0 0 0 0 0 0 0 0 0 0 0 0 0 0 0 0 0 0 0
4723.29704424132 2626.93864293431 162.615158021907 219.305274752689 0 28.9497962792774 18.2397977227154 0 22.6731164996273 8206.35238712799 45167.6959870327 0 0 0 0 0 0 0 36.842078621203 6.69855974930963 0
45579.4981304509 2390.1255863706 8196.8996457304 32.0166196848961 1100.96544678394 34.9613807698067 22.0273920823606 0 27.3813138971576 2684.19407096195 16246.4266995535 16565.2483414536 0 0 0 0 0 0 355.523575567706 64.6406501032192 0
107861.285390202 22953.2704700933 9214.7476048363 433.41866326597 6404.65691202469 80.6380500239454 112.964799085448 0 63.1547070265368 14793.59529253 48491.5931868096 26579.2940672409 0 0 0 0 0 0 841.326285285145 152.96841550639 0
35967.3638735128 0 10281.9680379678 24.1746976142732 1015.23544701914 26.3981899590187 16.6321600488422 1156.67989614399 810.690095079418 1700.51722103065 8708.79413520203 13996.4189070456 0 0 0 0 0 0 280.548192335471 51.0087622428131 0
193600.48110089 6360.95999612003 85964.4255021619 127.492321325934 36960.9189859512 10982.8551652953 87.7145487867194 39.0738277919812 547.990068763798 7084.73464559713 10907.3977107674 132410.564673225 0 0 0 0 0 0 1510.09857711954 274.563377658098 0
166293.781390215 84165.4131713452 35926.8594888926 1598.94520515118 14864.4865824267 184.360117912082 356.954600244927 0 591.955584032524 29496.7375413881 138080.866562213 64137.5696069697 0 0 0 0 0 0 1297.10422842558 235.837132441014 0
155137.489521439 25911.6631024449 27906.4444418632 108.943079590292 6311.48791740759 88.9661150375186 56.053034943867 3971.74679831426 377.62529514616 22071.540733081 40193.4590160933 39804.8228042052 0 0 0 0 0 0 1210.08429758053 220.015326832823 0
47370.1488337555 847.541465596445 12211.0354466467 247.133784995928 418.758075774216 46.6871053569612 29.4151761813824 0 446.092092768046 5920.15170832215 23490.504405415 23091.3032905148 0 0 0 0 0 0 369.490788168636 67.1801433033886 0
241206.592202736 0 78863.6749516104 131.301789003013 23346.7267677606 24475.8700922905 90.3354575201822 30982.449022499 995.296678528217 834.429327872755 4681.58842029295 178407.907358329 0 0 0 0 0 0 1881.42988904757 342.078161645012 0
112757.84009327 168727.469883251 45375.5083543018 2323.99211848482 16444.7911478434 250.51525046224 657.957983387971 0 1665.10280202829 63513.8659402766 263627.552239527 55933.2140165756 0 0 0 0 0 0 879.51978691202 159.912688529458 0
5358.56840361015 5188.89291757666 0 732.101847111158 506.357750177819 14.671321623608 9.24365533207784 0 11.6688887886881 4300.62915063559 22751.9434113598 0 0 0 0 0 0 0 41.7972438687921 7.59949888523493 0
196054.835976091 40778.7684398566 17325.462553012 319.352922586125 3574.50507493912 104.451098265354 65.8093371675732 63.6977117212671 163.109632612983 29046.7336491207 62548.5899001255 26093.2000322267 0 0 0 0 0 0 1529.24273308295 278.044133287809 0
50540.2044722265 11259.984280822 8797.65375457716 41.5195925057071 5706.18654888228 45.3383991591101 28.565424839478 0 35.5084642435615 3921.13944317441 30780.4500579156 11865.8370108902 0 0 0 0 0 0 394.217464888772 71.6759027070498 0
248799.155698242 45559.7527799556 71753.1701639712 131.122865529922 10640.3560073141 143.183024146125 90.2123584068684 6273.79853527953 323.182972735032 14280.2742696923 18912.8833308373 86316.3045763738 0 0 0 0 0 0 1940.65246569644 352.845902853897 0
89614.0511572802 16525.5922444151 24533.3092819978 361.095687950983 2426.8184548805 89.2391504143488 56.2250606809907 0 324.276038031768 5691.75777305074 75477.2351261207 37226.1756429143 0 0 0 0 0 0 698.996461026376 127.090265641159 0
33417.5050549721 3208.34035765575 6205.89951252956 199.108837281384 0 41.1056487889895 25.8985836010472 0 259.542282125052 1913.08187365949 25851.1747257718 13677.5992386629 0 0 0 0 0 0 260.659098301003 47.3925633274549 0
436822.302976724 17792.5054386631 145637.440702052 192.656517275637 19312.3311008629 1055.28205271616 132.547429585595 9217.98170754683 760.530543129189 5574.16881627734 13867.4092005412 213520.17203014 0 0 0 0 0 0 3407.24741192906 619.499529441647 0
78473.9502755362 4497.98173999497 23877.9047215233 671.674322792505 4216.36234175708 933.910213350083 38.8295023995837 0 252.862438644997 3713.09744272917 29838.6282202603 44086.0258371003 0 0 0 0 0 0 612.10282111996 111.291422021811 0
151797.826289321 1352.69377510851 29139.1130531039 53.7224404204731 3637.99221948465 716.228283094619 36.9609680974934 0 45.9446068620502 1623.63213390959 9424.3341027713 65347.3889985139 0 0 0 0 0 0 1184.03466864261 215.279030662293 0
262711.18618395 9336.88630135876 88516.8287466437 40.9639824289469 11711.7015715196 1060.75530813062 85.4427270910117 5942.09557914699 312.252319767668 2810.82833210253 5372.66548298805 131380.828946658 0 0 0 0 0 0 2049.1673687682 372.575885230581 0
108891.570354715 109225.073460347 21591.8055115012 1230.63279532741 17296.7260346847 164.197662433543 257.446422994109 0 1413.33342868003 36344.0329473466 97631.4533527845 36308.1445328031 0 0 0 0 0 0 849.362586900163 154.429561254575 0
263180.02372398 3105.69692756621 46355.942801291 95.697353107703 3312.7882634016 5010.57328788066 65.8396526208516 4578.80409592045 1110.55434148408 6915.13518871242 13888.814242306 89842.3465040679 0 0 0 0 0 0 2052.82433748065 373.240788632845 0
273398.867311107 3271.9603583071 22461.9033300958 83.8443406403234 0 154.101164756127 33.2124581238935 5147.05647753172 73.5441181572089 1200.35523905716 6317.74819541129 69137.1007609255 0 0 0 0 0 0 2132.53209994579 387.733109081052 0
0 0 0 0 0 0 0 0 0 0 0 0 0 0 0 0 0 0 0 0 0
2103.24320998769 8418.91018511231 21.7656705840457 515.19125085257 392.324849957521 0.203436752142653 2.87125643697657 475.817704452274 24.1138807036109 3739.75480675577 11066.4603133498 8.31345702368185 0 0 0 0 0 0 16.4054580891438 2.98281056166251 0
12791.4722830803 57896.5277287961 0 519.827225948472 0 1.19891247276828 159.676661004225 2006.30391259921 59.1484588416857 17017.8549738887 96969.6232596755 0 0 0 0 0 0 0 99.7744632869859 18.1408115067247 0
37761.7233783904 22078.0601277519 286.276566193644 1560.2618767503 0 1.01996754731601 30.5911268716197 73.9699507257002 51.4448550733385 12565.9032393113 47860.376901611 318.56141639997 0 0 0 0 0 0 294.544333872664 53.553515249575 0
44613.9457687026 148149.952898586 0 3791.89055179285 164.30651845405 2.85089761041352 258.862909503018 4337.08742495566 92.181840024761 59834.6253181037 251635.079311312 0 0 0 0 0 0 0 347.992193211012 63.2713078565474 0
56694.8393245171 110302.091688069 720.878206678874 2212.96941215863 598.318720690852 1.81117661843692 54.321271169179 2656.94823000152 79.9902919162331 49252.7737410015 111771.038977365 362.017622916295 0 0 0 0 0 0 442.224088014319 80.4043796389668 0
2592.75633031223 30994.7614556896 0 80.5577171917298 63.5454787034601 0.82343450580423 24.6966577552515 0 58.9891516981579 18964.040926389 68249.9014101532 0 0 0 0 0 0 0 20.2236979110697 3.67703598383086 0
14806.1981088168 37722.1061568711 15.2015095348319 2079.98151372324 283.96058566904 1.008738022516 30.2543280991792 0 34.2912210431608 32681.2411403837 22807.4336827688 235.197452220907 0 0 0 0 0 0 115.489479000946 20.998087091081 0
2470.8411597611 1220.52142315068 48.1967093249935 2529.91511560301 8.52251197229033 0 0 13843.2963462408 0.163111175556535 634.090576702468 5158.80830183328 6.9808282226145 0 0 0 0 0 0 19.2727502453839 3.50413640825161 0
50801.114984764 66939.0869172413 671.614862997661 4794.18058297685 369.981860876569 1.79591734372556 84.0596212630354 0 238.652589787425 58771.3724462188 58408.5579605982 368.079905817079 0 0 0 0 0 0 396.252586865215 72.0459248845846 0
15943.4827685216 14314.2908439252 63.6450970020532 649.589601457553 608.263228086413 0.139068624581153 4.17098166468001 0 20.1211215247337 11536.7595757381 8507.97319312873 58.9843205717097 0 0 0 0 0 0 124.360386431724 22.6109793512225 0
26872.152707591 13094.9218081024 220.406192546237 382.108351165027 125.795011702478 0.0666478435766262 1.99891912633645 0 50.7218986219907 11729.2867691613 7998.98229123556 69.2539961031922 0 0 0 0 0 0 209.604848795418 38.1099725082577 0
400.854011391122 122.554261588859 2.36308889362003 17.0398257639497 0 0 0 398.479919998535 2.29336292118679 176.936315642392 115.517728239054 3.98638088586843 0 0 0 0 0 0 3.12669198336825 0.568489451521498 0
49698.7732924254 141307.370918124 0 2959.97054420564 1106.6572185332 3.1381848115289 148.022840180932 54.598038618229 170.364084574597 96259.017503722 190379.589585383 429.641399481284 0 0 0 0 0 0 387.654237255577 70.482588591923 0
432.951604324584 662.233372372303 0 14.5216820734178 0 0 0 0 0.988793772518907 643.32152964949 3820.23836873865 0 0 0 0 0 0 0 3.37705566605212 0.614010121100384 0
4901.55980392732 7465.19649411358 240.304066293964 593.837667889917 321.59830869824 0.162909049678303 4.88600977585806 33.6084611568013 76.7300089524329 4878.16565120134 19386.2267326843 20.5060077422812 0 0 0 0 0 0 38.2325417968341 6.95137123578801 0
170525.968966362 173959.551973175 7077.10764833538 32442.0705534582 2387.36479747353 5.38374457947257 251.128404720754 153577.114361741 296.297049813132 129192.640763611 294863.710845494 1155.48632790578 0 0 0 0 0 0 1330.11561559001 241.839202834547 0
38487.396646883 75753.2511251645 0 2574.79926861166 406.574803317419 1.68421631737102 50.5134454321873 209.966531229362 131.775094106542 27233.1501235002 111437.95883842 0 0 0 0 0 0 0 300.204640933746 54.5826619879539 0
5771.94669142171 3178.23158387236 94.5867564205746 716.006589923439 27.8715631685078 0.0305126929462373 0.915144470595524 0 26.0339130398484 2125.20105613031 5830.43324839269 48.8296857585668 0 0 0 0 0 0 45.0216261672589 8.1857502122289 0
1146.35052556609 569.372429334866 32.7000437658166 135.907590089833 0 0.124729718551316 26.0186206110024 27.0535262714551 6.44107620677424 385.654420755461 2816.94782863907 2.06310352380627 0 0 0 0 0 0 8.94162187869497 1.62574943248999 0
143567.50868329 64614.0392413622 30276.5506312974 2691.52574537267 5342.08553945093 511.17324910232 348.809802818704 1897.51354662266 312.130868068031 21478.0752198792 287139.461686707 50697.1307597362 0 0 0 0 0 0 1119.83756109704 203.60682929037 0
115742.913857827 171015.935965572 4724.65848191999 10828.8728861252 4795.62664916396 53.6947344529082 814.125620995127 251.252085122776 763.566835620121 145129.647245381 195141.770034266 5628.35992584321 0 0 0 0 0 0 902.803590851051 164.146107427463 0
86180.5336635828 23771.9296075668 2886.05418458687 924.64897980777 2187.93096737762 9.05853710973454 13.0765199923274 0 61.6941809374136 24921.0208138867 11853.4342369167 10628.741170474 0 0 0 0 0 0 672.214761661459 122.220865756629 0
92844.0138147551 126324.735745906 2748.08927482132 2718.47163495521 2266.03279039332 25.4495740752209 518.079940633263 248.892910614581 335.206690999131 75779.2986621785 36354.9345061155 9195.3808638722 0 0 0 0 0 0 724.190417081994 131.670984923999 0
135553.184339014 189195.303010462 0 6973.89735336303 819.632448859556 79.4147831396526 648.396699452839 0 226.264516424413 140021.311604013 524056.579666757 3420.27103032526 0 0 0 0 0 0 1057.32521753236 192.240948642247 0
32434.5702786846 15782.3429965396 4406.75155251991 11836.5547372342 1956.42696896156 8.03145605451011 38.2451357405279 24297.6379904473 0 23393.1930560345 26963.4615213987 324.553882857028 0 0 0 0 0 0 252.992131779883 45.9985694145243 0
657.433710969823 0 0 134.469853600726 0 0 0 0 2.85217208490207 1101.26580670469 3398.558089896 0 0 0 0 0 0 0 5.12803328711037 0.932369688565525 0
22.8975967061747 3.54289248009219 1.21433727036546 0 0 0 0 0 0 19.1919799915129 6.29050806992354 1.28077794519083 0 0 0 0 0 0 0.178603007641454 0.032473274116628 0
175614.387448393 88508.6965988481 12404.0490832635 11117.3860044492 1355.52877724591 39.8866168040887 660.436834778561 0 223.592579032391 101377.51002131 71764.9893114664 26557.8196553085 0 0 0 0 0 0 1369.80566938435 249.0555762517 0
168531.204979868 68191.4182923532 5180.23067023495 248.1759136067 4794.45029247628 2.63487587967759 6.12422108263357 18126.4224369034 143.60684032928 40710.996955402 20656.6869725283 23831.7603361147 0 0 0 0 0 0 1314.55630375068 239.010237045579 0
25643.9251380365 11158.5638524615 378.13944275229 4156.64702723711 457.152149984398 14.3804257079988 13.5210075850351 1353.25465381503 42.3169900265799 33201.2296366504 52083.1480774166 234.510784152538 0 0 0 0 0 0 200.024579704058 36.3681054007377 0
58583.0835308746 41366.7686607981 3438.10133400384 1898.101690266 219.634223647761 13.126816244603 145.189867163115 0 125.945412523949 31538.71500228 20649.7495769028 7375.04770853002 0 0 0 0 0 0 456.95253741207 83.0822795294669 0
182747.567329573 24220.1836643413 11815.6547953839 9415.58953289528 1344.07203021085 37.2002842403163 49.7572986349728 12077.7938947047 441.112573082914 48844.6435827954 62074.6211181886 30220.4313080116 0 0 0 0 0 0 1425.44501866518 259.171821575486 0
260191.136171966 155959.36034747 24555.8241991109 8482.60757567326 13073.3219849939 1138.82121430516 1859.13854294233 253.611259630971 578.474445372774 103570.996330352 122311.466507706 42634.5251252994 0 0 0 0 0 0 2029.51078570742 369.001961037712 0
166900.183196107 54646.6290123106 17335.1499802565 7623.86959167483 6079.56472908346 306.310259159651 133.857975091848 2731.32842785239 591.105422135062 46128.7909465483 101524.113090886 33426.1465910471 0 0 0 0 0 0 1301.83420894543 236.697128899169 0
1199.68681910176 1660.54752245193 1.4874644305193 250.303568173674 15.6482398527667 0 0 0 8.04567946338045 4059.41254962551 4698.08458024208 0 0 0 0 0 0 0 9.357649052383 1.70139073679691 0
243558.400924634 355265.774389109 28268.6476078008 6185.97669767013 21349.6201565513 452.503791940393 3660.55526064664 0 652.195627052657 142239.672500065 245849.136122229 48468.4070336088 0 0 0 0 0 0 1899.77417716297 345.413486756903 0
32760.0713440023 42830.9038742895 3711.68764135788 6323.50976415213 3389.29697896746 22.082758487297 577.572374007417 0 199.180787405281 35557.0914674016 111844.401084673 1479.37977290629 0 0 0 0 0 0 255.531065013892 46.4601936388893 0
113363.759556014 108425.921040365 3478.65490874473 6115.73047685091 1474.12008070152 32.4516339124291 779.067579899643 0 248.368725758414 82065.7851973717 76168.3121888158 8595.4159340057 0 0 0 0 0 0 884.24600511838 160.772000930614 0
4291.76610890765 1803.82213503903 64.9286104846557 2605.77368944978 0 0 0 149.512684456864 0 5071.20244936976 4531.08886877831 69.3682734739799 0 0 0 0 0 0 33.4761042820648 6.08656441492087 0
65.5471246469466 32.3095165032848 0 15.5950907297506 0 0 0 0 0 186.749857333776 176.522344244611 0.630044155951745 0 0 0 0 0 0 0.511272591373615 0.0929586529770212 0
118915.43272294 52546.8376996218 4534.51766855501 7302.85526549206 3120.09136692896 25.7229130169725 56.3053387291106 46.4462481300906 220.556286541457 65483.480966231 64037.7692343402 19196.2405472449 0 0 0 0 0 0 927.549480927611 168.645360168656 0
7811.73389591692 11249.3669981505 3594.52672435221 143.134932703742 0 9.03141818500163 12.0799875835742 0 27.2178707530655 12528.8183551637 55721.4939024951 0 0 0 0 0 0 0 60.9321225545569 11.0785677371921 0
1187767.80492837 1004850.09487051 52604.249055149 2801.52529514774 36367.2943373097 147.254991826414 1307.43606096422 33587.2725763598 5557.75122710552 403424.19031314 127884.97075132 124313.997967218 0 0 0 0 0 0 9264.67982915813 1684.48724166511 0
234291.599667607 143934.144248436 19366.2306986871 2553.81260241534 8408.70113355209 432.099111667219 176.352570359101 0 783.529078615064 52078.4477367389 33071.8743269428 46688.7173437817 0 0 0 0 0 0 1827.49241777316 332.271348686029 0
61663.0859936197 12544.6798724401 4671.95642130983 5400.13746552294 0 16.4614886495433 22.87475021833 11672.3107761087 414.950099639079 21503.6500949077 47360.8896459593 4003.66643874932 0 0 0 0 0 0 480.976792465918 87.4503259028942 0
191315.62160796 54156.1400499541 4328.81016175571 9097.22306869467 462.181941365644 107.92875589199 155.459394352702 6664.37308883757 645.63723527224 83601.2256137012 101001.2184992 18654.4825760374 0 0 0 0 0 0 1492.27649811657 271.322999657559 0
6.06227266665324 23.5694447395502 0 11.1747910702007 0 0 0 0 0 5.80320302697043 133.153173412946 0 0 0 0 0 0 0 0.0472861910051402 0.00859748927366185 0
135898.252627222 101575.205249246 5217.91555327403 6341.21409622851 824.829899953511 23.7649387111613 25.496757160352 0 339.700403885713 78264.4960370624 34217.4881927355 9373.20406443546 0 0 0 0 0 0 1060.01677660323 192.730323018769 0
77786.41835212 11916.1690660372 4800.42084395649 5341.46448196769 922.687285604207 13.9885704531795 175.29020547742 1196.70866561438 153.636400041268 20345.1508478894 22025.7879760745 18644.6872302436 0 0 0 0 0 0 606.740019471064 110.316367176557 0
331961.577842722 29707.9413373425 18136.6676675156 8738.10029751464 9748.57399541912 39.8784330034374 237.615611869391 9525.01962843089 404.434159792429 38806.6170613126 60053.3736029609 65444.6831543305 0 0 0 0 0 0 2589.32572640361 470.786495709747 0
125623.089478796 57951.7474611936 11548.281803435 8185.47592619181 5333.14368810649 34.7799251977095 28.683851805396 287.671841593038 284.0755254518 60653.2884341545 96255.4149536129 25610.9676239195 0 0 0 0 0 0 979.869717247399 178.158130408618 0
6384.03603710341 17865.4636554545 1234.28446955553 1880.06485653895 255.544196808428 0 0 21180.2263893552 16.5171861466407 14139.7508655694 26991.6026825896 0 0 0 0 0 0 0 49.7959699329766 9.05381271508665 0
142000.62693854 19288.325824782 7553.80055044877 4819.26203822528 3123.67928478093 49.9314529037676 9.25323458130144 44139.6631186897 1014.33625664137 14954.0211428579 35513.787692225 18161.4347063194 0 0 0 0 0 0 1107.61576350745 201.384684274081 0
157698.137083752 52594.4935778777 8334.92878150413 11121.2280002663 2699.54492088585 266.173052787008 196.537503111046 823.351903360084 633.4920653085 57333.6617313979 91264.9823592836 23669.1345063281 0 0 0 0 0 0 1230.05754464254 223.646826298644 0
2696.54909648976 2300.84935233572 6.51230305216774 654.287494882945 262.255615400585 16.0602582092758 55.6567788949757 0 0 5192.86485087867 26333.1013395564 27.0457407389355 0 0 0 0 0 0 21.0332894349581 3.82423444271966 0
11774.8644647492 12783.5060502938 0 1151.24885472683 0 7.62034597641027 10.1926057338867 651.913224119129 22.6507465829984 14782.288662071 34134.9258887852 0 0 0 0 0 0 0 91.8448444594874 16.6990626289977 0
12092.2462562519 66260.7331269414 0 1376.36904206766 0 38.7269722518066 563.76163054556 0 71.4135993867711 67794.5562320466 196375.968877344 0 0 0 0 0 0 0 94.3204467360234 17.1491721338224 0
69775.8562843998 85732.924982284 196.287318927019 6736.6800710844 1056.81505577078 50.1540131011454 1219.59488417017 0 176.104964474181 105558.701965041 347740.192786227 1322.27749613748 0 0 0 0 0 0 544.257021951613 98.95582217302 0
142726.205764234 49224.8564015098 7747.13578221212 6277.09430117179 1247.44414912002 24.8186030450095 115.797772103265 2123.20747368832 510.218590176574 53125.3338745654 38244.6939076446 41219.5685881905 0 0 0 0 0 0 1113.27533390747 202.413697074085 0
975.71630495389 1686.82672702082 0 0 0 1.08137607584075 1.44639626930619 0 0 459.581273362087 15099.5006631543 0 0 0 0 0 0 0 7.61066189197827 1.38375670763241 0
32265.5731484878 29435.9362476052 0 1767.16231930807 0 16.1094023919506 98.4458123691367 1378.14378565999 47.8836515183409 26977.6202751273 83082.1406788761 415.73708013041 0 0 0 0 0 0 251.673941223764 45.7588984043205 0
585110.889925772 117289.181228596 83826.3100945304 8763.90397212453 23116.7535284959 440.260983776488 626.795280191986 7212.88116199294 511.311655473314 80091.6475192337 168739.002095758 121900.347008578 0 0 0 0 0 0 4563.90974500526 829.801771819133 0
70190.257639637 0 57909.5957181575 90.618074276401 3787.70294607603 97.3815096019058 19.6218299781265 25382.8593414577 26.1745186752156 299.717290013783 0 42288.0774358204 0 0 0 0 0 0 547.489384254334 99.543524409879 0
14686.9629875733 6679.15462939759 1754.62690843441 173.844686563257 512.984460964264 239.768833510665 48.3120800286701 0 127.975006201003 10408.8840005374 173677.45101723 450.680092529227 0 0 0 0 0 0 114.559435925078 20.8289883500142 0
0 3152.61963846428 0 0 94.8490642374174 0 0 0 0 4647.02511864095 18484.7824955394 0 0 0 0 0 0 0 0 0 0
12476.2878708331 19599.0298082389 3626.23785207686 85.8891108257138 6439.64190540981 1039.67847368374 23.8689009013417 0 63.2268935439666 5985.73016498423 42054.7913417955 9865.13763251908 0 0 0 0 0 0 97.3160007369018 17.6938183158003 0
1636.78323903522 3940.04138072257 0 79.7806228084475 235.41829546739 0 0 0 58.730156788058 1544.48572069672 67324.9720768059 114.71856900744 0 0 0 0 0 0 12.7670345975645 2.32127901773899 0
2051.77968494084 4146.05691906324 531.610663568609 70.6615717183737 542.792110273854 120.853816038842 24.3513685525731 0 62.3547496819311 1922.57944324503 44997.9286725149 282.093400724041 0 0 0 0 0 0 16.0040386530718 2.90982520964941 0
0 0 0 0 0 0 0 0 0 0 0 0 0 0 0 0 0 0 0 0 0
119784.518607332 124927.318761973 11078.9426558984 948.453778215465 5707.0807340167 468.479787497129 94.3960591290481 0 240.595816981623 83413.5355480821 247115.091449467 8688.56590506348 0 0 0 0 0 0 934.328417374212 169.877894068038 0
1985.32439791034 1785.99568355791 0 47.686116801214 140.713169935444 65.7693072253893 13.2521478608347 0 35.1039264643645 0 42504.2972188582 0 0 0 0 0 0 0 15.4856823255659 2.81557860464835 0
206.756678284458 2077.26914035867 180.549460767255 5.06445747518002 18.088875305341 3.28559080187988 0.662028185388917 0 1.5314480982845 159.78214065285 15567.1014970913 0 0 0 0 0 0 0 1.61271792255834 0.293221440465153 0
7477.16559142558 16906.9175710164 450.578636431984 84.5698547929464 278.22324817191 131.626524754299 26.5220091565512 0 54.8916623457527 17370.6233005439 65370.1715946095 0 0 0 0 0 0 0 58.3224641606894 10.6040843928526 0
2889.04252034106 2780.17062071083 1475.82943332125 88.5808365799647 204.544849504021 122.171832099387 24.6169414231743 0 65.2083956933941 2677.41009268656 88421.1696676622 0 0 0 0 0 0 0 22.5347528807604 4.09722779650188 0
1344.60505277224 2472.19325429797 220.297864580385 12.6451273742081 1087.59811196264 0 0 0 2.12340643021111 504.485100516063 10672.4845593002 164.423193896162 0 0 0 0 0 0 10.4880223718089 1.9069131585107 0
81579.1789948915 4920.28613807763 32949.0779736115 88.4544540692625 13678.1823418742 1621.57194406226 24.5818192569927 0 0 3688.22285571941 15806.0944118186 48661.4883689662 0 0 0 0 0 0 636.323842907019 115.695244164913 0
41852.0467499426 0 30301.3370830747 876.59807266203 3323.46259844403 0 0 0 0 0 2752.07679834334 16726.5889889985 0 0 0 0 0 0 326.449169378321 59.354394432422 0
2604.17065702574 0 3145.07336231771 178.18553573656 74.4948227500333 34.8188651168588 7.01580673936229 0 271.323096989876 0 9173.58932781113 4203.71032178987 0 0 0 0 0 0 20.3127305334622 3.69322373335676 0
22717.9764047762 13566.5287884054 4539.32797725573 169.774680028716 1066.98641167508 155.428037803396 31.3178810236103 0 82.958672361454 8914.14745386016 76929.7201030241 5500.93433733951 0 0 0 0 0 0 177.201955536515 32.2185373702753 0
376.620429842268 1487.61599059234 0 0 0 61.766330373293 12.4455703953662 0 0 2118.45139781442 18428.3507132144 0 0 0 0 0 0 0 2.9376681916538 0.534121489391602 0
48442.4941207904 40114.5188137058 4573.93547596377 171.055402379693 3482.06868666601 235.921816795663 47.5369276592589 0 125.921686840229 9603.85191185796 135319.616174542 11808.0067963002 0 0 0 0 0 0 377.855163519997 68.7009388218175 0
7466.96133972081 10850.8768951794 1287.09162666066 65.2200272333522 404.786433048531 89.952302600773 18.1248862847656 0 48.0114379945732 5492.76107697269 56787.5758022602 0 0 0 0 0 0 0 58.2428702160244 10.5896127665499 0
1487.68210897578 601.383430144022 2850.11757502835 5.6994595898604 107.321561484723 12.7439726284426 2.5678392662369 0 6.31615203799192 229.113448118794 2907.91849645607 2817.7826822312 0 0 0 0 0 0 11.6040343660085 2.10982443018336 0
123748.896942226 0 49907.9549177218 114.481091578996 19188.3746866006 0 0 0 0 1252.77465485503 5644.81529971311 35233.5762620264 0 0 0 0 0 0 965.25087194997 175.500158536358 0
63.669295559807 0 0 9.3811298733406 27.6820301295793 12.9385752950491 2.60705061604091 0 6.9058777547183 0 8867.80301688409 0 0 0 0 0 0 0 0.496625380703279 0.0902955237642328 0
75581.0490100097 71641.4483657064 4415.3289085258 585.385173493508 4818.48425666318 386.2551567873 566.594603563377 0 176.104964474181 22357.7310695879 209197.588894514 26363.0429716407 0 0 0 0 0 0 589.537969731279 107.188721769323 0
3728.80194132306 3123.29294415299 1237.65234279204 62.9007973001179 608.325324276305 86.7535907693806 17.4803637264156 0 46.3041470157417 3057.3128761083 61609.8259255795 0 0 0 0 0 0 0 29.0849406671574 5.28817103039227 0
19869.257771623 9666.07844500305 2188.69045883224 377.346291880339 183.531498844592 197.161135664785 39.7268670215093 0 105.233433344352 15031.0345321686 78749.14865304 2021.51448818282 0 0 0 0 0 0 154.981732063533 28.1784967388242 0
0 0 0 0 0 0 0 0 0 0 67.3856819988408 0 0 0 0 0 0 0 0 0 0
44547.6696678636 0 5080.68813561709 38.6930034080988 4137.2828439297 53.365889263508 10.7529284567549 281.196639864267 28.483685345684 0 3057.86310927038 17113.5051478512 0 0 0 0 0 0 347.47523454952 63.1773153726402 0
20020.2311770035 11620.7026208509 6789.21625233615 60.656953425899 178.987780254054 83.6588523627179 16.8567912321038 0 44.6523511547691 1806.79954734507 52292.5170316327 9902.4352953491 0 0 0 0 0 0 156.159336185958 28.3926065792651 0
2905.44218737919 4127.73222431487 138.563614518256 42.2561033150851 124.690174949072 0 0 0 31.1066457691849 1234.68404612066 36859.4819191451 0 0 0 0 0 0 0 22.6626715394263 4.12048573444116 0
100847.051329364 11457.2063000654 39170.8114189475 139.280178504759 20585.7625054527 1667.23041686176 38.7064756671808 0 753.00053775167 12986.7957451849 64083.6371809793 43473.5341669399 0 0 0 0 0 0 786.614722511001 143.020858638364 0
12880.8773035268 0 9336.20789952974 33.1366074112681 235.394236642333 0 0 0 24.3933687176235 1178.15089382576 9415.16051344349 12479.6472852921 0 0 0 0 0 0 100.471829292462 18.2676053259021 0
0 3388.69952767021 0 85.3946669680548 251.984331933496 0 0 0 62.862910859187 3778.67589939125 44121.9068036622 0 0 0 0 0 0 0 0 0 0
32142.0304273588 1040.29459416119 25999.8267370812 63.9904840219471 245.471759777745 157.124720946111 37.1639277835244 29.4896813524386 9.27851661718248 131.803006493257 4583.22951484758 13320.1764052996 0 0 0 40689.6975385179 0 0 250.710298538944 45.5836906434443 0
13646.5488169482 0 2983.05949288337 13.4187185047169 1447.46218638092 18.5072696018997 3.72911139878979 97.5188851331466 0 0 4281.00835297853 3335.88035887151 0 0 0 0 0 0 106.444125726768 19.3534774048669 0
108160.241673445 0 34257.415130367 77.7030717114682 14473.7835652456 0 0 564.697509829992 57.2007766282444 551.763566398244 3229.10344338952 32638.9398588926 0 0 0 0 0 0 843.658167186355 153.392394033883 0
61978.2969509164 131.970124400831 12918.4848748694 49.1295381076533 3315.19138595043 67.760092504774 13.6532799693298 0 0 459.049196634605 19866.9366209296 21092.4876324886 0 0 0 0 0 0 483.435462069418 87.8973567398945 0
101563.6203103 6343.36397953325 44719.1016461815 166.971061459434 12777.5702517766 767.456033333389 24.0451279106037 628.797001743353 0 1904.0365692923 5069.93703517028 31955.997047831 0 0 0 0 0 0 792.204015432005 144.03709371491 0
40928.0702152885 0 11980.0738191686 30.3739300720616 4288.79133764702 41.8921160403872 8.44102727231019 220.738798321047 0 0 0 17380.9934368341 0 0 0 0 0 0 319.242081656539 58.0440148466433 0
59529.0549130862 14543.1077089715 16113.331570271 361.459119987742 1720.74751809531 379.447955509405 76.4566425288558 0 202.527800416203 14628.5184878289 208029.485186773 26172.6930307836 0 0 0 0 0 0 464.331186629002 84.423852114364 0
26494.9161922876 17407.5925758273 3636.59337775205 95.7469466604742 1782.50217894283 132.055423532524 26.6084298635062 0 70.483696308674 8608.86843146769 87739.2661942949 5991.54930118167 0 0 0 0 0 0 206.662375089992 37.5749772890894 0
54638.674202315 34016.7658990296 3101.31291510968 32.5012078587082 1556.72043249577 174.993389904016 35.2601901329059 0 93.401547774994 8918.67010604375 120956.833150299 8961.42279702944 0 0 0 0 0 0 426.185842614801 77.4883350208729 0
8012.10556579424 0 1118.7308221351 13.1770396684621 38.8830784826495 18.1739430343836 3.66194795819691 0 9.70022015984182 0 5809.93990761371 5976.5737244393 0 0 0 0 0 0 62.4950369226217 11.3627339859312 0
39165.1060086892 0 16508.1777427893 33.8682956311221 2909.17544834202 46.7115900808027 9.4121243583136 246.133669928753 24.9319978027232 0 4586.79466390556 14286.6060261851 0 0 0 0 0 0 305.490825849945 55.5437865181717 0
10.282686232939 22.4489775917752 0 0 0 0 0 0 0 203.374698318362 269.798841509229 0 0 0 0 0 0 0 0.0802057399910892 0.0145828618165617 0
1105.53049562937 403.242046780315 0 79.949132822717 235.91553826811 110.266874967829 22.2181590908067 0 58.8542046985658 2837.96424520408 61906.4386471788 0 0 0 0 0 0 0 8.62322251948425 1.56785863990622 0
22749.2322407783 0 13642.4363343293 26.3518620998943 77.7596142968686 0 0 191.508914376643 0 90.4530436718433 3241.3348958266 9077.74252833007 0 0 0 0 0 0 177.445753450678 32.2628642637596 0
16015.4500230639 0 63666.3343444879 41.634784227384 2521.22796559162 0 0 30201.0239542352 28.0153432756663 0 0 32411.4683873883 0 0 0 0 0 0 124.921736527888 22.7130430050706 0
115037.683217459 223.616044123629 44956.5438284369 69.7520597223876 8518.56645642076 96.2029402521748 19.3843548404706 506.914508824134 0 617.342023060331 3446.21172414771 39942.7829383835 0 0 0 0 0 0 897.302737854687 163.145952337216 0
1985.89095600567 6833.88109296668 387.621653021782 77.2937451197886 634.671132914453 109.280627236887 22.019435684567 0 27.384763305946 3163.88024352673 36048.9191656926 1025.41211417269 0 0 0 0 0 0 15.4901015220924 2.81638209492589 0
47048.5224225489 26564.8528745294 2521.73752651475 127.863625038006 4099.78295485396 176.351160509311 35.53377332211 0 94.1262487258556 7469.16008120246 101817.667949376 10721.759459385 0 0 0 0 0 0 366.982077533387 66.7240140969794 0
25116.1865375289 18912.7851613546 1205.91766733584 140.180928464077 1468.97851617847 122.465404122154 339.956762138026 0 65.3650877908777 8181.47780011823 83424.6213471144 1685.36459262654 0 0 0 0 0 0 195.908178209671 35.6196687653948 0
7559.57122417143 18004.3908050622 1307.33500910956 45.426752267786 479.227345490978 62.6531625253999 12.6242621180445 0 33.4407051379504 6225.43073071462 38061.2221210884 2346.5504337039 0 0 0 0 0 0 58.9652344061381 10.7209517102069 0
4719.57192027859 11029.470677202 1513.46627416406 80.4191870730475 1362.44315270845 110.915179851438 22.3487889018681 0 58.0617670597295 3416.86372470388 63300.7150634235 0 0 0 0 0 0 0 36.8130223690506 6.69327679437284 0
21416.7230697659 0 16920.2062365526 28.6911638630831 303.495755126745 0 0 0 0 0 1740.53710545935 7071.47014569315 0 0 0 2293.39480096699 0 0 167.052079882812 30.3731054332385 0
20621.0378023769 14370.0802125349 2370.21280244174 61.1558317576177 180.459880650924 84.3469117910767 16.995431361768 0 45.0195982582462 0 45867.9466390556 6962.60713900325 0 0 0 0 0 0 160.845673869322 29.2446679762403 0
4348.22701221627 2709.05338700594 270.847103788336 83.8137769657642 247.319409342527 0 0 0 61.6991455935018 12948.3532016244 76367.0732909184 0 0 0 0 0 0 0 33.9165036512419 6.16663702749852 0
85308.7526852518 2049.93593235957 30495.6869165529 57.6171214579599 8465.97719320127 0 0 418.725338577321 0 646.73926225368 5241.17736928942 22549.5453193072 0 0 0 0 0 0 665.41480327576 120.984509686502 0
77.05074845836 273.51105512082 0 0 0 0 0 0 0 576.737086424517 5571.04315397973 0 0 0 0 0 0 0 0.601001737967427 0.109273043266805 0
8629.31185820583 18631.2488959661 234.235309788335 95.582625667543 232.488134955391 204.121239037873 41.1292889553567 0 108.948341822191 13968.2112690244 126665.863575307 995.357830271448 0 0 0 0 0 0 67.3092932646511 12.2380533208457 0
131711.128226498 264347.889852588 9855.58761952246 250.248916739575 3907.70081066126 466.250474949246 93.9468651089362 0 1448.91877667378 54595.1958342328 239604.979653099 15485.3114676939 0 0 0 0 0 0 1027.35688565771 186.792161028674 0
52560.6434513242 35777.8338924229 3597.57642940166 177.04332076389 4817.64595809963 57.1331047648879 47.422934663757 0 349.173636457428 20322.5375869714 111345.969397862 14859.0686390153 0 0 0 0 0 0 409.977043636423 74.541280661168 0
18578.7004443517 9699.80414346104 3156.76508485421 57.1625878668387 1706.88764851143 78.8393783223025 15.8856941461004 0 42.0799892210806 2785.95374509277 48216.3855069753 8750.44611839508 0 0 0 0 0 0 144.915286089217 26.3482338344031 0
11265.6065689004 436.234577880523 866.724094091292 26.6622752840748 78.6755878771431 36.7729538933978 7.40954470760859 0 0 1060.56193705236 22722.9807649882 4416.00560466569 0 0 0 0 0 0 87.8725938765592 15.9768352502835 0
16367.9067221003 565.497160545448 10879.770552132 34.9630564146159 492.84969714852 1410.88521831456 14.5097678814775 271.029023122856 54.9075224931986 271.35913101553 5603.08011929466 7113.14122928209 0 0 0 10655.0314349394 0 0 127.670925768972 23.2128955943585 0
2791.8021416679 2504.49969418465 234.502549160598 54.9719576813361 162.212378398171 75.8180329213316 15.2769099322861 0 40.467366384479 5576.43014236914 38327.2562115949 0 0 0 0 0 0 0 21.7762704811408 3.95932190566196 0
115030.158664348 2005.94589089262 45581.0822414151 93.3257238238666 18527.348325963 1818.5131169577 25.9355631008693 335.445125383988 68.7013236997986 2195.747635134 6204.40424870959 35589.7877792563 0 0 0 0 0 0 897.244045764238 163.135281048044 0
0 0 0 2.09972346727808 6.19590700371348 0 0 15.259481860722 0 0 0 291.788281432716 0 0 0 0 0 0 0 0 0
0 0 0 0 0 0 0 0 0 0 0 0 0 0 0 0 0 0 0 0 0
0 0 0 0 0 0 0 0 0 0 0 0 0 0 0 0 0 0 0 0 0
0 0 0 0 0 0 0 0 0 0 0 0 0 0 0 0 0 0 0 0 0
15640.150442738 849.818937333313 14639.9874310879 1.23094902839836 0 0 0 245.782964401176 8.06171514642366 1027.04228038193 1903.53610863349 8913.91571271297 0 0 0 96.8946799739959 0 0 121.994371063604 22.180794738837 0
0 0 0 0 0 0 0 0 0 0 0 0 0 0 0 0 0 0 0 0 0
0 0 0 0 0 0 0 0 0 0 0 0 0 0 0 0 0 0 0 0 0
0 0 0 0 0 0 0 0 0 0 0 0 0 0 0 0 0 0 0 0 0
0 0 0 0 0 0 0 0 0 0 0 0 0 0 0 0 0 0 0 0 0
0 0 0 0 0 0 0 0 0 0 0 0 0 0 0 0 0 0 0 0 0
0 0 0 0 0 0 0 0 0 0 0 0 0 0 0 0 0 0 0 0 0
0 0 0 0 0 0 0 0 0 0 0 0 0 0 0 0 0 0 0 0 0
0 0 0 0 0 0 0 0 0 0 0 0 0 0 0 0 0 0 0 0 0
0 0 0 0 0 0 0 0 0 0 0 0 0 0 0 0 0 0 0 0 0
0 0 0 0 0 0 0 0 0 0 0 0 0 0 0 0 0 0 0 0 0
0 0 0 0 0 0 0 0 0 0 0 0 0 0 0 0 0 0 0 0 0
0 0 0 0 0 0 0 0 0 0 0 0 0 0 0 0 0 0 0 0 0
0 0 0 0 0 0 0 0 0 0 0 0 0 0 0 0 0 0 0 0 0
0 0 0 0 0 0 0 0 0 0 0 0 0 0 0 0 0 0 0 0 0
0 0 0 0 0 0 0 0 0 0 0 0 0 0 0 0 0 0 0 0 0
0 0 0 0 0 0 0 0 0 0 0 0 0 0 0 0 0 0 0 0 0
0 0 0 0 0 0 0 0 0 0 0 0 0 0 0 0 0 0 0 0 0
0 0 0 0 0 0 0 0 0 0 0 0 0 0 0 0 0 0 0 0 0
0 0 0 0 0 0 0 0 0 0 0 0 0 0 0 0 0 0 0 0 0
25296.8770757758 0 21053.6337781131 5.78880813218713 284.640425737387 94.6068462478425 19.0627508182066 747.756506268134 136.453413576574 0 0 12214.525759783 0 0 0 10993.9645735888 0 0 197.317578243979 35.8759233170871 0
5115.63880369513 0 12535.9560079636 0 121.475543860204 0 0 302.323130868126 2.06622865289642 0 0 1184.1192062016 0 0 0 0 0 0 39.9023743876533 7.25497716139153 0
0 0 0 0 0 0 0 0 0 0 0 0 0 0 0 0 0 0 0 0 0
0 0 0 0 0 0 0 0 0 0 0 0 0 0 0 0 0 0 0 0 0
0 0 0 0 0 0 0 0 0 0 0 0 0 0 0 0 0 0 0 0 0
19549.7536702684 14738.8633934994 2759.38013829942 488.608413990898 1515.69968945316 1.11213809395564 15.7852110475736 0 22.6479269558811 23038.3902232185 70367.5458705299 2022.07960428631 0 0 0 0 0 0 152.48957560764 27.7253773832073 0
2836.27417993012 6465.80292828291 236.67037870504 126.162835617669 10.4788972657575 0.763296768410684 68.3454740548323 0 15.5440134193576 4669.63837955891 81751.9702263435 59.4259815848454 0 0 0 0 0 0 22.1231557849351 4.02239196089728 0
6320.52814512575 4905.62279092198 756.554662875955 492.346572083277 125.185918822133 1.13277497206571 178.477300122464 0 23.0681827771451 3909.83281271543 126506.854693625 88.1914707564067 0 0 0 0 0 0 49.300603512573 8.96374609319511 0
27161.9002975915 32201.4435211604 108.900044197087 207.67544957641 406.295370462906 0.975644666628697 983.041637182459 0 19.86833223751 10472.2011311077 93475.8173872861 4178.28009713304 0 0 0 0 0 0 211.864902184208 38.5208913062195 0
85827.7539126938 43607.3281061811 15200.4418746213 359.278527767191 3115.06157554772 1.25106332637879 17.7570562038103 0 25.4770437115687 19363.7353240499 69220.8472045535 22249.2802963222 0 0 0 0 0 0 669.463052591191 121.72055501658 0
4871.66579662158 3038.97869800801 199.924315755834 198.278135483078 72.2613361772405 0.644785312712629 128.192029056214 0 13.1306091787582 5300.54835917002 70807.8781582648 50.1993480192799 0 0 0 0 0 0 37.9993662507813 6.90897568196024 0
790.731229707043 664.873797325109 48.8965932147685 0 0 0.758345230025354 10.7636268984313 0 0 100.456744557438 5191.91488135084 0 0 0 0 0 0 0 6.1677641402261 1.12141166185929 0
1393.68229235232 1362.22495075968 276.926799507316 400.034834746561 75.5586438605018 0.274883216426154 3.90157446121596 0 5.59780753923672 1621.37080781779 19212.5539155458 21.4008569580826 0 0 0 0 0 0 10.8708285985156 1.9765142906392 0
9439.74481577848 17106.9939591365 79.8377624635083 18.8459565088199 14.1987174303915 1.0342534004613 127.48378580176 0 21.0618587698998 12771.9697664643 85473.3896303255 1312.95308042997 0 0 0 0 0 0 73.6307323908457 13.3874058892447 0
133.751560850043 141.669670802273 0 28.2374640988405 0 0 0 0 0 186.400738100238 7.29931587981024 3.30196726089833 0 0 0 0 0 0 1.04327241636302 0.189685893884184 0
24.1181041080328 2.20597754559452 0 11.8876291826497 0 0 0 0 0 0 10.2803517322446 0 0 0 0 0 0 0 0.188123058833627 0.0342041925152049 0
