1039371.03662758 121603.453197203 211040.56373975 1421.46548736828 157825.867867698 8669.11408533265 0 1804.73380801271 1697.61365537981 0 10373.2622627199 0 0 0 0 0 0 0 8107.17367325466 1474.03157695539 0
244887.790005242 14185.4873854563 90620.556148699 769.664071691275 12548.5194275737 0 0 438.17839329037 19.9946096586363 0 4197.99917658744 0 0 0 0 0 0 0 1910.14351378677 347.298820688504 0
3476832.84948528 124754.328799014 236762.751031962 144.181590965462 216830.399732191 43605.2994879746 0 62376.9467997845 8165.90349588914 0 75151.695166616 0 0 0 0 0 0 0 27119.5624568416 4930.82953760756 0
0 0 0 0 0 0 0 0 0 0 0 0 0 0 0 0 0 0 0 0 0
33910.1525697784 20116.9963752516 1092.83353411525 1983.21806289914 0 255.380059404826 429.072046520146 0 155.876211835144 0 69005.5537898081 0 0 0 0 0 0 0 264.501786639895 48.0912339345263 0
327230.68678095 18303.4909805526 55086.1735006571 289.532199093991 7391.11489919597 308.411133941521 518.171217902798 0 188.244764914786 0 24820.6964515098 0 0 0 0 0 0 0 2552.42441386418 464.077166157123 0
774372.775985693 175775.273658945 61926.4852887614 3919.48494059708 42996.4039879573 711.34697483676 2657.37801839584 0 434.184532638762 0 74083.682350469 0 0 0 0 0 0 0 6040.1669485868 1098.21217247033 0
258221.912587643 0 69098.5982197216 218.616250921541 6815.58341415197 232.871114355294 391.254062062314 3050.40857268631 5573.44205395537 0 13304.9771304159 0 0 0 0 0 0 0 2014.15069096072 366.209216538313 0
1389923.56191483 48711.990106526 577712.484324852 1152.93658494839 248129.857120439 96885.0411757623 2063.39245257299 103.045915868058 3767.39633669614 0 16663.923252877 0 0 0 0 0 0 0 10841.5102132866 1971.18367514302 0
1193879.49678556 644535.538065798 241441.679253659 14459.5565064169 99789.8059100786 1626.32915997305 8396.98132458623 0 4069.65641512788 0 210954.897226496 0 0 0 0 0 0 0 9312.35149363365 1693.1548170243 0
1113784.69100908 198430.532098903 187541.547017921 985.192369472071 42370.9322746813 784.812836819906 1318.58865885766 10474.3330652727 2596.14951925463 0 61406.0964927178 0 0 0 0 0 0 0 8687.60587549282 1579.56470463506 0
340086.375927639 6490.44035997511 82062.6390841602 2234.87641557763 2811.24994617641 411.849383134854 691.961064194162 0 3066.85433171208 0 35887.933397421 0 0 0 0 0 0 0 2652.69977360458 482.309049746288 0
1731703.99105079 0 529992.834979589 1187.38630402484 156733.656414666 215913.407398594 2125.04657237766 81707.2453806031 6842.60039433174 0 7152.35954588019 0 0 0 0 0 0 0 13507.4237316345 2455.89522393354 0
809526.804091914 1292108.55730352 304940.066844366 21016.2895197659 110398.869666655 2209.91536270868 15477.769147898 0 11447.4742411578 0 402760.531370979 0 0 0 0 0 0 0 6314.371059658 1148.06746539236 0
38470.9812700762 39736.3449257648 0 6620.53208118227 3399.33312402773 129.422775609177 217.447263996908 0 80.2228569123342 0 34759.586925709 0 0 0 0 0 0 0 300.076599737681 54.5593817704875 0
1407544.20857306 312282.260226484 116433.465996071 2887.96740172647 23996.7364950545 921.413312293301 1548.09540148898 167.98428549057 1121.3681915299 0 95559.4477537422 0 0 0 0 0 0 0 10978.9526064832 1996.17320117877 0
362845.281274551 86228.5320488735 59123.4615609548 375.469335675522 38307.3606371882 399.951797894387 671.971558123593 0 244.118398741567 0 47025.2457144546 0 0 0 0 0 0 0 2830.22097802378 514.585632367963 0
1786213.58130454 348894.856755375 482207.633581744 1185.76826604508 71431.9364410011 1263.08623589087 2122.15079528203 16545.3284864053 2221.86206825098 0 28894.411359418 0 0 0 0 0 0 0 13932.6027095662 2533.2004926484 0
643369.688307929 126552.357883944 164872.840959734 3265.4549307442 16291.9681920145 787.221413035153 1322.6353832898 0 2229.37682158215 0 115311.359027407 0 0 0 0 0 0 0 5018.33283342587 912.424151531976 0
239915.610706094 24569.3486291099 41705.9220009989 1800.57795246643 0 362.612673620793 609.236924477258 0 1784.33642985808 0 39494.4791645141 0 0 0 0 0 0 0 1871.36013451969 340.247297185396 0
3136095.57075866 136254.331017194 978737.043692334 1742.22843215766 129649.534919333 9309.14990598432 3118.03879285617 24309.7597851446 5228.59837331366 0 21186.1205359678 0 0 0 0 0 0 0 24461.7855915636 4447.59738028428 0
563391.123122571 34445.3733637087 160468.281810322 6074.07482948062 28305.7189629361 8238.47060833516 913.423181179226 0 1738.41293727867 0 45586.3647607439 0 0 0 0 0 0 0 4394.49390079671 798.998891053949 0
1089808.11518248 10358.8775641471 195825.53241757 485.821940876954 24422.944948125 6318.1937350989 869.467878100809 0 315.866205337456 0 14398.1529199234 0 0 0 0 0 0 0 8500.58674809159 1545.56122692574 0
1886092.76991092 71501.5207476497 594865.570741178 370.444851237552 78624.2040865638 9357.43212114729 2009.95023796486 15670.5579086982 2146.71453493922 0 8208.16180412246 0 0 0 0 0 0 0 14711.668028726 2674.84873249563 0
781769.541425118 836441.464972329 145104.856226774 11128.839428243 116118.166901343 1448.46645488928 6056.15617358551 0 9716.57605721032 0 149157.763279466 0 0 0 0 0 0 0 6097.86228540545 1108.70223371008 0
1889458.71373448 23783.3091391476 311528.946102025 865.408820963647 22239.7521766314 44200.6738688917 1548.80854062447 12075.2710524401 7634.9893844746 0 21218.8223758248 0 0 0 0 0 0 0 14737.9226482895 2679.622299689 0
1962823.26012663 25056.5481782655 150952.232853205 758.219842259944 0 1359.40039888788 781.288125768871 13573.8723008019 505.611063273563 0 9652.02460302774 0 0 0 0 0 0 0 15310.1717278776 2783.66758688685 0
0 0 0 0 0 0 0 0 0 0 0 0 0 0 0 0 0 0 0 0 0
15099.8968462058 64471.6945076011 146.273293314676 4658.96953773972 2633.7956857014 1.7946133142396 67.5432860729265 1254.83153077682 165.781372701244 0 16906.9332789273 0 0 0 0 0 0 0 117.780351641917 21.4146093894395 0
91834.3209517576 443369.410851127 0 4700.89351590081 0 10.5761828360746 3756.22541215257 5291.04610083485 406.641835068436 0 148146.643471565 0 0 0 0 0 0 0 716.314735435594 130.239042806472 0
271104.228479593 169072.946091523 1923.88357502091 14109.7360303513 0 8.99762369005029 719.624066653808 195.074343876009 353.680056615587 0 73119.3331985047 0 0 0 0 0 0 0 2114.63374135304 384.478862064188 0
320298.658667048 1134526.71362187 0 34290.765889387 1103.03948241808 25.1491372885976 6089.47752804815 11437.8132668157 633.744197595826 0 384438.869890651 0 0 0 0 0 0 0 2498.35406377086 454.246193412883 0
407031.493765019 844689.229662775 4844.56607769248 20012.2907020159 4016.69500517383 15.9772589743625 1277.850738504 7006.93224201367 549.928091609934 0 170759.705000441 0 0 0 0 0 0 0 3174.87681891186 577.250330711245 0
18614.2776779919 237356.706268334 0 728.498300009995 426.600067961856 7.26391132357621 580.96288381842 0 405.546608743824 0 104269.702936796 0 0 0 0 0 0 0 145.19279123586 26.3986893156108 0
106298.721453583 288874.45653355 102.15972232182 18809.6565992955 1906.31351933312 8.89856265753561 711.701229967053 0 235.749930341395 0 34844.3629326504 0 0 0 0 0 0 0 829.13816692961 150.752393987202 0
17739.0072905409 9346.70671181456 323.8995726171 22878.4891768953 57.214207222375 0 0 36507.6889376084 1.12137879916719 0 7881.43862519944 0 0 0 0 0 0 0 138.36561519183 25.1573845803327 0
364718.446397205 512616.985744523 4513.49833079634 43354.6595706924 2483.80042475003 15.8426495821351 1977.41412889252 0 1640.72114397338 0 89234.4583901804 0 0 0 0 0 0 0 2844.831809414 517.242147166181 0
114463.674020536 109618.295728402 427.718406647499 5874.35861966779 4083.45549887616 1.2267911409209 98.1179542705931 0 138.331411175945 0 12998.1702407234 0 0 0 0 0 0 0 892.825422165192 162.331894939126 0
192924.304708675 100280.413954985 1481.21049274349 3455.47632116768 844.500059429369 0.587932643380493 47.0224688565108 0 348.709777696951 0 12220.5525586261 0 0 0 0 0 0 0 1504.82434948353 273.604427178824 0
2877.86699781106 938.515881513252 15.8808245089634 154.094288346819 0 0 0 1050.87549983282 15.7667219909381 0 176.483759808448 0 0 0 0 0 0 0 22.4475829492851 4.08137871805183 0
356804.361252633 1082126.48064781 0 26767.5597658922 7429.3254889122 27.6834356919203 3482.08154134627 143.986530420488 1171.24208031511 0 290854.973284166 0 0 0 0 0 0 0 2783.10133928263 506.018425324113 0
3108.30651141806 5071.35801874052 0 131.322250338749 0 0 0 0 6.79789333543811 0 5836.42044348613 0 0 0 0 0 0 0 24.2450288008207 4.40818705469466 0
35189.9614240261 57168.191277157 1614.93150592344 5370.18359780578 2158.98696722882 1.43709898277278 114.938238116204 88.6325926207153 527.513856764177 0 29617.5680948553 0 0 0 0 0 0 0 274.484393701586 49.9062534002883 0
1224263.80780111 1332175.64327111 47560.7603665242 293379.629796969 16027.1038259799 47.4925970898898 5907.53144255989 405015.205831124 2037.02308430158 0 450481.991936288 0 0 0 0 0 0 0 9549.35144616697 1736.2457174849 0
276314.08316794 580115.520549889 0 23284.3848539832 2729.45994373861 14.8572811715663 1188.27564526004 553.725978098545 905.945262702859 0 170250.83734753 0 0 0 0 0 0 0 2155.27100685535 391.867455791881 0
41438.7642990547 24338.7767827926 635.657712091446 6474.97970074962 187.110255276764 0.269167121662584 21.5278106056519 0 178.981471028203 0 8907.52265192704 0 0 0 0 0 0 0 323.225534615196 58.7682790209448 0
8230.03949492992 4360.23244315421 219.756293503133 1229.03741305448 0 1.10030076294469 612.060668813825 71.3458483500501 44.2819829938222 0 4303.62985457666 0 0 0 0 0 0 0 64.1949382576929 11.6718069559442 0
1030719.87171523 494811.85893132 203469.530329777 24339.9639201596 35863.0401514896 4509.30477930005 8205.38353642603 5004.14298606052 2145.87956234687 0 438681.166608257 0 0 0 0 0 0 0 8039.69392449434 1461.76253172624 0
830957.661783067 1309633.54366237 31751.4387286615 97927.4955097213 32194.4959137059 473.667045599407 19151.4484774045 662.604681657248 5249.47268812247 0 298130.45838344 0 0 0 0 0 0 0 6481.53339066998 1178.46061648545 0
618719.300883272 182044.534246899 19395.3431682258 8361.77132840962 14688.2440485623 79.9097072355139 307.611371560443 0 424.143510088437 0 18109.2432535043 0 0 0 0 0 0 0 4826.05792396415 877.465077084391 0
666558.68647674 967390.029432276 18468.1683478892 24583.6405713539 15212.565269934 224.502917963872 12187.285394712 656.383041453894 2304.52435489391 0 55541.7391515151 0 0 0 0 0 0 0 5199.20879478932 945.310689961693 0
973182.317182342 1448850.44616981 0 63066.2404978221 5502.44117317807 700.555950037658 15252.8500052752 0 1555.55393955339 0 800634.473529031 0 0 0 0 0 0 0 7590.89659332561 1380.16301696829 0
232858.788338615 120860.583367003 29614.9875060196 107040.148413436 13134.0875063069 70.8493318751338 899.676570491382 64077.9903490797 0 0 41193.7902457648 0 0 0 0 0 0 0 1816.31637969264 330.239341762298 0
4719.93974435356 0 0 1216.03569671136 0 0 0 0 19.6084989067906 0 5192.19273764672 0 0 0 0 0 0 0 36.8158914250006 6.69379844090923 0
164.389618208389 27.1313360788316 8.16079206221702 0 0 0 0 0 0 0 9.61040813569396 0 0 0 0 0 0 0 1.28225160980021 0.233136656327311 0
1260795.29109517 677796.237626778 83359.7615492625 100536.572871352 9100.07572994915 351.859006903518 15536.0815182077 0 1537.18454252163 0 109639.925657911 0 0 0 0 0 0 0 9834.29981317888 1788.05451148707 0
1209942.72011827 522207.291860542 34813.0510079657 2244.30057688463 32186.5986745451 23.2435058328224 144.065856059078 47803.1947974484 987.287753957882 0 31558.5307785294 0 0 0 0 0 0 0 9437.64586563489 1715.93561193362 0
184106.442125846 85451.8582597114 2541.23581490284 37589.325996873 3069.00100890473 126.85664300181 318.067474416145 3568.81762256473 290.926573844282 0 79570.7285408254 0 0 0 0 0 0 0 1436.04434612896 261.098972023448 0
420587.839793404 316785.143590412 23105.3025879641 17164.8837977106 1474.47114486498 115.797951736972 3415.43883242099 0 865.866578269922 0 31547.9320792481 0 0 0 0 0 0 0 3280.61735598075 596.475882905589 0
1312006.81046666 185477.246792195 79405.5360213442 85146.9133860995 9023.16311297782 328.161576942382 1170.48808759725 31851.687021073 3032.62045542561 0 94835.3355854786 0 0 0 0 0 0 0 10233.7535856864 1860.6824701248 0
1868000.47556877 1194330.85931999 165024.149464663 76709.7854054419 87765.1748177318 10046.0889795245 43734.27773222 668.826321860602 3976.97445737669 0 186862.984634658 0 0 0 0 0 0 0 14570.5467474794 2649.19031772353 0
1198233.06116311 418481.809888188 116498.56906199 68944.0593731619 40813.9615834586 2702.10993631392 3148.86799671984 7203.08849398864 4063.8116069814 0 155104.826442043 0 0 0 0 0 0 0 9346.30962914319 1699.32902348058 0
8612.95884858483 12716.4098712198 9.99630680342933 2263.54134970047 105.051379277912 0 0 0 55.3135267669168 0 7177.56177565569 0 0 0 0 0 0 0 67.1817385374117 12.2148615522566 0
1748588.42407025 2720611.80981888 189975.685204756 55940.9286316864 143326.474134322 3991.7533150092 86110.7102700872 0 4483.8028209349 0 375599.317523985 0 0 0 0 0 0 0 13639.1236020747 2479.84065492267 0
235195.670961741 327997.435457946 24943.9029668474 57184.6655276667 22753.378384601 194.802620367493 13586.782282143 0 1369.3550514587 0 170871.784944555 0 0 0 0 0 0 0 1834.54424309468 333.553498744487 0
813876.905564297 830321.586086193 23377.8374915007 55305.679095914 9896.21511147676 286.271451321821 18326.7449544541 0 1707.51895136161 0 116367.16128565 0 0 0 0 0 0 0 6348.30218424208 1154.23676077128 0
30812.0455232218 13813.6014138668 436.344088240405 23564.492256613 0 0 0 394.296447887588 0 0 6922.43183603273 0 0 0 0 0 0 0 240.336314445997 43.697511717454 0
470.585054564415 247.425050497825 0 141.029282869144 0 0 0 0 0 0 269.684380721382 0 0 0 0 0 0 0 3.67059945962176 0.667381719931232 0
853734.251470064 402401.687750671 30473.6226900041 66041.0675921708 20946.1194775234 226.914172071112 1324.52383989009 122.48854150354 1516.3102277128 0 97834.561469512 0 0 0 0 0 0 0 6659.19253429598 1210.7622789629 0
56083.0889448329 86147.2253013442 24156.538611956 1294.39560580579 0 79.6704781735033 284.16899535937 0 187.121103853374 0 85129.2602093537 0 0 0 0 0 0 0 437.452388209335 79.5367978562425 0
8527388.2005152 7695103.86949942 353519.856966055 25334.7101444386 244144.674844355 1299.00701882333 30756.057435523 88576.7138701315 38209.1807986595 0 195377.980551006 0 0 0 0 0 0 0 66514.2809300836 12093.5056236515 0
1682058.91268948 1102242.21106527 130148.176802105 23094.5985593876 56450.1605501153 3811.753828656 4148.50863059915 0 5386.71181966556 0 50525.9998972012 0 0 0 0 0 0 0 13120.1883189532 2385.48878526422 0
442700.222827691 96066.6821059357 31397.2615421535 48834.4394627113 0 145.214698875842 538.104426322269 30782.3426111215 2852.75513992169 0 72356.2348395118 0 0 0 0 0 0 0 3453.09563685544 627.835570337354 0
1373519.78013273 414725.664039725 29091.1927592148 82267.8667095615 3102.76752367262 952.091400757631 3657.01865227515 17575.3558694508 4438.71430094784 0 154305.967211249 0 0 0 0 0 0 0 10713.5594593026 1947.91990169138 0
43.5231130120102 180.493912816555 0 101.055697472568 0 0 0 0 0 0 203.426547877681 0 0 0 0 0 0 0 0.339483614180684 0.0617242934873971 0
975659.679539722 777859.064698989 35066.3072505895 57344.7690692027 5537.33323843824 209.641940180171 599.784380327588 0 2335.41834081097 0 52276.2268572171 0 0 0 0 0 0 0 7610.22020941178 1383.67640171123 0
558455.098095718 91253.5702168473 32260.5896028138 48303.8488468577 6194.27954242262 123.399899566089 4123.51761475217 3155.97287094515 1056.24032932638 0 33650.1932129164 0 0 0 0 0 0 0 4355.99252762196 791.99864138581 0
2383264.83524375 227502.286666256 121885.062040125 79020.2532291936 65445.1333726522 351.786813666773 5589.65721110849 25119.4834685309 2780.45873253504 0 91747.3475646904 0 0 0 0 0 0 0 18589.6482081834 3379.93603785153 0
901890.795902109 443792.281464976 77608.6914019814 74022.7690763767 35803.0107919022 306.810427175419 674.757427868536 758.651252296532 1953.00089351335 0 147055.502145798 0 0 0 0 0 0 0 7034.81726834779 1279.05768515414 0
45833.1614551066 136813.042270951 8294.84456046968 17001.7733823988 1715.54568397323 0 0 55856.7191881781 113.554588173028 0 41236.7832824879 0 0 0 0 0 0 0 357.502168923734 65.0003943497698 0
1019470.6958693 147709.266733534 50764.3115928745 43581.4757982026 20970.2062580579 440.46933131136 217.672605754036 116405.590882662 6973.49626439294 0 54256.6658166319 0 0 0 0 0 0 0 7951.94949151503 1445.80899845728 0
1132168.44894387 402766.634656725 56013.7799433367 100571.316748401 18122.8636594295 2348.0403584521 4623.33793169182 2171.3524309707 4355.21704171254 0 139431.301767694 0 0 0 0 0 0 0 8831.00059508019 1605.63647183276 0
19359.4411736926 17619.8169703863 43.7650662232312 5916.8425367068 1760.60147214181 141.675252425785 1309.2671523131 0 0 0 40230.7490171938 0 0 0 0 0 0 0 151.005123561587 27.4554770111976 0
84535.7483868014 97895.6039070294 0 10410.9558065165 0 67.2227323939412 239.770323558207 1719.23251552131 155.722420102841 0 52150.091189197 0 0 0 0 0 0 0 659.385310556737 119.888238283043 0
86814.3399875238 507422.178177431 0 12446.7591968409 0 341.629225256927 13261.8990761322 0 490.963884303484 0 300016.0222315 0 0 0 0 0 0 0 677.158499520531 123.119727185551 0
500944.554223137 656539.483991081 1319.12281151627 60921.040845979 7094.71993623329 442.432641722224 28689.6861923363 0 1210.71025891166 0 531264.746935007 0 0 0 0 0 0 0 3907.40588167198 710.437433031266 0
1024679.87252073 376962.081114817 52063.5952953721 56764.9219319677 8374.47084593671 218.936819410928 2724.02072732113 5599.34542038953 3507.71986047438 0 58428.8444417528 0 0 0 0 0 0 0 7992.58146827754 1453.19663059592 0
7004.99851182267 12917.6550219121 0 0 0 9.53933781858242 34.0249501000454 0 0 0 23068.4648052377 0 0 0 0 0 0 0 54.6395247846275 9.93445905175045 0
231645.500583229 225419.282017855 0 15980.7749069361 0 142.108776868231 2315.83413515374 3634.45550682267 329.197012137075 0 126929.855559481 0 0 0 0 0 0 0 1806.85264229578 328.518662235595 0
4200709.66567989 898196.096044445 563343.564196549 79253.6006196437 155189.776322778 3883.75362319727 14744.6993497199 19021.8872167308 3515.23461380558 0 257793.275284625 0 0 0 0 0 0 0 32765.8570524407 5957.42855498918 0
503919.682200394 0 389173.733357216 819.47596533079 25427.9984537653 859.04907472071 461.582900927681 66939.9476835333 179.948125691847 0 0 0 0 0 0 0 0 0 3930.61210770846 714.656746856084 0
105442.692049722 51148.7125254094 11791.7366912361 1572.10957611526 3443.82024300991 2115.11605659243 1136.49084078003 0 879.819903740153 0 265338.05690879 0 0 0 0 0 0 0 822.461072030911 149.538376732893 0
0 24142.6414774161 0 0 636.75053009865 0 0 0 0 0 28240.3745622768 0 0 0 0 0 0 0 0 0 0
89571.5050825016 150088.626040532 24369.6490267762 776.711076320397 43231.2688573429 9171.50323994951 561.490774931717 0 434.680810284701 0 64249.7719363097 0 0 0 0 0 0 0 698.66459838523 127.029926979133 0
11751.0223980113 30172.6872789846 0 721.470892122789 1580.4344053259 0 0 0 403.766035461293 0 102856.629733275 0 0 0 0 0 0 0 91.6588745132778 16.665249911505 0
14730.4227331507 31750.346448601 3572.6187355964 639.005630588478 3643.92803164731 1066.10956504008 572.840318695342 0 428.684877551254 0 68746.1894964186 0 0 0 0 0 0 0 114.898425268417 20.8906227760757 0
0 0 0 0 0 0 0 0 0 0 0 0 0 0 0 0 0 0 0 0 0
859973.714002254 956688.663233217 74454.5601048738 8577.04251255716 38313.3635731468 4132.68524610022 2220.56795199523 0 1654.08070545103 0 377533.39776696 0 0 0 0 0 0 0 6707.86081982024 1219.61105814913 0
14253.317672604 13677.0871253455 0 431.234352645346 944.65017940482 580.18265220944 311.742832342629 0 241.337227632317 0 64936.510573308 0 0 0 0 0 0 0 111.176969262878 20.2139944114324 0
1484.37636671499 15907.6481970433 1213.35862961988 45.7988233748054 121.436105165289 28.983774741263 15.5735163666362 0 10.5286067835733 0 23782.848255473 0 0 0 0 0 0 0 11.5782493232444 2.10513624058989 0
53681.1095342545 129472.532755048 3028.05377824899 764.780800604396 1867.79703293419 1161.14080343514 623.902354599869 0 377.376634038395 0 99870.1570590597 0 0 0 0 0 0 0 418.716764880512 76.1303208873659 0
20741.4167958769 21290.4410424097 9918.11535275505 801.052848957744 1373.17160056128 1077.73641783695 579.087640996903 0 448.303509607974 0 135086.628758113 0 0 0 0 0 0 0 161.784639236379 29.4153889520688 0
9653.37603341977 18931.9620651975 1480.48248906163 114.352219956727 7301.37592705216 0 0 0 14.5982820902955 0 16305.0315326936 0 0 0 0 0 0 0 75.2970722467899 13.6903767721436 0
585684.614014866 37679.3644081254 221429.894763499 799.909948595035 91825.7858103205 14304.6650625396 578.261428998786 0 0 0 24147.9728887359 0 0 0 0 0 0 0 4568.38483683184 830.615424878517 0
300470.048221584 0 203636.104381197 7927.23810937243 22311.4122246389 0 0 0 0 0 4204.52226733649 0 0 0 0 0 0 0 2343.68938396387 426.125342538885 0
18696.2250034959 0 21136.0470905815 1611.36467610555 500.106334807423 307.153934907551 165.039470360961 0 1865.3287713163 0 14015.074224455 0 0 0 0 0 0 0 145.831986649728 26.5149066635869 0
163100.063101436 103891.962301885 30505.9497296328 1535.30375607959 7163.00333276393 1371.10538341921 736.720193269471 0 570.335515489847 0 117530.412446279 0 0 0 0 0 0 0 1272.19298122113 231.307814767477 0
2703.88589098322 11392.1067669416 0 0 0 544.870470513147 292.76894628058 0 0 0 28154.1601493964 0 0 0 0 0 0 0 21.090516993806 3.83463945341929 0
347785.106697742 307195.46181287 30738.524820295 1546.88556460144 23376.1829903201 2081.17967418301 1118.25619703209 0 865.703465726414 0 206736.359884935 0 0 0 0 0 0 0 2712.7504631248 493.227356931782 0
53607.8497479383 83095.6032245948 8649.7280339894 589.796739808565 2717.45407182113 793.512471043878 426.36887587104 0 330.075535909454 0 86757.9811407845 0 0 0 0 0 0 0 418.14533293754 76.0264241704618 0
10680.5747803231 4605.37147180189 19153.8359649265 51.541264660057 720.482186259187 112.420704294724 60.4057164365872 0 43.4231374003299 0 4442.61151335206 0 0 0 0 0 0 0 83.3093011281287 15.1471456596597 0
888435.331580273 0 335399.770947863 1035.2736336867 128817.377922053 0 0 0 0 0 8623.94233944796 0 0 0 0 0 0 0 6929.86361631479 1259.97520296632 0
457.103482211791 0 0 84.8352883267056 185.837862512753 114.137387896877 61.3281221761132 0 47.4774636217201 0 13547.9050836398 0 0 0 0 0 0 0 3.56544216294944 0.648262211445355 0
542622.003085348 548627.491154817 29672.6304858703 5293.74613143652 32347.9459641512 3407.34228089785 13328.5417850575 0 1210.71025891166 0 319604.424305879 0 0 0 0 0 0 0 4232.49317415652 769.544213483005 0
26770.3346938369 23918.0587659982 8317.47790447203 568.823515608675 4083.87236942885 765.29509743477 411.207160958203 0 318.338020677045 0 94125.2384914396 0 0 0 0 0 0 0 208.810660491644 37.9655746348445 0
142648.145177627 74022.4616833148 14708.8030310663 3412.41214042401 1232.10260553094 1739.25308671127 934.53273955579 0 723.47305887099 0 120310.06883413 0 0 0 0 0 0 0 1112.66645535462 202.302991882657 0
0 0 0 0 0 0 0 0 0 0 102.949380131519 0 0 0 0 0 0 0 0 0 0
319822.840044986 0 34144.0886478481 349.907968940991 27774.8343140852 470.766144218484 252.951325950213 741.574781157745 195.823497438581 0 4671.69140815166 0 0 0 0 0 0 0 2494.64264208401 453.571389469821 0
143732.034495296 88990.8993993127 45626.0245426422 548.532021449701 1201.59924480298 737.994923350242 396.538274254769 0 306.982030796359 0 79890.5947708015 0 0 0 0 0 0 0 1121.12087502888 203.84015909616 0
20859.1555715981 31610.0166320587 931.19833597166 382.129738815966 837.08295527489 0 0 0 213.856180974413 0 56312.5682338601 0 0 0 0 0 0 0 162.703010702593 29.5823655822897 0
724015.209028694 87738.8507831584 263242.226603275 1259.5363523561 138198.46609157 14707.4403837676 910.529106768353 0 5176.83007258776 0 97904.6368406343 0 0 0 0 0 0 0 5647.37407030188 1026.79528550943 0
92476.1899376473 0 62742.7430393866 299.660454748904 1580.27289113774 0 0 0 167.702834749848 0 14384.137845699 0 0 0 0 0 0 0 721.321362675246 131.149338668226 0
0 25950.5323043296 0 772.239729287341 1691.64723158029 0 0 0 432.178452830755 0 67407.8353282203 0 0 0 0 0 0 0 0 0 0
230758.545457788 7966.53649913888 174728.376401668 578.677753688768 1647.92635983715 1386.07264044575 874.24229112722 77.7705025419306 63.7892025897548 0 7002.09040790234 0 0 0 0 462918.747880932 0 0 1799.93432440069 327.260786254671 0
97973.2056017608 0 20047.2544364197 121.347947282728 9717.25258320688 163.261515375065 87.723421273892 257.177845141635 0 0 6540.36797141232 0 0 0 0 0 0 0 764.198505777261 138.945182868593 0
776519.084608988 0 230222.400555848 702.683214230537 97166.8980796076 0 0 1489.22630254273 393.251645621171 0 4933.30612700815 0 0 0 0 0 0 0 6056.90832019737 1101.2560582177 0
444963.229272867 1010.62220138021 86816.9588428892 444.287477840497 22255.8850670206 597.744325459468 321.179043057981 0 0 0 30351.9790787613 0 0 0 0 0 0 0 3470.74726041256 631.044956438649 0
729159.700946678 48577.2404796753 300528.772895032 1509.95011607094 85779.7037493792 6770.09832789624 565.636329869644 1658.27016704594 0 0 7745.66435471545 0 0 0 0 0 0 0 5687.50150119033 1034.09118203461 0
293836.507081245 0 80510.4921953203 274.677053837755 28791.9567755938 369.550479035529 198.56628354776 582.134715894788 0 0 0 0 0 0 0 0 0 0 2291.94725512034 416.717682749151 0
427379.28940942 111370.566592099 108287.500996295 3268.74151370829 11551.8998855961 3347.29268849453 1798.56205527216 0 1392.36554977789 0 317819.838187965 0 0 0 0 0 0 0 3333.59118302602 606.107487822912 0
190215.995731067 133306.682929835 24439.2419593103 865.857304611704 11966.4776502465 1164.92432558517 625.935310784944 0 484.570860689372 0 134044.841574096 0 0 0 0 0 0 0 1483.69933207536 269.763514922793 0
392269.586489351 260499.101541319 20841.9608272925 293.914419359579 10450.7363206652 1543.7007527797 829.458866321413 0 642.129609616948 0 184793.425340847 0 0 0 0 0 0 0 3059.73281180092 556.315056691076 0
57521.6251691183 0 7518.2816469843 119.162400975091 261.033896694231 160.321081605091 86.1434720143325 0 66.6883872143422 0 8876.21367548815 0 0 0 0 0 0 0 448.673080911521 81.5769238020947 0
281179.588691213 0 110941.012165819 306.277246322483 19530.1769582561 412.065374645428 221.410320548364 649.106342455135 171.405874928332 0 7007.53711222749 0 0 0 0 0 0 0 2193.22232250231 398.767695000419 0
73.8228944146636 171.913417946221 0 0 0 0 0 0 0 0 412.188801384467 0 0 0 0 0 0 0 0.575824229260745 0.104695314411045 0
7936.97864567745 3088.01228199508 0 722.994759273068 1583.77254703022 972.717072272656 522.658811020158 0 404.618856835731 0 94578.3925580303 0 0 0 0 0 0 0 61.9090411930315 11.2561893078239 0
163324.45935634 0 91682.1783070111 238.304751066626 522.023870471301 0 0 505.049353851344 0 0 4951.99289264076 0 0 0 0 0 0 0 1273.94328919203 231.626052580369 0
114980.351366614 0 427861.129381778 376.5110356683 16925.7678660016 0 0 79646.4628468267 192.603675950054 0 0 0 0 0 0 0 0 0 896.855545028034 163.064644550552 0
825894.571660263 1712.44317456091 302124.471490037 630.780745797644 57187.719777911 848.65234834504 455.996548224615 1336.8403553058 0 0 5264.99621698692 0 0 0 0 0 0 0 6442.04090001706 1171.28016363947 0
14257.3851854605 52333.6019080171 2604.95974744445 698.981598338447 4260.73977187603 964.01690728061 517.984052017732 0 188.268479377464 0 55074.2201078135 0 0 0 0 0 0 0 111.208696174619 20.2197629408398 0
337777.310761436 203432.63457005 16947.0015386935 1156.29435292471 27523.0861873156 1555.67829951244 835.894622938335 0 647.111881857092 0 155553.308817226 0 0 0 0 0 0 0 2634.68888849659 479.034343363016 0
180317.62759808 144833.390593355 8104.20924025481 1267.68200043269 9861.69822971401 1080.32615767106 7997.1250710345 0 449.380757659897 0 127453.084997194 0 0 0 0 0 0 0 1406.49130269222 255.725691398586 0
54272.7275402462 137876.941107188 8785.77099242692 410.802502301476 3217.19849038606 552.693642928675 296.972481007848 0 229.902688414512 0 58148.5429572637 0 0 0 0 0 0 0 423.331430629102 76.9693510234731 0
33883.4086405412 84463.2676256095 10171.0487341908 727.245546587004 9146.49402913292 978.436081072972 525.731739855265 0 399.170899239808 0 96708.5170670746 0 0 0 0 0 0 0 264.293181943988 48.0533058079978 0
153757.923763422 0 113709.994839224 259.459488528183 2037.45903571507 0 0 0 0 0 2659.12892453965 0 0 0 0 26091.505070916 0 0 1199.32357903077 218.058832551049 0
148045.429172894 110045.528594734 15928.6997903889 553.043470249868 1211.48190116445 744.064626086427 399.799637405236 0 309.506830918053 0 70075.3711222749 0 0 0 0 0 0 0 1154.7656838029 209.957397055072 0
31217.3975109307 20745.8279672215 1820.19192576138 757.9434493117 1660.33019164372 0 0 0 424.177641778454 0 116670.82122718 0 0 0 0 0 0 0 243.498090989066 44.2723801798301 0
612460.489356973 15698.3315281059 204942.20657953 521.042260094013 56834.6721068376 0 0 1104.26693388145 0 0 8007.27907357194 0 0 0 0 0 0 0 4777.23871480425 868.588857237134 0
553.173474241717 2094.53727412177 0 0 0 0 0 0 0 0 8511.2359536262 0 0 0 0 0 0 0 4.31479545713199 0.78450826493309 0
61952.758622438 142677.396563744 1574.14723525392 864.37131955429 1560.76334927184 1800.65150194486 967.523239691175 0 749.012814768657 0 193515.473199866 0 0 0 0 0 0 0 483.236261151748 87.8611383912271 0
945598.892354993 2024366.10244912 66233.165345965 2263.04712669836 26233.5805066792 4113.01940923498 2210.00113538772 0 9961.22302676968 0 366059.72366854 0 0 0 0 0 0 0 7375.74376753201 1341.04432136945 0
377350.698443404 273985.29336196 24177.0337489883 1601.03541536129 32342.3182116898 503.99856178896 1115.57463177504 0 2400.54620301449 0 170110.299245026 0 0 0 0 0 0 0 2943.36434266138 535.157153211161 0
133382.796109401 74280.7318014453 21214.6197563457 516.931828964973 11458.8543782357 695.480027740343 373.694237254166 0 289.297208610627 0 73663.2301237353 0 0 0 0 0 0 0 1040.39602314865 189.162913299754 0
80879.6131101408 3340.66783234013 5824.70395976873 241.111874764508 528.173078873992 324.391890678315 174.301741708287 0 0 0 34715.338853975 0 0 0 0 0 0 0 630.867175438237 114.703122806952 0
117510.757632961 4330.55578191984 73116.0504806545 316.177370078407 3308.64946788245 12446.0962485073 341.327019854199 714.760633721464 377.485671527928 0 8560.18085738964 0 0 0 0 121220.213195858 0 0 916.592907665854 166.653255939246 0
20043.2951139534 19179.3635550822 1575.94318189996 497.121556011347 1088.98088519941 668.827288614342 359.373229286782 0 278.210530742922 0 58554.9801097729 0 0 0 0 0 0 0 156.339236660238 28.4253157564069 0
825840.55033964 15361.4574609792 306321.598801833 843.961739768227 124379.707514556 16041.9777520004 610.106828294677 884.639466414459 472.317164098752 0 9478.86186713971 0 0 0 0 0 0 0 6441.61952957961 1171.20355083266 0
0 0 0 18.9881867278162 41.5950025524882 0 0 40.2424684978732 0 0 0 0 0 0 0 0 0 0 0 0 0
0 0 0 0 0 0 0 0 0 0 0 0 0 0 0 0 0 0 0 0 0
0 0 0 0 0 0 0 0 0 0 0 0 0 0 0 0 0 0 0 0 0
0 0 0 0 0 0 0 0 0 0 0 0 0 0 0 0 0 0 0 0 0
112285.948302606 6507.88115205396 98386.0877321363 11.1316991822507 0 0 0 648.181458093111 55.4237710523464 0 2908.1528394289 0 0 0 0 1102.35186406646 0 0 875.838994810762 159.243453601957 0
0 0 0 0 0 0 0 0 0 0 0 0 0 0 0 0 0 0 0 0 0
0 0 0 0 0 0 0 0 0 0 0 0 0 0 0 0 0 0 0 0 0
0 0 0 0 0 0 0 0 0 0 0 0 0 0 0 0 0 0 0 0 0
0 0 0 0 0 0 0 0 0 0 0 0 0 0 0 0 0 0 0 0 0
0 0 0 0 0 0 0 0 0 0 0 0 0 0 0 0 0 0 0 0 0
0 0 0 0 0 0 0 0 0 0 0 0 0 0 0 0 0 0 0 0 0
0 0 0 0 0 0 0 0 0 0 0 0 0 0 0 0 0 0 0 0 0
0 0 0 0 0 0 0 0 0 0 0 0 0 0 0 0 0 0 0 0 0
0 0 0 0 0 0 0 0 0 0 0 0 0 0 0 0 0 0 0 0 0
0 0 0 0 0 0 0 0 0 0 0 0 0 0 0 0 0 0 0 0 0
0 0 0 0 0 0 0 0 0 0 0 0 0 0 0 0 0 0 0 0 0
0 0 0 0 0 0 0 0 0 0 0 0 0 0 0 0 0 0 0 0 0
0 0 0 0 0 0 0 0 0 0 0 0 0 0 0 0 0 0 0 0 0
0 0 0 0 0 0 0 0 0 0 0 0 0 0 0 0 0 0 0 0 0
0 0 0 0 0 0 0 0 0 0 0 0 0 0 0 0 0 0 0 0 0
0 0 0 0 0 0 0 0 0 0 0 0 0 0 0 0 0 0 0 0 0
0 0 0 0 0 0 0 0 0 0 0 0 0 0 0 0 0 0 0 0 0
0 0 0 0 0 0 0 0 0 0 0 0 0 0 0 0 0 0 0 0 0
0 0 0 0 0 0 0 0 0 0 0 0 0 0 0 0 0 0 0 0 0
181614.866298606 0 141488.144694382 52.3492600137296 1910.87749186551 834.572436427531 448.431152045354 1971.99144258174 938.108406960292 0 0 0 0 0 0 125076.189367969 0 0 1416.60986388953 257.565429798096 0
36726.9072218693 0 84246.2244869599 0 815.502161975922 0 0 797.289788813529 14.2051885634699 0 0 0 0 0 0 0 0 0 286.47268861302 52.0859433841856 0
0 0 0 0 0 0 0 0 0 0 0 0 0 0 0 0 0 0 0 0 0
0 0 0 0 0 0 0 0 0 0 0 0 0 0 0 0 0 0 0 0 0
0 0 0 0 0 0 0 0 0 0 0 0 0 0 0 0 0 0 0 0 0
140354.316794164 112869.656190813 18544.0470936844 4418.57603928592 10175.3516335581 9.81070435732439 371.33047810612 0 155.703035348485 0 107504.962684386 0 0 0 0 0 0 0 1094.77441831872 199.049894239768 0
20362.574970468 49514.8732998447 1590.51179193134 1140.91380038942 70.3480149484504 6.73340745405402 1607.75535282256 0 106.864088514869 0 124897.669796935 0 0 0 0 0 0 0 158.829643989207 28.8781170889468 0
45377.2167439915 37567.0730524165 5084.3249549388 4452.38089263083 840.411034223298 9.99275217233621 4198.49066229311 0 158.592266981965 0 193272.545246642 0 0 0 0 0 0 0 353.945765264068 64.3537755025579 0
195004.500997752 246597.431704556 731.848258261237 1878.04740804843 2727.58402625151 8.60663026841366 23125.0199970748 0 136.593501149965 0 142808.934655788 0 0 0 0 0 0 0 1521.05003982481 276.554552695419 0
616186.575318032 333943.262742733 102152.547253423 3249.02201592379 20912.3529627555 11.0362305671392 417.716060307705 0 175.153030355707 0 105753.078406329 0 0 0 0 0 0 0 4806.30247061739 873.873176475887 0
34975.3421995385 23272.383470672 1343.56476481477 1793.06576283424 485.112262165503 5.68796097476443 3015.58257886926 0 90.2720902045489 0 108177.68624716 0 0 0 0 0 0 0 272.810347316587 49.6018813302886 0
5676.92787260669 5091.57829276466 328.603049181259 0 0 6.68972755541875 253.202995531995 0 0 0 7932.01764641743 0 0 0 0 0 0 0 44.280472104644 8.05099492811706 0
10005.7181932027 10431.8669453579 1861.0497119588 3617.58881975329 507.248088513347 2.42487689595766 91.7804333235471 0 38.4845653579547 0 29352.2371174169 0 0 0 0 0 0 0 78.0453680729254 14.19006692235 0
67771.1318861674 131004.710137802 536.539060504404 170.427461916052 95.3202957057335 9.12364606304727 2998.92190163794 0 144.798918989048 0 130583.118240655 0 0 0 0 0 0 0 528.62001813802 96.112730570549 0
960.247850683185 1084.90095940306 0 255.356597849454 0 0 0 0 0 0 11.1516278075741 0 0 0 0 0 0 0 7.49000676420379 1.36181941167341 0
173.152055087096 16.8932922769148 0 107.50202404691 0 0 0 0 0 0 15.7059453429109 0 0 0 0 0 0 0 1.35059928841853 0.245563506985188 0
