212261.473910554 2327.84269038443 23270.0091341415 0 7745.16340012807 527.459328861439 0 0 248.836361552779 2302.53363389782 10071.8818531196 119740.514127193 0 0 0 0 0 0 534.613863516697 97.2025206394 0
44201.5122668485 859.938631449509 570.044661121013 0 6285.77818846017 0 0 0 0 826.285606321185 5038.13610962196 22863.460325075 0 0 0 0 0 0 111.328451701124 20.2415366729318 0
688133.584705137 5282.414097386 40498.0868952248 0 17562.0370841553 231.228257241059 0 0 927.179014027185 2552.35487320104 7286.13922812775 199019.973041937 0 0 0 0 0 0 1733.17252328999 315.122276961819 0
0 0 0 0 0 0 0 0 0 0 0 0 0 0 0 0 0 0 0 0 0
6746.02944264052 1628.12501702057 1587.60150653161 0 1187.22187745052 37.8792784849829 2.71939155881003 0 379.112111393244 5252.77828550085 44611.4954352674 0 0 0 0 0 0 0 16.9909347998178 3.08926087269417 0
32714.4314807373 0 2876.92077164531 26.7158825989241 0 41.6142983189872 2.98753239503547 0 159.463416718375 2427.30735527806 23648.4077829487 14958.6935463467 0 0 0 0 0 0 82.3964343809244 14.9811698874409 0
203742.031291428 7284.93737389205 12846.076020777 0 4207.67262993498 912.025125305793 0 0 553.075370417357 10905.8493629248 54676.6359863085 63771.6649794808 0 0 0 0 0 0 513.156309068831 93.3011471034247 0
27075.6528781597 1200.12628628892 4780.04861550249 23.2347944670047 116.136682323049 2183.24703198556 2.59825595898383 0 0 677.09099910388 13055.5482297776 0 0 0 0 0 0 0 68.1942847458487 12.3989608628817 0
383209.66349369 0 46804.9811750019 200.067094704114 18854.6663764175 5881.2427228092 22.3727187150179 0 860.456785914948 5610.48673785762 12530.5777641171 211754.84517941 0 0 0 0 0 0 965.173731072956 175.486132922357 0
345983.141962391 41367.5479648227 23374.1689139223 99.1552338495023 9506.00642462116 398.984597367707 154.752463317615 0 200.383314947464 23119.0379505344 142618.80886209 122459.531701896 0 0 0 0 0 0 871.412889152479 158.438707118633 0
171069.226670936 15235.27599089 11718.0249609744 0 8284.58943360118 154.624493911549 11.1006481735136 15948.1456301422 0 10872.3428533622 41212.0156515152 79712.5765376603 0 0 0 0 0 0 430.864718474072 78.3390397225592 0
39972.1301056799 131.198423701658 15707.3035573886 0 1927.67897106222 4588.50534310762 5.33612582963177 0 0 2461.37482693108 23172.9109737379 35223.8891189836 0 0 0 0 0 0 100.676088388017 18.3047433432758 0
278486.449467523 9196.16326414245 39995.7788070065 178.040399388377 2296.61476515706 6057.55199116332 19.9095597470266 0 0 325.770197682055 3397.1910762116 208834.103889416 0 0 0 0 0 0 701.411866901567 127.52943034574 0
305673.710384579 103147.779193203 36441.9072638937 0 9327.02613091837 402.381179636099 0 0 773.479595697213 44187.6399509522 171816.511776812 178253.605307307 0 0 0 0 0 0 769.887254024471 139.979500731723 0
8528.92386813568 1855.50033677837 19.3430143723888 174.369086710827 0 0 0 0 0 4198.36438462311 19481.3013067431 664.585551955581 0 0 0 0 0 0 21.4814344627854 3.90571535687008 0
191437.133839796 15313.8593833935 11811.5041168346 0 9022.46414528973 147.979426700526 10.6235921047571 0 0 6647.41540629658 47131.9033777318 66782.4029981336 0 0 0 0 0 0 482.164492016031 87.6662712756427 0
51724.5772930687 2286.22474072889 2485.1806999441 32.7655584399973 498.633188529217 51.0376446842585 3.66404392287836 0 195.573097021244 6875.24162297619 29266.4163264572 14230.4996768836 0 0 0 0 0 0 130.276472672889 23.6866313950709 0
452118.067460621 27316.6709975452 48723.3591507859 200.471018432501 6353.85319186486 312.265961435886 22.4178879217327 32819.0356664107 0 10073.3255244039 9372.50936074559 207581.013845455 0 0 0 0 0 0 1138.73037041418 207.041885529852 0
133897.377532076 2300.97797712907 20061.5670124813 0 0 139.308232108871 10.001078310396 0 0 3483.39897652185 55721.0798446907 70705.5654776863 0 0 0 0 0 0 337.241577561748 61.3166504657725 0
30849.4910060999 0 5349.65765933913 0 0 4122.73109904756 3.63735302800141 0 1068.63880284956 1107.19282872332 13800.4016129923 11512.5476257618 0 0 0 0 0 0 77.699288855615 14.1271434282937 0
604997.958763526 13784.7918107742 44248.7193516696 249.369657787676 10972.3045913977 0 27.8860310237174 40824.2136795945 254.757598246722 4731.1201258139 12456.3672794425 264618.262600991 0 0 0 0 0 0 1523.782390631 277.051343751094 0
87199.862612464 1010.59669341277 12615.920882035 632.049723621827 1577.36936908915 827.974702695334 7.59520210910228 0 0 4918.49121990554 25228.8162528692 58150.5133736123 0 0 0 0 0 0 219.626551114119 39.9321002025674 0
147397.567224971 0 20576.1574205526 0 4938.36812144318 0 7.79764228101519 11415.4866429883 416.209271084268 0 3317.48351859822 91443.116761761 0 0 0 0 0 0 371.243925877526 67.4988956140959 0
295066.246066337 0 34734.5940679988 0 10691.750870402 3346.22965841464 16.6520386845819 24378.0258611224 0 1207.26602670409 4557.07346630973 169050.550003723 0 0 0 0 0 0 743.170688946442 135.121943444808 0
185196.993083419 96413.4536778182 19115.7265056827 122.412587129385 8657.22193036918 1076.6308985479 1632.81434307279 0 0 25250.3841458267 90204.2183901201 88118.5765903532 0 0 0 0 0 0 466.44771733623 84.8086758793151 0
248073.417673291 0 8750.65863059378 0 1132.08201692004 1727.40411876983 13.4663777237291 19714.3251119556 2266.17281909776 2706.2347794372 12544.3204464642 89997.3218581289 0 0 0 0 0 0 624.811869128904 113.602158023438 0
185814.269167595 0 9545.82916544662 0 1235.48358258035 0 11.6208678516762 4528.98047542595 552.612106481897 0 2977.67929966241 85191.2716934502 0 0 0 0 0 0 468.00242411433 85.0913498389694 0
0 0 0 0 0 0 0 0 0 0 0 0 0 0 0 0 0 0 0 0 0
6356.3761854666 4468.52946303452 77.6377800635322 211.59523408528 0 5.60264799634143 0 3744.06264477712 8.98929345681719 2425.04101304599 8269.00770049928 224.92027215095 0 0 0 0 0 0 16.0095318659184 2.91082397562154 0
12330.5178275481 40129.5928057421 0 0 195.540947599473 0 0 0 132.361303170704 7278.10015048311 40232.0762793109 0 0 0 0 0 0 0 31.0563459939268 5.64660836253216 0
42206.6908617711 12174.6534954311 0 1212.35875802725 146.686015682715 17.668174940048 43.2695866221941 0 860.508205779747 9515.93359682513 38530.1316756895 3922.21273667928 0 0 0 0 0 0 106.304180651148 19.3280328456633 0
36940.9233607788 81962.5033217101 0 1283.35944292856 106.058487718913 38.9432443867304 0 44882.045518088 0 31821.7207059527 104168.860760731 2982.38983908469 0 0 0 0 0 0 93.0415180670157 16.9166396485484 0
47178.0810081511 71992.4990040444 428.394688659967 471.004192490943 242.122784810715 26.0012077217236 63.6772905868524 34052.6849588514 257.167820592212 24919.9074894901 55613.6906448633 5406.1005567945 0 0 0 0 0 0 118.825407627669 21.6046195686672 0
8275.88362524765 15513.629319777 0 0 6.29780780869809 13.9732941609811 34.2207762911323 0 40.7296835748596 6315.47548001061 34752.9826514286 911.86444599044 0 0 0 0 0 0 20.8441128641774 3.78983870257772 0
10193.6045393626 22463.2335575665 23.0560095920199 1106.36453775953 185.626840453009 3.60211417730232 8.82162373571069 0 45.8770972051724 20842.0048473763 10544.2303226547 2154.38873931845 0 0 0 0 0 0 25.6741942169234 4.66803531216791 0
3270.05235623465 2292.52664722368 191.155186432277 1146.36923222269 0 0 0 0 0 542.768622517713 3189.69128015712 191.299140151177 0 0 0 0 0 0 8.23614051038382 1.49748009279706 0
47636.484782923 40170.3444509747 331.84278867346 904.987891344925 1200.40706302555 8.5935289617034 0 0 33.2412036397219 26933.3126900342 55114.0574341075 5290.40200816863 0 0 0 0 0 0 119.979969539289 21.8145399162344 0
11491.2349888706 8091.25951819317 37.3522605486441 907.115108202731 0 0 0 0 55.9931321800321 5613.85322862988 2269.68418099945 1991.21135004285 0 0 0 0 0 0 28.9424803323807 5.26226915134198 0
17832.7303184609 18792.4950238742 204.141409043825 134.159310617264 66.0803030011662 0 0 0 32.8551236665235 5095.8729082519 4253.60442074713 410.134800256468 0 0 0 0 0 0 44.914532425329 8.16627862278717 0
400.58871601543 292.496840522764 2.24320947835318 6.6693880729077 0 0 0 1343.41650028011 0 107.505368281123 99.6943631291664 5.04935403753365 0 0 0 0 0 0 1.00894560470474 0.183444655400862 0
60064.5570006764 36470.6044719233 83.4302938712465 2354.53225956676 0 41.1622499439705 0 0 480.605774589073 35684.9069901262 120567.185262631 5979.699677417 0 0 0 0 0 0 151.282021588534 27.5058221070064 0
425.634095424107 380.869893890326 0 1.94423828777785 0 0 0 0 0 319.565374171334 5021.61812373412 2.17571910042319 0 0 0 0 0 0 1.07202632680769 0.194913877601399 0
6540.87002859939 7940.43817290348 407.973338646419 396.610331349119 0 0 0 0 0 4348.73236877532 12660.6206693944 823.169492262209 0 0 0 0 0 0 16.4742085896551 2.99531065266457 0
278449.650247037 190426.758962636 8491.01470264417 17871.7475489547 3906.78666973387 183.72050916332 44.2777949021585 0 2478.06393788197 79894.7537417347 219409.782258602 16293.4625837662 0 0 0 0 0 0 701.319182284447 127.512578597173 0
42029.2740881225 47838.4206662643 0 1368.98023940255 0 27.7107918483503 67.8640839996421 0 0 18334.4068903709 77912.7687750643 4727.10797373272 0 0 0 0 0 0 105.857328638554 19.2467870251917 0
1834.06833588467 2794.11269705547 349.21021445293 121.862301538388 0 11.767874001444 6.68009984962401 0 98.7868165367631 957.035785966414 8428.63432577544 133.994558931763 0 0 0 0 0 0 4.61938919454659 0.839888944463022 0
1494.29872820364 731.025221228977 65.8378140534101 21.9660744394927 0 0 0 0 8.81000498797128 274.457166427208 2883.68113487791 137.525216162186 0 0 0 0 0 0 3.76362606748729 0.684295648634056 0
236109.315400188 40251.0441101086 19547.6043338114 417.023033252905 3532.16976437401 3610.24745388618 347.313767104874 0 1032.24486024289 17585.203023896 168188.443637168 116273.570118142 0 0 0 0 0 0 594.678398264436 108.123345138989 0
178830.695627061 131632.926724888 4946.28613108349 5835.6229513207 5260.34269460776 381.511018855611 973.577642093346 0 1348.85049785988 74775.9710614124 137715.982253464 35719.2100973395 0 0 0 0 0 0 450.413197191167 81.8933085802125 0
67864.8473396221 27826.1580136308 1459.14849091104 105.953792361891 1804.92856382486 33.6129452504871 13.6530337923644 0 303.919724138152 12986.4013927797 12155.4444416329 16382.9640058845 0 0 0 0 0 0 170.92827805622 31.0778687374946 0
110657.687233786 123929.293366766 1355.04622596093 837.472373015795 1897.65544891691 20.5510221247333 0 0 0 45507.754477507 27501.8559130852 16111.1940263535 0 0 0 0 0 0 278.708767116194 50.6743212938537 0
137986.030367339 96955.1082142251 1426.64430297372 2664.73201753662 94.9777501960417 67.512264179821 477.006882669352 0 2329.64558804868 67091.6269866769 346788.343420526 21794.6315037516 0 0 0 0 0 0 347.539491962172 63.188998538577 0
45845.2441438519 15172.8447853998 1870.21539084972 3107.51947249184 48.4166216785439 11.7179457438944 95.5810824468139 0 444.146167812765 11834.1441605837 10803.2650493347 20564.6651212721 0 0 0 0 0 0 115.468448626429 20.9942633866237 0
1200.15920877101 0 0 190.731062389042 0 0 0 0 0 764.388895214757 3269.98862728385 96.6066578829207 0 0 0 0 0 0 3.02278948513562 0.549598088206481 0
0 0 0 0 0 0 0 0 0 0 0 0 0 0 0 0 0 0 0 0 0
162945.322954158 70177.4572465867 7364.55826189549 3093.33181369447 848.573432584856 32.5364480609115 438.538585679888 0 2060.80700010295 73345.1372519853 93433.7487416967 46943.2088896877 0 0 0 0 0 0 410.403390881979 74.6187983421786 0
139842.450561456 46265.2491919359 6038.48928462435 545.588614707925 2929.55054473295 22.669968691052 0 0 3441.02539345948 23844.8394439139 18412.3721721132 29700.8249474929 0 0 0 0 0 0 352.215177822647 64.0391232404817 0
24373.7408790152 5987.72525934706 453.008692685101 2298.74220385511 0 11.0690290661416 0 0 197.908252629768 20423.1366130203 42311.7192978587 1923.6698225632 0 0 0 0 0 0 61.3890949667869 11.161653630325 0
56555.6109766952 30475.4442910851 3720.62601231843 296.375513113512 0 9.77183662188462 0 0 2682.97011418848 16388.5830820835 13588.7643048464 18173.1529733774 0 0 0 0 0 0 142.444189851143 25.898943609299 0
190040.858197812 11218.2555784417 10980.6857915186 2825.56076856582 0 29.0735251436087 341.462271311924 0 1203.81630396006 18498.6371075928 55517.6881459532 58129.7514164359 0 0 0 0 0 0 478.647752488397 87.0268640888 0
332846.678866374 180794.589268684 21264.6657980566 1766.36483336613 11727.7470633736 732.003496994985 455.464636355252 0 412.6813134864 64321.5156978902 146587.695523943 134475.705088885 0 0 0 0 0 0 838.326643404156 152.423026073484 0
156101.152122733 35894.6241616535 8701.17878366386 1418.07558525288 2450.63701672498 0 0 0 795.35928738337 21400.7598490349 67704.6988513918 52935.1097308525 0 0 0 0 0 0 393.165271578719 71.4845948324947 0
1755.1407351802 1082.85292817886 0 49.8343121457829 0 3.4415604913079 40.4203844017761 0 0 2556.81672885566 5802.98806967377 0 0 0 0 0 0 0 4.42059763443285 0.803745024442342 0
436064.105435499 395659.143497099 25506.3441387545 1120.66179743937 25950.0319702295 2791.11730854722 6212.52005437844 0 719.213627703333 124765.727278271 215177.42311849 125093.249526759 0 0 0 0 0 0 1098.29594533986 199.690171879976 0
51563.7397549447 44677.0150301645 2061.02025092611 2689.5467828665 2859.56899673571 451.883153894955 892.684308995502 0 1197.42570094282 21096.281821136 116142.157052101 4503.64985367353 0 0 0 0 0 0 129.871378069187 23.6129778307615 0
91350.5763777227 100967.461613776 2680.14606695158 1895.31855110548 1009.6662500007 533.147528797591 910.269816190685 0 464.13108354048 58106.3313381914 81483.1121726287 13998.3047272352 0 0 0 0 0 0 230.080775715103 41.8328683118373 0
9660.07359441175 2452.21438523607 85.0861351380164 509.63819634969 0 4.23046523083404 0 0 30.6024065476317 2697.1035800679 3956.38863442462 3626.79222362253 0 0 0 0 0 0 24.3304127264298 4.42371140480545 0
116.980586050356 14.0623194557561 0.3612878174842 20.1778007127695 0 0 0 0 0 54.8135558519223 37.8742200614665 28.8369836526858 0 0 0 0 0 0 0.294633980970012 0.0535698147218203 0
102387.893626644 54199.1753238848 5613.26708264717 1579.99452471707 1054.25302717606 20.5245032510845 658.357425619682 0 1040.36850814616 42507.6877550624 49506.6388873166 32097.9857950123 0 0 0 0 0 0 257.879992919219 46.8872714398585 0
12344.6542265565 7992.90975467704 0 0 294.906017604394 7.46800947364716 87.7101577622447 0 130.728517478776 6523.60405742082 36705.487627073 0 0 0 0 0 0 0 31.0919507353376 5.65308195187957 0
1129561.15056673 621070.765658373 43892.9017465719 2372.92491310309 24046.1932891486 435.129139850386 225.314310938288 0 9647.38006160934 228360.457481084 148724.602178576 207313.757235808 0 0 0 0 0 0 2844.9771861912 517.268579307496 0
186026.357064428 109924.040753154 9422.41724292223 562.848714867173 6724.32867288294 1431.76484870384 0 0 3286.00697802761 23167.3133438364 56791.036280096 56190.1519498598 0 0 0 0 0 0 468.536600796709 85.1884728721297 0
46477.4058367154 3149.87335310093 2278.53925836102 1239.63611150291 401.794177171108 9.15729855684318 0 0 1124.62100818209 9810.25594186243 30520.408577407 11737.5494405787 0 0 0 0 0 0 117.060647148199 21.2837540269454 0
135021.652250581 16992.5669252147 2742.69745553316 3164.50554437911 305.247936046721 150.318683140199 0 0 669.388587229909 25246.1257118701 83277.9064871644 37774.9828285516 0 0 0 0 0 0 340.073240038414 61.8314981888028 0
4.31304621974863 3.32351241223655 0 0 0 0 0 0 0 6.6497084091963 94.6004068442188 0 0 0 0 0 0 0 0.0108630843863713 0.00197510625206753 0
115548.304491963 79567.3653140054 1843.75202754126 1616.64562162688 1623.69740501811 18.3908388754266 566.692969364788 0 1243.89296694956 39443.7445232684 34428.1678160408 27713.9926088217 0 0 0 0 0 0 291.026554886184 52.9139190702152 0
47585.9326953628 12695.6868236604 1465.78507741083 1025.65966238985 649.014626339617 10.8208054017696 0 0 195.184180289368 10714.2198348765 13198.4721261878 29944.6742364113 0 0 0 0 0 0 119.85264616618 21.7913902120328 0
308618.714311317 32986.6558869168 6875.70475927954 3494.05393415744 8644.39993409273 34.1297903859754 178.053260351233 0 2978.02100603545 33279.6613710492 40876.2343733163 101527.326476456 0 0 0 0 0 0 777.30470900742 141.328128910441 0
163272.397394837 87724.8512407084 8426.86103527396 3556.50615736215 6155.29692853835 28.4333889991425 292.139238279986 0 420.588330778921 32417.328494832 80606.3290388815 54810.8890047457 0 0 0 0 0 0 411.227179236822 74.768578043059 0
9422.92818119261 13813.1065624475 896.388844658805 548.782242955293 4.45504417087221 0 0 0 77.0862888992663 16691.6426253335 25575.4108298461 325.632653416862 0 0 0 0 0 0 23.7331247530609 4.31511359146563 0
130338.10558663 15888.5317626118 3857.2325422067 1860.14086363088 2125.65481480419 172.211593313529 86.6964758902966 0 925.508981467095 16027.4267134114 25994.6828540557 33619.0037652608 0 0 0 0 0 0 328.276992086084 59.6867258338338 0
184561.39260693 34983.084912642 5302.61487949679 2355.22232946818 3418.93517997362 0 0 0 2259.348954859 34193.0954547459 41522.1404436316 64020.384752188 0 0 0 0 0 0 464.846857697747 84.5176104904997 0
3242.15006818104 1699.84724635558 36.3434352891715 265.011369197081 22.4539789865642 0.865273507366226 0 0 4.88149836380062 5984.28406194237 16466.5291535876 440.413559347608 0 0 0 0 0 0 8.16586421510288 1.48470258456417 0
13268.4616758828 10835.1983333369 0 2388.03180998801 304.43272117171 0 0 0 134.95159791617 5222.96924780445 47769.5638386388 1846.54304848144 0 0 0 0 0 0 33.4187049057057 6.0761281646738 0
5733.23571916161 38815.2380675904 229.195082010505 239.945283168795 0 26.415744695698 0 0 269.163533861865 17542.6186843298 210216.314791175 229.65266917782 0 0 0 0 0 0 14.440054720267 2.62546449459401 0
76428.6387471136 50406.0128651369 1978.71384883148 2672.31142284658 1142.26574235773 45.3936819682933 0 0 0 60908.3808816528 284602.705799743 10172.6810750715 0 0 0 0 0 0 192.497531893774 34.9995512534137 0
123994.307945375 51300.1643712482 2626.34596473002 339.515826898295 1290.32550183 18.3436942111621 200.035144345212 0 3913.64861388205 39296.8285517648 25022.6760176621 49678.6179333742 0 0 0 0 0 0 312.299141259567 56.7816620471942 0
356.180445866277 1459.57868653671 0 0 0 1.09917879782389 12.9096174966372 0 0 213.696132385712 11265.1991842129 0 0 0 0 0 0 0 0.897096400800045 0.1631084365091 0
18350.7881323444 10278.7905605299 0 403.888858297973 428.759838871569 10.8576371707262 0 0 675.20866227054 14325.3718300972 62946.982222814 3102.00588754765 0 0 0 0 0 0 46.219342404751 8.40351680086389 0
779640.718909804 86820.688609897 49061.1883444888 757.680962321197 19564.0446395484 0 0 0 1347.55071419535 64253.3807545842 148129.624483291 222001.252388128 0 0 0 0 0 0 1963.64761448395 357.026838997083 0
107133.78493483 3024.03234770987 16088.5618573893 0 136.216871617122 544.661156844292 4.94830533348252 0 0 51.6084154942234 1029.78499721193 59134.4219788528 0 0 0 0 0 0 269.833265650985 49.0605937547249 0
10534.4140935787 0 0 179.243212431889 606.550978366897 163.706356054417 32.0846879239864 0 219.474860525749 7194.6241697233 126256.771259592 11642.7123858567 0 0 0 0 0 0 26.5325766126834 4.82410483866974 0
1232.83370454583 0 0 0 0 28.1780300396473 5.52259131486792 0 0 907.046432761801 20880.6315582359 0 0 0 0 0 0 0 3.1050853351682 0.564560970030588 0
36270.5164172523 16130.5563984038 4376.34475991673 120.335464775061 1891.27083348706 0 21.5401508437191 0 147.345101605136 0 55435.2320518703 36988.9944497233 0 0 0 0 0 0 91.3529928739884 16.609635067998 0
0 0 0 0 0 54.7595263454201 10.732279161318 0 73.4140060091633 4220.10805101852 55432.4835154009 0 0 0 0 0 0 0 0 0 0
1439.22712986883 731.155175749084 146.452756720485 0 0 49.4609312207204 9.69381141266786 0 0 1926.94136537425 62620.5719767248 1506.7938733528 0 0 0 0 0 0 3.62491959657955 0.659076290287196 0
0 0 0 0 0 0 0 0 0 0 0 0 0 0 0 0 0 0 0 0 0
191722.283803713 96768.0582527227 7938.8937388717 136.013985699317 3063.03244382233 523.030576029616 963.06161355082 0 705.890845141962 42599.2440851299 257378.45207007 42217.3637228834 0 0 0 0 0 0 482.882686990761 87.796852180139 0
2187.94951150952 4660.96889985889 0 0 179.767831775458 48.5188182450876 9.5091673857599 0 65.0473269570252 527.46688530233 50180.7776380625 0 0 0 0 0 0 0 5.51069452208027 1.00194445856005 0
195.425209949063 1114.78330971077 11.8110564713718 0 8.96473662564679 1.687166317909 23.2060651125046 0 0 45.6999734498035 16079.3485961291 84.9936596563156 0 0 0 0 0 0 0.492209088133707 0.0894925614788562 0
11885.9371884335 6480.6056608716 448.93795908978 0 16.9928324922078 84.8883429017419 16.6372036861012 0 114.365805908738 5051.85720069679 65069.2217878344 2489.18821653184 0 0 0 0 0 0 29.9365998207614 5.44301814922937 0
9129.18185883211 0 1360.76964109088 0 0 96.4717364142079 18.9074244332093 0 129.335973290781 2137.73384622734 60833.3576778247 7881.66265764632 0 0 0 0 0 0 22.9932784992977 4.18059609078144 0
568.045241931847 1455.06727778559 170.370748928148 0.855049752936884 0 106.949089167249 378.348848891217 0 0 154.368230927771 12366.4311994747 311.874993172183 0 0 0 0 0 0 1.43071116885504 0.260129303428191 0
112503.888737749 469.469058305932 15666.6119220775 146.69822221744 0 2141.08113477166 26.2591069139576 0 179.62505482757 1224.2997625306 24538.933599043 89282.0088763835 0 0 0 0 0 0 283.358715600393 51.5197664727989 0
60120.0172866282 2058.14691128751 8613.70284532281 0 0 65.0848316421203 12.755928127363 2869.17463150714 0 707.562440067703 408.676859259151 38660.3743737801 0 0 0 0 0 0 151.42170703026 27.5312194600474 0
3772.82177698862 716.907344481602 128.389125205498 0 83.9978576700208 22.6707790210154 4.44322925153348 0 0 365.698979644845 7743.30667025184 7682.68683948046 0 0 0 0 0 0 9.50244427024839 1.72771714004517 0
25283.0638869042 10026.9317391267 0 0 168.796568265076 78.2238300539652 15.3310307308176 0 104.871702019787 7390.51213172819 50710.4978609256 8089.28222941227 0 0 0 0 0 0 63.6793677962174 11.5780668720396 0
2473.21052701523 0 0 0 140.515730108712 37.9247894486265 7.4328514992882 0 0 959.24198639779 20708.9373327616 0 0 0 0 0 0 0 6.22916919768 1.13257621776001 0
82926.5515136433 14285.8749470805 1407.55394412091 207.963248999565 0 189.936931084031 37.2255989684675 0 254.641190867994 6460.04431220494 130835.833017657 52056.7518282588 0 0 0 0 0 0 208.863545871293 37.9751901584172 0
4144.6791814822 0 818.079110994482 53.3451227605703 0 48.721151233143 9.54882247878711 0 65.3185870681379 3581.34295752429 45180.4424844387 6826.27729161661 0 0 0 0 0 0 10.4390255538466 1.89800464615394 0
6129.44014330327 0 214.523445806406 3.18628892994417 0 1.27259877856587 0.249415695558941 0 0 0 6407.60390416708 5341.03789999787 0 0 0 0 0 0 15.4379577972146 2.80690141767541 0
134663.515583937 4227.46394767104 20079.8450156383 0 4585.84237196554 133.685198951702 26.2008634960737 5893.32678233404 0 562.113282274919 3584.09155613263 83217.0598430305 0 0 0 0 0 0 339.171216588307 61.667493925147 0
76.2263213857687 79.0787490566099 0 0 9.2654170153377 2.50070927424672 0.490112165383207 0 0 27.1861801182084 0 0 0 0 0 0 0 0 0.191987963839749 0.0349069025163183 0
78308.189266683 29502.7844912728 2654.26146046063 0 3095.5359405561 265.072021617214 0 0 0 17242.3990903875 146634.420643923 44282.7123772013 0 0 0 0 0 0 197.231475112152 35.8602682022097 0
0 0 0 46.0448266148275 0 42.0536469861312 8.24206324137475 0 56.379718719121 68.1349433060508 30992.4972292573 0 0 0 0 0 0 0 0 0 0
36672.1656090209 6151.04577627772 3395.72065923153 0 0 142.862896831776 348.055824683693 0 191.530830641884 9102.40258229272 90385.6217971023 11663.898056445 0 0 0 0 0 0 92.3646094534541 16.7935653551736 0
0.489034760546116 3.4423055129574 0 0 0 0 0 0 0 0 16.4518215821764 0 0 0 0 0 0 0 0.00123171086072687 0.000223947429223068 0
42181.8041187842 1418.91869198541 1276.91237812233 49.1290200078369 0 44.8705015542144 8.79413648961298 1978.05389541851 0 0 3493.1136948761 21992.6751524116 0 0 0 0 0 0 106.241499479791 19.316636269053 0
16087.5651284665 16202.2149752047 4963.27175017885 83.023993862324 280.94946537658 75.8274487266846 14.8613657227765 0 101.658965078794 3785.74778744245 38317.3469202799 11791.690021434 0 0 0 0 0 0 40.519059768379 7.36710177606898 0
0 4742.11170005992 0 0 243.725632986187 31.6018835718965 6.1936298421878 0 0 2699.84712850226 30852.3218693165 0 0 0 0 0 0 0 0 0 0
94540.3303180446 4708.39001685949 14445.8259374877 212.297042633738 3666.51051548463 0 38.0013517258122 8547.59553723048 241.001554463842 5989.48735999752 50529.0944539434 86618.292141968 0 0 0 0 0 0 238.114672051948 43.293576736718 0
14761.2271363541 731.703368325314 2377.24816817083 25.3346929780425 0 23.1386740558934 4.53493165415892 0 0 0 3727.01545254282 12077.7813170592 0 0 0 0 0 0 37.1784691975675 6.75972167228504 0
0 1715.59063282168 0 0 0 49.473577032474 9.69628985598208 0 0 1558.58682812591 54000.4960148295 0 0 0 0 0 0 0 0 0 0
43174.9434570402 658.425650578767 8924.84643845704 172.088299139689 100.629144554484 0 2.61737364090993 0 0 50.4928597714484 5469.12472155331 29377.0717110441 0 0 0 5573.25043384437 0 0 108.742876902899 19.7714321641635 0
0 359.003524478236 0 12.4302339778864 0 11.3527775016687 2.22502248532376 500.471467515528 0 123.42044602337 2726.6438809157 0 0 0 0 0 0 0 0 0 0
95921.4877396201 3362.5963647523 6686.0566295541 116.427435211977 0 106.335469581907 20.840610218286 0 0 0 11815.9582820661 56244.6504474835 0 0 0 0 0 0 241.593333966754 43.9260607212282 0
31567.7335193574 0 0 45.0963765702881 0 41.1874088810192 8.07228987435201 1815.68985764196 0 0 19061.1004154753 15729.3434996689 0 0 0 0 0 0 79.5082954448951 14.4560537172537 0
80030.8406080669 0 10155.1108529668 0 0 0 16.2678823035855 3659.11400156506 0 721.804555648475 13033.5599380222 42721.1589694748 0 0 0 0 0 0 201.570243104961 36.6491351099931 0
49090.0050601731 1127.19708674244 2117.92207489552 0 0 35.6453818800653 6.98611209190351 1571.3772754769 0 421.582238824704 522.225444069643 19338.9580545137 0 0 0 0 0 0 123.640888672678 22.4801615768507 0
47771.3532221336 11256.7193733422 3744.66435586425 0 0 190.24991492493 37.2869404404939 0 770.100073420045 18528.4461452892 105785.671635301 33657.7596064095 0 0 0 0 0 0 120.31965688822 21.8763012524038 0
14922.1281964126 1903.16749562405 3202.23230258016 85.8139600517356 0 78.3755797950066 15.360772050588 0 105.075147103121 3121.43209020845 64291.0165563637 17519.70214975 0 0 0 0 0 0 37.5837237912392 6.83340432567989 0
61453.4697354033 8576.89936150837 1829.94198071156 0 1561.59250947325 142.581527520262 27.9444483676139 0 191.153609549868 6928.47204743404 105851.636510567 36879.4221614404 0 0 0 0 0 0 154.780216477696 28.1418575413994 0
8648.44785862585 418.187619853095 0 0 48.9977741784545 13.2243576411808 2.5918320958255 582.97748499511 0 0 1710.90589759353 7740.48134884549 0 0 0 0 0 0 21.7824744073483 3.96044989224518 0
53009.5625058292 1465.90606500261 5986.95070274485 50.7559233689079 0 46.356384435246 9.08535357903157 2043.5569836202 0 968.127530189397 5242.31901643295 25511.7845225029 0 0 0 0 0 0 133.512909773318 24.2750745042397 0
3.73186528422306 6.64077512568797 1.04293428833953 0 0 0 0 0 0 5.03429143044992 205.547433895107 0 0 0 0 0 0 0 0.00939928890988039 0.00170896161997826 0
5447.64110170293 61.1205508007723 0 0 0 0 0 0 0 962.406074197967 55534.1793647697 0 0 0 0 0 0 0 13.7207398157474 2.49467996649954 0
28948.2795068699 1112.60100916689 2957.2332097592 38.5229946922577 130.360083392785 0 105.814126883842 1551.02950765254 0 0 4573.5646851263 19777.331950328 0 0 0 0 0 0 72.910789057512 13.2565071013659 0
39708.3382983512 2141.70885155636 12222.9693328477 0 0 2222.97189493316 17.5220488172548 0 0 1207.29078020518 0 42268.6458268379 0 0 0 0 0 0 100.011687285537 18.1839431428251 0
135244.042543224 0 17068.4424510685 116.87050676563 473.622380977593 106.740135558017 20.9199204043404 4705.490993519 0 48.971990501224 3592.33716554091 66943.4988372876 0 0 0 0 0 0 340.633364922917 61.9333390768942 0
7864.66675179839 4211.1548759161 434.378143432043 32.6484439133132 0 29.0006830654149 5.68382247435144 0 85.2053439641021 1100.88054830089 31311.6823766964 4482.79759593767 0 0 0 0 0 0 19.8083985755325 3.60152701373321 0
46042.9849066459 6473.5093718818 2378.54055223243 137.774484207139 1654.40687758149 125.832149852804 24.6617501979549 0 168.698358476804 9704.97098715561 84712.6425242053 29387.4910999374 0 0 0 0 0 0 115.966489798124 21.0848163269317 0
36419.8564852341 17331.891362419 0 0 2427.84235667794 96.2630805202759 0 0 129.056236301196 15445.3399606904 79528.9027428662 3217.08645018361 0 0 0 0 0 0 91.7291292931445 16.6780235078445 0
8467.47386726916 0 907.068984950551 39.3918303170001 0 35.9773344385937 7.05117122890127 0 48.2334385072618 1198.74915879083 18280.516058158 11321.7918477842 0 0 0 0 0 0 21.3266629831988 3.87757508785435 0
2502.28933862594 0 295.93390517632 69.5137729724074 0 57.7166344620417 11.311840599041 0 85.116336740143 2755.20676993843 52961.8160562411 5212.58374291576 0 0 0 0 0 0 6.30240875234467 1.14589250042631 0
28897.9568624665 1493.37768123642 230.284377148141 76.1252313120795 0 6.78792142175578 0.137087337439396 0 0 477.837104549458 2640.30933016513 11509.2525613413 0 0 0 0 0 0 72.7840435730337 13.2334624678244 0
7953.45437339112 0 2558.92044197326 48.8797922589066 165.40702107912 44.6428769426521 8.74952450995737 0 0 1447.73609878611 29997.696707265 12100.6618412947 0 0 0 0 0 0 20.0320241470394 3.64218620855264 0
0 2018.55888032551 0 0 294.806593479164 79.5674475527703 15.5943653329514 0 0 581.276235079746 99617.9557979071 0 0 0 0 0 0 0 0 0 0
79189.4925857716 0 9834.15650258255 90.6635166663328 1074.88430513531 82.804775361656 16.2288468213868 3650.33380038057 0 0 4100.81641238488 52769.2683014867 0 0 0 0 0 0 199.45117595408 36.2638501734694 0
0 50.8612163973369 0 0 0 0 0 0 0 880.561050836431 5935.12748952191 0 0 0 0 0 0 0 0 0 0
14489.3532567449 17349.2791053192 129.903060820519 0 292.320408936706 115.462584214967 1424.41416897637 0 154.796277782268 16305.5436199293 99321.113859209 2138.48158918904 0 0 0 0 0 0 36.493712126539 6.63522038664348 0
222855.781378909 225377.288966148 6742.03532205094 0 2294.97903723702 385.264139427975 1075.90317496561 0 2368.74741328978 32121.3673348463 176445.047191327 53874.2281366932 0 0 0 0 0 0 561.29729100165 102.054052909392 0
100716.504486392 27643.8767048493 6172.24165191977 94.431083964526 2571.20599405717 0 37.9431083079286 0 1936.35271422477 9971.12310944487 149935.412943705 21673.7036960333 0 0 0 0 0 0 253.670336832094 46.1218794240173 0
7868.01737150457 4257.36250405379 1172.0815680969 57.8935291785435 649.278453423494 52.8753003941546 10.3629911075021 0 70.8878962244247 0 42409.9177232565 15001.1496302058 0 0 0 0 0 0 19.816837637569 3.60306138864895 0
22868.214025403 0 0 34.878038864156 118.025716620155 31.8547998069658 6.2431987084718 0 0 617.472923711085 12665.256051119 11605.1713775741 0 0 0 0 0 0 57.5971891017742 10.4722162003226 0
18410.3895312799 0 1471.49055741503 56.5657980160888 0 0 11.7429817454438 1771.37074690123 0 0 3848.5136352816 12690.8395954213 0 0 0 1597.65387430325 0 0 46.3694578900007 8.43081052545472 0
3985.36616978595 0 286.90926167579 48.2151849284266 163.158019730264 44.035877978486 8.63055923087574 0 0 4705.56952207413 39150.1534705162 826.241152946032 0 0 0 0 0 0 10.0377707094215 1.82504921989484 0
90334.6065575193 344.593450204354 16561.6063473668 110.871733308745 3553.11763483391 0 19.8461348384629 0 0 1092.28830987513 5727.95000228558 64852.4731502166 0 0 0 0 0 0 227.521896137059 41.3676174794655 0
0 9.2975014693612 0 0.321919175701319 1.08936002835197 0.294015123267946 0.0576238070551685 0 0 0 0 0 0 0 0 0 0 0 0 0 0
0 0 0 0 0 0 0 0 0 0 0 0 0 0 0 0 0 0 0 0 0
0 0 0 0 0 0 0 0 0 0 0 0 0 0 0 0 0 0 0 0 0
0 0 0 0 0 0 0 0 0 0 0 0 0 0 0 0 0 0 0 0 0
4274.06246809839 0 359.098970898205 0 279.864688910759 7.86107432558836 1.54068615637578 4505.07941727635 0 0 1135.58325920825 7602.4450622783 0 0 0 0 0 0 10.7648976843752 1.95725412443186 0
0 0 0 0 0 0 0 0 0 0 0 0 0 0 0 0 0 0 0 0 0
0 0 0 0 0 0 0 0 0 0 0 0 0 0 0 0 0 0 0 0 0
0 0 0 0 0 0 0 0 0 0 0 0 0 0 0 0 0 0 0 0 0
0 0 0 0 0 0 0 0 0 0 0 0 0 0 0 0 0 0 0 0 0
0 0 0 0 0 0 0 0 0 0 0 0 0 0 0 0 0 0 0 0 0
0 0 0 0 0 0 0 0 0 0 0 0 0 0 0 0 0 0 0 0 0
0 0 0 0 0 0 0 0 0 0 0 0 0 0 0 0 0 0 0 0 0
0 0 0 0 0 0 0 0 0 0 0 0 0 0 0 0 0 0 0 0 0
0 0 0 0 0 0 0 0 0 0 0 0 0 0 0 0 0 0 0 0 0
0 0 0 0 0 0 0 0 0 0 0 0 0 0 0 0 0 0 0 0 0
0 0 0 0 0 0 0 0 0 0 0 0 0 0 0 0 0 0 0 0 0
0 0 0 0 0 0 0 0 0 0 0 0 0 0 0 0 0 0 0 0 0
0 0 0 0 0 0 0 0 0 0 0 0 0 0 0 0 0 0 0 0 0
0 0 0 0 0 0 0 0 0 0 0 0 0 0 0 0 0 0 0 0 0
0 0 0 0 0 0 0 0 0 0 0 0 0 0 0 0 0 0 0 0 0
0 0 0 0 0 0 0 0 0 0 0 0 0 0 0 0 0 0 0 0 0
0 0 0 0 0 0 0 0 0 0 0 0 0 0 0 0 0 0 0 0 0
0 0 0 0 0 0 0 0 0 0 0 0 0 0 0 0 0 0 0 0 0
0 0 0 0 0 0 0 0 0 0 0 0 0 0 0 0 0 0 0 0 0
33087.4289051037 1750.66227841329 6646.65135503548 0 549.229891160759 90.4269213052044 17.7227055804721 8072.34972708627 0 2052.45619076143 1958.26198006262 24614.010266991 0 0 0 6929.80995593927 0 0 83.3358869836439 15.1519794515717 0
346.571338460763 10.0779934810318 64.94761096937 0 0 0 0 0 0 0 8.37919289467326 1472.41313747703 0 0 0 0 0 0 0.872894354425987 0.158708064441089 0
0 0 0 0 0 0 0 0 0 0 0 0 0 0 0 0 0 0 0 0 0
0 0 0 0 0 0 0 0 0 0 0 0 0 0 0 0 0 0 0 0 0
0 0 0 0 0 0 0 0 0 0 0 0 0 0 0 0 0 0 0 0 0
34003.2915315016 7704.35080869735 867.300481112092 0 646.904009668594 0 0 0 0 9538.89206284711 69219.142446046 7900.05181971703 0 0 0 0 0 0 85.6426308695148 15.571387430821 0
1838.96000343167 3259.93834314119 25.741572398409 0 0 5.50262599533489 0 0 21.3820843475508 941.113904414826 73311.7132490226 174.185208874216 0 0 0 0 0 0 4.63170962763395 0.842129023206179 0
3977.17184023696 7397.16735079347 0 0 0 7.75604835665142 0 0 0 2020.62691242007 112118.29966086 245.517122949517 0 0 0 0 0 0 10.0171320033088 1.82129672787434 0
41810.7724994389 23491.8944607968 0 0 568.283538672981 8.50088938876305 272.575361525344 0 33.0327254830388 1816.22208250192 101049.943298479 5159.13450167739 0 0 0 0 0 0 105.306998065801 19.1467269210548 0
112030.840891616 15255.9002403928 7750.0210395832 0 842.136051738236 0 0 0 36.3252270225888 6142.79098243614 50177.2817858568 52160.5616141418 0 0 0 0 0 0 282.167270294796 51.3031400535997 0
15221.8882052621 1699.78359382148 29.05111893368 0 0 0 0 0 24.1311395363349 2425.17813829974 82296.678967579 196.579880248709 0 0 0 0 0 0 38.338716459039 6.97067571982532 0
77.4746418571051 146.950058731032 2.4292554796925 0 0 0 0 0 0 90.1967095873775 7204.98035893728 1.92493000910362 0 0 0 0 0 0 0.1951320550297 0.0354785554599456 0
1076.69678957398 906.270236011451 304.818012243712 60.1161051296981 0 1.50669140270675 2.7602079033051 0 5.85469604616383 144.786754525358 16810.0490470147 47.6942021703746 0 0 0 0 0 0 2.71182998923646 0.493059998042996 0
17650.6493704162 6847.08239358651 0 18.0647258711591 201.678987896462 6.21491829331137 0 0 24.149907203103 1648.0139412151 81381.4163232599 1019.45446871187 0 0 0 0 0 0 44.455932956883 8.0828969012515 0
1.50088680389777 0.241360738804122 0 0 0 0 0 0 0 0 8.73552145817439 0 0 0 0 0 0 0 0.00378021917096051 0.000687312576538282 0
0 0 0 0 0 0 0 0 0 0 1.22509705972964 0 0 0 0 0 0 0 0 0 0
