1295365.80581431 47831.0319760734 175717.728651648 0 114062.432323607 0 0 0 0 0 20579.3280794177 0 0 0 0 0 0 0 3981.71539111801 723.948252930551 0
344360.525973174 12319.7385684603 37349.6267194945 0 36012.3276423148 1407.20175888498 0 0 0 0 5423.90425167558 0 0 0 0 0 0 0 1058.50069548419 192.454671906217 0
4610182.3540673 97902.0682002456 452328.888631965 0 217712.443120314 7000.56326907934 0 0 6986.33858995519 0 16385.5153790582 0 0 0 0 0 0 0 14170.8496184296 2576.51811244177 0
0 0 0 0 0 0 0 0 0 0 0 0 0 0 0 0 0 0 0 0 0
37874.1657830843 7875.69111283922 0 0 0 623.746970885329 3338.54372596046 0 0 0 60374.9617112375 0 0 0 0 0 0 0 116.418194881608 21.1669445239289 0
216885.251440544 384.18005428484 31227.5862298763 27.7623150168728 7086.86829339493 6767.8682290027 4164.91593535661 0 2610.98123274558 0 30637.8444894729 0 0 0 0 0 0 0 666.665230694771 121.211860126322 0
1365847.82770455 69946.3818834599 101697.179292601 922.446814258407 17594.6211335522 2356.37744556681 0 0 10818.4522929396 0 68131.7101234431 0 0 0 0 0 0 0 4198.36411698202 763.33893036037 0
282759.718163275 0 170429.226339073 40.0069610784455 20471.0353148881 1121.34049669865 6001.86366373056 21422.390060976 9565.71701897133 0 21473.1631636651 0 0 0 0 0 0 0 869.151182426923 158.027487713986 0
2188614.40138877 79623.450584168 756131.534682818 228.595602403888 192308.33363544 68430.036327317 34294.0229093201 0 2806.00994446179 0 23799.3131948338 0 0 0 0 0 0 0 6727.39669992603 1223.16303635019 0
2328328.79611479 402932.30960121 205874.666014818 2493.6959332823 107391.614990062 5133.12561772502 5541.91097881873 0 3799.58319485461 0 174710.48269814 0 0 0 0 0 0 0 7156.8529611183 1301.24599293061 0
1214056.64874314 179705.558665224 231241.550203868 0 55413.7843268028 2868.62784628692 15354.0457034097 42240.8095182081 747.070900372309 0 51090.0150296854 0 0 0 0 0 0 0 3731.78605015815 678.506554574213 0
265533.686121954 6411.538239287 100031.164610669 944.514919862676 0 78466.3895826041 7141.26849125012 0 0 0 31407.397883243 0 0 0 0 0 0 0 816.20153947745 148.400279904991 0
2067190.10110605 0 468834.663857059 173.168899407239 59421.1497331463 78988.1247513009 25978.8821001073 0 0 0 5378.12883146163 0 0 0 0 0 0 0 6354.16081310445 1155.301966019 0
2255428.34630463 1034797.51355076 344743.602243447 5162.17126295041 118946.29155538 15155.9756847297 25976.3277552997 0 553.95792373581 0 328975.330911797 0 0 0 0 0 0 0 6932.7704342169 1260.50371531217 0
42892.7889384198 17542.0916925348 67.8655698456653 5809.85092049072 179.857409713358 0 0 0 0 0 37738.0578180565 0 0 0 0 0 0 0 131.844516133974 23.9717302061773 0
1050541.05127036 116065.06306672 52039.0457189487 0 18886.2939168691 2133.57673776389 11419.7576328212 0 0 0 74677.2864329538 0 0 0 0 0 0 0 3229.16928489936 587.121688163521 0
537198.047903178 9817.93472061258 75054.2525369169 39.3647857005625 12528.7708139455 1103.34119763189 5905.5242027377 0 3702.1666468648 0 31626.0210064731 0 0 0 0 0 0 0 1651.247644344 300.226844426182 0
2547057.32755449 219520.483018358 591207.725807402 197.057446822043 169438.127295535 28942.2265905414 29562.6535449587 105517.674335834 0 0 16095.0343322035 0 0 0 0 0 0 0 7829.18409430169 1423.48801714576 0
858333.100144243 28847.6534095217 134879.81670065 0 5634.13032159179 2404.67468499812 12870.7824763968 0 0 0 78568.7780264504 0 0 0 0 0 0 0 2638.35752048582 479.701367361062 0
221603.595204911 17074.6690793262 35630.0903294591 0 0 761.935137914 4078.1821684217 0 0 0 23025.3873385991 0 0 0 0 0 0 0 681.168548524252 123.84882700441 0
2770064.76027645 67901.6902612105 781047.728298367 244.704600006272 61590.9779354273 13043.8938447532 36710.702526132 131031.131826549 2318.8110525608 0 24678.178150219 0 0 0 0 0 0 0 8514.66778023584 1548.12141458834 0
301586.090996496 12938.3304948594 162574.919478622 3991.23757958792 49906.3987941782 1616.6363350272 11644.3613615289 0 660.488293685004 0 44817.7402621802 0 0 0 0 0 0 0 927.01997758308 168.549086833288 0
727082.50353419 0 262286.688363948 730.605276581394 16427.248658741 0 10285.7206931575 36712.7167647313 6448.10702350893 0 12605.8092854503 0 0 0 0 0 0 0 2234.9174124716 406.348620449383 0
2031877.2733986 23370.9533023278 652646.072032177 0 76933.1374221706 37321.5937726251 27737.8541943639 99004.4368380069 0 0 7782.98318699325 0 0 0 0 0 0 0 6245.61569870085 1135.56649067289 0
1417075.15550921 755093.090695044 184806.608657858 3914.88193419715 102602.726766309 24525.1906027568 89846.2998030203 0 0 0 151999.912656992 0 0 0 0 0 0 0 4355.82746721879 791.968630403419 0
1232483.26358701 6035.89551954182 112988.733119143 105.636908055655 17444.7604799172 7607.27300122912 15847.7000731172 56565.0323893987 833.067493002698 0 16418.5965545841 0 0 0 0 0 0 0 3788.42606304155 688.804738734829 0
1175510.88949605 5106.79930416225 112488.585805042 67.1732394176058 8559.28478311426 0 14974.2896599957 45427.3764953699 0 0 3487.63446534761 0 0 0 0 0 0 0 3613.30350092953 656.96427289628 0
0 0 0 0 0 0 0 0 0 0 0 0 0 0 0 0 0 0 0 0 0
49339.508744281 28259.3404483126 2960.42224149647 1657.39972188996 51.3219399354749 5.65026099122735 0 2440.34506299229 66.0543067273225 0 9420.15135068128 0 0 0 0 0 0 0 151.660542894913 27.5746441627117 0
151627.894762165 319989.248407788 0 1342.16452836711 861.876199195386 99.1037475108432 0 75041.240341472 0 0 98064.5357107257 0 0 0 0 0 0 0 466.076161334062 84.7411202425568 0
184994.810839734 79679.6712596353 0 3733.31848590785 569.271262892179 71.6525947682593 410.449242385858 0 742.681720662021 0 55105.9918966705 0 0 0 0 0 0 0 568.639902559792 103.389073192689 0
439447.776590786 562806.958435102 0 18905.9347178857 0 207.305567095053 0 156202.061805998 0 0 231791.563170999 0 0 0 0 0 0 0 1350.78135287366 245.596609613393 0
377107.117236089 492763.475637423 3045.86928951291 13600.6719402428 1459.73953284255 154.673052693323 5038.73307889865 107074.931737141 424.093440561394 0 123219.863797067 0 0 0 0 0 0 0 1159.15767272795 210.755940495992 0
27353.2659239487 113009.135219368 0 0 0 35.270635639038 202.041610960944 0 322.903938316168 0 57740.1279972752 0 0 0 0 0 0 0 84.078890640675 15.2870710255773 0
137575.722768731 175763.762063924 2543.96069211651 9202.11930045338 733.353145958829 145.330879353624 1651.44458738998 0 474.260930021659 0 30371.5456430366 0 0 0 0 0 0 0 422.88237834724 76.8877051540439 0
34401.0905174906 12766.6162475914 1291.91110202865 13929.358478259 9.03744153962205 0 0 0 134.308732425273 0 1843.1703440411 0 0 0 0 0 0 0 105.74260256826 19.2259277396837 0
418593.050061337 340099.740152432 16011.3037369406 14950.1562599568 2113.91944638703 137.492430512332 219.631196266877 39765.1832660092 0 0 69322.6374669967 0 0 0 0 0 0 0 1286.67777284464 233.941413244481 0
144122.377039221 66981.8667227717 609.162266610705 1801.83683551718 0 0 0 0 951.053214225778 0 6153.49813463496 0 0 0 0 0 0 0 443.00558520675 80.546470037591 0
131756.345658777 92319.480096033 1083.02805172962 1320.48289815821 170.09965311804 9.50985820195049 54.4755442117863 0 142.616791209629 0 7896.44616661466 0 0 0 0 0 0 0 404.994687239893 73.6353976799806 0
3058.26373106349 1652.86895875501 4.55043952109309 85.6897570070684 0 0 0 2597.51254862704 0 0 137.833775589749 0 0 0 0 0 0 0 9.40053822126219 1.70918876750222 0
622117.906342628 489545.599432644 2042.63672081374 29538.9798542886 941.765823320125 220.085479616338 4291.45006865461 0 662.280349685121 0 196096.920968026 0 0 0 0 0 0 0 1912.27561485412 347.686475428022 0
5319.8519123692 3094.92264475368 0 244.543931354485 450.565300086869 0 0 0 6.11170750922729 0 6000.51696404657 0 0 0 0 0 0 0 16.3522428513027 2.97313506387323 0
68388.5479545644 64230.0102368528 3957.16931937116 3260.25124785839 56.4530160276067 19.8953706950778 113.96711947685 0 181.10162891363 0 16344.0341465218 0 0 0 0 0 0 0 210.213773394862 38.2206860717931 0
1791074.2333939 1152061.45520561 33388.8801369455 217544.886458474 9398.84658177709 513.861880504953 3785.62631540167 0 9349.34224930614 0 388352.673508549 0 0 0 0 0 0 0 5505.43160065605 1000.98756375565 0
293037.338362571 302668.615194057 0 13202.747138182 1488.8025683555 132.583491072034 1245.22631290131 0 0 0 137368.966885898 0 0 0 0 0 0 0 900.742689897567 163.771398163195 0
18416.1168109331 16958.5044134718 470.266363026205 2477.29480949986 481.214033243044 7.90864802331516 45.3032943184366 1915.41340603333 2781.77724917985 0 9905.45389191854 0 0 0 0 0 0 0 56.6077438678591 10.2923170668835 0
10649.362700835 6327.24922446751 217.744596753581 1064.70841294943 0 0 0 0 38.8736421969272 0 1912.12983211891 0 0 0 0 0 0 0 32.7341753049108 5.95166823725655 0
1612960.60596391 417014.642924384 145023.12625939 30506.5078252281 51219.7803637693 0 46322.4272253454 0 20790.4669992848 0 286969.084014356 0 0 0 0 0 0 0 4957.94318578315 901.444215596937 0
1397230.07165968 953296.180192091 35626.3474108027 58230.2275337581 32749.8049449658 744.037631572271 21301.030345878 0 2063.84836714906 0 203615.948688259 0 0 0 0 0 0 0 4294.8273424301 780.877698623658 0
479930.685559852 204206.532707593 19429.3890274725 2236.4646812034 21020.592593424 71.0431947477622 1736.41637485962 0 1700.63087369263 0 23993.9942384026 0 0 0 0 0 0 0 1475.21834279252 268.221516871367 0
1043931.29269886 1051867.91396281 13683.2788479569 12106.5627345015 25617.4182287378 451.478729716634 3372.61713950024 0 1338.73164902821 0 73632.2679039137 0 0 0 0 0 0 0 3208.85210706622 583.427655830225 0
1106863.30692524 826887.80550634 3539.96928921676 32715.9665583276 808.827359572247 1165.41920638958 5194.1615847295 0 752.104411841313 0 519584.087131233 0 0 0 0 0 0 0 3402.2935029364 618.59881871571 0
356900.544387174 82246.1982975696 20965.8392040349 44222.4662785552 2232.21521710519 172.718757358698 0 0 402.94645194818 0 36489.2868938366 0 0 0 0 0 0 0 1097.04639747803 199.462981359642 0
0 0 0 0 0 0 0 0 0 0 7892.01335250911 0 0 0 0 0 0 0 0 0 0
5.86289812944293 0.469494257962929 0 13.9732119998707 0 0 0 0 0 0 1.60476924423562 0 0 0 0 0 0 0 0.018021466688234 0.00327663030695165 0
1388263.35833644 587372.884996092 79178.5330163766 40824.6712815599 8991.98935981596 605.589291953605 7010.18619830656 0 3959.37874977839 0 109875.609273007 0 0 0 0 0 0 0 4267.26532073196 775.866421951265 0
1003061.14366755 409025.418406899 58261.009544897 667.470729236121 18509.1890224542 464.08827148976 0 0 3014.012657039 0 49949.4464580837 0 0 0 0 0 0 0 3083.22481267197 560.586329576725 0
249602.067237257 65323.6394366145 881.582752597502 19279.2942031951 2312.80085305643 224.910096550836 480.22535374226 0 319.591109847583 0 82346.0276338182 0 0 0 0 0 0 0 767.230683651323 139.496487936605 0
450151.061177786 267816.184509232 22620.5368396472 12749.6273318099 612.747999675945 207.747431221846 1004.6093607022 0 6327.90397498213 0 35403.8285758901 0 0 0 0 0 0 0 1383.68127410385 251.578413473428 0
1482126.2338698 140272.675153935 124677.452203109 30950.0767478739 6975.17308659686 1592.50473350203 16205.9659483523 0 3881.96668094864 0 77195.8248125651 0 0 0 0 0 0 0 4555.78247510504 828.324086382738 0
2019145.89983757 1233196.63091799 156848.669814239 20087.272445229 107417.87561862 3766.39937154933 24292.7791013757 0 11089.8115117111 0 229558.651854119 0 0 0 0 0 0 0 6206.48180630499 1128.45123751 0
1024608.84819766 278872.032738095 83940.7731868208 26869.6840216448 34808.6382238769 0 0 0 4534.64274750404 0 95149.1556922248 0 0 0 0 0 0 0 3149.45847916659 572.628814393927 0
15671.0704809483 5938.19461596452 69.6146706617996 682.472792466899 0 10.6778650364992 264.748427037717 0 0 0 10167.1834481436 0 0 0 0 0 0 0 48.1699781244896 8.7581778408163 0
3050435.29308902 2831385.65674292 274104.746081485 24339.3550330594 226698.90265268 15348.9629561571 174156.208458874 0 3286.10681169947 0 425702.945553743 0 0 0 0 0 0 0 9376.47504788567 1704.81364507013 0
519509.921705385 345027.838085945 50799.3078839916 24921.0702967879 21532.6649920409 3169.48108917528 29895.4082283687 0 6860.55582472812 0 165449.607198111 0 0 0 0 0 0 0 1596.87760924992 290.341383499987 0
887268.915234003 876088.464458419 43441.1456854353 30988.0338895134 14738.8653133481 550.9249240817 28112.502604705 0 5839.28467814851 0 138987.464362334 0 0 0 0 0 0 0 2727.30087515855 495.872886392463 0
67677.9582791323 16637.6497172175 2118.08911846611 4864.13297588252 1140.17020300312 379.49524341894 0 0 144.447733834981 0 7670.80203712337 0 0 0 0 0 0 0 208.029551891764 37.8235548894116 0
922.35355304931 182.346306160045 11.0255550859437 54.9330128730374 0 0 0 0 0 0 266.293878964217 0 0 0 0 0 0 0 2.83514457595254 0.515480831991374 0
650276.905068349 444112.142753275 19933.1212443796 21678.8242214088 11305.0255231641 383.9848965747 12822.5689280836 0 4680.9444555676 0 72442.9581135417 0 0 0 0 0 0 0 1998.83117940694 363.423850801262 0
105737.920915748 36553.6627805115 0 0 0 114.8872193063 2848.52922322123 0 0 0 45897.3605581366 0 0 0 0 0 0 0 325.018852007127 59.0943367285685 0
8496077.29663965 6463870.29989374 378844.646915575 9612.40412332328 226649.374622998 7277.25247794301 22112.4455987528 0 53225.1882212545 0 282452.572069351 0 0 0 0 0 0 0 26115.3734214039 4748.24971298254 0
1358592.13313526 1031786.51342386 107415.494186499 15480.5028572295 73981.3594187291 579.065189594284 10032.7391756054 0 7800.06722824931 0 85905.8553118831 0 0 0 0 0 0 0 4176.0614511172 759.283900203132 0
626039.936075674 74439.4860471867 25165.4418328083 17294.0608415714 0 245.336765505777 0 0 995.93576063795 0 53151.5273810585 0 0 0 0 0 0 0 1924.33121033332 349.878401878786 0
1232748.85446861 216412.89324592 21729.3063195825 31966.5336920065 3104.35643721538 0 1402.03723966131 0 7059.41251529995 0 117028.957865098 0 0 0 0 0 0 0 3789.24244038937 688.953170979887 0
33.5432587333325 32.9654861931597 0 0 0 0 0 0 0 0 168.51083959651 0 0 0 0 0 0 0 0.103105786000584 0.0187465065455607 0
861821.45799212 631374.307213516 15629.5965492649 20214.3847335096 7809.91093301253 379.896307253383 1540.03303096656 0 1313.87456270673 0 51402.6687338723 0 0 0 0 0 0 0 2649.08008863629 481.650925206599 0
469256.049605351 83460.9824597466 16878.067861087 12096.8527680356 1594.89550772796 210.951229834884 6342.28656838916 0 973.687581335636 0 37362.6917600322 0 0 0 0 0 0 0 1442.40648217073 262.255724031043 0
2040674.05112732 292971.440730349 117058.117458309 23673.3396059226 39466.2233048423 19602.3671862415 3681.72771202399 0 8922.98378694451 0 71284.2555604219 0 0 0 0 0 0 0 6272.6553697478 1140.4827944996 0
975757.11473908 566324.086688553 71283.8858104084 43083.5625712126 39012.4396433681 579.773382416919 1722.18747548948 0 1843.68560258739 0 221146.034072223 0 0 0 0 0 0 0 2999.29726746736 545.326775903157 0
82278.2927139353 112881.774676506 12780.4327831752 5191.47867323853 2397.67041767075 63.9507418252512 1585.60332503334 0 0 0 26195.3515674599 0 0 0 0 0 0 0 252.90828504466 45.9833245535745 0
958153.989811964 126298.441447143 45515.8582039469 22705.0904777496 33841.7300232189 347.220509294951 8399.90778128462 81939.9608457175 12400.1350620862 0 55370.9316127962 0 0 0 0 0 0 0 2945.18851058998 535.48882010727 0
942482.371430093 317063.798801278 37192.135048714 30553.2922091093 10365.2451625183 0 2759.91582610494 0 10718.3756218216 0 69933.1646588596 0 0 0 0 0 0 0 2897.01684831918 526.730336058035 0
28816.474576029 14952.9832274173 470.400540628971 2685.42669583199 5.55443674617301 5.99957243329958 21.6906060699515 0 43.8221225519403 0 25916.4084982848 0 0 0 0 0 0 0 88.5765239611266 16.1048225383867 0
156497.020242198 129635.156317515 0 3149.56003184115 0 110.042276637585 2728.40306071161 0 0 0 38770.6246736343 0 0 0 0 0 0 0 481.042954326521 87.4623553320949 0
71135.884379326 289966.298972388 0 4617.97177874916 0 525.893909528162 0 0 0 0 298577.971857877 0 0 0 0 0 0 0 218.658578466874 39.7561051757955 0
568867.353793541 417706.167022097 11056.9975907431 25698.3089761702 2470.24979297931 777.481293263387 2213.45249253616 0 1217.28702728613 0 385568.112591153 0 0 0 0 0 0 0 1748.59324519565 317.926044581028 0
1101623.40835926 444346.919453116 33500.3696139893 6214.819900274 11987.101582232 375.757770069503 3245.66101149941 0 7253.29778860747 0 35237.6750022352 0 0 0 0 0 0 0 3386.18702191429 615.670367620781 0
1539.59744551149 6907.48310411783 0 17.8569441678573 0 0 0 0 0 0 13648.0479581516 0 0 0 0 0 0 0 4.73243837177362 0.860443340322478 0
260875.935586438 80630.8560598483 0 2696.72250484156 0 231.408447259339 607.181481743088 0 0 0 102866.551942249 0 0 0 0 0 0 0 801.884474049283 145.79717709987 0
5128634.10792279 1176956.93963796 540215.449672682 26178.9523162312 77061.2892895315 0 0 0 5445.12230933649 0 280034.358545496 0 0 0 0 0 0 0 15764.4746150234 2866.26811182245 0
598119.4028186 0 190767.087950827 2485.7672171226 25001.7963033789 0 0 0 0 0 2562.26300425733 0 0 0 0 0 0 0 1838.50864461566 334.27429902103 0
157094.458152833 25027.1962030224 0 2199.89155448215 4818.58145792869 3269.60101078344 1107.6351432321 0 1146.15208170818 0 223957.527436963 0 0 0 0 0 0 0 482.879368189951 87.7962487618095 0
0 0 0 314.980134372369 841.951713046221 0 0 0 200.26738512801 0 55451.5689760946 0 0 0 0 0 0 0 0 0 0
57314.9652826923 96804.83634524 69202.8230374713 1091.21433094082 25962.657958841 999.044926140404 670.488916972056 0 693.804519155411 0 96001.7858728223 0 0 0 0 0 0 0 176.175624200632 32.0319316728423 0
0 0 0 748.735316959071 2001.39283065592 466.443848449776 460.055112485363 0 476.053083091004 0 123185.385015259 0 0 0 0 0 0 0 0 0 0
8284.61986686761 10585.7204050429 11547.0145514201 2802.64941174205 1090.93173275639 197.257562499241 667.684214498903 0 0 0 96809.2212487581 0 0 0 0 0 0 0 25.4653923126621 4.63007132957493 0
0 0 0 0 0 0 0 0 0 0 0 0 0 0 0 0 0 0 0 0 0
932619.832423827 550760.525822747 65877.0318713686 2124.71720757894 36729.5156674325 6072.28760044973 19863.5116634537 0 2059.58715235109 0 445816.272890917 0 0 0 0 0 0 0 2866.70122382108 521.218404331106 0
38638.0935000949 27626.8145703498 0 388.619890738403 1038.7930762142 242.10071745562 238.784739410761 0 0 0 48686.048882652 0 0 0 0 0 0 0 118.766367679493 21.5938850326351 0
1621.12148136507 5523.40613213777 416.137416444612 4.10968912750142 493.027690115395 12.5323479124932 303.730108977091 0 0 0 23748.1123692812 0 0 0 0 0 0 0 4.98302821044871 0.906005129172498 0
110906.593847261 61197.5132435848 0 847.18067307503 2631.33207919933 549.60923160569 542.081405317482 0 624.516618027336 0 123050.450658499 0 0 0 0 0 0 0 340.906398575585 61.9829815591973 0
23827.2962349404 0 9391.8146685129 946.990249276453 0 589.95183786832 581.871451480144 0 602.105467197855 0 179157.277024641 0 0 0 0 0 0 0 73.2407106328937 13.3164928423443 0
5374.42682899959 14926.5117085788 4122.07475886473 188.209414939258 0 61.7895760017611 60.9432634440113 0 0 0 16155.0713170574 0 0 0 0 0 0 0 16.5199960716987 3.00363564939977 0
416655.464044017 10014.2934150248 180246.070215008 1462.7392782371 52980.2929022667 0 898.76978946208 0 0 0 22146.5223832139 0 0 0 0 460.770112970485 0 0 1280.72199106304 232.858543829645 0
575123.179953523 0 195809.541868009 0 0 515.451895753193 508.391911844588 10270.6401744715 0 0 7680.8240687624 0 0 0 0 260.636039840762 0 0 1767.82250012391 321.422272749802 0
18080.5664556797 0 7235.47764259786 0 2606.50582377904 165.504560927812 163.237696557775 0 0 0 19580.2904310182 0 0 0 0 83.6866712320006 0 0 55.5763240110045 10.104786183819 0
221910.525392176 46272.3532049741 0 0 7750.73698332955 665.367367887834 656.254038498026 0 679.074636580303 0 103347.522813355 0 0 0 0 0 0 0 682.11199526736 124.020362775884 0
12111.7615293997 8420.02980281296 0 104.921885490778 1020.89956461669 239.667181183425 236.384534526159 0 244.604577586974 0 38802.908372729 0 0 0 0 0 0 0 37.2293193773521 6.76896715951858 0
473440.380147227 142189.306758089 12429.4010980758 2243.92404666209 26305.7968386595 1397.90997465567 1378.763237573 0 1426.70839272555 0 224587.162031866 0 0 0 0 0 0 0 1455.26834192133 264.594243985696 0
18907.9188608335 32288.1992290059 21447.3397808033 817.541261717726 3385.87037535223 581.40365420776 371.889170684614 0 0 0 76435.0163437241 0 0 0 0 0 0 0 58.1194525934424 10.5671731988078 0
8040.97642972857 619.862416334164 6354.23385894801 10.4640993669056 0 113.784066204292 112.225601325073 0 0 0 11524.7368634698 0 0 0 0 0 0 0 24.7164773581009 4.49390497420018 0
525168.876246592 0 257056.167481608 0 65229.6506283601 932.935885736627 920.157753780322 0 1804.39830735344 0 3458.61780950093 0 0 0 0 471.735028403415 0 0 1614.2721909914 293.50403472571 0
1535.21722818052 0 203.781126846359 54.5723194498296 145.87351020484 33.9972245551235 33.5315751700422 0 136.966758345679 0 3557.1565343312 0 0 0 0 0 0 0 4.71897439218972 0.857995344034498 0
738550.479959082 227016.262744182 26446.6314661504 428.121248722803 23489.2568904346 1980.63348696301 25115.234017555 0 0 0 297366.799755182 0 0 0 0 0 0 0 2270.16785526622 412.757791866588 0
54065.5825990702 0 27318.3156332319 527.274579064156 0 328.479207909282 323.980130611754 0 0 0 63099.0058266851 0 0 0 0 0 0 0 166.187621595547 30.2159311991906 0
141898.016132094 31148.4650679609 18149.4125646979 491.23603075101 4907.93640654727 957.656759155164 7733.93296532126 0 977.385497212412 0 178295.901919114 0 0 0 0 0 0 0 436.1683103462 79.3033291538546 0
0 0 0 0 0 0 0 0 0 0 32.6675094740739 0 0 0 0 0 0 0 0 0 0
303132.634061846 2561.20036189893 38888.5089597472 528.821632769325 0 0 0 6564.31838010326 0 0 10510.2022986936 0 0 0 0 166.581431904957 0 0 931.773765508226 169.413411910587 0
287724.965177915 85731.913447297 75698.0345458111 754.150004927161 2015.86646030063 469.817067044899 463.382129157089 0 479.495793542617 0 52364.6104760849 0 0 0 0 0 0 0 884.413435274845 160.802442777245 0
0 0 0 292.277121249017 781.265851607354 182.081520880984 179.58760705883 0 0 0 50895.4630879783 0 0 0 0 0 0 0 0 0 0
886463.648211329 48833.553566873 237093.518767829 2133.88985188196 46723.2604712901 0 1311.15350592257 0 0 0 89587.3834372498 0 0 0 0 0 0 0 2724.82563296537 495.422842357342 0
129872.242226656 0 32411.180284988 365.839524929793 0 227.909104937571 224.787504984713 0 0 0 13038.683069446 0 0 0 0 0 0 0 399.203301053488 72.5824183733616 0
0 10313.100123913 0 448.954985239986 1200.07066368376 279.688010372696 275.857210895713 0 0 0 77711.7753833882 0 0 0 0 0 0 0 0 0 0
133046.97396595 5120.81806114487 31791.1102082338 1679.38079789195 4231.76036198321 277.552844935006 190.225505222627 0 0 0 8099.61082666687 0 0 0 0 65201.8730985386 0 0 408.961840434625 74.3566982608414 0
0 0 0 115.52623543348 0 0 0 1434.03927458264 0 0 11176.7102266799 0 0 0 0 36.3913359979599 0 0 0 0 0
426734.326540201 0 181859.68403575 1123.19966629518 28624.0851277192 0 0 0 0 0 5640.4765793378 0 0 0 0 0 0 0 1311.70255404061 238.491373461929 0
73123.0025105268 0 16054.2098768367 390.089591758314 3221.30376972497 243.016305360012 239.687786793087 0 0 0 28915.0942784193 0 0 0 0 0 0 0 224.76661282401 40.8666568770928 0
377676.462845153 0 128952.281188525 0 8522.44932120714 0 679.638212819304 0 0 0 19693.5709405717 0 0 0 0 0 0 0 1160.90773604157 211.074133825741 0
161834.321007821 0 56700.2270856712 285.856848372565 10083.3810826674 0 0 3548.37103396059 0 0 156.150877672021 0 0 0 0 90.0463221831005 0 0 497.44883173205 90.4452421331002 0
473940.982150072 27404.8438723186 62373.6600090141 320.428893373974 5220.61295723906 1354.17860501177 1335.63084286455 0 1382.0761107993 0 206047.921181949 0 0 0 0 0 0 0 1456.80710007799 264.874018195998 0
76718.3895196446 15828.2182365354 22138.532092678 1162.88159383276 10120.496104362 724.446882139545 714.524359062834 0 0 0 155515.372478533 0 0 0 0 0 0 0 235.8181688609 42.8760307019822 0
360404.561163297 77689.7443109343 24866.2880334643 0 9755.99857998334 965.077840064434 951.859469780916 0 0 0 190154.020123118 0 0 0 0 0 0 0 1107.81709828363 201.421290597024 0
49301.3691941705 0 0 121.946508309931 325.966816212516 75.9697016458569 74.9291683282377 1513.73479503149 0 0 1951.09025585105 0 0 0 0 0 0 0 151.543308957594 27.5533289013807 0
311564.153541884 7363.45104045943 96584.3524080107 5142.4093760534 0 0 0 6581.12165248705 0 0 11612.8058401109 0 0 0 0 0 0 0 957.690700117342 174.125581839517 0
62.8312242610543 154.458736078519 0 0 0 0 0 0 0 0 170.426783963934 0 0 0 0 0 0 0 0.193131586120384 0.03511483384007 0
0 6829.86763173049 0 867.471688830776 2318.7788521505 540.413713357098 533.011835215363 0 551.546805137049 0 123093.563303502 0 0 0 0 0 0 0 0 0 0
203742.183698441 0 65723.9880863085 3216.14496788271 1087.58988473063 0 250.001538475439 0 258.695099649639 0 4870.92318556768 0 0 0 0 0 0 0 626.265866375947 113.866521159264 0
307213.088083323 0 86423.2456181877 1546.28492164126 12472.1174531195 0 0 0 526.328951078997 0 0 0 0 0 0 0 0 0 944.316328008445 171.693877819718 0
757995.809793557 0 288932.526278587 1295.27071465258 42128.0006154346 0 0 16078.3312038073 0 0 2365.5021933502 0 0 0 0 0 0 0 2329.93920999844 423.625310908807 0
46137.7274799336 29897.3009050596 64446.3456293274 651.230458291152 3739.58171601859 2561.61955572597 113.597202033925 0 0 0 52007.7605580335 0 0 0 0 0 0 0 141.818858266508 25.7852469575471 0
238831.32612181 107800.923232326 103232.19182156 1564.84482277824 44089.1443561118 974.860173990286 961.507818128921 0 994.943320515628 0 158523.62665418 0 0 0 0 0 0 0 734.12341350367 133.476984273395 0
213448.992443643 170686.929451485 5988.66985017871 0 39995.2874348483 678.95661994247 2870.31245914914 0 2738.32694456704 0 128414.850122924 0 0 0 0 0 0 0 656.102804795913 119.291419053803 0
59071.6026275155 10897.90753988 24733.6223610887 408.074091080901 0 254.220209979524 250.738235024178 0 0 0 42972.5611021178 0 0 0 0 128.545358592057 0 0 181.575203162112 33.0136733022024 0
4301.45447940755 34664.853999177 3994.81708193483 761.150422943051 0 474.178156800021 467.683486425536 0 241.973363170385 0 83174.9550836735 0 0 0 0 0 0 0 13.2218771160814 2.40397765746936 0
134265.509836568 0 12153.3955038233 441.606480140434 115.699001181048 60.9218105613536 60.0873835162889 0 0 0 8251.0182798244 0 0 0 0 0 0 0 412.707394786063 75.0377081429207 0
56120.6557532816 61332.2113329398 0 736.706974401385 1969.2406962309 458.950484284898 452.664382593171 0 468.405347730641 0 61735.8935831575 0 0 0 0 0 0 0 172.504537150419 31.3644613000764 0
11419.8416169268 3978.39789548301 0 669.371461883912 1789.2507732921 417.002101612701 411.290553839774 0 0 0 97881.9447326016 0 0 0 0 0 0 0 35.1024852795639 6.38227005082983 0
227055.853217793 0 162314.994571931 862.8692040579 36335.9563807835 537.546477551243 530.183871044395 0 0 0 9247.75811263524 0 0 0 0 271.808070342981 0 0 697.927783289285 126.895960598052 0
0 49.006329505265 0 0 0 0 0 0 0 0 12195.8157536232 0 0 0 0 0 0 0 0 0 0
141811.939769614 138531.058907843 0 0 9206.27608884549 1013.91722643809 10963.3260505454 0 1034.8049893875 0 263252.84760635 0 0 0 0 0 0 0 435.903727495733 79.2552231810427 0
1285904.97234305 1510924.66082777 69813.7505381597 357.503310789145 45819.1945654826 2420.40481409279 89324.6018062932 0 22715.1156830335 0 440661.13964515 0 0 0 0 0 0 0 3952.63453528855 718.660824597919 0
593592.788915937 320956.823351365 10808.3014400204 2031.14843981684 29236.4829856811 0 1253.00200738175 0 2924.61375633856 0 236021.151376803 0 0 0 0 0 0 0 1824.59466899195 331.744485271266 0
80440.6259050486 38234.4527358812 15634.1712276228 723.827752305854 10811.6758479965 450.927042912216 444.750835795422 0 0 0 74117.6112374846 0 0 0 0 0 0 0 247.2596364669 44.9562975394365 0
26839.9689217425 0 0 256.656209687504 686.050045158978 159.890561408788 157.70059023983 0 163.18447540637 0 21582.4747252802 0 0 0 0 0 0 0 82.5011103991974 15.0002018907632 0
123999.25128578 0 72955.5012100376 255.597523206021 0 1953.27848895564 152.276028555929 0 0 0 5439.74080255378 0 0 0 0 49657.6913920452 0 0 381.150810925817 69.3001474410579 0
13718.4202702594 4418.07062427566 3609.83710413551 612.130474792666 1636.24383133381 381.342362178554 376.119234738667 7598.4397719516 389.198416554643 0 91541.8741589273 0 0 0 0 0 0 0 42.16789179299 7.66688941690729 0
304511.554737103 0 228518.076246254 1390.83995728938 118363.655743117 0 854.591760942512 0 884.309361074209 0 12133.5833392732 0 0 0 0 0 0 0 936.012313145625 170.184056935569 0
0 0 0 0 0 0 0 0 0 0 205.505735836339 0 0 0 0 0 0 0 0 0 0
0 0 0 0 0 0 0 0 0 0 0 0 0 0 0 0 0 0 0 0 0
0 0 0 0 0 0 0 0 0 0 0 0 0 0 0 0 0 0 0 0 0
0 0 0 0 0 0 0 0 0 0 0 0 0 0 0 0 0 0 0 0 0
16595.240411371 0 14394.2670407254 0 1274.71323942288 178.250508333666 175.809066695941 0 45.4806641446777 0 2222.32979857505 0 0 0 0 0 0 0 51.0107059092249 9.27467380167726 0
0 0 0 0 0 0 0 0 0 0 0 0 0 0 0 0 0 0 0 0 0
0 0 0 0 0 0 0 0 0 0 0 0 0 0 0 0 0 0 0 0 0
0 0 0 0 0 0 0 0 0 0 0 0 0 0 0 0 0 0 0 0 0
0 0 0 0 0 0 0 0 0 0 0 0 0 0 0 0 0 0 0 0 0
0 0 0 0 0 0 0 0 0 0 0 0 0 0 0 0 0 0 0 0 0
0 0 0 0 0 0 0 0 0 0 0 0 0 0 0 0 0 0 0 0 0
0 0 0 0 0 0 0 0 0 0 0 0 0 0 0 0 0 0 0 0 0
0 0 0 0 0 0 0 0 0 0 0 0 0 0 0 0 0 0 0 0 0
0 0 0 0 0 0 0 0 0 0 0 0 0 0 0 0 0 0 0 0 0
0 0 0 0 0 0 0 0 0 0 0 0 0 0 0 0 0 0 0 0 0
0 0 0 0 0 0 0 0 0 0 0 0 0 0 0 0 0 0 0 0 0
0 0 0 0 0 0 0 0 0 0 0 0 0 0 0 0 0 0 0 0 0
0 0 0 0 0 0 0 0 0 0 0 0 0 0 0 0 0 0 0 0 0
0 0 0 0 0 0 0 0 0 0 0 0 0 0 0 0 0 0 0 0 0
0 0 0 0 0 0 0 0 0 0 0 0 0 0 0 0 0 0 0 0 0
0 0 0 0 0 0 0 0 0 0 0 0 0 0 0 0 0 0 0 0 0
0 0 0 0 0 0 0 0 0 0 0 0 0 0 0 0 0 0 0 0 0
0 0 0 0 0 0 0 0 0 0 0 0 0 0 0 0 0 0 0 0 0
0 0 0 0 0 0 0 0 0 0 0 0 0 0 0 0 0 0 0 0 0
136824.199017264 0 140371.285329315 0 5265.50646474338 206.827571613274 203.99471884956 24452.1219728969 110.791584747162 0 945.988473278486 0 0 0 0 80949.4434064984 0 0 420.572333049938 76.4676969181706 0
3586.96441527011 0 3066.75306203376 172.716332600214 939.840710275913 340.727203998714 336.060369717427 9463.68059742089 0 0 76.2919248568989 0 0 0 0 94.7579869554289 0 0 11.0256665380289 2.00466664327798 0
0 0 0 0 0 0 0 0 0 0 0 0 0 0 0 0 0 0 0 0 0
0 0 0 0 0 0 0 0 0 0 0 0 0 0 0 0 0 0 0 0 0
0 0 0 0 0 0 0 0 0 0 0 0 0 0 0 0 0 0 0 0 0
269338.601118687 50092.8104114733 13075.6783860742 1107.81890133426 10488.1449041676 0 16139.977198099 0 300.979373785497 0 117466.204111558 0 0 0 0 0 0 0 827.897145874027 150.526753795278 0
11712.0482158722 25556.5109444815 383.184874232852 0 161.903969448164 0 4570.42060802979 0 192.881912488145 0 116958.998465664 0 0 0 0 0 0 0 36.0006744298295 6.54557716905994 0
60302.7211277238 26448.6624038763 0 1151.9551125428 525.21257115081 0 0 0 314.757299432487 0 177749.344111039 0 0 0 0 0 0 0 185.359434194433 33.7017153080788 0
350082.75945985 218500.271540868 4765.98308910056 0 4994.071268216 3934.874675003 8864.84963344908 0 264.159835122829 0 159013.342450215 0 0 0 0 0 0 0 1076.08978502415 195.652688186209 0
777350.532930686 156672.894804628 74416.2928459324 0 9819.37423023553 7467.86082289953 12095.9113628112 0 374.274681462387 0 83653.9518727836 0 0 0 0 0 0 0 2389.43205646698 434.442192084908 0
31528.2992176138 10633.2501691504 643.616237474639 397.225900876826 350.14171410054 0 0 0 0 0 63636.8187098313 0 0 0 0 0 0 0 96.9121723663455 17.6203949756992 0
5208.33967160603 2637.58075683226 23.2769405928611 0 0 0 0 0 0 0 12146.4846217503 0 0 0 0 0 0 0 16.0094748058967 2.91081360107215 0
8613.29916659009 4413.80195700583 3579.0619951832 617.906956919508 0 0 28.6392488232458 0 70.9884324044123 0 28727.0783924414 0 0 0 0 0 0 0 26.47569181306 4.81376214782911 0
173726.450034671 70561.0699703156 0 160.935255785949 184.935475443955 0 0 0 220.320158376075 0 135227.146642775 0 0 0 0 0 0 0 534.003041335879 97.0914620610694 0
248.445979045103 71.1704536216329 0 0 0 0 0 0 0 0 42.1523220426084 0 0 0 0 0 0 0 0.763677081937024 0.138850378534005 0
4.87228036185829 0 0 0 0 0 0 0 0 0 49.5870748266263 0 0 0 0 0 0 0 0.0149764905168681 0.00272299827579422 0
