0 0 0 0 0 0 0 0 0 76547.271644407 7537.90036083292 977289.723792076 6739.34494058206 0 0 0 0 0 0 0 0
0 0 0 0 0 0 0 0 0 0 8249.8757927343 240084.217090175 1077.92064020684 0 0 0 0 0 0 0 0
0 0 0 0 0 0 0 0 0 0 20161.943512713 1849089.84369957 16582.9551374388 0 0 0 0 0 0 0 0
0 0 0 0 0 0 0 0 0 0 0 0 0 0 0 0 0 0 0 0 0
0 0 0 0 0 0 0 0 0 51539.4882439211 38726.5345946772 0 9176.11131528 0 0 0 0 0 0 0 0
0 0 0 0 0 0 0 0 0 29860.8491625991 20900.5692399709 175545.827224912 5293.677418848 0 0 0 0 0 0 0 0
0 0 0 0 0 0 0 0 0 145058.494190065 58509.3444540489 553797.071481805 16704.762381216 0 0 0 0 0 0 0 0
0 0 0 0 0 0 0 0 0 0 0 49637.9098718964 8903.55355344 0 0 0 0 0 0 0 0
0 0 0 0 0 0 0 0 0 200731.26381525 17752.4688474888 1997941.96532614 15772.009151808 0 0 0 0 0 0 0 0
0 0 0 0 0 0 0 0 0 270041.050242563 138461.294888798 868856.538545873 17782.879750272 0 0 0 0 0 0 0 0
0 0 0 0 0 0 0 0 0 251257.100267925 33381.5691727946 1067152.39335317 14857.9261937094 0 0 0 0 0 0 0 0
0 0 0 0 0 0 0 0 0 24293.5722000806 20768.8879978729 259697.819818255 17940.357568224 0 0 0 0 0 0 0 0
0 0 0 0 0 0 0 0 0 0 7049.53998394329 1920997.84069726 7437.798478656 0 0 0 0 0 0 0 0
0 0 0 0 0 0 0 0 0 466807.73803905 243907.34626461 1079046.98045983 47061.64021104 0 0 0 0 0 0 0 0
0 0 0 0 0 0 0 0 0 67341.5703679578 19068.2453413388 0 0 0 0 0 0 0 0 0 0
0 0 0 0 0 0 0 0 0 254998.155419596 60031.3346243442 571974.989052328 24312.152356128 0 0 0 0 0 0 0 0
0 0 0 0 0 0 0 0 0 26992.8580000896 22897.2243527124 138810.912945076 10920.480991056 0 0 0 0 0 0 0 0
0 0 0 0 0 0 0 0 0 245578.772679982 10684.5547367412 1335397.4599582 17546.663023344 0 0 0 0 0 0 0 0
0 0 0 0 0 0 0 0 0 39983.1709126327 47181.6952791548 498952.187778966 20036.023914816 0 0 0 0 0 0 0 0
0 0 0 0 0 0 0 0 0 9306.91249794756 12834.3275728524 109693.343623968 10829.628403776 0 0 0 0 0 0 0 0
0 0 0 0 0 0 0 0 0 52664.1906605915 14295.0706537999 2222567.81236963 34433.13057912 0 0 0 0 0 0 0 0
0 0 0 0 0 0 0 0 0 48418.4390376607 19914.4911014697 336266.441526629 16195.987892448 0 0 0 0 0 0 0 0
0 0 0 0 0 0 0 0 0 24124.8668375801 7732.44503017238 943849.836097292 12828.385323936 0 0 0 0 0 0 0 0
0 0 0 0 0 0 0 0 0 12709.1373083755 0 1504650.931101 12840.49900224 0 0 0 0 0 0 0 0
0 0 0 0 0 0 0 0 0 496668.587201649 96990.8906913344 545475.211519853 38848.566320928 0 0 0 0 0 0 0 0
0 0 0 0 0 0 0 0 0 31885.3135126058 11640.0093305684 767150.6784737 10956.822025968 0 0 0 0 0 0 0 0
0 0 0 0 0 0 0 0 0 23327.2950101853 0 935545.967915268 5421.44792782439 0 0 0 0 0 0 0 0
0 0 0 0 0 0 0 0 0 0 0 0 0 0 0 0 0 0 0 0 0
0 0 0 0 0 0 0 0 0 22060.5140058872 9184.10581177925 583.028316799228 2854.56295070101 0 0 0 0 0 0 0 0
0 0 0 0 0 0 0 0 0 215636.473758326 78541.8434492598 11738.165805364 15899.2268555956 0 0 0 0 0 0 0 0
0 0 0 0 0 0 0 0 0 100744.673326751 42873.0451223351 0 19764.2905122982 0 0 0 0 0 0 0 0
0 0 0 0 0 0 0 0 0 656660.114244553 199050.611079619 23583.8968056865 45410.8355578112 0 0 0 0 0 0 0 0
0 0 0 0 0 0 0 0 0 436374.18420052 77646.7325331584 22628.2089577176 23673.5640276661 0 0 0 0 0 0 0 0
0 0 0 0 0 0 0 0 0 160179.224341724 44248.7557065463 10040.9333851161 15000.1331883687 0 0 0 0 0 0 0 0
0 0 0 0 0 0 0 0 0 328770.849133744 21934.080923549 21728.9577657083 6625.02809102356 0 0 0 0 0 0 0 0
0 0 0 0 0 0 0 0 0 8319.59799767485 3474.23242107344 633.989212518137 917.069478966125 0 0 0 0 0 0 0 0
0 0 0 0 0 0 0 0 0 622596.894229073 63788.6253917845 38802.9297529797 20316.1020091457 0 0 0 0 0 0 0 0
0 0 0 0 0 0 0 0 0 97059.419186772 4296.47160138204 19722.9193507248 2988.9010747273 0 0 0 0 0 0 0 0
0 0 0 0 0 0 0 0 0 110485.457577973 5257.51777639962 4200.77451474188 2034.90577346869 0 0 0 0 0 0 0 0
0 0 0 0 0 0 0 0 0 2154.15895663619 142.48257983896 123.755397735038 17.494640415 0 0 0 0 0 0 0 0
0 0 0 0 0 0 0 0 0 1188518.00899162 137790.069854182 25403.4403024849 46551.1652324287 0 0 0 0 0 0 0 0
0 0 0 0 0 0 0 0 0 6695.96474099515 3870.08905620756 131.367667010263 1056.62376995565 0 0 0 0 0 0 0 0
0 0 0 0 0 0 0 0 0 25038.6992662611 15173.321283877 4334.58844969283 3933.81675381576 0 0 0 0 0 0 0 0
0 0 0 0 0 0 0 0 0 1353763.72638736 280490.174916466 105051.480827689 92368.5217317584 0 0 0 0 0 0 0 0
0 0 0 0 0 0 0 0 0 284268.535813444 88553.9725581953 14642.1296989693 28397.3699683538 0 0 0 0 0 0 0 0
0 0 0 0 0 0 0 0 0 14693.031724678 7542.1602652743 985.550584917622 2023.30753702697 0 0 0 0 0 0 0 0
0 0 0 0 0 0 0 0 0 4041.27657432923 3266.82719662883 95.0186242214196 994.414490670593 0 0 0 0 0 0 0 0
0 0 0 0 0 0 0 0 0 415352.602476379 156964.040580798 968046.529050693 63312.139655856 0 0 0 0 0 0 0 0
0 0 0 0 0 0 0 0 0 1271476.08204589 140931.61069296 279648.793133993 66778.3778912327 0 0 0 0 0 0 0 0
0 0 0 0 0 0 0 0 0 209160.527351561 8773.45183622186 210267.417968733 3943.43513459093 0 0 0 0 0 0 0 0
0 0 0 0 0 0 0 0 0 566878.135562298 49708.1377147556 341537.7872868 14263.85620296 0 0 0 0 0 0 0 0
0 0 0 0 0 0 0 0 0 869535.555888303 266957.688340692 44425.5717135183 89447.400596736 0 0 0 0 0 0 0 0
0 0 0 0 0 0 0 0 0 321787.058860099 17608.7486589056 50716.0419630163 13404.6137818127 0 0 0 0 0 0 0 0
0 0 0 0 0 0 0 0 0 0 0 0 1475.82007001319 0 0 0 0 0 0 0 0
0 0 0 0 0 0 0 0 0 250.872741127776 5.70981282627537 17.6559488526393 1.02226661121951 0 0 0 0 0 0 0 0
0 0 0 0 0 0 0 0 0 817518.069117297 80429.6777316623 510344.231143298 43457.8209156 0 0 0 0 0 0 0 0
0 0 0 0 0 0 0 0 0 462490.22257644 23999.3362539882 455073.323825111 17179.4460452566 0 0 0 0 0 0 0 0
0 0 0 0 0 0 0 0 0 313415.55387071 46812.8333822732 0 16259.2994606505 0 0 0 0 0 0 0 0
0 0 0 0 0 0 0 0 0 215577.335715299 24492.7110302252 199876.62836421 31386.540485664 0 0 0 0 0 0 0 0
0 0 0 0 0 0 0 0 0 342640.591238637 40371.0189436683 601575.347842651 32313.23687592 0 0 0 0 0 0 0 0
0 0 0 0 0 0 0 0 0 977141.459603244 102178.519159102 1015635.26584215 47388.709525248 0 0 0 0 0 0 0 0
0 0 0 0 0 0 0 0 0 339322.71910946 77725.6187369525 724321.888226881 23645.900049408 0 0 0 0 0 0 0 0
0 0 0 0 0 0 0 0 0 43212.3013924484 6501.99654393889 0 2581.78495657974 0 0 0 0 0 0 0 0
0 0 0 0 0 0 0 0 0 1229721.504827 204341.726545866 1050242.33023914 71028.552735504 0 0 0 0 0 0 0 0
0 0 0 0 0 0 0 0 0 326950.992526085 123896.737041867 29115.7812119629 37346.470211232 0 0 0 0 0 0 0 0
0 0 0 0 0 0 0 0 0 630929.938191678 74311.0935058071 206616.011732624 57031.197455232 0 0 0 0 0 0 0 0
0 0 0 0 0 0 0 0 0 65360.9455320173 3740.11275672863 7382.00297498387 7506.43375266046 0 0 0 0 0 0 0 0
0 0 0 0 0 0 0 0 0 1838.91705394048 120.531400662629 32.2375601893175 137.928103295541 0 0 0 0 0 0 0 0
0 0 0 0 0 0 0 0 0 519500.046260058 51377.1208994859 471692.463859764 26310.909276288 0 0 0 0 0 0 0 0
0 0 0 0 0 0 0 0 0 107407.771207018 34919.4636548812 0 12074.3572218738 0 0 0 0 0 0 0 0
0 0 0 0 0 0 0 0 0 4500116.82052456 160933.091510539 2737601.62393284 87191.1587164119 0 0 0 0 0 0 0 0
0 0 0 0 0 0 0 0 0 403756.048669044 53050.4727577222 950473.688074259 23283.5007863391 0 0 0 0 0 0 0 0
0 0 0 0 0 0 0 0 0 115697.516873561 34916.9882736833 180959.198970988 14008.6753797759 0 0 0 0 0 0 0 0
0 0 0 0 0 0 0 0 0 614340.577545789 73756.8073472086 452514.993277052 38836.452642624 0 0 0 0 0 0 0 0
0 0 0 0 0 0 0 0 0 42.0989786530077 102.200935745728 0 109.829868572573 0 0 0 0 0 0 0 0
0 0 0 0 0 0 0 0 0 828990.033767335 25028.6230620193 513720.181209514 33179.364874656 0 0 0 0 0 0 0 0
0 0 0 0 0 0 0 0 0 136229.580219202 23276.9563066694 265734.476292589 22991.761420992 0 0 0 0 0 0 0 0
0 0 0 0 0 0 0 0 0 281400.544650934 44238.7726359882 1204565.09001919 38212.598209968 0 0 0 0 0 0 0 0
0 0 0 0 0 0 0 0 0 618277.036004136 129258.919714276 565040.701787082 38357.962349616 0 0 0 0 0 0 0 0
0 0 0 0 0 0 0 0 0 134974.894800106 23597.3590174287 4742.37642868325 9648.66842787438 0 0 0 0 0 0 0 0
0 0 0 0 0 0 0 0 0 205382.825618663 27169.2091044622 349931.903837298 17513.6425733256 0 0 0 0 0 0 0 0
0 0 0 0 0 0 0 0 0 498158.817903737 38539.7309721661 430975.430513476 23845.775741424 0 0 0 0 0 0 0 0
0 0 0 0 0 0 0 0 0 59661.8330896026 16902.118525539 2246.85956606903 4045.80291241388 0 0 0 0 0 0 0 0
0 0 0 0 0 0 0 0 0 108308.84272536 32347.6502390934 0 8025.3118764 0 0 0 0 0 0 0 0
0 0 0 0 0 0 0 0 0 345761.640444898 205958.649704651 0 62415.72746136 0 0 0 0 0 0 0 0
0 0 0 0 0 0 0 0 0 690257.990671041 227235.888544111 52992.4026283689 54675.087025104 0 0 0 0 0 0 0 0
0 0 0 0 0 0 0 0 0 472824.895968236 23307.5798513433 530000.914976935 15142.09788 0 0 0 0 0 0 0 0
0 0 0 0 0 0 0 0 0 3686.70836287989 7652.51146828123 0 1513.98598816106 0 0 0 0 0 0 0 0
0 0 0 0 0 0 0 0 0 236834.21139037 62955.8831407064 0 32252.6684844 0 0 0 0 0 0 0 0
0 0 0 0 0 0 0 0 0 914551.770115536 181542.49753611 3184348.8069754 37358.583889536 0 0 0 0 0 0 0 0
0 0 0 0 0 0 0 0 0 0 19893.2466222112 1120955.55395683 0 0 0 0 0 0 0 0 0
0 0 0 0 0 0 0 0 0 68494.3771752274 149378.588565061 0 60616.846233216 0 0 0 0 0 0 0 0
0 0 0 0 0 0 0 0 0 0 24100.7296583987 0 9781.79523048 0 0 0 0 0 0 0 0
0 0 0 0 0 0 0 0 0 48783.9673230786 69380.7028133011 277997.328810653 16989.43382136 0 0 0 0 0 0 0 0
0 0 0 0 0 0 0 0 0 42485.6337897244 76022.9496530809 0 27019.559457072 0 0 0 0 0 0 0 0
0 0 0 0 0 0 0 0 0 0 0 7376.5462605018 19878.3583368599 0 0 0 0 0 0 0 0
0 0 0 0 0 0 0 0 0 0 0 0 0 0 0 0 0 0 0 0 0
0 0 0 0 0 0 0 0 0 763616.705798368 298891.920726687 287177.481162322 86237.275846176 0 0 0 0 0 0 0 0
0 0 0 0 0 0 0 0 0 7169.9779062738 35391.630579684 0 14917.994831376 0 0 0 0 0 0 0 0
0 0 0 0 0 0 0 0 0 864.690567655199 16314.4676662383 0 6954.14746254255 0 0 0 0 0 0 0 0
0 0 0 0 0 0 0 0 0 95851.9515435149 58465.7365093516 0 21472.3681145784 0 0 0 0 0 0 0 0
0 0 0 0 0 0 0 0 0 50892.7843543356 89530.9952087602 0 40520.25392688 0 0 0 0 0 0 0 0
0 0 0 0 0 0 0 0 0 1388.69506724998 13850.0882583867 1335.49268976391 5504.66318815438 0 0 0 0 0 0 0 0
0 0 0 0 0 0 0 0 0 0 15544.511276497 585319.647603262 12567.9412404 0 0 0 0 0 0 0 0
0 0 0 0 0 0 0 0 0 0 5071.25899800612 412507.839261424 11392.914444912 0 0 0 0 0 0 0 0
0 0 0 0 0 0 0 0 0 0 0 55434.9597207685 5257.336383936 0 0 0 0 0 0 0 0
0 0 0 0 0 0 0 0 0 125404.31945875 65531.3232477856 95615.5603234842 33906.185572896 0 0 0 0 0 0 0 0
0 0 0 0 0 0 0 0 0 25719.8993557672 17444.9589575353 0 10079.6097787261 0 0 0 0 0 0 0 0
0 0 0 0 0 0 0 0 0 79235.2852544297 121624.47002706 278537.337772516 48763.612012752 0 0 0 0 0 0 0 0
0 0 0 0 0 0 0 0 0 10853.3783208694 43519.1193361503 14587.3944068779 28109.790504432 0 0 0 0 0 0 0 0
0 0 0 0 0 0 0 0 0 0 0 60375.6849898269 2819.70880866104 0 0 0 0 0 0 0 0
0 0 0 0 0 0 0 0 0 955.99705416984 17005.2543574444 673296.405658279 7225.809108336 0 0 0 0 0 0 0 0
0 0 0 0 0 0 0 0 0 0 2452.9459283834 25848.9058036071 6795.773528544 0 0 0 0 0 0 0 0
0 0 0 0 0 0 0 0 0 217658.035186139 216036.858256848 150698.26254264 101100.759125184 0 0 0 0 0 0 0 0
0 0 0 0 0 0 0 0 0 0 50795.2735506809 0 23561.10430128 0 0 0 0 0 0 0 0
0 0 0 0 0 0 0 0 0 163109.967977625 92764.8415263293 46608.8529798578 25329.701333664 0 0 0 0 0 0 0 0
0 0 0 0 0 0 0 0 0 0 77.3339719936849 0 34.9372911313268 0 0 0 0 0 0 0 0
0 0 0 0 0 0 0 0 0 0 9545.35887487022 458446.151311817 5681.315124576 0 0 0 0 0 0 0 0
0 0 0 0 0 0 0 0 0 88429.7275107102 41173.3558141258 150989.724333314 17377.071527088 0 0 0 0 0 0 0 0
0 0 0 0 0 0 0 0 0 43891.5118105624 57939.7465231134 0 18915.508671696 0 0 0 0 0 0 0 0
0 0 0 0 0 0 0 0 0 58456.408106444 92963.89456671 955502.943396826 24088.049307504 0 0 0 0 0 0 0 0
0 0 0 0 0 0 0 0 0 0 0 201645.068308853 10920.480991056 0 0 0 0 0 0 0 0
0 0 0 0 0 0 0 0 0 12709.1373083755 47270.5035587092 0 21840.961982112 0 0 0 0 0 0 0 0
0 0 0 0 0 0 0 0 0 0 0 343720.965761487 2523.1508186776 0 0 65107.2860495517 0 0 0 0 0
0 0 0 0 0 0 0 0 0 0 4106.6173407767 0 1029.66265584 0 0 0 0 0 0 0 0
0 0 0 0 0 0 0 0 0 3852.10577709612 7475.2072549112 594746.559016974 8976.235623264 0 0 0 0 0 0 0 0
0 0 0 0 0 0 0 0 0 0 22456.2453094075 126430.045223426 8503.802169408 0 0 0 0 0 0 0 0
0 0 0 0 0 0 0 0 0 5764.0998854358 8795.08203035844 538514.102617428 6056.839152 0 0 0 0 0 0 0 0
0 0 0 0 0 0 0 0 0 0 11514.1095841011 203674.572188702 423.97874064 0 0 0 0 0 0 0 0
0 0 0 0 0 0 0 0 0 307802.933882272 148490.505769516 125173.004494321 111688.11396288 0 0 0 0 0 0 0 0
0 0 0 0 0 0 0 0 0 18726.2952375622 69313.3310150184 76193.1187878736 31665.155086656 0 0 0 0 0 0 0 0
0 0 0 0 0 0 0 0 0 100913.924335752 135558.182853707 272427.368823227 42246.4530852 0 0 0 0 0 0 0 0
0 0 0 0 0 0 0 0 0 0 0 93814.9344142258 0 0 0 0 0 0 0 0 0
0 0 0 0 0 0 0 0 0 0 0 266258.392272145 1611.119214432 0 0 0 0 0 0 0 0
0 0 0 0 0 0 0 0 0 1134.48468803491 270.008799248434 0 89.7708129005061 0 0 0 0 0 0 0 0
0 0 0 0 0 0 0 0 0 51820.6638480887 68514.0564990283 0 30968.618584176 0 0 0 0 0 0 0 0
0 0 0 0 0 0 0 0 0 2108.817031257 0 279733.582790683 5439.041558496 0 0 0 0 0 0 0 0
0 0 0 0 0 0 0 0 0 0 43524.7419947603 926309.154481076 3478.45127834103 0 0 0 0 0 0 0 0
0 0 0 0 0 0 0 0 0 0 1255.56533163195 795417.107841671 0 0 0 0 0 0 0 0 0
0 0 0 0 0 0 0 0 0 6014.79510898357 53503.6040998738 14463.3550433094 14891.1274470617 0 0 0 0 0 0 0 0
0 0 0 0 0 0 0 0 0 67678.9679231413 116314.347380597 286489.059141404 55032.440535072 0 0 0 0 0 0 0 0
0 0 0 0 0 0 0 0 0 119049.750804562 106030.961079084 48239.6085203177 23209.807630464 0 0 0 0 0 0 0 0
0 0 0 0 0 0 0 0 0 8716.4437291956 30161.1291493734 56443.4532786845 13870.16165808 0 0 0 0 0 0 0 0
0 0 0 0 0 0 0 0 0 15380.3055479677 77182.2385755976 8084.59791463041 23968.8865287252 0 0 0 0 0 0 0 0
0 0 0 0 0 0 0 0 0 0 4081.32913101016 210470.614461219 4131.72212739037 0 0 11160.3950946195 0 0 0 0 0
0 0 0 0 0 0 0 0 0 9335.03005836432 45322.846117446 33362.5404319108 11326.28921424 0 0 0 0 0 0 0 0
0 0 0 0 0 0 0 0 0 32363.3120396908 63629.6011235333 0 29987.410641552 0 0 0 0 0 0 0 0
0 0 0 0 0 0 0 0 0 2193.16971250728 3099.10272100374 378905.692204051 1314.334095984 0 0 0 0 0 0 0 0
0 0 0 0 0 0 0 0 0 4458.39067358251 0 0 2172.30170700565 0 0 0 0 0 0 0 0
0 0 0 0 0 0 0 0 0 297821.199934322 173629.373592362 0 45135.565360704 0 0 0 0 0 0 0 0
0 0 0 0 0 0 0 0 0 821791.938300645 283757.764948821 562190.455809567 90174.221294976 0 0 0 0 0 0 0 0
0 0 0 0 0 0 0 0 0 451568.020293166 160853.23075439 236439.884166102 60853.062960144 0 0 0 0 0 0 0 0
0 0 0 0 0 0 0 0 0 16055.12699797 46354.8595729581 117809.571034218 13022.2041768 0 0 0 0 0 0 0 0
0 0 0 0 0 0 0 0 0 19710.4098521488 17672.8476313365 60291.4641592437 5069.574370224 0 0 0 0 0 0 0 0
0 0 0 0 0 0 0 0 0 0 2158.31667199377 199414.496949189 3153.22405002531 0 0 34645.1670717558 0 0 0 0 0
0 0 0 0 0 0 0 0 0 46365.8571272372 36757.4406721422 0 15650.872368768 0 0 0 0 0 0 0 0
0 0 0 0 0 0 0 0 0 5398.57160001792 0 519195.371412242 3373.659407664 0 0 0 0 0 0 0 0
0 0 0 0 0 0 0 0 0 0 303.428124408988 0 0 0 0 0 0 0 0 0 0
0 0 0 0 0 0 0 0 0 0 0 0 0 0 0 0 0 0 0 0 0
0 0 0 0 0 0 0 0 0 0 0 0 0 0 0 0 0 0 0 0 0
0 0 0 0 0 0 0 0 0 0 0 0 0 0 0 0 0 0 0 0 0
0 0 0 0 0 0 0 0 0 850.245167646627 4022.6042070075 180469.904252751 466.926399951751 0 0 0 0 0 0 0 0
0 0 0 0 0 0 0 0 0 0 0 0 0 0 0 0 0 0 0 0 0
0 0 0 0 0 0 0 0 0 0 0 0 0 0 0 0 0 0 0 0 0
0 0 0 0 0 0 0 0 0 0 0 0 0 0 0 0 0 0 0 0 0
0 0 0 0 0 0 0 0 0 0 0 0 0 0 0 0 0 0 0 0 0
0 0 0 0 0 0 0 0 0 0 0 0 0 0 0 0 0 0 0 0 0
0 0 0 0 0 0 0 0 0 0 0 0 0 0 0 0 0 0 0 0 0
0 0 0 0 0 0 0 0 0 0 0 0 0 0 0 0 0 0 0 0 0
0 0 0 0 0 0 0 0 0 0 0 0 0 0 0 0 0 0 0 0 0
0 0 0 0 0 0 0 0 0 0 0 0 0 0 0 0 0 0 0 0 0
0 0 0 0 0 0 0 0 0 0 0 0 0 0 0 0 0 0 0 0 0
0 0 0 0 0 0 0 0 0 0 0 0 0 0 0 0 0 0 0 0 0
0 0 0 0 0 0 0 0 0 0 0 0 0 0 0 0 0 0 0 0 0
0 0 0 0 0 0 0 0 0 0 0 0 0 0 0 0 0 0 0 0 0
0 0 0 0 0 0 0 0 0 0 0 0 0 0 0 0 0 0 0 0 0
0 0 0 0 0 0 0 0 0 0 0 0 0 0 0 0 0 0 0 0 0
0 0 0 0 0 0 0 0 0 0 0 0 0 0 0 0 0 0 0 0 0
0 0 0 0 0 0 0 0 0 0 0 0 0 0 0 0 0 0 0 0 0
0 0 0 0 0 0 0 0 0 0 0 0 0 0 0 0 0 0 0 0 0
0 0 0 0 0 0 0 0 0 0 0 0 0 0 0 0 0 0 0 0 0
0 0 0 0 0 0 0 0 0 0 21932.0057664993 319710.159104537 4130.39698792106 0 0 57360.8312998679 0 0 0 0 0
0 0 0 0 0 0 0 0 0 15.444857130333 268.665656866618 21344.1418605252 98.386248324 0 0 0 0 0 0 0 0
0 0 0 0 0 0 0 0 0 0 0 0 0 0 0 0 0 0 0 0 0
0 0 0 0 0 0 0 0 0 0 0 0 0 0 0 0 0 0 0 0 0
0 0 0 0 0 0 0 0 0 0 0 0 0 0 0 0 0 0 0 0 0
0 0 0 0 0 0 0 0 0 112245.301183706 80200.0011466077 30801.9681359254 35353.770130224 0 0 0 0 0 0 0 0
0 0 0 0 0 0 0 0 0 19513.5869292314 77330.5750106585 0 24602.880635424 0 0 0 0 0 0 0 0
0 0 0 0 0 0 0 0 0 28820.499427179 113714.408437779 0 35262.917542944 0 0 0 0 0 0 0 0
0 0 0 0 0 0 0 0 0 41670.2245376383 95275.9721895932 43156.0142203969 27988.653721392 0 0 0 0 0 0 0 0
0 0 0 0 0 0 0 0 0 274202.449184244 58484.8456183097 471145.30246132 16759.273933584 0 0 0 0 0 0 0 0
0 0 0 0 0 0 0 0 0 61352.5168293703 49475.3987752336 0 23979.026202768 0 0 0 0 0 0 0 0
0 0 0 0 0 0 0 0 0 342.716745683015 4981.01582162203 0 3055.51950160927 0 0 0 0 0 0 0 0
0 0 0 0 0 0 0 0 0 11443.8470896213 25990.2023647814 0 5826.679264224 0 0 0 0 0 0 0 0
0 0 0 0 0 0 0 0 0 68859.9054606452 83103.1131816981 10049.1733962557 50017.377717216 0 0 0 0 0 0 0 0
0 0 0 0 0 0 0 0 0 874.665855391651 5.88314539134143 0 60.6875173800849 0 0 0 0 0 0 0 0
0 0 0 0 0 0 0 0 0 0 7.93135884248678 0 5.453375143125 0 0 0 0 0 0 0 0
