0 0 0 0 0 0 0 0 0 30406.3086205551 11221.8530592781 2526579.31541189 5326.44530824134 0 0 0 0 0 0 0 0
0 0 0 0 0 0 0 0 0 10911.5866038374 5613.37235079953 482429.412944671 1538.66210016678 0 0 0 0 0 0 0 0
0 0 0 0 0 0 0 0 0 33705.3447737705 8118.04437143661 4199411.96099638 2568.0671256005 0 0 0 0 0 0 0 0
0 0 0 0 0 0 0 0 0 0 0 0 0 0 0 0 0 0 0 0 0
0 0 0 0 0 0 0 0 0 69366.0215481469 49705.0753602882 0 7995.02768064 0 0 0 0 0 0 0 0
0 0 0 0 0 0 0 0 0 32054.0188751064 26348.4978374666 315635.238208836 2586.270317904 0 0 0 0 0 0 0 0
0 0 0 0 0 0 0 0 0 144018.144454645 60919.4174198887 1345611.13939582 3900.604413888 0 0 0 0 0 0 0 0
0 0 0 0 0 0 0 0 0 8941.38421252968 14546.1837201263 0 617.797593504 0 0 0 0 0 0 0 0
0 0 0 0 0 0 0 0 0 74089.7716981626 13961.2740168538 4468123.55591049 1871.563297968 0 0 0 0 0 0 0 0
0 0 0 0 0 0 0 0 0 305300.47100518 158902.510958659 2583951.82305946 12737.532736656 0 0 0 0 0 0 0 0
0 0 0 0 0 0 0 0 0 143575.671321763 45917.4552146609 1681971.62444371 8705.22332497869 0 0 0 0 0 0 0 0
0 0 0 0 0 0 0 0 0 32503.8998417746 25818.7105146072 743240.082983534 2192.575773024 0 0 0 0 0 0 0 0
0 0 0 0 0 0 0 0 0 4301.98674376428 3785.07012170022 4406494.5861106 926.696390256 0 0 0 0 0 0 0 0
0 0 0 0 0 0 0 0 0 583523.73132902 191433.902465796 3761232.15563142 26934.763708944 0 0 0 0 0 0 0 0
0 0 0 0 0 0 0 0 0 55441.8668639792 21705.606147483 14023.0574516235 2742.43818520504 0 0 0 0 0 0 0 0
0 0 0 0 0 0 0 0 0 87783.0236211247 52513.2544068895 1409139.08110794 8267.58544248 0 0 0 0 0 0 0 0
0 0 0 0 0 0 0 0 0 90791.602585718 32607.950368822 300270.016323778 1417.300361568 0 0 0 0 0 0 0 0
0 0 0 0 0 0 0 0 0 133024.178331692 10442.628733817 4380053.81617992 2973.908023632 0 0 0 0 0 0 0 0
0 0 0 0 0 0 0 0 0 46000.3288418194 62083.1121174988 1491919.59398689 3058.70377176 0 0 0 0 0 0 0 0
0 0 0 0 0 0 0 0 0 14621.1314167152 15376.0817807903 242919.991708456 714.707019936 0 0 0 0 0 0 0 0
0 0 0 0 0 0 0 0 0 62477.2192460407 13878.5904462341 5583565.70991256 1235.595187008 0 0 0 0 0 0 0 0
0 0 0 0 0 0 0 0 0 64951.5645627156 28109.3516562187 1227002.28357367 4142.877979968 0 0 0 0 0 0 0 0
0 0 0 0 0 0 0 0 0 0 3696.26184214577 1929491.35913716 1768.597032384 0 0 0 0 0 0 0 0
0 0 0 0 0 0 0 0 0 15942.6567563029 5077.38370694091 3567043.50245822 551.172362832 0 0 0 0 0 0 0 0
0 0 0 0 0 0 0 0 0 333446.148982357 100503.411265437 1859342.0492602 15553.962942336 0 0 0 0 0 0 0 0
0 0 0 0 0 0 0 0 0 35737.419289702 13976.5857891908 1898984.4290102 847.95748128 0 0 0 0 0 0 0 0
0 0 0 0 0 0 0 0 0 0 3317.66000095763 1797574.58436889 236.511131676348 0 0 0 0 0 0 0 0
0 0 0 0 0 0 0 0 0 0 0 0 0 0 0 0 0 0 0 0 0
0 0 0 0 0 0 0 0 0 32024.0904951976 9213.13322716363 4745.92005367336 1852.01954838824 0 0 0 0 0 0 0 0
0 0 0 0 0 0 0 0 0 96111.585988984 44825.629893212 0 4319.85969475103 0 0 0 0 0 0 0 0
0 0 0 0 0 0 0 0 0 125663.49064268 42929.3633826041 82760.4728723011 7867.96588336615 0 0 0 0 0 0 0 0
0 0 0 0 0 0 0 0 0 420224.506768375 116062.486222201 62929.7822282754 16678.7082732555 0 0 0 0 0 0 0 0
0 0 0 0 0 0 0 0 0 329082.010688555 61963.4616054901 114071.180864687 13288.8990032003 0 0 0 0 0 0 0 0
0 0 0 0 0 0 0 0 0 83399.5619884495 38720.9530823856 19240.754597493 4710.55821360545 0 0 0 0 0 0 0 0
0 0 0 0 0 0 0 0 0 275230.911866259 11748.1325763732 45458.5823837058 3460.52475148279 0 0 0 0 0 0 0 0
0 0 0 0 0 0 0 0 0 7167.57835927427 3553.87874603566 4036.49887496416 202.995315224015 0 0 0 0 0 0 0 0
0 0 0 0 0 0 0 0 0 355670.208578346 61406.7820736606 111629.888859955 10459.6828138138 0 0 0 0 0 0 0 0
0 0 0 0 0 0 0 0 0 74134.2281855218 2528.82854878356 42015.4652441828 1023.54510618959 0 0 0 0 0 0 0 0
0 0 0 0 0 0 0 0 0 67293.9939110175 4739.26565839687 8654.03084671782 1098.84380746192 0 0 0 0 0 0 0 0
0 0 0 0 0 0 0 0 0 1419.67151237163 111.077106561502 106.543667032133 2.90144826344175 0 0 0 0 0 0 0 0
0 0 0 0 0 0 0 0 0 471240.150008481 134333.112373528 126174.383227455 16962.9730415745 0 0 0 0 0 0 0 0
0 0 0 0 0 0 0 0 0 4220.04840600212 5594.96840075605 45.9086627057282 1059.33838156418 0 0 0 0 0 0 0 0
0 0 0 0 0 0 0 0 0 57427.5643866872 14106.164752836 17369.2507284423 3828.63376259391 0 0 0 0 0 0 0 0
0 0 0 0 0 0 0 0 0 1055057.1351794 244461.201211532 343799.472055484 65098.8218385321 0 0 0 0 0 0 0 0
0 0 0 0 0 0 0 0 0 242116.608450893 86808.5681887223 99744.1285032812 11395.5036740573 0 0 0 0 0 0 0 0
0 0 0 0 0 0 0 0 0 12638.2194989911 9390.98544577785 2827.34614464001 928.007144394368 0 0 0 0 0 0 0 0
0 0 0 0 0 0 0 0 0 3624.36803643194 3212.92946415861 2901.84461822031 1399.06731113809 0 0 0 0 0 0 0 0
0 0 0 0 0 0 0 0 0 232222.931482021 187391.594568835 2453425.21978429 26189.772493248 0 0 0 0 0 0 0 0
0 0 0 0 0 0 0 0 0 987460.604276194 153439.897260497 753691.580937469 50986.1540374217 0 0 0 0 0 0 0 0
0 0 0 0 0 0 0 0 0 171493.055652271 13543.3093222767 345687.992774411 3749.85605898478 0 0 0 0 0 0 0 0
0 0 0 0 0 0 0 0 0 600956.618787411 30641.9188007544 339953.522584116 24524.141726448 0 0 0 0 0 0 0 0
0 0 0 0 0 0 0 0 0 885984.328732108 386383.387860162 459876.63862801 66116.456183232 0 0 0 0 0 0 0 0
0 0 0 0 0 0 0 0 0 156276.822327112 12036.7429554904 433923.788473018 2725.83819197224 0 0 0 0 0 0 0 0
0 0 0 0 0 0 0 0 0 10094.2041896168 3643.34415514657 2038.44442557499 0 0 0 0 0 0 0 0 0
0 0 0 0 0 0 0 0 0 0 0 0 0.0612838447776366 0 0 0 0 0 0 0 0
0 0 0 0 0 0 0 0 0 968565.603676132 104101.677764626 990523.061006377 21453.324276384 0 0 0 0 0 0 0 0
0 0 0 0 0 0 0 0 0 314885.105896093 20514.6305329425 626700.91664458 6616.47243256519 0 0 0 0 0 0 0 0
0 0 0 0 0 0 0 0 0 269699.510883589 47142.7190638588 40590.3082912057 5721.37305699081 0 0 0 0 0 0 0 0
0 0 0 0 0 0 0 0 0 216420.862527802 15140.2804868009 383461.794306126 3325.204694448 0 0 0 0 0 0 0 0
0 0 0 0 0 0 0 0 0 244285.364900811 61856.4978869116 1226564.19683309 12107.621464848 0 0 0 0 0 0 0 0
0 0 0 0 0 0 0 0 0 849403.382629903 163324.550809578 2837498.54741809 16183.874214144 0 0 0 0 0 0 0 0
0 0 0 0 0 0 0 0 0 282609.599748855 75434.977595341 1116954.89433895 8425.063260432 0 0 0 0 0 0 0 0
0 0 0 0 0 0 0 0 0 33764.2661975697 6465.55235379905 0 338.64475407046 0 0 0 0 0 0 0 0
0 0 0 0 0 0 0 0 0 1647604.68774089 239745.60654342 2639524.46718442 28479.257692704 0 0 0 0 0 0 0 0
0 0 0 0 0 0 0 0 0 278588.788609258 129402.850374243 95029.0605238449 16238.385766512 0 0 0 0 0 0 0 0
0 0 0 0 0 0 0 0 0 767328.22377338 90786.5605403922 295370.597265817 8800.587287856 0 0 0 0 0 0 0 0
0 0 0 0 0 0 0 0 0 35616.8364404392 4408.11484371808 76526.9656665052 1490.4282086481 0 0 0 0 0 0 0 0
0 0 0 0 0 0 0 0 0 723.845190049261 42.1985621418802 608.47347238173 47.8682837236324 0 0 0 0 0 0 0 0
0 0 0 0 0 0 0 0 0 561338.976160197 55159.1286667187 677282.100943022 18376.449987168 0 0 0 0 0 0 0 0
0 0 0 0 0 0 0 0 0 86148.022060574 40896.3880461511 0 4459.69947024514 0 0 0 0 0 0 0 0
0 0 0 0 0 0 0 0 0 3015633.92806845 165705.441772101 4374414.5801472 46779.6603800676 0 0 0 0 0 0 0 0
0 0 0 0 0 0 0 0 0 305937.975919728 63275.2323263184 1185637.76580717 9419.03430424615 0 0 0 0 0 0 0 0
0 0 0 0 0 0 0 0 0 129550.190026949 34005.1189399836 247667.632349474 1988.46442349359 0 0 0 0 0 0 0 0
0 0 0 0 0 0 0 0 0 333389.913861523 92786.2780076011 797069.320691877 14269.913042112 0 0 0 0 0 0 0 0
0 0 0 0 0 0 0 0 0 87.8133040708043 105.401540688739 0 23.2303971576848 0 0 0 0 0 0 0 0
0 0 0 0 0 0 0 0 0 520877.806720479 38359.0520585898 584777.850532255 14742.346495968 0 0 0 0 0 0 0 0
0 0 0 0 0 0 0 0 0 141487.564017136 14705.4261524308 631846.247562439 5959.929725568 0 0 0 0 0 0 0 0
0 0 0 0 0 0 0 0 0 439477.469313959 45543.3356390984 2142272.77120258 9624.317412528 0 0 0 0 0 0 0 0
0 0 0 0 0 0 0 0 0 428089.857345171 89809.6694652932 1156534.69026886 8740.018896336 0 0 0 0 0 0 0 0
0 0 0 0 0 0 0 0 0 220422.941744713 28495.5191540804 6870.9971102328 4221.43142291743 0 0 0 0 0 0 0 0
0 0 0 0 0 0 0 0 0 211651.58061832 28962.6621484245 709376.271992909 6944.13640331928 0 0 0 0 0 0 0 0
0 0 0 0 0 0 0 0 0 451539.902732749 46262.9889389363 1350859.2397371 11810.8363464 0 0 0 0 0 0 0 0
0 0 0 0 0 0 0 0 0 79025.9848462929 18346.6181645733 9292.9264366829 3173.79808986729 0 0 0 0 0 0 0 0
0 0 0 0 0 0 0 0 0 68972.3757023123 53223.7206433251 38962.8982748063 4476.004133328 0 0 0 0 0 0 0 0
0 0 0 0 0 0 0 0 0 231660.580273686 234218.056729772 4845.77578360372 12652.736988528 0 0 0 0 0 0 0 0
0 0 0 0 0 0 0 0 0 804330.933281837 317097.61803535 214648.198013047 33639.684650208 0 0 0 0 0 0 0 0
0 0 0 0 0 0 0 0 0 518937.695051723 27879.6750711641 1048241.43610562 7807.265666928 0 0 0 0 0 0 0 0
0 0 0 0 0 0 0 0 0 2821.98290469242 12551.4190666942 0 507.664283300516 0 0 0 0 0 0 0 0
0 0 0 0 0 0 0 0 0 189174.946483961 70134.0420122803 65453.7352615551 3615.932973744 0 0 0 0 0 0 0 0
0 0 0 0 0 0 0 0 0 848503.620696567 165042.531665786 4684327.40887989 10623.695872608 0 0 0 0 0 0 0 0
0 0 0 0 0 0 0 0 0 681.519429654868 1147.36214045066 1247763.20270265 0 0 0 0 0 0 0 0 0
0 0 0 0 0 0 0 0 0 95009.236648232 140672.314814257 245666.527355546 17576.947219104 0 0 0 0 0 0 0 0
0 0 0 0 0 0 0 0 0 11978.0807375398 23264.7068887998 0 714.707019936 0 0 0 0 0 0 0 0
0 0 0 0 0 0 0 0 0 0 61764.6272528898 780484.608369761 6656.466228048 0 0 0 0 0 0 0 0
0 0 0 0 0 0 0 0 0 55729.0047460183 61761.5648984224 0 12858.669519696 0 0 0 0 0 0 0 0
0 0 0 0 0 0 0 0 0 25446.3921771678 69770.3634195334 31794.0361351596 1369.71548033642 0 0 0 0 0 0 0 0
0 0 0 0 0 0 0 0 0 0 0 0 0 0 0 0 0 0 0 0 0
0 0 0 0 0 0 0 0 0 562548.031258117 286764.997035803 890805.578303709 47540.130504048 0 0 0 0 0 0 0 0
0 0 0 0 0 0 0 0 0 6965.50993458249 55910.2381527869 0 26662.205947104 0 0 0 0 0 0 0 0
0 0 0 0 0 0 0 0 0 603.494983182324 17915.2307251085 1793.40488049597 2729.55646748321 0 0 0 0 0 0 0 0
0 0 0 0 0 0 0 0 0 66712.7406479296 72498.591249707 52523.0036458321 3975.70524628754 0 0 0 0 0 0 0 0
0 0 0 0 0 0 0 0 0 28230.030658427 67779.0914268535 166306.66727145 28624.621832352 0 0 0 0 0 0 0 0
0 0 0 0 0 0 0 0 0 2038.5231302151 13778.3857884706 6580.7042210128 2057.03902519254 0 0 0 0 0 0 0 0
0 0 0 0 0 0 0 0 0 16167.597239637 27340.7006849026 1883890.99971521 2822.487044832 0 0 0 0 0 0 0 0
0 0 0 0 0 0 0 0 0 9343.77748245581 455.338111607517 815751.485041352 0 0 0 0 0 0 0 0 0
0 0 0 0 0 0 0 0 0 4829.2697546744 8627.40954607014 162108.186998424 393.69454488 0 0 0 0 0 0 0 0
0 0 0 0 0 0 0 0 0 97596.052206574 56500.4399234378 170687.534677292 6904.79663328 0 0 0 0 0 0 0 0
0 0 0 0 0 0 0 0 0 12667.3536711081 23073.4092348463 0 4946.36728927655 0 0 0 0 0 0 0 0
0 0 0 0 0 0 0 0 0 85308.6783044498 145774.197356937 1098421.14304852 22604.123715264 0 0 0 0 0 0 0 0
0 0 0 0 0 0 0 0 0 47293.7366209903 50338.982735039 144037.555976617 2380.337786736 0 0 0 0 0 0 0 0
0 0 0 0 0 0 0 0 0 0 7139.20104735429 112698.329210706 701.490816285557 0 0 0 0 0 0 0 0
0 0 0 0 0 0 0 0 0 7423.03595002464 3993.31022548308 1755917.81629945 2162.291577264 0 0 0 0 0 0 0 0
0 0 0 0 0 0 0 0 0 359.009471444241 0 0 181.70517456 0 0 0 0 0 0 0 0
0 0 0 0 0 0 0 0 0 227696.004254922 163376.610835523 934385.374391525 31271.460541776 0 0 0 0 0 0 0 0
0 0 0 0 0 0 0 0 0 899.76193333632 34531.108974346 0 829.786963824 0 0 0 0 0 0 0 0
0 0 0 0 0 0 0 0 0 120202.570781649 100705.526660285 246113.554641857 7377.230087136 0 0 0 0 0 0 0 0
0 0 0 0 0 0 0 0 0 0 18.3302313356131 0 8.19633013928334 0 0 0 0 0 0 0 0
0 0 0 0 0 0 0 0 0 0 3891.94483959425 464055.449700439 920.639551104 0 0 0 0 0 0 0 0
0 0 0 0 0 0 0 0 0 49993.0224209993 42692.2836299537 248810.023232881 8443.233777888 0 0 0 0 0 0 0 0
0 0 0 0 0 0 0 0 0 35653.0666084517 34374.9288965089 0 4148.93481912 0 0 0 0 0 0 0 0
0 0 0 0 0 0 0 0 0 79094.6974523459 56298.3245285897 1827685.36495285 1496.039270544 0 0 0 0 0 0 0 0
0 0 0 0 0 0 0 0 0 0 4152.55265778762 254846.679707215 0 0 0 0 0 0 0 0 0
0 0 0 0 0 0 0 0 0 20582.0542250683 60166.0782209096 0 10108.864544688 0 0 0 0 0 0 0 0
0 0 0 0 0 0 0 0 0 666.787861311738 6093.56969066584 619869.576087277 1476.83523150417 0 0 191348.801683219 0 0 0 0 0
0 0 0 0 0 0 0 0 0 1629.83945885748 3037.96226195194 0 127.193622192 0 0 0 0 0 0 0 0
0 0 0 0 0 0 0 0 0 0 13165.0618553311 1186787.7088972 1059.9468516 0 0 0 0 0 0 0 0
0 0 0 0 0 0 0 0 0 0 21237.4282313843 331896.30277566 914.582711952 0 0 0 0 0 0 0 0
0 0 0 0 0 0 0 0 0 9531.85298128164 14521.6848843871 901435.887172171 2083.552668288 0 0 0 0 0 0 0 0
0 0 0 0 0 0 0 0 0 5567.24100526967 581.851264999766 408060.811817209 0 0 0 0 0 0 0 0 0
0 0 0 0 0 0 0 0 0 244679.010746646 117863.898741099 710194.037870326 30356.877829824 0 0 0 0 0 0 0 0
0 0 0 0 0 0 0 0 0 41220.3435709702 71631.5333468365 369673.684687171 3840.036022368 0 0 0 0 0 0 0 0
0 0 0 0 0 0 0 0 0 91494.541596137 117937.395248316 778172.583244966 26468.38709424 0 0 0 0 0 0 0 0
0 0 0 0 0 0 0 0 0 0 1906.25097286068 163327.677435479 0 0 0 0 0 0 0 0 0
0 0 0 0 0 0 0 0 0 12784.6924942252 5840.86812674923 538310.258174871 0 0 0 0 0 0 0 0 0
0 0 0 0 0 0 0 0 0 66.4807743376787 229.016099823307 0 20.8686475595958 0 0 0 0 0 0 0 0
0 0 0 0 0 0 0 0 0 12709.1373083755 61874.872013716 0 10205.77397112 0 0 0 0 0 0 0 0
0 0 0 0 0 0 0 0 0 0 5095.75783374528 417310.700425542 109.023104736 0 0 0 0 0 0 0 0
0 0 0 0 0 0 0 0 0 15942.9836408194 0 891887.65402425 0 0 0 0 0 0 0 0 0
0 0 0 0 0 0 0 0 0 646.70388958548 4002.49728888526 1412538.27659305 0 0 0 0 0 0 0 0 0
0 0 0 0 0 0 0 0 0 14537.7740473381 34886.737532693 94589.0684003844 2917.08821666272 0 0 0 0 0 0 0 0
0 0 0 0 0 0 0 0 0 128159.840379592 94384.8270395813 620089.429932478 8461.404295344 0 0 0 0 0 0 0 0
0 0 0 0 0 0 0 0 0 203964.783263177 88609.2265140743 67881.9874807926 18091.778547024 0 0 0 0 0 0 0 0
0 0 0 0 0 0 0 0 0 15830.1865146359 20367.7195626441 238894.958022518 1459.698235632 0 0 0 0 0 0 0 0
0 0 0 0 0 0 0 0 0 36384.1231792874 59008.8055244187 109987.888065301 4900.33747840558 0 0 0 0 0 0 0 0
0 0 0 0 0 0 0 0 0 6310.11953848751 2941.77034304439 242850.464350332 208.327066720026 0 0 0 0 0 0 0 0
0 0 0 0 0 0 0 0 0 19118.2052556121 33422.7257105339 255329.46917643 2471.190374016 0 0 0 0 0 0 0 0
0 0 0 0 0 0 0 0 0 7676.09399377548 110991.975316264 0 10205.77397112 0 0 0 0 0 0 0 0
0 0 0 0 0 0 0 0 0 0 4569.03286535334 1113455.56474171 920.639551104 0 0 0 0 0 0 0 0
0 0 0 0 0 0 0 0 0 11628.3257177215 6612.7789768372 0 290.872513600265 0 0 0 0 0 0 0 0
0 0 0 0 0 0 0 0 0 215324.277671548 110661.241033786 45122.9342801623 22325.509114272 0 0 0 0 0 0 0 0
0 0 0 0 0 0 0 0 0 424181.516447241 196590.907388889 1136770.71988651 40489.96973112 0 0 0 0 0 0 0 0
0 0 0 0 0 0 0 0 0 131674.535431687 167054.498550865 457325.00687775 29436.23827872 0 0 0 0 0 0 0 0
0 0 0 0 0 0 0 0 0 0 47252.1294319049 316531.080890602 5626.803572208 0 0 0 0 0 0 0 0
0 0 0 0 0 0 0 0 0 8154.0925208604 14111.3293857562 244874.395004205 272.55776184 0 0 0 0 0 0 0 0
0 0 0 0 0 0 0 0 0 0 4287.92306557706 267782.488247391 481.881245726273 0 0 54852.9368958583 0 0 0 0 0
0 0 0 0 0 0 0 0 0 62139.8085210396 43620.1770335744 17434.0641661019 7534.707905088 0 0 0 0 0 0 0 0
0 0 0 0 0 0 0 0 0 14424.3084937979 6381.94671005118 1368416.68343422 1405.186683264 0 0 0 0 0 0 0 0
0 0 0 0 0 0 0 0 0 0 0 0 0 0 0 0 0 0 0 0 0
0 0 0 0 0 0 0 0 0 0 0 0 0 0 0 0 0 0 0 0 0
0 0 0 0 0 0 0 0 0 0 0 0 0 0 0 0 0 0 0 0 0
0 0 0 0 0 0 0 0 0 0 0 0 0 0 0 0 0 0 0 0 0
0 0 0 0 0 0 0 0 0 0 1265.24006707487 160415.048999238 193.123463753552 0 0 0 0 0 0 0 0
0 0 0 0 0 0 0 0 0 0 0 0 0 0 0 0 0 0 0 0 0
0 0 0 0 0 0 0 0 0 0 0 0 0 0 0 0 0 0 0 0 0
0 0 0 0 0 0 0 0 0 0 0 0 0 0 0 0 0 0 0 0 0
0 0 0 0 0 0 0 0 0 0 0 0 0 0 0 0 0 0 0 0 0
0 0 0 0 0 0 0 0 0 0 0 0 0 0 0 0 0 0 0 0 0
0 0 0 0 0 0 0 0 0 0 0 0 0 0 0 0 0 0 0 0 0
0 0 0 0 0 0 0 0 0 0 0 0 0 0 0 0 0 0 0 0 0
0 0 0 0 0 0 0 0 0 0 0 0 0 0 0 0 0 0 0 0 0
0 0 0 0 0 0 0 0 0 0 0 0 0 0 0 0 0 0 0 0 0
0 0 0 0 0 0 0 0 0 0 0 0 0 0 0 0 0 0 0 0 0
0 0 0 0 0 0 0 0 0 0 0 0 0 0 0 0 0 0 0 0 0
0 0 0 0 0 0 0 0 0 0 0 0 0 0 0 0 0 0 0 0 0
0 0 0 0 0 0 0 0 0 0 0 0 0 0 0 0 0 0 0 0 0
0 0 0 0 0 0 0 0 0 0 0 0 0 0 0 0 0 0 0 0 0
0 0 0 0 0 0 0 0 0 0 0 0 0 0 0 0 0 0 0 0 0
0 0 0 0 0 0 0 0 0 0 0 0 0 0 0 0 0 0 0 0 0
0 0 0 0 0 0 0 0 0 0 0 0 0 0 0 0 0 0 0 0 0
0 0 0 0 0 0 0 0 0 0 0 0 0 0 0 0 0 0 0 0 0
0 0 0 0 0 0 0 0 0 0 0 0 0 0 0 0 0 0 0 0 0
0 0 0 0 0 0 0 0 0 27103.8891452868 2181.84928222002 519366.813005792 438.642145321713 0 0 237924.14259891 0 0 0 0 0
0 0 0 0 0 0 0 0 0 0 9.33589897008639 31068.5869691397 120.040071424 0 0 0 0 0 0 0 0
0 0 0 0 0 0 0 0 0 0 0 0 0 0 0 0 0 0 0 0 0
0 0 0 0 0 0 0 0 0 0 0 0 0 0 0 0 0 0 0 0 0
0 0 0 0 0 0 0 0 0 0 0 0 0 0 0 0 0 0 0 0 0
0 0 0 0 0 0 0 0 0 125966.670667085 77122.3349068757 166694.686955968 5644.974089664 0 0 0 0 0 0 0 0
0 0 0 0 0 0 0 0 0 12427.9617042079 81682.1807088268 3675.38714026908 21477.551632992 0 0 0 0 0 0 0 0
0 0 0 0 0 0 0 0 0 26683.5648355052 124919.563433977 5180.52297457786 19200.18011184 0 0 0 0 0 0 0 0
0 0 0 0 0 0 0 0 0 23984.2790354963 112587.461993777 108860.084762286 35602.100535456 0 0 0 0 0 0 0 0
0 0 0 0 0 0 0 0 0 81119.1618023526 55906.3431567631 1100611.57675144 6329.39691384 0 0 0 0 0 0 0 0
0 0 0 0 0 0 0 0 0 32025.9013146896 91693.0174627411 4147.92489311469 20181.388054464 0 0 0 0 0 0 0 0
0 0 0 0 0 0 0 0 0 1191.10051114853 8027.61907477464 40.6168988004398 1170.8972558301 0 0 0 0 0 0 0 0
0 0 0 0 0 0 0 0 0 1911.99410833968 18729.3599225878 1006.36936083921 1090.23104736 0 0 0 0 0 0 0 0
0 0 0 0 0 0 0 0 0 21762.9917625722 90673.2534250986 21510.9530172519 17801.050267728 0 0 0 0 0 0 0 0
0 0 0 0 0 0 0 0 0 0 9.73291184600638 0 5.7812152355033 0 0 0 0 0 0 0 0
0 0 0 0 0 0 0 0 0 0 1.36497423104517 0 0.73627762758757 0 0 0 0 0 0 0 0
