0 0 0 0 0 0 0 0 0 19415.9488995667 6201.41163306361 2339806.56962343 1245.7009188629 0 0 0 0 0 0 0 0
0 0 0 0 0 0 0 0 0 5476.10526506806 3321.75307529505 439818.16074615 330.687349445001 0 0 0 0 0 0 0 0
0 0 0 0 0 0 0 0 0 9555.96519121167 4398.94029979324 3043437.74118971 1714.21739602267 0 0 0 0 0 0 0 0
0 0 0 0 0 0 0 0 0 0 0 0 0 0 0 0 0 0 0 0 0
0 0 0 0 0 0 0 0 0 46028.4464022361 27754.1185380009 38372.8222568767 3858.206539824 0 0 0 0 0 0 0 0
0 0 0 0 0 0 0 0 0 17236.0645354739 21614.0978308739 638676.824497261 1405.186683264 0 0 0 0 0 0 0 0
0 0 0 0 0 0 0 0 0 68719.3176585614 34087.0675765737 1259043.41134725 6274.885361472 0 0 0 0 0 0 0 0
0 0 0 0 0 0 0 0 0 2558.69799792516 8645.02666145608 430294.160929139 1259.822543616 0 0 0 0 0 0 0 0
0 0 0 0 0 0 0 0 0 22156.6376084069 13437.6114029293 3859667.56407694 1804.938067296 0 0 0 0 0 0 0 0
0 0 0 0 0 0 0 0 0 358442.660192857 99266.2200606089 2290381.85170291 15832.577543328 0 0 0 0 0 0 0 0
0 0 0 0 0 0 0 0 0 137611.930315774 54972.912795651 1535452.00657866 3134.11472332678 0 0 0 0 0 0 0 0
0 0 0 0 0 0 0 0 0 10347.2622333677 19265.2719543819 908838.659033468 2059.32531168 0 0 0 0 0 0 0 0
0 0 0 0 0 0 0 0 0 0 2293.70349607886 4344030.56933989 1066.003690752 0 0 0 0 0 0 0 0
0 0 0 0 0 0 0 0 0 332490.151928187 168698.982899856 3616463.2630144 17758.652393664 0 0 0 0 0 0 0 0
0 0 0 0 0 0 0 0 0 25855.8245087304 20521.9972708197 15166.895080292 2631.58092025584 0 0 0 0 0 0 0 0
0 0 0 0 0 0 0 0 0 187965.891386041 41102.9216613757 1159690.70291022 5760.054033552 0 0 0 0 0 0 0 0
0 0 0 0 0 0 0 0 0 94840.5312857315 12350.475567004 504534.664530409 708.650180784 0 0 0 0 0 0 0 0
0 0 0 0 0 0 0 0 0 90285.4864982164 13134.4383106572 4386024.31261588 2471.190374016 0 0 0 0 0 0 0 0
0 0 0 0 0 0 0 0 0 23646.8683104952 44563.382209532 1663597.74113065 4633.48195128 0 0 0 0 0 0 0 0
0 0 0 0 0 0 0 0 0 13187.1358354604 14576.8072648002 654583.843453327 1701.971801712 0 0 0 0 0 0 0 0
0 0 0 0 0 0 0 0 0 21481.8161584046 7153.66003583472 5319717.6887682 993.321620928 0 0 0 0 0 0 0 0
0 0 0 0 0 0 0 0 0 61661.8099939547 17829.0277091737 1312062.6356128 4009.627518624 0 0 0 0 0 0 0 0
0 0 0 0 0 0 0 0 0 0 3971.87374421132 1723447.54233101 0 0 0 0 0 0 0 0 0
0 0 0 0 0 0 0 0 0 6523.27401668832 7119.97413669337 3536792.27193903 357.353509968 0 0 0 0 0 0 0 0
0 0 0 0 0 0 0 0 0 170757.944410983 106955.792128238 1818548.12722067 27237.605666544 0 0 0 0 0 0 0 0
0 0 0 0 0 0 0 0 0 17854.6508646426 4856.89418528847 1190628.56734118 0 0 0 0 0 0 0 0 0
0 0 0 0 0 0 0 0 0 3330.73441745344 2674.35561296585 1641494.66481854 537.872089780084 0 0 0 0 0 0 0 0
0 0 0 0 0 0 0 0 0 0 0 0 0 0 0 0 0 0 0 0 0
0 0 0 0 0 0 0 0 0 24984.6834839229 5135.70795436068 1302.53181459144 1574.00439081889 0 0 0 0 0 0 0 0
0 0 0 0 0 0 0 0 0 0 91866.9975323665 0 15430.387445331 0 0 0 0 0 0 0 0
0 0 0 0 0 0 0 0 0 218347.680685594 36933.7341751947 168499.515333724 4471.80017937325 0 0 0 0 0 0 0 0
0 0 0 0 0 0 0 0 0 221668.005577538 125790.753608105 146484.542233282 22774.4798249021 0 0 0 0 0 0 0 0
0 0 0 0 0 0 0 0 0 254303.058127716 42136.1542884585 91494.4169802605 7328.99622048942 0 0 0 0 0 0 0 0
0 0 0 0 0 0 0 0 0 56391.0568614135 28966.9212950562 4892.9062022081 4564.40252899042 0 0 0 0 0 0 0 0
0 0 0 0 0 0 0 0 0 331221.68942788 11927.5186706661 60291.6444239055 2255.18485272843 0 0 0 0 0 0 0 0
0 0 0 0 0 0 0 0 0 4486.5586220306 2296.57433855748 5740.98785611186 152.231084649026 0 0 0 0 0 0 0 0
0 0 0 0 0 0 0 0 0 236085.846633751 61634.3550770221 94396.4588203896 7283.52311433521 0 0 0 0 0 0 0 0
0 0 0 0 0 0 0 0 0 75230.3312141229 2528.91813143079 64817.9776666568 1049.6668302538 0 0 0 0 0 0 0 0
0 0 0 0 0 0 0 0 0 70472.9089827692 4724.93120865829 17388.4988620137 746.511824971057 0 0 0 0 0 0 0 0
0 0 0 0 0 0 0 0 0 2130.80319423638 101.900689210159 134.419199581227 2.51172153977426 0 0 0 0 0 0 0 0
0 0 0 0 0 0 0 0 0 334806.831562548 104293.188487217 350862.544171066 17860.1390413215 0 0 0 0 0 0 0 0
0 0 0 0 0 0 0 0 0 2783.9039760758 4373.98983281992 56.8504352369282 728.558916802855 0 0 0 0 0 0 0 0
0 0 0 0 0 0 0 0 0 41142.5293635653 10151.8390832986 14852.5483156387 1374.71963494929 0 0 0 0 0 0 0 0
0 0 0 0 0 0 0 0 0 1600990.04136978 207615.482807526 521642.986341095 50080.8554509488 0 0 0 0 0 0 0 0
0 0 0 0 0 0 0 0 0 195475.705824322 57184.0046526896 183203.027013618 21362.0281413783 0 0 0 0 0 0 0 0
0 0 0 0 0 0 0 0 0 14554.203067247 8494.5188673731 3863.75311403639 505.838219209926 0 0 0 0 0 0 0 0
0 0 0 0 0 0 0 0 0 2656.60817414362 3663.03933479704 4630.31833336295 652.056803889879 0 0 0 0 0 0 0 0
0 0 0 0 0 0 0 0 0 184591.784136029 150095.179510431 2335696.11366161 17401.298883696 0 0 0 0 0 0 0 0
0 0 0 0 0 0 0 0 0 485309.092793278 113109.329126526 1051898.11930763 33136.7603633564 0 0 0 0 0 0 0 0
0 0 0 0 0 0 0 0 0 103280.089444668 10673.105292716 289054.718846933 2987.22710521657 0 0 0 0 0 0 0 0
0 0 0 0 0 0 0 0 0 374441.552069993 33842.0792191821 611318.75457507 18037.266994656 0 0 0 0 0 0 0 0
0 0 0 0 0 0 0 0 0 552875.590474752 224838.064996141 386446.148469534 27322.401414672 0 0 0 0 0 0 0 0
0 0 0 0 0 0 0 0 0 177734.116333915 8509.60116170396 618361.596479229 5242.22344927996 0 0 0 0 0 0 0 0
0 0 0 0 0 0 0 0 0 0 0 450.603504600789 0 0 0 0 0 0 0 0 0
0 0 0 0 0 0 0 0 0 0 0 0 0.0971990282287166 0 0 0 0 0 0 0 0
0 0 0 0 0 0 0 0 0 405933.219736764 52592.8756230417 1078245.90756277 17098.456926096 0 0 0 0 0 0 0 0
0 0 0 0 0 0 0 0 0 294235.494670623 16239.3472320981 718227.897180537 3186.64299842303 0 0 0 0 0 0 0 0
0 0 0 0 0 0 0 0 0 149729.142076293 31041.8892876496 48434.1579078612 7635.54777661253 0 0 0 0 0 0 0 0
0 0 0 0 0 0 0 0 0 112526.476787874 9566.79535614198 439876.637838487 3270.69314208 0 0 0 0 0 0 0 0
0 0 0 0 0 0 0 0 0 173288.524848492 34041.1322595628 1050102.85772582 9915.045691824 0 0 0 0 0 0 0 0
0 0 0 0 0 0 0 0 0 526585.671485081 88250.9310413891 2017511.03181166 15220.836788976 0 0 0 0 0 0 0 0
0 0 0 0 0 0 0 0 0 211190.996290284 63626.5387690659 1001577.15174226 9648.544769136 0 0 0 0 0 0 0 0
0 0 0 0 0 0 0 0 0 21982.1968776934 4143.97209041577 0 548.604501594145 0 0 0 0 0 0 0 0
0 0 0 0 0 0 0 0 0 940335.573017705 233357.535124434 2986578.57118429 53294.127698448 0 0 0 0 0 0 0 0
0 0 0 0 0 0 0 0 0 286208.6474822 86517.6384128435 267191.78524596 14651.493908688 0 0 0 0 0 0 0 0
0 0 0 0 0 0 0 0 0 735780.320985776 68520.1812079631 471558.355673871 8394.779064672 0 0 0 0 0 0 0 0
0 0 0 0 0 0 0 0 0 31590.5400718434 3409.66449069505 69114.2448191752 1786.99944406918 0 0 0 0 0 0 0 0
0 0 0 0 0 0 0 0 0 688.784495528779 36.6318158970968 961.768880655987 36.9930206951863 0 0 0 0 0 0 0 0
0 0 0 0 0 0 0 0 0 426177.863236831 28761.6331577738 656872.623159236 6377.851627056 0 0 0 0 0 0 0 0
0 0 0 0 0 0 0 0 0 159665.912603409 31089.4794874304 67689.1600978075 1279.29664803604 0 0 0 0 0 0 0 0
0 0 0 0 0 0 0 0 0 1869011.12501249 150095.729604578 4829161.67669922 45550.0442587515 0 0 0 0 0 0 0 0
0 0 0 0 0 0 0 0 0 243937.122792161 70317.8252733805 1054999.58285148 11615.2623357781 0 0 0 0 0 0 0 0
0 0 0 0 0 0 0 0 0 36743.1142404018 24727.710682294 307954.995511063 1227.81688800056 0 0 0 0 0 0 0 0
0 0 0 0 0 0 0 0 0 238296.324532041 61942.2438119987 715765.785966904 7837.549862688 0 0 0 0 0 0 0 0
0 0 0 0 0 0 0 0 0 138.74213657952 53.706409888232 0 31.5854367186505 0 0 0 0 0 0 0 0
0 0 0 0 0 0 0 0 0 251399.107686251 19127.4660033492 693791.712681032 20381.26374648 0 0 0 0 0 0 0 0
0 0 0 0 0 0 0 0 0 91213.3659919694 11783.939990536 690143.970024741 1714.085480016 0 0 0 0 0 0 0 0
0 0 0 0 0 0 0 0 0 298299.198461407 26703.7309556844 1820967.43889418 15578.190298944 0 0 0 0 0 0 0 0
0 0 0 0 0 0 0 0 0 241726.666902886 102888.985395537 958986.180011757 11441.369158128 0 0 0 0 0 0 0 0
0 0 0 0 0 0 0 0 0 47303.6141684566 12282.7833345614 11215.5907175985 4225.59251845505 0 0 0 0 0 0 0 0
0 0 0 0 0 0 0 0 0 110653.38854863 26614.6437060599 544148.752346721 3946.12824214527 0 0 0 0 0 0 0 0
0 0 0 0 0 0 0 0 0 280135.25443218 29248.5475180896 630626.757125385 14257.799363808 0 0 0 0 0 0 0 0
0 0 0 0 0 0 0 0 0 43393.3377898548 21192.1906893434 8926.72938132785 1374.94616730214 0 0 0 0 0 0 0 0
0 0 0 0 0 0 0 0 0 49852.4346189155 9009.44684307609 63223.9631574393 738.934376544 0 0 0 0 0 0 0 0
0 0 0 0 0 0 0 0 0 186053.897277701 207355.083341783 0 17443.69675776 0 0 0 0 0 0 0 0
0 0 0 0 0 0 0 0 0 792437.205225547 217074.996421295 196472.06855167 23518.706427216 0 0 0 0 0 0 0 0
0 0 0 0 0 0 0 0 0 188725.065517293 16699.0189107049 665868.600268947 6583.784158224 0 0 0 0 0 0 0 0
0 0 0 0 0 0 0 0 0 3665.9768701972 10121.6741110115 0 667.148241662421 0 0 0 0 0 0 0 0
0 0 0 0 0 0 0 0 0 91044.6606294689 58558.3421255272 76781.4066966584 2695.29342264 0 0 0 0 0 0 0 0
0 0 0 0 0 0 0 0 0 629214.767006255 156238.262572026 3770324.69063497 14300.197237872 0 0 0 0 0 0 0 0
0 0 0 0 0 0 0 0 0 463.55600845894 322.56800389894 702431.608480146 80.790817749943 0 0 0 0 0 0 0 0
0 0 0 0 0 0 0 0 0 51033.3721564194 137812.07574171 0 10508.61592872 0 0 0 0 0 0 0 0
0 0 0 0 0 0 0 0 0 40545.5221209679 26311.7495838578 0 1605.06237528 0 0 0 0 0 0 0 0
0 0 0 0 0 0 0 0 0 31857.1959521891 37970.1330412306 804808.257072479 7577.105779152 0 0 1245.75948306838 0 0 0 0 0
0 0 0 0 0 0 0 0 0 32138.3715563567 57324.213275167 0 10005.898279104 0 0 0 0 0 0 0 0
0 0 0 0 0 0 0 0 0 9700.5583437822 56235.7297183735 28910.8874159775 2368.12254732863 0 0 0 0 0 0 0 0
0 0 0 0 0 0 0 0 0 0 0 0 0 0 0 0 0 0 0 0 0
0 0 0 0 0 0 0 0 0 402137.349080502 248834.674602648 682138.605381492 33052.171252464 0 0 0 0 0 0 0 0
0 0 0 0 0 0 0 0 0 64023.6850689625 23788.3695027244 7774.69856350885 10999.219900032 0 0 0 0 0 0 0 0
0 0 0 0 0 0 0 0 0 1738.84077017997 16490.1347652536 3084.29192387802 1711.10162837317 0 0 0 0 0 0 0 0
0 0 0 0 0 0 0 0 0 49213.8931397358 69391.6598645436 94722.1734068593 9477.84186693394 0 0 0 0 0 0 0 0
0 0 0 0 0 0 0 0 0 52664.1906605915 76338.3721632226 377566.398454266 9042.860853936 0 0 0 0 0 0 0 0
0 0 0 0 0 0 0 0 0 4149.09750899815 10778.2760742406 5810.74671768261 1466.12971810209 0 0 0 0 0 0 0 0
0 0 0 0 0 0 0 0 0 17292.2996563074 20343.220726905 1442487.31666669 1829.165423904 0 0 1734.36220529748 0 0 0 0 0
0 0 0 0 0 0 0 0 0 1490.23070208828 0 612198.504274528 1871.563297968 0 0 938.882833850987 0 0 0 0 0
0 0 0 0 0 0 0 0 0 0 12889.4499532656 38179.7064691907 466.376614704 0 0 220.809220543866 0 0 0 0 0
0 0 0 0 0 0 0 0 0 76789.0574981716 52194.7695422804 147392.048733089 7970.800324032 0 0 0 0 0 0 0 0
0 0 0 0 0 0 0 0 0 36143.1603989561 31168.4111421776 0 6532.33616807741 0 0 0 0 0 0 0 0
0 0 0 0 0 0 0 0 0 121439.743439986 122491.116341333 1010825.25224145 23361.228609264 0 0 0 0 0 0 0 0
0 0 0 0 0 0 0 0 0 6804.44962085592 46906.0833770892 203676.360297847 2822.487044832 0 0 583.965602207575 0 0 0 0 0
0 0 0 0 0 0 0 0 0 0 4644.38670323825 90512.4079190843 4697.83767179915 0 0 0 0 0 0 0 0
0 0 0 0 0 0 0 0 0 1940.11166875644 3665.63829747182 1932482.86573715 1338.561452592 0 0 1925.67949397383 0 0 0 0 0
0 0 0 0 0 0 0 0 0 0 388.919017359165 0 187.762013712 0 0 0 0 0 0 0 0
0 0 0 0 0 0 0 0 0 100042.279962832 190408.013719219 1095029.1 20290.4111592 0 0 0 0 0 0 0 0
0 0 0 0 0 0 0 0 0 17882.7684250594 34812.8455853464 176008.947493529 5614.689893904 0 0 0 0 0 0 0 0
0 0 0 0 0 0 0 0 0 44510.0981397311 65727.3139336989 201675.466164322 9382.043846448 0 0 0 0 0 0 0 0
0 0 0 0 0 0 0 0 0 0 18.0087615791285 0 20.0342363051233 0 0 0 0 0 0 0 0
0 0 0 0 0 0 0 0 0 0 6942.35757758447 546417.545039394 1920.018011184 0 0 672.568153964269 0 0 0 0 0
0 0 0 0 0 0 0 0 0 15689.5987125521 22829.8525544297 333080.031029809 2150.17789896 0 0 0 0 0 0 0 0
0 0 0 0 0 0 0 0 0 37452.5904751243 48250.4569882756 17344.6587088399 3767.353952544 0 0 0 0 0 0 0 0
0 0 0 0 0 0 0 0 0 32981.8983688595 70287.15973565 1586263.80870811 8200.960211808 0 0 0 0 0 0 0 0
0 0 0 0 0 0 0 0 0 0 2976.60854230794 225639.704928845 24.227356608 0 0 262.342987056423 0 0 0 0 0
0 0 0 0 0 0 0 0 0 16729.9484479722 44538.8833737929 0 16844.069681712 0 0 0 0 0 0 0 0
0 0 0 0 0 0 0 0 0 2490.41249405588 5394.51223712737 493834.688439695 1819.57246447589 0 0 217686.963052638 0 0 0 0 0
0 0 0 0 0 0 0 0 0 0 5818.4734880505 0 399.751384032 0 0 100.602134350353 0 0 0 0 0
0 0 0 0 0 0 0 0 0 0 7239.40596092178 1178297.76667559 157.477817952 0 0 1391.78257265881 0 0 0 0 0
0 0 0 0 0 0 0 0 0 28679.9116250952 19308.1449169255 318540.915569853 4863.641839056 0 0 0 0 0 0 0 0
0 0 0 0 0 0 0 0 0 0 11627.7599126988 1469559.28912565 2652.895548576 0 0 0 0 0 0 0 0
0 0 0 0 0 0 0 0 0 0 1417.87011840389 278531.97344508 0 0 0 317.355157961152 0 0 0 0 0
0 0 0 0 0 0 0 0 0 67144.7342752229 109806.844137383 428842.216303203 26008.067318688 0 0 0 0 0 0 0 0
0 0 0 0 0 0 0 0 0 57022.4125251893 65411.8914235572 710971.865348506 4984.778622096 0 0 0 0 0 0 0 0
0 0 0 0 0 0 0 0 0 68128.8488898095 102895.110104472 822794.846964461 9648.544769136 0 0 0 0 0 0 0 0
0 0 0 0 0 0 0 0 0 0 532.84967732673 18011.6234200149 454.2629364 0 0 107.742731034608 0 0 0 0 0
0 0 0 0 0 0 0 0 0 0 7977.43338756397 384314.722368406 0 0 0 597.359502496972 0 0 0 0 0
0 0 0 0 0 0 0 0 0 51.5961832594278 143.168000225324 0 43.8540944105852 0 0 0 0 0 0 0 0
0 0 0 0 0 0 0 0 0 17376.6523375577 60689.7408348341 38435.4060769601 9745.454195568 0 0 0 0 0 0 0 0
0 0 0 0 0 0 0 0 0 2024.46435000672 1852.72445277398 381929.384768654 0 0 0 507.954161763943 0 0 0 0 0
0 0 0 0 0 0 0 0 0 0 123.185678091663 397840.913181675 427.76849474628 0 0 0 0 0 0 0 0
0 0 0 0 0 0 0 0 0 1152.81997708716 851.33454193581 1521648.69663567 0 0 0 1750.96726149223 0 0 0 0 0
0 0 0 0 0 0 0 0 0 15129.4869559315 27497.8283268228 103358.284771699 3049.52044244987 0 0 0 0 0 0 0 0
0 0 0 0 0 0 0 0 0 77210.820904423 77851.1752701157 1315672.82797704 20993.004500832 0 0 0 0 0 0 0 0
0 0 0 0 0 0 0 0 0 67988.2610877257 82426.3328444038 44318.2851648038 15747.7817952 0 0 0 0 0 0 0 0
0 0 0 0 0 0 0 0 0 0 20670.8926549162 144497.100026944 2289.485199456 0 0 0 0 0 0 0 0
0 0 0 0 0 0 0 0 0 87108.2021711225 45449.5363606814 74556.6879774217 5195.60694408008 0 0 0 0 0 0 0 0
0 0 0 0 0 0 0 0 0 0 1594.66901900989 127534.279788357 422.550182498165 0 0 0 0 0 0 0 0
0 0 0 0 0 0 0 0 0 25193.334133417 15091.2828153226 297932.957670947 1980.586402704 0 0 0 0 0 0 0 0
0 0 0 0 0 0 0 0 0 19204.2937646471 73793.5556008173 36709.8807518024 10454.104376352 0 0 0 0 0 0 0 0
0 0 0 0 0 0 0 0 0 5061.1608750168 4063.74437823317 1060786.80986863 0 0 0 1180.81808008791 0 0 0 0 0
0 0 0 0 0 0 0 0 0 6221.52458782553 7316.56523362664 0 453.136105897932 0 0 0 0 0 0 0 0
0 0 0 0 0 0 0 0 0 231660.580273686 112125.046469201 45900.7617583423 27340.571932128 0 0 0 0 0 0 0 0
0 0 0 0 0 0 0 0 0 430817.260705597 201720.351121776 1210245.91277362 27885.687455808 0 0 0 0 0 0 0 0
0 0 0 0 0 0 0 0 0 122789.386339991 142724.092307411 601230.242777619 10502.559089568 0 0 0 0 0 0 0 0
0 0 0 0 0 0 0 0 0 0 42885.2119613996 419075.564151895 4457.833615872 0 0 0 0 0 0 0 0
0 0 0 0 0 0 0 0 0 112.47024166704 10424.2546070126 132051.860376065 66.625230672 0 0 0 0 0 0 0 0
0 0 0 0 0 0 0 0 0 0 3659.82429569976 309129.45964537 120.821536829328 0 0 33006.1987147433 0 0 0 0 0
0 0 0 0 0 0 0 0 0 30057.6720855164 57713.1322925262 9074.65391209924 3967.22964456 0 0 0 0 0 0 0 0
0 0 0 0 0 0 0 0 0 25446.3921771678 8222.42174495558 753596.811152769 1229.538347856 0 0 1173.50847519811 0 0 0 0 0
0 0 0 0 0 0 0 0 0 0 0 0 0 0 0 7.60536924950172 0 0 0 0 0
0 0 0 0 0 0 0 0 0 0 0 0 0 0 0 0 0 0 0 0 0
0 0 0 0 0 0 0 0 0 0 0 0 0 0 0 0 0 0 0 0 0
0 0 0 0 0 0 0 0 0 0 0 0 0 0 0 0 0 0 0 0 0
0 0 0 0 0 0 0 0 0 512.542958454083 610.41890510064 152149.37734496 0 0 0 0 0 0 0 0 0
0 0 0 0 0 0 0 0 0 0 0 0 0 0 0 0 0 0 0 0 0
0 0 0 0 0 0 0 0 0 0 0 0 0 0 0 0 0 0 0 0 0
0 0 0 0 0 0 0 0 0 0 0 0 0 0 0 0 0 0 0 0 0
0 0 0 0 0 0 0 0 0 0 0 0 0 0 0 0 0 0 0 0 0
0 0 0 0 0 0 0 0 0 0 0 0 0 0 0 0 0 0 0 0 0
0 0 0 0 0 0 0 0 0 0 0 0 0 0 0 0 0 0 0 0 0
0 0 0 0 0 0 0 0 0 0 0 0 0 0 0 0 0 0 0 0 0
0 0 0 0 0 0 0 0 0 0 0 0 0 0 0 0 0 0 0 0 0
0 0 0 0 0 0 0 0 0 0 0 0 0 0 0 0 0 0 0 0 0
0 0 0 0 0 0 0 0 0 0 0 0 0 0 0 0 0 0 0 0 0
0 0 0 0 0 0 0 0 0 0 0 0 0 0 0 0 0 0 0 0 0
0 0 0 0 0 0 0 0 0 0 0 0 0 0 0 0 0 0 0 0 0
0 0 0 0 0 0 0 0 0 0 0 0 0 0 0 0 0 0 0 0 0
0 0 0 0 0 0 0 0 0 0 0 0 0 0 0 0 0 0 0 0 0
0 0 0 0 0 0 0 0 0 0 0 0 0 0 0 0 0 0 0 0 0
0 0 0 0 0 0 0 0 0 0 0 0 0 0 0 0 0 0 0 0 0
0 0 0 0 0 0 0 0 0 0 0 0 0 0 0 0 0 0 0 0 0
0 0 0 0 0 0 0 0 0 0 0 0 0 0 0 0 0 0 0 0 0
0 0 0 0 0 0 0 0 0 0 0 0 0 0 0 0 0 0 0 0 0
0 0 0 0 0 0 0 0 0 6888.8023021062 1572.55678272941 481979.701393758 275.032856391428 0 0 197311.183733052 0 0 0 0 0
0 0 0 0 0 0 0 0 0 0 4.18930091139636 40043.2243656948 103.290294016 0 0 263.328868255432 0 0 0 0 0
0 0 0 0 0 0 0 0 0 0 0 0 0 0 0 0 0 0 0 0 0
0 0 0 0 0 0 0 0 0 0 0 0 0 0 0 0 0 0 0 0 0
0 0 0 0 0 0 0 0 0 0 0 0 0 0 0 0 0 0 0 0 0
0 0 0 0 0 0 0 0 0 79713.2837815146 68253.7563692998 228175.243696797 4512.34516824 0 0 0 0 0 0 0 0
0 0 0 0 0 0 0 0 0 36187.3002563701 72700.2950559573 4316.5025014558 3422.11412088 0 0 0 0 0 0 0 0
0 0 0 0 0 0 0 0 0 78363.6408815101 122625.859937898 33882.7774653623 17958.52808568 0 0 0 0 0 0 0 0
0 0 0 0 0 0 0 0 0 40826.6977251355 92510.6661055356 165248.106657468 26698.546982016 0 0 0 0 0 0 0 0
0 0 0 0 0 0 0 0 0 78813.5218481783 49129.352720418 1134480.15207146 3125.329002432 0 0 0 0 0 0 0 0
0 0 0 0 0 0 0 0 0 39533.2899459646 55535.7982662083 4124.3042338178 6656.466228048 0 0 0 0 0 0 0 0
0 0 0 0 0 0 0 0 0 2094.25010236639 6807.31762606759 23.2867655779101 1204.20579895676 0 0 0 0 0 0 0 0
0 0 0 0 0 0 0 0 0 12540.431945875 18273.069106946 1682.43121236738 5208.88167072 0 0 0 0 0 0 0 0
0 0 0 0 0 0 0 0 0 77548.2316294241 82297.7139567732 24777.8284256076 31919.54233104 0 0 0 0 0 0 0 0
0 0 0 0 0 0 0 0 0 0 8.09790641846865 0 11.1362966698638 0 0 0 0 0 0 0 0
0 0 0 0 0 0 0 0 0 0 1.06734827089247 0 0.12880703417164 0 0 0 0 0 0 0 0
