0 0 0 0 0 0 0 0 0 65989.9117393271 14413.2048680068 1578786.16438823 5312.08376497565 0 0 0 0 0 0 0 0
0 0 0 0 0 0 0 0 0 13772.928465655 3798.7558613267 372551.70448192 1286.17004249789 0 0 0 0 0 0 0 0
0 0 0 0 0 0 0 0 0 44577.7529536298 11475.9718643314 3316626.41191918 13685.6124719947 0 0 0 0 0 0 0 0
0 0 0 0 0 0 0 0 0 0 0 0 0 0 0 0 0 0 0 0 0
0 0 0 0 0 0 0 0 0 46000.3288418194 42284.9904857902 0 2549.929282992 0 0 0 0 0 0 0 0
0 0 0 0 0 0 0 0 0 30282.6125688505 21457.9177530368 309770.240212445 999.37846008 0 0 0 0 0 0 0 0
0 0 0 0 0 0 0 0 0 80922.3388794353 47717.6073109489 1010712.60136529 2265.257842848 0 0 0 0 0 0 0 0
0 0 0 0 0 0 0 0 0 2924.22628334304 15039.2227893768 312938.769617812 1520.266627152 0 0 0 0 0 0 0 0
0 0 0 0 0 0 0 0 0 78054.3477169258 16668.395366031 3834144.09413777 2313.712556064 0 0 0 0 0 0 0 0
0 0 0 0 0 0 0 0 0 243582.425890392 122362.497453702 2062793.10780575 7916.288771664 0 0 0 0 0 0 0 0
0 0 0 0 0 0 0 0 0 131379.423120656 35782.0649192564 1904196.69775046 1848.87623771448 0 0 0 0 0 0 0 0
0 0 0 0 0 0 0 0 0 31407.3149855209 21996.8921392983 312842.211723969 1829.165423904 0 0 0 0 0 0 0 0
0 0 0 0 0 0 0 0 0 0 3766.69599489585 3247821.31730403 0 0 0 0 0 0 0 0 0
0 0 0 0 0 0 0 0 0 583326.908406103 230405.425417865 2788414.95138121 18661.121427312 0 0 0 0 0 0 0 0
0 0 0 0 0 0 0 0 0 48305.7059058588 26430.7151600512 0 1754.65564632609 0 0 0 0 0 0 0 0
0 0 0 0 0 0 0 0 0 148207.660956742 52301.9519486392 737970.525332507 7480.19635272 0 0 0 0 0 0 0 0
0 0 0 0 0 0 0 0 0 64108.0377502128 22150.009862668 485423.353986071 1120.51524312 0 0 0 0 0 0 0 0
0 0 0 0 0 0 0 0 0 107240.375429523 11272.526794481 3214231.68701067 1992.700081008 0 0 0 0 0 0 0 0
0 0 0 0 0 0 0 0 0 32728.8403251086 55027.4474246208 1360262.90573192 4270.07160216 0 0 0 0 0 0 0 0
0 0 0 0 0 0 0 0 0 0 16126.3586253021 182251.236519566 1738.312836624 0 0 0 0 0 0 0 0
0 0 0 0 0 0 0 0 0 71137.4278544028 17283.9286139774 4640364.95743499 2931.510149568 0 0 0 0 0 0 0 0
0 0 0 0 0 0 0 0 0 66048.1494189692 31389.1332907988 968511.437428455 4379.094706896 0 0 0 0 0 0 0 0
0 0 0 0 0 0 0 0 0 0 8828.76792949979 1489840.02305097 0 0 0 0 0 0 0 0 0
0 0 0 0 0 0 0 0 0 17123.5942938068 5450.9909519631 3802115.48312821 2283.428360304 0 0 0 0 0 0 0 0
0 0 0 0 0 0 0 0 0 399044.417434658 106456.628350052 1558717.98732567 12961.63578528 0 0 0 0 0 0 0 0
0 0 0 0 0 0 0 0 0 29186.0277125969 11499.1410250682 1504257.54708905 1889.733815424 0 0 0 0 0 0 0 0
0 0 0 0 0 0 0 0 0 8391.35766173398 2442.64486477825 1696514.36283218 1152.94543276277 0 0 0 0 0 0 0 0
0 0 0 0 0 0 0 0 0 0 0 0 0 0 0 0 0 0 0 0 0
0 0 0 0 0 0 0 0 0 25227.732667526 6597.61926050415 7786.36027660431 1390.71854702627 0 0 0 0 0 0 0 0
0 0 0 0 0 0 0 0 0 221038.488333105 68681.7488904453 0 7433.39779480921 0 0 0 0 0 0 0 0
0 0 0 0 0 0 0 0 0 82356.9394363226 38594.7465143822 73266.307662147 4462.97394027936 0 0 0 0 0 0 0 0
0 0 0 0 0 0 0 0 0 337086.155707153 162340.54259529 23904.6916394273 19880.881887217 0 0 0 0 0 0 0 0
0 0 0 0 0 0 0 0 0 267272.369308466 86299.8604163011 123449.338160565 14452.1958962372 0 0 0 0 0 0 0 0
0 0 0 0 0 0 0 0 0 113619.889334875 40439.624205321 0 3817.97040263244 0 0 0 0 0 0 0 0
0 0 0 0 0 0 0 0 0 243961.079633782 21271.4092424096 39458.373881092 3941.8901587861 0 0 0 0 0 0 0 0
0 0 0 0 0 0 0 0 0 3316.91978798593 1290.90666482297 5460.18680131098 194.52258052339 0 0 0 0 0 0 0 0
0 0 0 0 0 0 0 0 0 495908.905178683 48551.7006165858 111537.676863514 14406.0468536071 0 0 0 0 0 0 0 0
0 0 0 0 0 0 0 0 0 79403.428382854 4309.74368682599 38880.6960752075 1485.30140038046 0 0 0 0 0 0 0 0
0 0 0 0 0 0 0 0 0 107736.289098927 5530.45735455442 12035.4180034843 1065.93445887795 0 0 0 0 0 0 0 0
0 0 0 0 0 0 0 0 0 999.576733373439 96.5350490375259 501.811086134186 4.00632701295735 0 0 0 0 0 0 0 0
0 0 0 0 0 0 0 0 0 589627.471847825 137340.980472744 112750.487699122 15062.758962346 0 0 0 0 0 0 0 0
0 0 0 0 0 0 0 0 0 4636.03531583692 4202.59981195656 15.7387116866949 1128.43067779293 0 0 0 0 0 0 0 0
0 0 0 0 0 0 0 0 0 34339.8290126101 11446.9195308238 22013.7806224994 2433.54615842301 0 0 0 0 0 0 0 0
0 0 0 0 0 0 0 0 0 1178089.88346987 271991.710454098 362948.691221601 35176.1435614601 0 0 0 0 0 0 0 0
0 0 0 0 0 0 0 0 0 271598.660220528 96209.509590991 40513.1889037304 11485.1273314747 0 0 0 0 0 0 0 0
0 0 0 0 0 0 0 0 0 9718.6862749674 6937.51203653763 1573.54942273494 1215.83625171056 0 0 0 0 0 0 0 0
0 0 0 0 0 0 0 0 0 3506.20002855326 1339.20402542788 9425.95185423928 556.757478813546 0 0 0 0 0 0 0 0
0 0 0 0 0 0 0 0 0 258990.848998776 200985.386049601 1922453.36154149 29914.728571728 0 0 0 0 0 0 0 0
0 0 0 0 0 0 0 0 0 1309645.39874124 142607.104153834 359713.916748177 22620.1137706253 0 0 0 0 0 0 0 0
0 0 0 0 0 0 0 0 0 205611.194514639 16804.7447042623 218490.019728563 1956.647467008 0 0 0 0 0 0 0 0
0 0 0 0 0 0 0 0 0 600113.091974909 51570.0492309318 345341.095438728 6020.498117088 0 0 0 0 0 0 0 0
0 0 0 0 0 0 0 0 0 921243.749494725 363902.643715015 156214.579255709 26335.136632896 0 0 0 0 0 0 0 0
0 0 0 0 0 0 0 0 0 207404.506204771 25556.1097747572 253834.086847446 2922.71835167261 0 0 0 0 0 0 0 0
0 0 0 0 0 0 0 0 0 24209.2195188304 5527.35273142977 2179.70504804906 131.375789824422 0 0 0 0 0 0 0 0
0 0 0 0 0 0 0 0 0 0 1.12393698150804 0 0 0 0 0 0 0 0 0 0
0 0 0 0 0 0 0 0 0 908169.083900931 76953.905411169 795923.142729776 17467.924114368 0 0 0 0 0 0 0 0
0 0 0 0 0 0 0 0 0 454882.963029255 34983.2415356618 558630.899823299 3472.05460801945 0 0 0 0 0 0 0 0
0 0 0 0 0 0 0 0 0 281534.440448876 57672.9309029196 17779.1584917392 2955.18709272064 0 0 0 0 0 0 0 0
0 0 0 0 0 0 0 0 0 206326.658338185 24795.8841224973 289639.707455319 9539.5216644 0 0 0 0 0 0 0 0
0 0 0 0 0 0 0 0 0 332124.623642769 54065.8681218587 1222068.89044196 6953.251346496 0 0 0 0 0 0 0 0
0 0 0 0 0 0 0 0 0 796233.07588181 160776.671892705 1534154.73199748 13621.831252848 0 0 0 0 0 0 0 0
0 0 0 0 0 0 0 0 0 294222.152200977 66639.8955649826 1057468.07929506 5784.28139016 0 0 0 0 0 0 0 0
0 0 0 0 0 0 0 0 0 15538.437200077 7120.82033986638 3453.94317981522 359.517643108664 0 0 0 0 0 0 0 0
0 0 0 0 0 0 0 0 0 1333447.18520443 298150.830945577 2150002.76703745 39896.399494224 0 0 0 0 0 0 0 0
0 0 0 0 0 0 0 0 0 352566.090065754 115876.430691759 73620.0297278718 30211.513690176 0 0 0 0 0 0 0 0
0 0 0 0 0 0 0 0 0 799522.830450571 97343.0614550849 417346.462608447 10223.944488576 0 0 0 0 0 0 0 0
0 0 0 0 0 0 0 0 0 94509.7113897097 5372.42230826573 27993.6455509739 968.999359287846 0 0 0 0 0 0 0 0
0 0 0 0 0 0 0 0 0 4250.91631191807 186.505031544065 169.350047525225 11.5392712336046 0 0 0 0 0 0 0 0
0 0 0 0 0 0 0 0 0 487136.734220367 50737.0888158004 548189.561202329 10090.694027232 0 0 0 0 0 0 0 0
0 0 0 0 0 0 0 0 0 72095.1914568711 32145.2701503321 10810.0336377423 1592.8681692 0 0 0 0 0 0 0 0
0 0 0 0 0 0 0 0 0 4024096.99950508 197822.143221607 3485119.14650317 43469.3127727619 0 0 0 0 0 0 0 0
0 0 0 0 0 0 0 0 0 436796.762690943 60166.1379415918 1300995.72634648 8291.52691096117 0 0 0 0 0 0 0 0
0 0 0 0 0 0 0 0 0 97837.3750972851 37225.8924214762 222464.292741426 2780.44230803305 0 0 0 0 0 0 0 0
0 0 0 0 0 0 0 0 0 673106.278816818 81963.9173198272 797434.094957505 9915.045691824 0 0 0 0 0 0 0 0
0 0 0 0 0 0 0 0 0 229.148553600534 118.020435079873 32.9072187233469 97.7014968115031 0 0 0 0 0 0 0 0
0 0 0 0 0 0 0 0 0 697090.557852314 36001.0391186956 541975.881922615 9212.452350192 0 0 0 0 0 0 0 0
0 0 0 0 0 0 0 0 0 179193.212536011 26167.8189238903 426632.113399685 1798.881228144 0 0 0 0 0 0 0 0
0 0 0 0 0 0 0 0 0 351525.740330334 49925.5648819407 1719610.26010533 9933.21620928 0 0 0 0 0 0 0 0
0 0 0 0 0 0 0 0 0 359342.422126193 154884.701897437 860295.071958461 11271.777661872 0 0 0 0 0 0 0 0
0 0 0 0 0 0 0 0 0 106733.57230147 18346.5158470784 9902.34858994695 2944.08613870401 0 0 0 0 0 0 0 0
0 0 0 0 0 0 0 0 0 226853.599340092 38780.3031268943 562447.328914735 2081.29265367905 0 0 0 0 0 0 0 0
0 0 0 0 0 0 0 0 0 613103.404887452 48979.2973515156 724595.468926102 7353.002730528 0 0 0 0 0 0 0 0
0 0 0 0 0 0 0 0 0 20622.6404095074 18151.1516647778 5429.07170777881 56.8511772659999 0 0 0 0 0 0 0 0
0 0 0 0 0 0 0 0 0 0 27153.8970623915 16092.982307171 5396.643684432 0 0 0 0 0 0 0 0
0 0 0 0 0 0 0 0 0 188500.125033959 209115.937160535 0 13258.420903728 0 0 0 0 0 0 0 0
0 0 0 0 0 0 0 0 0 573738.820303988 270041.479289358 96915.5156720744 20072.364949728 0 0 0 0 0 0 0 0
0 0 0 0 0 0 0 0 0 361957.355244951 24679.5146527363 1064659.85427722 9206.39551104 0 0 0 0 0 0 0 0
0 0 0 0 0 0 0 0 0 3598.18067201086 9558.72371100209 0 1069.38511629085 0 0 0 0 0 0 0 0
0 0 0 0 0 0 0 0 0 183776.374883943 72044.9511999348 17255.2532515778 3022.362736848 0 0 0 0 0 0 0 0
0 0 0 0 0 0 0 0 0 665823.830668877 196128.491864313 3727807.03137942 19824.034544496 0 0 0 0 0 0 0 0
0 0 0 0 0 0 0 0 0 0 1794.53971789347 1391828.64773964 730.741191177316 0 0 0 0 0 0 0 0
0 0 0 0 0 0 0 0 0 44088.3347334797 156853.795819972 189952.62260812 24439.34597832 0 0 0 0 0 0 0 0
0 0 0 0 0 0 0 0 0 0 38836.7793555034 0 1913.961172032 0 0 0 0 0 0 0 0
0 0 0 0 0 0 0 0 0 25868.1555834192 67237.0546861246 400525.719879163 5105.915405136 0 0 0 0 0 0 0 0
0 0 0 0 0 0 0 0 0 33375.5442146941 86275.7124099193 0 14772.630691728 0 0 0 0 0 0 0 0
0 0 0 0 0 0 0 0 0 20763.7369231459 67802.5605882672 26890.9554527591 8610.19370663609 0 0 0 0 0 0 0 0
0 0 0 0 0 0 0 0 0 0 0 0 0 0 0 0 0 0 0 0 0
0 0 0 0 0 0 0 0 0 641558.376029213 312237.661495594 624327.2486067 22628.351071872 0 0 0 0 0 0 0 0
0 0 0 0 0 0 0 0 0 6700.47202089103 34098.3920394019 0 4687.993503648 0 0 0 0 0 0 0 0
0 0 0 0 0 0 0 0 0 1238.55266130268 16632.535692418 1066.78087294726 1154.68267711555 0 0 0 0 0 0 0 0
0 0 0 0 0 0 0 0 0 122078.488200496 86181.2080354224 27499.324939307 10084.8802662262 0 0 0 0 0 0 0 0
0 0 0 0 0 0 0 0 0 0 125476.911947043 38571.3023719985 12882.896876304 0 0 0 0 0 0 0 0
0 0 0 0 0 0 0 0 0 4897.41743494272 11314.5750751157 6624.2163204782 1566.35406767577 0 0 0 0 0 0 0 0
0 0 0 0 0 0 0 0 0 7844.79935627604 15510.8253773557 1162894.99449849 1047.833173296 0 0 626.325018964974 0 0 0 0 0
0 0 0 0 0 0 0 0 0 14265.8437443195 5379.44146820378 980547.200085078 854.014320432 0 0 354.282684577412 0 0 0 0 0
0 0 0 0 0 0 0 0 0 4580.56750711591 13713.5059156569 121804.206864687 944.866907712 0 0 113.755329330259 0 0 0 0 0
0 0 0 0 0 0 0 0 0 107409.080792023 72381.8101913482 217743.41494346 18867.05395848 0 0 0 0 0 0 0 0
0 0 0 0 0 0 0 0 0 0 27176.5076922018 0 1982.56149019104 0 0 0 0 0 0 0 0
0 0 0 0 0 0 0 0 0 66188.737221053 157294.774863277 815676.384457253 29690.625523104 0 0 0 0 0 0 0 0
0 0 0 0 0 0 0 0 0 8772.67885002912 53533.018444532 68573.9857200012 4191.332693184 0 0 0 0 0 0 0 0
0 0 0 0 0 0 0 0 0 0 8071.61404016843 132004.147055982 557.231189307533 0 0 0 0 0 0 0 0
0 0 0 0 0 0 0 0 0 0 2422.32238370945 1535597.73607769 0 0 0 641.229633377149 0 0 0 0 0
0 0 0 0 0 0 0 0 0 940.920185258484 2491.3362418359 0 629.911271808 0 0 0 0 0 0 0 0
0 0 0 0 0 0 0 0 0 159876.448529697 208267.664973067 736434.539576743 56716.241819328 0 0 0 0 0 0 0 0
0 0 0 0 0 0 0 0 0 0 44192.8373189772 92500.6741924738 3228.295268016 0 0 0 0 0 0 0 0
0 0 0 0 0 0 0 0 0 109658.485625364 124873.628116966 104067.952253039 7455.968996112 0 0 0 0 0 0 0 0
0 0 0 0 0 0 0 0 0 0 22.8794402208054 0 3.43088715393083 0 0 0 0 0 0 0 0
0 0 0 0 0 0 0 0 0 0 7361.06146666539 473457.327586117 605.6839152 0 0 226.434214286307 0 0 0 0 0
0 0 0 0 0 0 0 0 0 19316.7640063141 36674.7571015225 302834.164838054 6377.851627056 0 0 0 0 0 0 0 0
0 0 0 0 0 0 0 0 0 12596.6670667085 35645.8060004778 0 3446.341477488 0 0 0 0 0 0 0 0
0 0 0 0 0 0 0 0 0 46028.4464022361 62744.5806824562 1507923.17083679 4227.673728096 0 0 0 0 0 0 0 0
0 0 0 0 0 0 0 0 0 0 9131.94102177189 265437.650174479 0 0 0 0 0 0 0 0 0
0 0 0 0 0 0 0 0 0 39758.2304292986 54427.2259490113 3814.03680679954 3912.718092192 0 0 0 0 0 0 0 0
0 0 0 0 0 0 0 0 0 0 5672.74838835159 692464.697983108 628.400302944501 0 0 88628.9350273244 0 0 0 0 0
0 0 0 0 0 0 0 0 0 1991.87001656066 7827.86559531062 0 387.637705728 0 0 49.4667591657425 0 0 0 0 0
0 0 0 0 0 0 0 0 0 0 3950.43726293955 1049187.34584345 1780.710710688 0 0 0 0 0 0 0 0
0 0 0 0 0 0 0 0 0 2389.9926354246 20251.3500928831 103383.106450412 6989.592381408 0 0 0 0 0 0 0 0
0 0 0 0 0 0 0 0 0 17629.7103813085 13792.8445211471 809459.128959253 2362.16726928 0 0 0 0 0 0 0 0
0 0 0 0 0 0 0 0 0 4928.66129641775 109.363851993635 230953.965308502 0 0 0 122.400005689321 0 0 0 0 0
0 0 0 0 0 0 0 0 0 103697.562817011 144310.391921522 413770.244317965 23246.148665376 0 0 0 0 0 0 0 0
0 0 0 0 0 0 0 0 0 53339.0121105937 108918.761341838 257003.139336376 6614.068353984 0 0 0 0 0 0 0 0
0 0 0 0 0 0 0 0 0 174694.40286933 133178.733432541 555651.34066542 24336.379712736 0 0 0 0 0 0 0 0
0 0 0 0 0 0 0 0 0 0 1366.49085261819 106342.427085786 327.069314208 0 0 0 0 0 0 0 0
0 0 0 0 0 0 0 0 0 0 8133.29516979254 444017.898618865 0 0 0 0 0 0 0 0 0
0 0 0 0 0 0 0 0 0 0 119.362310702674 0 40.0873614547978 0 0 0 0 0 0 0 0
0 0 0 0 0 0 0 0 0 0 86211.402966104 0 4512.34516824 0 0 0 0 0 0 0 0
0 0 0 0 0 0 0 0 0 13102.7831542102 3411.46287667803 331052.315259106 387.637705728 0 0 0 0 0 0 0 0
0 0 0 0 0 0 0 0 0 16311.8235781553 0 1080260.12865262 794.206490905973 0 0 0 0 0 0 0 0
0 0 0 0 0 0 0 0 0 1715.17118542236 1656.7337668607 1016228.91807837 0 0 0 0 0 0 0 0 0
0 0 0 0 0 0 0 0 0 13198.984115636 36424.8290690738 131145.092883767 3548.73528748695 0 0 0 0 0 0 0 0
0 0 0 0 0 0 0 0 0 33122.4861709433 111025.661215406 511565.509689498 12040.996234176 0 0 0 0 0 0 0 0
0 0 0 0 0 0 0 0 0 135948.404615035 89938.2883529238 95152.4400548663 10278.456040944 0 0 0 0 0 0 0 0
0 0 0 0 0 0 0 0 0 0 30096.8197055581 161888.24957356 3373.659407664 0 0 174.731762958738 0 0 0 0 0
0 0 0 0 0 0 0 0 0 15295.9528667174 58253.4892724335 9501.79264597807 5875.47613257722 0 0 0 0 0 0 0 0
0 0 0 0 0 0 0 0 0 10152.0686749647 5778.79007408987 206615.043604094 1113.49438638471 0 0 0 0 0 0 0 0
0 0 0 0 0 0 0 0 0 46218.2210945977 43238.1503657282 173675.46505899 4675.879825344 0 0 0 0 0 0 0 0
0 0 0 0 0 0 0 0 0 10009.8515083666 68553.8671071045 0 6789.716689392 0 0 0 0 0 0 0 0
0 0 0 0 0 0 0 0 0 0 6476.87969854043 626208.339427494 442.149258096 0 0 369.468830595151 0 0 0 0 0
0 0 0 0 0 0 0 0 0 0 8541.61954710476 0 298.463204269281 0 0 0 0 0 0 0 0
0 0 0 0 0 0 0 0 0 163587.96650471 184375.175418451 65076.4442319092 25008.688858608 0 0 0 0 0 0 0 0
0 0 0 0 0 0 0 0 0 536454.935191364 308627.145578536 986269.149349847 17510.321988432 0 0 0 0 0 0 0 0
0 0 0 0 0 0 0 0 0 187881.53870479 165302.831795515 427284.773237698 17952.471246528 0 0 0 0 0 0 0 0
0 0 0 0 0 0 0 0 0 11696.9051333722 51909.9705768127 247815.834548127 6250.658004864 0 0 0 0 0 0 0 0
0 0 0 0 0 0 0 0 0 4358.2218645978 15115.7816510617 56123.3817416864 1284.049900224 0 0 0 0 0 0 0 0
0 0 0 0 0 0 0 0 0 0 3809.84735330006 352844.381250977 0 0 0 67499.7219380672 0 0 0 0 0
0 0 0 0 0 0 0 0 0 42429.3986688908 64113.4531293817 0 13343.216651856 0 0 0 0 0 0 0 0
0 0 0 0 0 0 0 0 0 12315.4914625409 8498.03364702113 1103104.20089991 1653.517088496 0 0 0 0 0 0 0 0
0 0 0 0 0 0 0 0 0 0 143.930659967565 0 0 0 0 0 0 0 0 0 0
0 0 0 0 0 0 0 0 0 0 0 0 0 0 0 0 0 0 0 0 0
0 0 0 0 0 0 0 0 0 0 0 0 0 0 0 0 0 0 0 0 0
0 0 0 0 0 0 0 0 0 0 0 0 0 0 0 0 0 0 0 0 0
0 0 0 0 0 0 0 0 0 0 1556.45969331593 155085.85576518 37.8793777284237 0 0 0 0 0 0 0 0
0 0 0 0 0 0 0 0 0 0 0 0 0 0 0 0 0 0 0 0 0
0 0 0 0 0 0 0 0 0 0 0 0 0 0 0 0 0 0 0 0 0
0 0 0 0 0 0 0 0 0 0 0 0 0 0 0 0 0 0 0 0 0
0 0 0 0 0 0 0 0 0 0 0 0 0 0 0 0 0 0 0 0 0
0 0 0 0 0 0 0 0 0 0 0 0 0 0 0 0 0 0 0 0 0
0 0 0 0 0 0 0 0 0 0 0 0 0 0 0 0 0 0 0 0 0
0 0 0 0 0 0 0 0 0 0 0 0 0 0 0 0 0 0 0 0 0
0 0 0 0 0 0 0 0 0 0 0 0 0 0 0 0 0 0 0 0 0
0 0 0 0 0 0 0 0 0 0 0 0 0 0 0 0 0 0 0 0 0
0 0 0 0 0 0 0 0 0 0 0 0 0 0 0 0 0 0 0 0 0
0 0 0 0 0 0 0 0 0 0 0 0 0 0 0 0 0 0 0 0 0
0 0 0 0 0 0 0 0 0 0 0 0 0 0 0 0 0 0 0 0 0
0 0 0 0 0 0 0 0 0 0 0 0 0 0 0 0 0 0 0 0 0
0 0 0 0 0 0 0 0 0 0 0 0 0 0 0 0 0 0 0 0 0
0 0 0 0 0 0 0 0 0 0 0 0 0 0 0 0 0 0 0 0 0
0 0 0 0 0 0 0 0 0 0 0 0 0 0 0 0 0 0 0 0 0
0 0 0 0 0 0 0 0 0 0 0 0 0 0 0 0 0 0 0 0 0
0 0 0 0 0 0 0 0 0 0 0 0 0 0 0 0 0 0 0 0 0
0 0 0 0 0 0 0 0 0 0 0 0 0 0 0 0 0 0 0 0 0
0 0 0 0 0 0 0 0 0 0 662.5447446835 459978.645523611 533.37154968699 0 0 110034.614332781 0 0 0 0 0
0 0 0 0 0 0 0 0 0 0 53.4328010367274 30472.9563152487 1.77767019063422 0 0 128.804573704509 0 0 0 0 0
0 0 0 0 0 0 0 0 0 0 0 0 0 0 0 0 0 0 0 0 0
0 0 0 0 0 0 0 0 0 0 0 0 0 0 0 0 0 0 0 0 0
0 0 0 0 0 0 0 0 0 0 0 0 0 0 0 0 0 0 0 0 0
0 0 0 0 0 0 0 0 0 95206.0595711494 82270.1527665667 100430.938251619 8897.496714288 0 0 0 0 0 0 0 0
0 0 0 0 0 0 0 0 0 43441.6308438942 81914.9196483489 2634.59420886761 11144.58403968 0 0 0 0 0 0 0 0
0 0 0 0 0 0 0 0 0 41951.4001418059 124490.833808542 4299.30286145728 14263.85620296 0 0 0 0 0 0 0 0
0 0 0 0 0 0 0 0 0 40657.992362635 111368.644915754 134313.818444795 7074.388129536 0 0 0 0 0 0 0 0
0 0 0 0 0 0 0 0 0 151272.475042169 58588.9656702011 653103.289081067 8213.073890112 0 0 0 0 0 0 0 0
0 0 0 0 0 0 0 0 0 40151.8762751333 44569.5069184668 2063.33915387042 7867.834058448 0 0 0 0 0 0 0 0
0 0 0 0 0 0 0 0 0 3147.76672217505 8507.06935638373 864.778580335772 1047.71633139023 0 0 0 0 0 0 0 0
0 0 0 0 0 0 0 0 0 0 20119.6688507852 969.638420195306 211.98937032 0 0 0 0 0 0 0 0
0 0 0 0 0 0 0 0 0 31435.4325459377 94709.4366131252 0 13173.6251556 0 0 0 0 0 0 0 0
0 0 0 0 0 0 0 0 0 0 29.5223464496856 0 55.9660780400374 0 0 0 0 0 0 0 0
0 0 0 0 0 0 0 0 0 0 34.729446244465 0 5.6703402724358 0 0 0 0 0 0 0 0
