422813.851859895
386227.241438776
722970.936672942
4613541.17211474
566829.220188812
3993584.85639844
6008036.806028
672159.934892978
247588.413684692
1257557.10050821
737318.022877616
1122637.9627406
241149.577331831
1777950.94360454
79726.6513158037
1837733.22609888
2186763.22723084
155231.484056291
7340006.14585268
6445597.97185805
370617.594578551
813328.770757446
200436.51124062
296864.008055403
1110766.09126937
747027.950822982
233435.323637469
4608824.53056222
29337.9384195866
1308061.70795683
595023.364356321
367029.524619399
334535.616743653
70474.6451960471
27690.1825400913
11972.5654895009
260285.696208858
66336.5411918954
239768.56456156
1454.75830600764
449015.716497199
15877.3117647777
47764.028200466
635285.743213459
374788.890772325
144153.118408515
5127.12441302086
760382.114156326
366866.989066771
316074.53538294
935470.759342392
461176.166638404
443242.193036967
35850.7593350145
1431.86039497568
1160733.86906327
708254.397414847
541769.534187222
290836.03900748
497929.490786664
1765956.40429255
2007904.84067013
74962.4063272401
1131529.84640641
109366.338504772
336988.666455451
49126.3246915251
687.902288196007
184881.931890152
1343360.02610362
3880963.19538558
854686.91946599
2005149.67223707
848632.740118493
7813.86303235162
345924.080309868
133983.420149888
703574.408235634
341910.235223264
79971.3130161963
556237.412899473
291554.610720274
78023.9732143096
47245.7979433747
320913.623716399
309455.587834501
337952.077585391
31353.1317484764
207300.021183184
3261078.45204759
115112.734078595
761088.975888273
126302.137529045
92812.4929235026
241235.472294421
77576.0166324337
1519353.44192498
558893.35617562
34411.7341059307
71555.3994844158
216864.11033719
128423.820494878
56753.2370440855
220906.825349588
52439.1413077175
2379304.0472677
106074.636180876
33402.4516037647
360832.112677341
75684.8032499599
32994.4984798273
83159.0881095057
7948142.17056735
493422.685864409
198478.30818015
604672.352244379
4273.3236047147
273184.563055802
166996.825118572
139034.505433445
752926.189702028
2315207.57822605
16659.6088317106
131593.210058284
515893.799271224
51093.8291672879
181552.903352
121995.958484047
84304.6786068518
2500869.06619375
255481.757115226
99586.8294824174
64207.0511779326
79903.8525104291
41207.1134446138
112930.179507906
144049.282380731
42232.562283647
93934.2421125456
63195.4760558726
258685.182233713
179665.798024447
215864.095491442
169540.627715759
121332.611412201
3128150.21295997
55203.5505623666
70021.0985057191
72013.4912506253
167434.922779402
577005.070304424
319590.362051622
940902.351626251
1006232.6605643
20352.9767284103
286896.925383612
129433.844057242
487694.395776557
1002626.93785531
48710.5371391148
277314.362102991
516967.491022542
107918.78694836
44594.8694157655
171883.127509342
94648.069393582
183924.474313887
966335.225364678
367930.287551047
157320.166987363
41443.3505922601
558089.878377092
281897.204461479
101095.109391205
1335508.42478959
1766523.58071123
156543.448835174
81645.1674389486
678767.661652383
1471504.05909059
176897.05784675
275438.348895014
1085656.56349628
166009.775945948
99994.5974162488
200925.501383552
807803.846704167
88975.684239699
182059.141896732
105136.988010714
408386.553386528
210678.075858909
15395.032649559
133429.021687359
56424.0645538754
635.052606189583
127.22919185437
