26089.1536658743
25889.0804933015
46787.1100009109
299743.97
30686.09
245684.37
356451.08
39341.56
14242.46
72105.41
43059.3719818086
68678.74
13799.99
107945.91
4579.40255551207
108337.64
137345.87
8378.98
450312.77
391706.78
21348.64
48429.61
11146.46
15934.51
64606.21
44062.53
13347.0366313442
262666.79
1633.95419145789
73773.0654163447
33242.2250358933
20507.6046166364
18937.489499069
3850.80669013537
1556.76047798385
673.416820246353
14651.2327778272
3800.83992933937
13874.6688560549
85.2438421265929
25034.8770242458
878.848029601542
2735.62901077539
36112.0806105141
20900.5715286532
8424.2733449926
294.617615166388
44130.47
20752.5447815954
18432.9870809351
52964.39
26228.28
24203.6430070995
1976.28936652642
81.0999454569593
69896.07
41973.6067899486
31093.6101120398
16696.9
28224.34
107211.04
118592.28
4240.90534836935
66534.33
6221.67
19542.21
2748.71614705434
38.9892322637736
10590.04
76781.5184891655
231999.545657023
51007.3768060347
116710.286905306
49082.78
440.252237960806
19896.1
7849.65
39459.38
19798.49
4545.96083710302
31371.1363629172
17467.03
4366.31370700851
2638.48
17603.77
17513.47
19239.92
1753.22227035268
11785.87
191747.32
6271.83147816607
46486.01
6511.49
5578.82
13713.99
4772.57909144962
101132.99
32389.32
1836.1
4683.43252054136
12534.2603668456
7329.78
3261.16366178928
13089.63
3020.32
147705
6221.24
1881.61015272382
22042.23
4231.2
1926.87188889336
4712.8
494218.78
29908.65
11402.31
37224.24
240.177346392162
16052.76
9843.99
8431.44
45463.47
141043.44
952.45
7869.98429582589
32434.47
3014.3
11342.97
7183.58
4611.32
170792.56
15395.29
5683.74
3742.72
4564.02
2428.45380218977
6364
9300.47
1624.34519169206
5276.1
3491.37526237015
15429.26
10234.43
12350.46
9321.41017957049
7469.04048412075
199262
3185.87
3819.26
4179.37437170456
9776.48
34592.64
18627.17
57142.27
63153.24
1097.95309138676
16975.54
7620.89
29290.31
68271.96
2796.72
20406.08
32458.8580935732
7474.26
2433.8
10007.82
6137.39
12348.74
58053.01
23137.01
9689.19
3069.77
34643.81
17703.53
7399.87
77287.34
105310.44
8782.6993084131
5177.63
40834.52
97876.6
10489.85
16452.90099501
53323.1330578266
9544.28
6445.7
12103.64
49550.62
4998.75
10061.14
5959.37
24331.98
11707.61
903.621334627229
7628.2
3000.54
36.3447083046203
7.32492389912622
