25648.9628008089
28767.4476446413
42624.0092502109
372639.943183485
47642.8519694121
289559.534497739
456832.859996581
41812.1483117902
17908.1738316469
88706.1307947238
48660.6015309456
71512.9238121991
18801.7115609579
112976.62805199
6536.27332792326
128576.318501065
143490.693797673
12049.2536452126
523001.813927122
483584.178169699
24464.3911348584
52299.8623966942
15339.1099222558
21289.2587388595
80056.8078754806
50547.4298924731
16162.3697011391
427285.203068393
2539.89180772971
112087.567733528
52361.91007094
31674.4796068312
27745.5416981498
5918.32968926105
2343.97114129607
980.104072568138
20484.2958735302
5715.99373478631
19890.3990441736
110.498120403196
37197.6951368256
1284.35144891794
4221.32586412925
53415.0336329025
32171.2144793129
11341.1727294232
408.008670706944
54130.0599300491
30691.7406960188
23040.5628649355
80615.7042936599
38626.9671698275
40987.029246619
3666.11184403384
105.553591302454
81998.424295035
48533.0864099293
45930.2811273772
23383.2823493126
39448.0852455865
129181.235019798
154368.960152439
7068.32187576849
78691.6563617126
8704.96576104321
27888.0341327407
4185.28572549165
59.1492191347611
13809.9784429476
113374.109830873
281957.296555109
62569.4823967996
169300.151897728
74181.7499341252
709.597391932324
28945.8649820011
11173.2643022772
59719.2092778659
26594.3645716645
6869.85236582151
47859.4768643002
22822.9903261804
6760.87190432903
3992.00215183101
25861.1107297758
25576.2103654631
24965.2069839225
2226.97237110063
17320.7444292365
227588.412997299
10963.2924698695
47279.0510030144
8179.54019175391
6411.75686415794
19357.6039455561
5701.98061507013
111435.330496139
38942.2110273715
3089.34128334388
4796.42226053777
15649.9179105599
9175.85497541206
4302.91015342265
13259.3409030357
4062.8413051351
149796.903785775
7798.58397878795
2633.70381558044
19982.7459763796
5382.69478093007
2272.99260686782
5908.42885877737
560682.238506867
32917.5606844915
11075.1061374869
34222.1041518918
342.645516520022
20616.6640942483
9955.89555627539
8468.33154729131
49117.9786754744
153764.24907572
1580.97589152795
8633.27884979992
27096.8813262982
4009.98586890824
9703.39105184918
7775.67668760672
7109.48968432668
89366.2948764762
14929.0306885061
7694.94880132036
5420.27910052108
5757.93400979775
2902.70198268514
8767.00584720781
7846.91481937327
3801.05434855959
7526.3062687425
5199.54154333126
15283.6486275274
14210.3856951874
12629.7612452688
11263.2025179725
8839.0102797057
161562.136503774
4291.55315352864
5271.61533300373
5429.7019692009
12524.9386459968
40280.8789047851
21133.8254458068
49548.1687801319
51693.7149243577
1599.01566235618
18673.2397457636
10128.410710813
31833.3972708328
73110.5122129301
3893.76025265203
23623.7107063201
35532.3642536402
8642.98092975737
4150.75588201783
13310.5329133741
6354.08220161835
11768.5178538542
85627.7780679584
22997.8191007838
13220.0883928976
3401.91169685741
39678.6014373389
20422.672232891
5213.367559822
110215.239298253
147605.551482773
14411.4042168119
6391.82268086897
61449.6717299622
120287.3188382
15100.1535056463
15743.3250913084
86295.9070225559
12625.455043228
6898.4748658624
14628.2132660275
43947.0236464321
6858.75501457531
11848.9301797096
7535.75527055207
24876.0544581971
16830.4551348392
1360.03223046638
8776.05492908475
5103.81679068062
45.5460142880625
11.2301313829319
