292331.971545663
327874.63367417
485803.678613625
4247133.71048947
543005.545027602
3300231.29163385
5206715.20795354
476550.526545226
204106.984641241
1011020.76738342
554605.289276327
815062.788717102
214290.979755389
1287641.43298875
74496.6389450055
1465437.91288429
1635423.48181844
137330.393107014
5960871.11972322
5511611.61947577
278830.942748344
596083.487070144
174826.279015361
242642.61009337
912440.929402345
576110.233721195
184209.330513257
4869949.20824769
28948.2194529144
1277508.69676179
596790.680178193
361007.266308022
316227.567204413
67453.69068202
26715.2172414577
11170.6566638521
233468.133476955
65147.5769177948
226699.189390961
1259.393361348
423957.799052602
14638.2942341529
48112.2300071114
608793.603113708
366668.818753435
129260.095913663
4650.24543082302
616943.018511823
349806.685941707
262602.887573186
918810.969104918
440247.821829244
467146.346444661
41784.2169982368
1203.03863024031
934570.350675245
553151.840995737
523486.615692311
266509.078112178
449606.357735908
1472332.78384264
1759407.4157411
80560.6245771619
896881.77190216
99214.1203711846
317851.569500327
47701.4541111866
674.14857957714
157398.150173405
1292171.97311243
3213584.82439156
713130.473458246
1929584.40644927
845480.403211189
8087.57739951924
329908.139768148
127346.380268172
680644.833235982
303107.172273975
78298.5883190986
545474.524994211
260123.18743187
77056.4828116517
45498.5209342034
294749.927013044
291502.859554105
284538.919900241
25381.7400823026
197411.822617547
2593920.67654889
124953.224854769
538859.127054978
93225.6422764217
73077.5054255873
220626.709665045
64987.8477483904
1270075.164979
443840.764900635
35210.5171546092
54666.833553019
178368.658016494
104581.063884783
49042.068536146
151122.275480792
46305.9155619937
1707298.01324729
88883.7228321337
30017.4294654271
227751.769388331
61348.8230860591
25906.2442710276
67340.8338621202
6390330.90345392
375175.184818918
126227.613629238
390043.670701405
3905.27428813125
234976.753131802
113471.498122092
96517.1324947958
559818.185220027
1752515.78362621
18019.0475168638
98397.1052834352
308834.644071037
45703.4922922218
110593.624874736
88622.6596052404
81029.8267414482
1018544.80013938
170152.429868812
87702.580225665
61777.196121415
65625.5798928109
33083.3125819383
99921.2508257779
89434.5904868299
43322.2087619678
85780.4772254253
59261.3563357759
174194.183491899
161961.743383228
143946.70881056
128371.425032436
100741.907062208
1841391.35281798
48912.6329312543
60082.8158924417
61884.5934214853
142751.974832503
459098.087638794
240871.062728202
564721.230543235
589175.148910432
18224.6528629642
212826.762760329
115437.739623075
362818.532016702
833271.197982481
44378.8192891889
269249.302944174
404977.232315334
98507.6737416462
47307.909771398
151705.739350822
72420.1406852177
134130.742421382
975935.474384765
262115.786551323
150674.888891132
38773.0148147309
452233.63129875
232765.827287368
59418.9375877923
1256169.2737277
1682322.15430888
164252.822473005
72850.2697072288
700367.418560674
1370965.13675607
172102.766353209
179433.263210627
983550.587848844
143897.606621199
78624.8102341719
166723.883615795
500882.669675873
78172.1080342918
135047.20134982
85888.1683334813
283522.810985424
191823.758123374
15500.861630193
100024.362320822
58170.3441165538
519.107144247194
127.994511132921
