369369.271128516
363840.271553332
636113.946767384
4393766.26785836
552755.043692486
3727530.17926572
5682468.3604651
605374.352726718
229889.997754396
1169120.64900277
667383.783971607
1002008.24160977
228475.515910748
1598400.62662922
77504.4053164764
1699871.63089853
1992679.14540627
147820.8447489
6809548.96841492
6069755.27067969
335216.30240194
724945.017156727
189377.909628665
274883.833333767
1028468.67610165
678654.650547365
217206.223052785
4609544.42236529
28927.5738427453
1276713.69887837
588216.903534825
361582.098001089
324138.531595895
68850.4641001392
27011.6257977097
11592.6411902722
247241.855024151
64838.6116597413
231890.275806541
1370.13200941715
436276.441698496
15225.0788289479
47757.3738312154
619333.369738489
368229.438097927
137248.033598181
4933.68505397861
705982.023839058
358931.629895278
294629.730913391
920604.698437039
450695.646011586
446287.405151439
38167.2549750729
1330.05259507275
1067571.14104656
647240.923483118
534530.174593831
279153.497769079
474824.532891279
1645779.20121471
1901221.06488103
76877.0365741933
1031616.18864792
104678.764168768
327795.320990095
48152.5626839265
676.9788903932
173928.295754557
1307887.0662283
3613926.27430769
793786.036298316
1952326.39415313
842553.455347272
7848.55815282894
336979.476072334
130682.394997384
686924.363955836
325264.007021147
79470.2679385952
546751.816997265
276967.975752255
77290.2386093026
46581.9340802999
309254.44049608
299906.387336929
317888.083085128
29157.0743025403
201663.915730972
2993331.20566636
121360.438226344
671736.840966956
111180.334320588
86089.3318756099
233826.007140621
72575.7915452483
1419382.43587889
516145.393954005
34733.1210969488
65727.8502856323
203365.511756443
119895.450818265
53526.4972113809
192426.781833005
50037.0192641061
2122896.65888487
98549.0221338424
32297.3439745139
307732.984514718
70155.8769569039
30262.5469210045
77035.7903446539
7365457.35042156
445614.757729247
173365.832874174
521648.245792587
4096.22883330247
259246.470461996
145581.766665973
124461.824200693
686476.701992873
2100395.44760396
17030.4085908426
118675.035025378
436357.385245599
48756.351067512
153136.62152611
109021.880245043
82935.1754131442
1930245.15148335
222320.478326426
94371.2076471512
63481.7720075897
74413.7523345942
37983.7515887688
108147.253192181
122638.82344467
42411.8451241201
91434.0041576942
61442.1719595349
225109.684750598
172255.46496048
190254.884851256
152976.590809117
114069.951974654
2619558.86409602
52478.8474316079
66726.1066112241
67823.6771615925
158029.45174286
532267.319458448
287102.619163388
804391.111773797
850663.448287852
19548.1408073443
258428.991713559
123710.358732847
443657.527652054
938577.130037071
46484.268190114
275647.901307945
479043.550997024
103803.381479124
44796.3929648294
163860.794508846
85295.9298712787
161769.9969193
974627.566143544
329196.145901668
152770.56805578
39956.3988557297
508662.161566396
265550.556835445
85646.1099154484
1301659.50785871
1694838.74984584
155952.767828299
77804.0195864453
680235.565720196
1414015.87367864
173074.63578907
237214.389548528
1044486.93842932
156405.031494216
90637.50963299
186535.052631852
687096.240900299
84560.6246071005
164202.4701092
97766.3023835903
358238.796897418
201561.536158513
15639.8810681852
120883.817432938
56897.3642213755
582.166763052739
125.773182650846
