487185.84439004
472701.548258877
940983.491628867
5100328.376
510691.064
4504227.312
6424054.312
717998.216
253823.336
1330915.56
778292.374042202
1291414.384
248455.792
2179503.768
78928.1377279567
2003278.264
2546440.312
146677.44
7990739.432
7189403.832
392589.912
872146.184
186353.232
287979.744
1181239.28
794609.088
245425.909928936
4326916.152
28864.2451497844
1328553.09436843
563400.283992239
351604.044794903
322417.973772366
67504.7939292657
26438.0222324993
11517.6943479167
244483.46165632
66776.0275802869
248366.412103608
1546.98140181653
447031.722870236
14922.6127988226
47598.5878603728
612581.865108199
362289.836029439
151699.670603558
5083.21426574942
804956.984
359273.36711333
335462.234752305
918874.944
454502.672
422214.771238674
33432.5010619771
1467.18678896558
1202762.6
779293.068453547
535919.342184259
287972.152
492918.192
2039051.768
2192569.6
75378.7154007892
1191199.984
110334.536
328589.352
47471.0385652283
687.836914364952
177189.688
1387902.18045926
4211734.26152154
929878.607937545
2114639.43297152
858685.568
7480.11877969699
349140.896
137346.872
684289.736
350097.488
77312.1919952081
556035.53326234
301037.984
75468.5242557695
44451.16
289057.808
312076.752
324512.448
30942.4729436497
197498.288
3500352.336
112297.406284948
869542.128
112627.32
102150.36
239823.688
89802.710475454
1776528
592661.888
30740.008
85222.8443029458
226477.685372529
128927.344
57267.9654939803
242617.544
50145.16
2872873.536
115899.472
31760.1432056491
412860.552
73991.632
33407.1784453241
80702.96
8642208.952
566849.088
213783.128
721627.192
4163.09942265027
299830.856
198219.528
160244.344
857425.296
2535439.504
17469.192
151777.048248523
616462.808
51003.056
211482.752
140391.264
81614
3280389.32
304560.672
106288
64456.08
83079.256
43175.3235891234
111237.984
189693.712
28758.8880390179
93396.784
62122.1943391912
288427.672
180310
239064.488
158986.770596375
149495.818079242
3696871.256
56955.184
68935.36
76158.7742682311
171526.056
648334.024
341397.056
1113655.296
1240380.96
19441.8504489067
314612.48
142061.504
541620.872
1180745.8
50038.872
344471.816
601863.98475598
138888.048
43114.968
188547.32
110736.912
218323.144
1047976.904
388391.536
174327.504
56613.544
601946.904
323738.064
126809.176
1399251.152
1768898.04
167224.186292353
95522.544
736644.168
1741566.84
196663.168
317240.213283494
952334.466554065
173158.336
120781.128
212090.112
983088.08
83269.056
178169.056
107745.664
447768.568
203883.16
14643.0153312589
132328.56
45635.512
647.876129612527
121.450239902158
