28137.160538437
30265.407020559
48893.4935045813
369748.762248394
47659.7656500972
306975.704319236
474714.318116801
47868.2670944063
18823.5949187361
95860.8891148772
53082.6007637876
78381.0933039423
19121.9439692388
126118.347373486
6661.63346808381
138597.618507849
159735.189348604
12438.1684843171
557048.275130799
504701.978458847
26639.4241738654
56614.6377340641
15803.0963702982
22438.8201974841
83949.0723102089
54210.0993722735
17826.564063324
407394.871003047
2521.68339288164
110178.760341787
51405.8042610964
31493.1417537845
27767.3048364155
5947.30038238565
2329.77797535597
992.402030147305
20749.1215625863
5603.41865619537
19827.7793977792
113.944843017266
37479.3015684308
1290.44744271178
4219.64186110839
53384.8772735156
31986.8565931865
11546.4704916995
419.679070373307
57802.3032765801
31049.2986014379
24228.8286088665
80099.0206630798
38943.8244598533
39693.9125698853
3567.92956058652
108.955439145973
86489.0148543133
52054.2772782135
46625.1547067039
23683.7784081318
40012.323453345
135307.688928924
159017.388182423
6954.75886982303
82742.9476984763
8855.24472459597
28191.8683252878
4173.07834843638
58.9026012262903
14446.6941965295
112585.920532375
296854.029214957
65013.6098234435
168071.569291746
73942.1723362282
696.481322080221
29024.4037703599
11269.9483569283
59298.9406610214
27340.2209710722
6980.37735486074
47515.8955975907
23245.9530749661
6768.12654978294
4060.39659078783
26345.6899368549
25697.3984751802
26400.4576577422
2391.50506117784
17345.6687964745
241953.69441865
11250.7426683419
51831.1681305885
8550.61190970589
7041.02972506918
20038.3320354487
5992.0410644979
117004.068304222
42008.6754422215
3096.36062001681
5317.19528634576
16833.5570550574
9876.29493243399
4458.1298429209
14604.6312550084
4219.25312002111
165990.966260415
8074.44812116694
2760.92433886321
22719.617342266
5733.64969114509
2444.04081706329
6291.53069271412
601772.016525416
35349.7198188905
13204.0030338833
39101.3894117121
347.052254405492
21734.5921934706
11060.3287123293
9770.53192551428
55063.4145180363
167507.308202137
1536.17844064645
9398.57222787952
31858.3016472762
4111.53016252935
11138.02624864
8540.83757675618
7213.38782017145
122491.745010742
16851.8365489774
7899.89948616707
5548.61953966465
6113.18093120011
3084.93942125252
9153.71122569314
9033.30480588404
3762.93732084334
7869.13725134719
5281.76673902208
17063.4093135374
14597.4206163335
14654.5965007613
12122.5281274497
9468.15030356244
188631.459808713
4407.85130604843
5618.79560262898
5640.38984253515
13172.1984062525
43265.6818350278
22633.2222378152
59579.9998295742
62063.1855872023
1659.6081971021
20438.1043429507
10449.738315722
35494.503690994
77543.0949592765
3920.12184572734
24217.9291686666
39136.5356816806
8826.09839400183
3975.52827554323
13804.0335538162
6749.40729935525
12428.5411178779
86824.1179824707
25826.622386992
13116.6259926009
3405.56284332373
40784.5804180438
22088.724920463
6266.64440990615
112172.417631907
143728.771094528
13731.398445585
6551.70564409887
60234.4537280543
120109.328990288
14972.1157813665
17741.4052962406
88829.9166287717
13011.8616668837
7221.01130825999
15271.1393952838
50546.50822037
7100.41510244625
13005.6156109076
8018.33480153275
27431.3672360218
17043.366973115
1402.68851063762
9625.18351618886
5067.76099351355
46.9886252456115
10.9915902560417
