31881.019364686
31631.42195124
55068.0103158268
417244.817405962
47481.200771397
455289.188393018
551577.81884352
83680.224977457
20158.2457252166
100910.689498696
68426.432900224
120808.65329386
33934.850841738
137969.54301566
6742.4609400434
174291.99783356
171993.192221459
18760.0524270208
589402.324379552
537536.979492246
39648.6220194428
132361.771179456
30691.9639820352
41980.5081372348
88769.70361809
62156.6408304712
18846.8876107715
450022.934595396
2496.72596448898
110196.306169536
50770.473985881
31209.062035158
27977.2503122112
5942.66161270062
2331.44759193336
1000.5834173269
21339.6103869311
0.0392368304849892
5596.38076553712
20015.0315306232
118.259395175597
37656.3541060512
1318.37861254372
4122.059512824
53457.9097790004
31782.7930635508
11846.2252547772
425.83858908868
60928.771478905
30980.2945252068
25505.0948349312
79449.6573720024
38900.6878946308
38520.1944283119
3294.3120025309
114.800061944832
92148.042185412
55864.9887108246
46134.8833818312
24094.4449129048
40983.2879263038
142059.373040274
164099.113118248
6635.45176292882
89041.3665399624
9035.080683662
28292.8293274404
4156.1686906933
58.432866724584
15012.14962689
112887.176117192
311926.428281056
68513.628348438
168510.20896347
72722.8934833536
677.428675587084
29085.5970240148
11279.5394455651
59290.5733928798
28074.3780645422
6859.27960948266
47191.7053121536
23907.6487942528
6674.64150173004
4020.60112855908
26692.496195904
25885.6417045136
27435.18871715
2516.62038535788
17406.11572648
258368.91930521
36944.38516713
57967.0342677766
9615.8608470544
7430.58651504624
20185.7419267552
6284.18441277102
122858.862468478
44544.9259040242
2997.55211401268
5682.91250320738
17554.6677019032
10346.4653254358
4572.26786147736
16716.1988560716
4790.97235232096
3.157998730211
185043.5160273
8494.9393104904
2779.06056580612
26569.5535741662
6056.0479625776
2615.06478702222
7355.55916046302
651547.17840468
38491.6828214776
15021.2812511259
45019.7110890108
373.61873440218
29366.6267230963
12531.1074000427
10720.4779791617
59154.608661716
184910.028754886
1469.30714051556
13039.0169959296
46450.8067945054
4339.36139425353
13810.1344550829
9740.42006332328
12348.2015895503
166666.878620006
19183.4177159448
1.61578994766282
8145.45119983568
16126.1224471152
10325.8778256263
3300.74574829008
9332.8017265472
11164.744643005
14956.5086857758
11659.5184325911
5303.59734819174
19450.163919639
14828.8439823494
16418.7373029979
13203.8455783134
11092.9903251152
230166.8467442
4532.52312673548
6496.26109342926
5860.74177405504
13616.7149708308
45970.5876550448
24763.9510671194
69435.443583792
75510.844428254
2152.8107541251
22419.4889155162
11701.7445227646
76940.811164446
81873.6426358022
3854.10251554048
23801.23669001
42636.555860235
8963.6115306771
3866.45961346744
14136.542109648
7537.69929372
13974.9956413075
221007.436464744
28273.6951327496
13738.2517124657
3451.59123438312
43796.906006112
22845.870531027
7363.41203809718
193443.234010396
259601.13358081
13321.9878038798
34097.5830724822
80673.473135712
123634.537786974
14895.5573742767
22916.1931751046
164584.773684776
13419.5403232124
7771.16184296112
16031.2750158408
59304.9901579392
7295.89638333708
1.78025785306884
14172.7175024468
8437.6479628872
30920.3397573132
17397.4094529595
1349.9035561674
10433.7914114411
4909.94124811634
1.60211158042168
50.2476895815232
1.86482500543584
13.3303408954048
