402618.74770367
413259.50652132
689213.562784344
4455244.896
518353.728
3857735.808
5734071.744
628939.968
228713.088
1170931.68
696776.955153383
1056105.6
227640.864
1679852.64
76418.1291760732
1742251.872
2096954.784
140068.896
7045212.48
6186571.296
339930.048
762799.776
182516.352
266268.96
1044822.72
704955.744
216924.23505019
4366229.28
27515.2353364674
1236136.846958
569471.056736548
348589.567295047
316341.027448792
65761.9859349707
26203.3835358419
11195.8300758484
243641.199074045
62967.8386701342
228717.342237055
1376.46714844481
420314.21241965
14679.6548432501
46065.55859784
603955.858019362
352097.306103467
137388.28005893
4862.99063590375
709665.12
346841.702214043
297502.042549742
886995.552
441539.04
419749.531337152
34744.5611203693
1340.65059209167
1092582.24
666928.760080463
516939.024233305
278490.912
469851.36
1677119.52
1892566.464
72187.5897009113
1061838.144
103024.608
322003.584
46611.5830845983
649.583882894848
172459.872
1272922.96956997
3680455.8385587
807806.097797339
1921251.06433037
821596.896
7473.68157472235
327659.04
129150.432
661646.304
321015.456
77243.2614626502
527706.997671976
279521.088
73800.3172100768
44886.24
300804.384
297741.888
316726.56
29160.0628901606
198964.128
3066357.408
103924.608613677
711340.032
112373.28
89288.928
228741.12
75430.9111156834
1553070.912
515781.792
32531.136
73711.6172818473
202846.185410153
119633.568
52577.0498554563
202881.6
49917.984
2270185.536
99899.04
31083.2158068586
335332.8
68993.76
30904.1928717764
78020.064
7853543.232
466501.536
181430.112
562370.976
3976.22717790246
258237.792
150237.504
131967.648
703182.72
2211549.6
15655.872
123356.380655682
486775.68
49112.064
172501.92
111966.816
77964
2368017.216
233765.856
92050.08
62448.288
76043.808
38557.9735530375
103732.416
134189.184
27235.9868702032
87046.368
58076.9896264032
240115.104
167077.728
197527.488
155190.176487077
118867.866949169
3011449.728
51957.312
63604.608
67295.1179329946
156867.072
540660.192
298064.256
882075.936
935210.592
18817.9313581197
265589.184
122745.12
461630.976
1032832.032
47311.008
312626.88
501978.969778867
121869.12
40968.768
160511.232
91987.008
190547.52
961651.776
359762.688
156320.448
49245.216
541900.608
282310.272
107951.232
1262477.184
1725698.976
147894.034591857
84901.92
676384.128
1478141.376
166846.464
253558.187020863
858956.059676314
147623.52
101749.152
189300.096
750024.192
82701.408
165865.344
97109.856
383589.888
195488.16
14843.4489778781
122177.472
52377.792
593.366773728723
120.830073306574
