0 76626.0132455827 653.366160766244 1801.76232359867 13012.8811918312 1.91555858413745 0 572697.661091135 73.8258585986495 9364.23952556351 493.19161610246 909.454903345361 259.606836251045 1428.39759790638 6594.36312446712 0 430.714337928572 4402.81948254998 16.1131161934572
170.113315365168 4480.63992045695 2.85465592449013 5.63274025625899 17300.7469367952 0.264329087259375 0 116458.806727185 13.8931282787791 1188.48311559968 62.5945018699015 53.1795897135423 32.9485742794528 83.524315416907 528.908241258382 0 70.028512465091 1223.69941018294 12.8539854010813
1912.8044919752 47113.1791344689 3861.09705379673 12559.5167165814 18100.5255351135 2.78552417404384 0 6074541.16368022 146.407060512629 12524.3441169126 659.626603824164 559.174488677981 347.215098827304 878.244202653824 5083.07674327564 0 282.556861267057 4375.93423069102 17.1724104159158
0 0 0 0 0 0 0 0 0 0 0 0 0 0 0 0 0 0 0
746.496 13288 14.924 86.9474375 195.83235 2.3837781979813 1679.20409292555 0 72.5416424169991 33273.6768 1752.44325925926 157.711934156379 922.453333333331 247.703703703704 5941.89844565788 0 554.8032 2327.04 0.593852876677635
382.464 0 41.041 151.844 296.82765 2.87878285727502 442.689613344583 0 87.6053136174674 5068.71877722498 266.957033562 0 140.521186158196 0 4188.06111787433 0 412.8768 12810.24 13.1971696941313
4082.688 95208.52 492.492 1843.96953125 420.81375 6.63988180505442 1014.82034732857 0 202.060716891068 34780.6368 1831.81116049383 1130.00600823045 964.23111111111 1774.79703703703 9570.33415658395 0 4981.9392 21911.04 86.4
322.56 0 37.31 81.3649375 214.71765 2.17367435278023 362.233170992082 0 66.1478940297039 3827.22301533314 201.570485138044 0 106.102930828015 0 2823.26066857262 0 306.432 4354.56 0.541511273344174
405.504 48899.84 1553.9615 6014.864625 19642.3542 11.4635059128507 11182.4428861371 2141351.8525 348.850219151848 6932.016 365.092345679013 580.379917695473 192.177777777778 911.549629629633 10691.2983620556 0 393.5232 2818.56 31.6558176968488
7294.464 330306.46 1955.044 9382.786875 309955.3968 15.1805430828079 10693.6249769676 0 461.96476204937 85956.9984 4527.14508641975 3920.32440329219 2383.00444444445 6157.29481481481 30999.2227529017 0 4540.032 18501.12 248.64
1286.4066597883 103662.414543686 1613.52948635963 3638.44789800363 679423.918850646 0.503060937703672 5150.1684974621 9.72802916363804 115.741635426638 35323.6337142327 1860.40948125848 1230.34315901603 979.28473192177 1932.38741852346 10100.55857207 0 2368.11668090503 17249.8857947052 106.2601992369
1327.104 4152.5 417.872 1143.9938125 301.3437 1.54071 603.58909580839 0 72.2694238174851 20072.7072 1057.18044444445 49.2849794238683 556.48 77.4074074074074 5840.30773154598 0 806.4 7426.56 53.76
387.072 0 607.20169484683 2615.75570887089 14558.103 11.8060352101985 16984.7959813086 1279616.84375 359.273855808393 20787.0740244565 1094.80439967133 0 576.284545869804 0 12351.770865012 0 0 791.04 2.9411494650262
6916.608 926505.8 665.9835 4474.7924375 125581.836837359 8693.130914 3146.69573296206 0 192499.3300112 136862.1072 7208.19279012346 10996.4646090535 422.265529764742 17271.1407407408 37139.509094211 0 5599.6416 22164.48 401.28
2524.84140517859 24825.6341009753 72.398698147921 253.587072280365 269.605617124468 0.323446180669692 263.563671001199 0 29.017708080372 18045.3987478681 950.407061606937 294.649215135714 486.05956247124 462.778560626471 3800.39576192678 0 581.031187300768 1309.87423008644 0.427749708677349
5584.896 157462.8 333.9245 3379.2268125 192.54795 1.335282 1324.34414528361 0 13.501856 55878.0768 2942.96177777778 1868.88641975308 1549.12 2935.28888888889 30648.718137195 0 4709.376 15459.84 328.32
2165.76 45112.76 192.006271431963 1102.51593208321 349.37805 3.73324518087275 587.869438571229 4.8825 113.607774915971 30109.0608 1585.77066666667 535.432016460905 834.719999999998 840.954074074075 6598.39442984407 0 966.0672 10613.76 0.930035517516547
105.984 135803.36 1624.8505 3571.41698095125 71776.8165531649 11.7899472586231 8305.1886743582 226302.125 358.784277360451 7233.408 380.965925925925 1611.81596707819 200.533333333333 2531.53185185185 10887.9834315214 0 1249.92 2949.12 2.93714159368524
3796.992 64214.26 291.018 589.232875 287.385 7.3481118523922 1125.66837163825 0 223.613129312014 37523.304 1976.26074074074 762.142921810699 1040.26666666667 1197.02814814815 11175.737803601 0 1962.7776 18723.84 453.12
714.24 0 221.9945 668.7835 323.5134 3.38471291651919 558.259943720144 14429.7825 103.001459734074 5959.51788170516 313.873245899571 0 165.217002259231 0 4209.93125181567 0 1227.3408 8471.04 0.843208274958241
3663.36 57968.9 890.935033721206 1108.42764029591 105460.412586159 17.322761888478 12202.6674665204 600736.5 527.155420606233 14512.0248 764.312888888889 688.018312757202 402.32 1080.60740740741 17975.2997204126 0 1083.8016 3786.24 63.8354904211248
3760.128 7540.94 2415.8225 7390.74153125 3552.48915 15.304386 830.038271339653 8.96874999999999 327.0397648 30033.7128 1581.80227160494 89.5015226337449 832.631111111113 140.571851851852 8436.55612260784 0 519.3216 9162.24 120
889.344 2159.3 404.8135 1761.90678125 19763.877 4.8304674901828 3402.72462728615 2535757.23625 146.99775577968 12824.2296 675.420839506172 25.6281893004116 355.528888888889 40.2518518518519 5653.59852791943 0 0 860.16 1.20337832486769
133.632 29167.16 473.837 3701.32445654875 67981.893573317 11.1665991647465 7866.08378136049 660467.010000001 339.814939287972 5831.9352 307.153777777779 346.177695473251 161.68 543.70962962963 10678.3030473041 0 828.9792 2465.28 2.78185153396676
7294.464 536270.46 3009.0515 8791.25121875 124032.9027 3.526514 1702.13124930203 19.95 201.100698372086 74172.5712 3906.48809876544 6364.85938271606 0 9584.498714873 16480.6079858385 0 2572.416 5836.8 2.77631827875723
580.608 0 699.5625 3168.627 112748.93595 8.6046529060347 24699.7106221567 4595892.84 261.851398238547 15150.349268651 797.9318790303 0 420.01640720485 0 9998.12650912007 0 499.968 2964.48 45.3436129776624
49.4019437189507 0 1282.21284496635 3784.48139097618 11794.2245641118 5.98694105229717 4217.3789187413 2040227.9027636 182.190833591474 10541.3023609021 555.184639714257 0 292.238803632567 0 6674.82417891414 0 40.3449207038097 1285.36538750233 100.981507499855
0 0 0 0 0 0 0 0 0 0 0 0 0 0 0 0 0 0 0
162.086193897156 30796.0602189964 107.470290116384 265.313916158356 30.6162222137305 0.298709320762762 1125.16111364477 11.9495850098013 4.31569425373919 2915.39878288611 153.546930681294 365.510703005286 80.8242305602136 574.07421551232 1662.69416598186 0 234.402799894775 836.488133202839 13.0750417263454
1012.34871138653 230264.787334132 53.3823457868656 146.348332594168 1546.96242052792 0 366.264696680242 82.6140574808977 0 23063.5925955965 1214.70307058025 2732.95492012141 639.396962239231 4292.40221667748 12957.9003838776 0 3126.3710204584 9577.61280870589 219.767577401838
1394.33267307144 83232.2792436046 212.088167982498 642.423179795253 199.985766374964 3.17389158489489 265.877381783852 75.2374020693412 14.1891623795301 12190.4936478645 642.043515318483 987.863015032562 337.959690119112 1551.54604427617 10967.9566050603 0 689.711089584324 6655.99074669457 76.6927270013104
3231.80620280279 754725.013459157 318.703689668035 326.411823544601 906.88146677761 0.684122872964409 844.369041276184 185.946959205889 3.0584316673703 33453.495792913 1761.91388626304 8957.64160361548 927.438494137963 14068.948006597 23473.9869094443 0 2057.62931957651 12875.049402429 266.631684585463
2542.61795643751 427900.725742226 165.163441346345 454.623390088019 1832.10380792791 8.32838449415083 475.773733522915 175.569704579233 37.2327777385566 18099.2764159547 953.244666745398 5078.64622845608 501.770151858267 7976.56491449816 12821.1210665294 0 5433.24901890605 6250.08735915216 205.188307532605
187.405866850842 194899.634844623 29.6364377009283 53.8772922435004 260.498282259318 0.728859691431721 250.200755653937 42.1749305743979 3.25843156169475 11117.9491330357 585.555216277623 2313.21480867832 308.225306726524 3633.15483154068 6994.45232570352 0 546.771257620681 3238.11960040453 146.410833477221
115.274602047212 183496.637560387 19.0260630614163 39.3982256409085 219.865491859563 0.0527079570632 141.771430339266 24.1837277645286 0.235635572753129 3668.34403530395 193.202717449979 2177.87549825712 101.698294526308 3420.58976075286 3410.99062588392 0 278.698518641835 1503.00346515402 1.89485703041375
21.8964744767303 3838.22049118445 3.4815475960134 4.46493468186492 1495.18871323695 0.067338383370703 17.7688953993399 0.321951453621818 0.918438879691028 425.539438085158 22.4121224805942 45.554874878337 11.7973218134536 71.5488735172964 552.780463698727 0 62.8614044456585 192.393494269357 2.77105204364541
533.60188224021 282058.600777954 98.2632019860362 224.039749368681 245.42975130194 0.429392797743221 390.195123132428 80.5057102258129 8.15139080515836 8945.71756617126 471.149087078768 3347.68268167768 248.004061516076 5257.89886169352 10364.1757458706 0 704.566384221505 4215.51908171719 58.9947929372074
137.806993287767 66798.5822146035 3.87570140601852 7.86681371410601 39.2130318354731 0.131032156353572 61.0220489765384 13.5322708477038 0.585790816639497 1298.46246068111 68.3868452620723 792.81559301392 35.9975554328728 1245.20290613438 1648.54620273701 0 112.865691029104 842.293810284157 21.1524071756411
49.7236209343998 56861.4793470733 2.40993931634984 3.46269195708867 5602.46913788148 0 561.354803693894 14.0645396680364 0 1354.7164412673 71.3496049738201 674.874615203183 37.5570966947809 1059.96380436045 1763.98871530934 0 134.936600894866 1159.63421122832 25.4446028980527
3.98883532232726 547.428581288964 1.85044818165532 5.21943334709954 103.710253315217 0.00149684501005981 10.3915340643576 0.253726853399354 0.0066917776920321 23.3077698316016 1.22756328900077 6.49729232146032 0.646166340526785 10.2047025209618 37.6237644780164 0 2.98647816332718 15.0943020147176 0.0932668191715128
1209.10836645443 612461.865029388 68.3852913966662 107.302765136286 652.690235706829 0.891776458754594 915.526007386672 43.2936900826381 13.0995938899935 32127.5679129478 1692.08050447372 7269.15603031366 890.679508950205 11416.9982198267 26910.5334628731 0 3326.38158315385 14091.4467708108 329.116811049612
108.34070140334 2985.66838685081 4.20221179449292 9.20209073655776 34.7378735389194 0.0739107596412155 26.0011214138019 5.83550735681708 2.1717287349514 1146.37362683473 60.3766979830466 35.436148106547 31.7811638213399 55.6563152810061 767.12775456441 0 144.789454340532 313.921327086858 0.358124494747665
89.0856452728598 23231.5124110356 36.4988219684144 201.92260770972 6169.49471776635 0 76.4524944945808 21.6340096128104 0 4202.54919749481 221.337998115531 275.728985228953 116.50817969496 433.062286788988 2427.8040288043 0 584.234797405074 1289.88590551328 1.02738347957746
9035.95443732764 649142.549837315 862.639523530238 2576.89565953046 126362.994735946 2.94622593940244 12661.2877926522 48.1279086397336 13.1713630232109 66711.064025034 3513.5087466103 7704.50986439241 1849.44524616246 12100.768650389 47308.8147833452 0 1756.52385571366 18090.6002697679 201.099384917624
1537.99904495692 344777.882245639 182.691548803421 1324.85365350544 375.80162932135 2.49763157603423 539.878903711884 115.469464070017 11.1658823399177 30057.9522557319 1583.07890451392 4092.08207881544 833.303106781219 6427.05887924171 15334.0799626635 0 1800.24169648474 9424.46520562422 6.889645957965
64.0693838789455 13794.9737069967 12.0673240904879 14.4393758748478 3234.6249166694 0 324.102139687457 7.98369869478825 0 1259.40237128596 66.3296457894068 163.729077736817 34.9146841325524 257.154280532682 1236.13319830147 0 303.507292562374 1035.27444717049 6.39169116585695
147.234032462768 2200.65481776937 3.91054190890105 44.5484458782526 26.8615477225264 0 14.734592822571 3.35946044856048 0 474.481397166564 24.9897758851964 26.1190192445034 13.1541503228448 41.0227535321246 459.318782280498 0 46.5460538014337 122.93895354744 4.24838645691386
20183.04 268882.68 6881.8295 17110.85096875 146442.277319446 27711.312774 7905.01403126884 33951.0675000001 667133.6282864 62388.144 3285.83111111112 3191.30098765432 1729.6 5012.28444444445 43141.1554691025 0 2706.2784 21888 207.266243022724
11592.594010487 610564.019846202 5096.04750376854 16803.2164940115 1357.96656348035 1.26668209294276 23.8312490700861 126.27639762136 10258.1029179278 85345.8658529217 4494.95822834939 7246.63098255856 2366.06188475832 11381.6201884502 34542.1346821982 0 3754.23116047091 11856.7601697085 79.4401760215637
5421.39408493021 103905.737091678 1670.2348611826 6642.6759553849 66815.5416684896 232.331621832881 13773.371587459 54032.9285877595 2355.73128133318 4305.23991672961 226.746467392708 1233.2310932174 119.35509669875 1936.92323251595 5926.66823510846 0 451.869256409399 1971.1489268882 19.9694639638287
3502.08 527433.94 1703.2015 6255.12146875 61389.8171234265 642.078073527217 765.366192841848 0 10598.0507229555 17978.0328 946.859061728396 6259.98094650206 498.408888888889 9831.97925925929 13265.8751374933 0 2214.3744 5560.32 229.585095912042
17482.752 989258.38 5962.138 7239.2464375 191565.446220442 0.85595 10340.7811459771 19.55625 15164.1709735638 85821.372 4520.00197530864 11741.259218107 2379.24444444444 18440.9214814815 58775.7545846146 0 5730.2784 10629.12 307.2
4238.66789519523 41602.4499926376 304.179610486041 1003.25296262342 2048.15080554861 8.31463933880573 518.007163800007 12.1207310131401 2543.3061901497 22256.5034649767 1172.19565803677 493.769028746453 617.021855835682 775.517831601781 9573.00273582585 0 1625.01300691064 2652.97370954658 28.0531736931226
36.8159473106476 0 74.8930556290086 0 2311.62422417789 24.1773521754407 124.782421180776 0 399.067987627237 1339.44613616905 70.5453553143337 0 37.1337547261861 0 647.755615267737 0 0 345.149506037321 2.07810180637206
0.675901235496549 12.3240522152774 0.2461856106777 0.348904753279596 0.646394094251274 0.0794748746714941 0.410180040088158 0 1.31180114645875 1.71448332925889 0.0902976479434974 0.146271080035792 0.0475309918866343 0.229734601020623 1.95405252147892 0 0.554260676608308 0.787107208003461 0.0081657555426299
6649.344 468534.88 2561.3315 9088.10065625 6208.74765 1006.31633367975 5193.72790201056 307.51875 16610.1164132412 35443.6992 1866.73303703704 5560.92279835391 982.613333333332 8734.0325925926 23232.6149916959 0 3459.456 26764.8 510.72
6941.74868317646 285499.28944512 189.506377518521 596.720511459634 23218.3033740189 349.376970620339 20793.9346267012 29803.4626237304 9963.64720899108 14451.6681093424 761.134049461856 3388.51935119368 400.646718420066 5322.03728178295 11059.6632027949 0 1129.62996531116 19054.346561069 54.0246245697401
1208.96659045819 60338.9145280857 57.1010207664147 402.226454338613 587.035530324161 1.79655373802551 405.432200105278 9.36634272555504 2656.30132600417 19610.3448221748 1032.82894769747 716.147419861588 543.661827869627 1124.78722200994 9889.00467003582 0 668.558524523381 4278.39843401039 44.1442301093283
6114.816 170385.38 360.0415 1303.0950625 24406.78695 331.182001748582 1709.27286535797 0.875 5466.44372043433 11995.4016 631.76849382716 2022.26127572017 332.551111111111 3176.18074074074 7401.38969885632 0 151.6032 9454.08 32.7755008739981
4663.296 118927.6 4745.832 20543.66978125 89735.0438833502 938.541712686011 1100.52368952978 31659.34625 15491.4380147171 26085.4776 1373.85837037037 1411.52181069959 723.173333333334 2216.94814814815 24537.967905677 0 572.544 7472.64 80.6699267287637
19008 634568.44 2266.5825 20150.52221875 127398.05943088 3067.245468 1633.87682921124 163214.07375 73970.3112288 40612.572 2138.9649382716 7531.53341563787 1125.91111111111 11829.0903703704 33112.8913964304 0 2007.936 13608.96 407.04
11930.112 219384.88 1324.505 9634.06915625 281016.13785 1490.003522 40348.7318518518 261804.57625 37937.492432 25678.5984 1352.42903703704 2603.82403292181 711.893333333332 4089.58814814815 23068.8234318828 0 4986.7776 15129.6 69.2347658506224
125.243165903769 8110.69983496648 11.7368910546815 19.457915652248 77.9031849769955 34.3724131017275 40.4180750268229 0 567.346234892178 2958.10876829484 155.79636125918 96.263858995664 82.0082887165665 151.192834794568 1042.94327708926 0 25.9763603355966 632.014124236612 2.9543919134629
20837.376 1458955.96 20649.2195 90145.58196875 589266.5205 16222.032876 70622.3738271605 191153.7425 349596.8564272 53753.2632 2831.05303703704 17315.9818106996 1490.21333333333 27196.6281481482 48527.2326750238 0 4375.5264 12226.56 1037.86859729468
3082.752 160984.12 2027.7985 10921.7425625 1057.98735 4661.743366 648.727099680867 13.78125 78096.6701552 41712.6528 2196.90350617284 1910.68008230452 1156.40888888889 3000.93037037037 16571.5813687546 0 845.1072 5575.68 146.497893256454
4354.56 437872.82 195.8775 2512.2645625 500.0499 1934.96057 958.453982226824 0 38872.7231392 41546.8872 2188.17303703704 5197.00251028806 1151.81333333333 8162.4562962963 20495.2875895545 0 2238.5664 7080.96 70.3723367550825
505.625550467949 10803.5405424458 108.698668746438 295.774952483038 89.7686466257988 65.5901195010095 78.0637176408861 3.47487948353303 1082.62132294562 3111.97974969436 163.900369895496 128.224508931817 86.2740871898888 201.390503121385 1769.72283100095 0 154.255775448418 803.239291953846 5.63762916741822
6.6373450069076 220.289125200642 0.817313728893761 1.41869399088933 169.919683907161 0.0185963472587154 9.17233404220294 0.0401735461335248 13.6101941385034 136.387241887904 7.18318279437695 2.61455629206878 3.78109298409837 4.10644432554545 52.4203887363157 0 0 18.2296524321664 0.281824727414664
7686.144 264530.86 3551.912 24808.7695625 162165.19725 3543.906904 754.331581326747 711239.812500001 68509.0231552 16350.516 861.141728395061 3139.65032921811 453.288888888889 4931.16148148149 16415.6330261734 0 2720.7936 5544.96 104.827897488845
190.67753935991 66954.9007516703 673.008953757806 312.640250133352 244.787764555663 0.579582527752539 1121.32808604102 0 1648.71650418871 10898.3927953815 573.991720416846 794.670898464352 302.138498925244 1248.11686463746 6093.98340404392 0 476.260490355776 3264.63059813179 18.6743765595131
278625.337092639 3575464.71881252 53763.5184643481 353913.73157379 4144435.06759886 3966.49710339259 353589.187693589 2708624.86711566 142525.593431848 74066.3562779093 3900.89401833455 42436.2926182883 2053.35760298098 66650.8017242462 91769.1082135766 0 9286.82228598094 126430.060811973 1042.03754105291
33477.8483872257 499714.514854454 20724.4876651572 73662.3436910937 686319.567732566 5130.29132898869 100668.966697942 658555.317639633 93293.8720207127 20842.6822508028 1097.73314908505 5930.98605235642 577.826184747354 9315.25708337957 20534.5880637773 0 1944.25299102511 10495.99819326 54.8231159207198
1503.23756491523 66324.5788412497 120.617439513119 532.670449732263 39746.2235115186 415.70703119947 526.275892061656 137.451009337715 6861.60201412714 11544.6133946765 608.026580466603 787.189766041596 320.053812266517 1236.36693449472 10943.022616413 0 1489.92059549631 6432.773363376 64.6507306905454
12506.112 232573.22 251.8425 12391.6148125 94301.1552108359 3.800418 1196.54119188845 43.0062500000001 7495.01852790615 41622.2352 2192.14143209876 2760.35312757202 1153.90222222222 4335.43407407407 27304.2712273321 0 925.7472 13816.32 283.2
3.50363889537872 67.9793423019433 0.685565366104387 1.10359302836316 1.43071907854773 1.29326232446875 1.64077850301408 0 21.346406734486 75.3363110434092 3.96777943294447 0.806829737892684 2.088564833419 1.26721364114488 36.6700471957608 0 5.02772181486847 23.9415324517546 0.32432744346866
3004.416 473152.46 1857.27765216623 25587.1975962326 1305.549 1825.878302 13019.5738271605 128949.415 54402.6497488 18626.0256 980.987259259258 5615.72769547325 516.373333333333 8820.10962962966 13433.1138649198 0 1398.2976 15267.84 286.921302361598
8216.064 71256.9 619.346 2519.17290625 33743.4245225736 352.923563334696 424.862258267319 28212.975 5825.30688986184 6766.2504 356.36187654321 845.73024691358 187.582222222222 1328.31111111111 9723.13476537705 0 1172.5056 4200.96 14.6704411745169
13423.104 125770.92 6738.186 28993.551125 221999.57535 2091.873324 9950.56592592592 164038.1225 53514.7287072 25814.2248 1359.57214814815 1492.74345679013 715.653333333335 2344.51555555556 27413.0766113369 0 1493.4528 6213.12 69.6044809438041
12423.168 269447.42 3369.093 24881.83053125 83896.6200826416 6382.613722 4528.77386960197 276901.75625 183086.1759712 29280.2328 1542.11832098765 3198.00374485596 811.74222222222 5022.81185185185 24267.411384555 0 3057.8688 4707.84 252.166116202843
1853.73925433388 62068.9026110699 42.7766022136963 88.735911901354 124.034405555761 187.390366030814 223.350080309743 4.76961719492103 3093.03912727927 8499.35393057468 447.640204995149 736.680213858802 235.6294259743 1157.0362027082 4956.91677986046 0 225.13663243885 1560.23053906436 58.3200098407914
10244.033524824 77239.9553898861 1685.9555085315 10298.4122733148 434721.925431657 459.733796590256 2372.74519645024 101137.156252796 7588.30163527448 12234.3738177422 644.354576653229 916.741628438544 339.176189552409 1439.84219024561 11694.8618019572 0 208.629803355751 4702.14984507895 39.515230047191
12059.136 285957.76 8394.75 64901.58675 167298.71445 4715.154646 3954.39851147981 453716.66375 105758.8425376 16395.7248 863.5227654321 3393.96082304527 454.542222222222 5330.58370370371 21993.1303631414 0 1027.3536 11212.8 65.8557720876084
797.055881247664 14837.4588005702 43.1256406107685 135.428135679928 9857.45765856942 0.4224705037854 121.754010381223 6.10866141141778 5.96141510883687 4966.80752592348 261.589616956392 176.102071448188 137.695878512387 276.587409576487 3354.1616491799 0 403.88845826093 1209.6844380202 77.7793973352687
0 94843.1 595.54533069823 35.16975 78.41505 0.821712 992.262736021241 1.44375 1461.70990806116 9750.0312 513.510320987655 1125.66893004115 270.302222222222 1767.98518518519 5048.16897349479 0 287.0784 975.36 25.1932541389173
2469.888 530025.1 3026.5905994347 0 1102.7373 2.944468 1170.04997361735 40.4249999999999 7417.47031967574 41034.5208 2161.18795061728 6290.73477366255 1137.60888888889 9880.28148148152 27953.5035563299 0 2269.2096 11727.36 83.9805952502461
1437.696 531121.36 1095.0485 9717.52753125 8530.4079 1.814614 1464.08417013496 0 9588.24854242672 54747.8568 2883.43585185185 6303.74600823045 1517.78666666667 9900.71703703703 32159.9603708418 0 3235.2768 9100.8 381.12
8580.096 256524.84 856.2645 19517.3969375 84707.1393 3839.175416 772.523321685254 269338.16875 93523.0320512 7504.6608 395.252148148147 3044.6288888889 208.053333333333 4781.92 15231.7411715773 0 624.1536 4992 186.286293469782
69.9828123406972 20976.9978196234 3.44110936502537 10.3961880443817 82.1168132624984 39.4215692135855 47.2118509248292 2.06864689001291 650.686898259843 1876.32782840262 98.8216022776518 248.970717860246 52.0178419156878 391.035524721947 1066.60470035574 0 133.179841865363 416.969118062319 7.32795292509825
755.712 130753.92 1258.98212555757 85.41225 298.46985 406.430929764338 2097.64225175429 3.36874999999999 6708.49198347192 17179.344 904.794074074073 1551.88543209877 476.266666666667 2437.40444444445 10626.2779878382 0 1357.9776 2918.4 7.32253784003842
45319.68 367612.52 17059.9975 48507.24965625 371934.89865 10798.733676 40149.2977333287 150763.47125 234100.262664 77186.4912 4065.22390123456 4363.10065843621 2139.85777777778 6852.72296296296 65657.7653215807 0 6733.44 42508.8 559.68
9.55074741116998 227.223867469111 425.31708387785 1483.64702649907 29438.2644577461 0 369.025435995626 632537.426769176 0 1561.69643215459 82.25073537826 2.69686300609919 43.2952477165305 4.23571594987796 11551.8737921579 0 86.9118014416468 978.95160964492 25.013137074089
5382.144 22423.5 1926.73208742287 197.6205 486.0912 0 736.440491469169 0 0 229841.5392 12105.1922962963 266.13888888889 6371.94666666666 418 52007.3375594014 0 2856.2688 21181.44 542.4
210.581409562982 0 356.246142787151 975.770436544348 114.54345 0 139.972211768738 0 0 13118.8938570867 690.940085971783 0 363.6979297736 0 8852.78987583427 0 0 2173.44 9.33979327758564
1631.232 61755.98 951.914660491538 28.8894375 29371.7043436442 0.616284 1033.30592758644 733300.618749999 2.755152 80019.576 4214.43555555555 732.96621399177 2218.4 1151.20296296296 25661.1866976285 0 140.3136 2065.92 24.9565822027892
705.024 2790.48 884.213886305251 2421.89224306675 124.8072 0.958664 340.092351940743 0 4.285792 137690.9352 7251.84513580246 33.1195061728395 3817.23555555555 52.0177777777778 27209.6125637881 0 728.9856 4538.88 25.92
826.558227789558 13718.1722777307 18.0181801175046 63.3070581495528 182.6894238033 0 259.467412042223 0 0 90023.7499064996 4741.33095194597 162.81754086479 2495.74787540212 255.722612977076 18498.814982277 0 318.22491769898 1192.15129008109 7.53015336410373
0 0 0 0 0 0 0 0 0 0 0 0 0 0 0 0 0 0 0
15657.984 346019.52 279.825 961.65540625 89057.3271 75542.449296 13229.9960493827 394954.586249999 1676641.3998608 559338.3432 29458.9839012345 4106.8187654321 15506.6577777778 6450.20444444445 140424.084280941 0 15473.2032 20659.2 98.6975906017114
312.407696452442 0 528.508366760242 1447.60259217489 38.18115 0 573.697255456065 0 0 19462.5129464278 1025.04300400049 0 539.563452827536 0 12065.8516874844 0 349.9776 1182.72 13.856034629305
183.966066766778 9259.77189781023 26.3199260697829 55.3932345051532 22.7238697831235 0.07166220639367 78.2817698757303 0.31541259361403 0.320372216818759 28918.9605704632 1523.0909953568 109.901906671473 801.726594121365 172.612868342795 5801.46358290204 0 91.3936275384082 1252.63626044434 5.36595702920881
1007.00656720002 54395.2304880346 114.462861270657 444.115401622554 245.692859298831 0.374109058678322 363.055583168596 0 1.67248755644426 129145.130658327 6801.75849061387 645.60332699804 3580.31836925046 1013.99007041713 28333.4932348136 0 1028.88959452571 6868.30120192831 34.6965403762826
594.432 9866.34 981.747233944224 17373.220131974 30292.200228023 0 1065.68926641211 244955.97875 0 130397.2488 6867.70449382717 117.101111111111 3615.03111111111 183.92 26642.4474962074 0 356.4288 4224 25.7387101629871
297.493599457018 6218.29569976544 4.74629096355934 13.1897921326825 42.0427433086808 0 66.6656167223488 0.129862557633347 0 20616.1514977883 1085.80232780787 73.8033896723585 571.546023721664 115.916230851649 4334.37268359742 0 95.7450664919138 557.698729140824 4.44256979757512
2368.512 0 63.427 121.419375 45.9816 0 1064.16879663199 0 0 36101.6176819078 1901.3839959825 0 1000.85294960253 0 15588.9539351676 0 180.6336 4024.32 25.701987515762
0 0 0 0 0 0 3.69382716049383 0 0 5841.264 323.027358024691 0 0 0 657.639452054795 0 140.3136 1781.76 0
165.391455424164 0 279.797101591673 149.968254835606 132.1971 0.445094 113.17422017421 86940.98 1.989832 17721.8496 933.366518518517 0 491.306666666667 0 5190.32964283858 0 154.8288 5230.08 7.33550984745741
834.048 36708.1 343.252 808.27621875 229.908 0 481.115315798831 0 0 116804.4696 6151.80602469136 435.679218106996 3238.19555555556 684.281481481482 30424.9284060124 0 4375.5264 17832.96 32.7450046993563
164.637769667179 5207.94520069806 278.522071453177 762.881532198043 81.7849940253921 0 302.336458656507 0 0 31364.457122166 1651.88932363693 61.8117933912195 869.523623566974 97.0821278521107 7502.25192387209 0 207.250321951424 758.49566777814 7.30208206681375
11713.536 118296.42 44.772 127.90903125 304.6281 0.410856 731.487569549342 0 1.836768 188550.8352 9930.51180246913 1404.03049382716 5227.23555555555 2205.18222222222 46520.2681131316 0 3020.7744 15429.12 49.7031366337295
427.278206683805 22456.72 220.129 374.0275 48987.23655 0 12235.4240554392 473283.51875 0 106692.768 5619.24740740742 266.53316872428 2957.86666666667 418.619259259259 18361.881674084 0 146.7648 2872.32 18.950818739062
120.162659340659 2281.26832116788 81.8037018229168 260.178496992063 33.5025377554086 0 158.641944156068 0 0 6127.19525625 322.704403529599 27.0758006668468 169.865558353683 42.5254825628549 2459.68869242409 0 49.5895153846153 514.128791208791 3.83154747731765
611.132031670951 0 1033.86822924336 7014.56245569801 43.5183 0 1122.26674717755 0 0 11558.3832 608.751802469137 0 320.435555555556 0 13553.4254205939 0 0 668.16 27.1051791939424
129.024 0 67.158 159.696752173523 325.1556 0.753236 41.0394200481461 0 3.367408 3828.79491683341 201.653273349425 0 106.14650899304 0 2689.74858748357 0 222.5664 4669.44 2.72585123525315
10934.784 196330.2 106.3335 400.05590625 679.0497 0.410856 1227.78931607897 19.38125 1.836768 350533.9656 18461.7675061728 2330.19382716049 9717.92888888886 3659.82222222222 95666.2567297845 0 2746.5984 47854.08 208.32
525.312 132.88 57.8305 121.76828125 190.4952 0 279.545332758548 0 0 78934.5648 4157.29066666668 1.57711934156379 2188.32 2.47703703703704 18867.4700505936 0 575.7696 4600.32 18.2769259496328
1875.456 24250.6 119.392 1361.57175 364.5684 0 613.146364108226 1.6625 0 137148.4296 7223.27269135804 287.824279835391 3802.19555555555 452.05925925926 38419.4823755534 0 1391.8464 10659.84 29.5295666862923
1.85245894975247 0 1.1785135938703 3.22798926317455 0.183453783809289 0 1.27927968002779 0 0 147.258908636885 7.75576691922981 0 4.08249055106297 0 38.3147572025806 0 3.05726975130301 6.53110527156318 0.0308973825104673
211.968 0 48.503 77.80609375 259.4676 0 165.45453487071 0 0 15792.0822721957 831.730388376462 0 437.807309959238 0 6380.62422305763 0 109.6704 3747.84 159.716229557218
248.832 0 672.265001602267 4561.16621744939 57.06645 0 256.037343635972 33404.91875 0 24756.403341955 1303.85927653515 0 686.327120426045 0 12799.2668759865 0 37.0944 7971.84 17.624937897145
373.248 16045.26 468.327170396461 89.1804375 14450.4205638323 0 508.370404727841 0 0 58967.3448 3105.66597530864 190.437160493828 1634.76444444444 299.102222222222 14627.1828628595 0 1014.4512 2465.28 12.2782493125631
2492.928 24483.14 100.737 608.213375 234.8346 0 592.461775847043 73107.5275 0 88368.1344 4654.13372839507 290.584238683127 2449.84888888889 456.394074074074 27828.5918673629 0 1048.32 15659.52 40.4702900129749
534.528 1959.98 367.255197899839 2003.85402151097 273.83685 0 157.379894261296 0 0 16169.6808 851.617580246914 23.2625102880658 448.275555555556 36.5362962962963 6040.83199929817 0 187.0848 2849.28 48.0293582449497
935.424 0 18.655 43.61328125 67.3302 8742.228206 1027.35742300808 0 178318.037416 34852.8025116809 1835.6119522051 0 966.231776733144 0 28672.9892069283 0 12607.2576 2181.12 24.8129128987331
418.694338637597 0 7528.37324534174 26325.8753670307 18.4633949645229 0 765.451606894327 67939.9578223093 0 25967.7236859044 1367.65655942388 0 719.908816122829 0 11230.8512802502 0 0 1318.11180682207 9.02946465502536
87.9105118766067 0 148.720539156228 1009.03527243498 4588.83121273548 0 161.436545776729 0 0 5476.68797841545 288.443774594829 0 151.83140449678 0 2283.19076055475 0 0 1290.24 3.89904317555
509.058805141388 0 861.188250946794 5842.9677994851 57.06645 0 934.822165688276 0 0 31713.5707540597 1670.27628563711 0 879.202176237549 0 12385.4140554875 0 0 1674.24 22.5779854737524
321.864032082262 0 544.505899970868 3694.34956487347 61.5825 0 591.062620839516 0 0 23433.228 1234.17086419753 0 649.644444444444 0 9036.38934178227 0 382.2336 2373.12 60.4901893604279
566.84268092545 28569.2 958.942762639371 105.0905625 29588.5592225012 0 1040.93495139545 0 0 10413.0936 548.432197530864 339.080658436213 288.684444444444 532.562962962963 11904.8884252134 0 67.7376 1566.72 25.1408396958836
198.989772339332 0 336.636263367674 2284.00102397335 10387.0454037117 0 128.210193995535 0 0 2591.9712 136.512790123457 0 71.8577777777779 0 4086.79911077949 0 0 307.2 8.82567621643414
3285.504 17307.62 167.895 571.01996875 998.4576 6.881838 1193.99725480518 0 30.765864 256183.2 13492.5432098765 205.419794238682 7102.2222222222 322.634074074074 69545.8145265264 0 4054.5792 47324.16 273.6
3340.8 24150.94 346.983 397.194875 137.53425 0 408.274686925913 0 0 123962.5296 6528.80355555555 286.641440329219 3436.64 450.201481481482 28512.8941063565 0 735.4368 6965.76 74.7525953222925
10603.008 84611.34 1406.21020037607 9540.81864339378 121.11225 0 569.524475840122 0 0 191956.5648 10109.8832592593 1004.23074074074 5321.65333333333 1577.25333333334 44753.303987482 0 895.104 7764.48 14.1840398935429
86.3271930077121 0 18.655 37.19340625 4506.18372394034 0.787474 158.528980758608 0 3.520472 5274.36 277.787654320988 0 146.222222222222 0 2173.56061080169 0 182.2464 230.4 3.82881916594409
221.882529562982 0 11.193 51.91725 11582.0219389515 0 407.459226163173 0 0 3887.9568 204.769185185185 0 107.786666666667 0 4988.09165376409 0 0 990.72 9.8410251993599
3.64273224656546 255.72705080897 2.95506073207343 20.0494197221633 1.57607985941443 0 1.13010160144745 0 0 410.137630552329 21.6009469091794 3.03516012937908 11.3703341744436 4.76704828586747 102.841519793807 0 15.3536402451236 34.2448576120479 0.476174149877839
433.152 1262.36 82.082 172.01078125 326.7978 0 961.843847920898 0 0 109465.5744 5765.28434567901 14.9826337448559 3034.73777777778 23.5318518518519 23822.8331568954 0 2815.9488 3717.12 398.303242529033
36.864 0 292.05941967478 1981.55720635984 49.266 0 317.031286608794 0 0 10755.1944189471 566.44981180759 0 298.168579386027 0 4562.35145060983 0 0 1697.28 7.65699407491931
45.1983216783216 0 29.276898989899 74.1042897079772 25137.9410190138 0 884.360783370276 0 0 1675.20987878787 88.229211264273 0 46.4422055310944 0 9921.97429418146 0 58.0045128205128 602.644289044289 21.3592335027586
456.969066940874 0 773.06666247782 5245.08272232848 73.899 0 839.165944082965 0 0 4400.3232 231.754271604938 0 121.991111111111 0 9422.55770499974 0 0 407.04 20.267679983415
64.7376390167466 30159.3545720895 13.104173783175 30.7586213251946 16382.9505420161 0.160336175105278 576.357425784996 207383.886353381 0.716797018117715 63372.5514890217 3337.67744834848 357.953803617718 1756.89094157716 562.205285130929 13913.4167368126 0 706.179745607677 1928.64216237391 24.7346718238899
4727.808 45312.08 115.661 269.2160625 189.26355 4382.63519 542.619232596139 0 117485.40104 180111.8592 9486.05155555557 537.797695473251 4993.28 844.669629629632 44464.9292803306 0 554.8032 10314.24 269.76
6589.44 15181.54 772.317 3105.823875 146935.43445 20371.61 29796.5590123457 2342393.73375 530304.1229888 168447.9888 8871.744 180.185884773662 4669.92 283.001481481481 37113.3234765735 0 1990.1952 5184 25.8005588319978
175.104 51557.44 503.467681135623 3415.91451778714 79.6467 0.85595 546.515523772904 0 3.8266 36136.9008 1903.24227160494 611.92230452675 1001.83111111111 961.090370370368 10070.6866510396 0 316.1088 4016.64 14.3671746687994
366.831571847813 38790.1407310907 854.861446830137 10337.4509942853 20123.5961466162 0.886641991499817 327.178173438382 79852.4830468465 3.96381125611683 102938.974655259 5421.54428360824 460.39043655166 2853.79944246676 723.093131116728 22835.3374734744 0 0 2880.14346571274 137.127254033284
137.854127937023 0 233.211476011905 1582.28719830984 47.7636543142952 0 253.151685278018 0 0 5061.26568292552 266.564497295444 0 140.314562414102 0 3389.60541340034 0 0 1715.25183024349 8.57496981148013
1912.32 37106.74 18.655 987.425178787549 359.6418 0 271.663860760831 0 0 51281.8488 2700.88967901234 440.410576131688 1421.69777777778 691.712592592593 14250.918889375 0 749.952 10920.96 17.7698957151388
571.392 431.86 928.913598916814 112.20825 309.5547 0 400.304219521514 0 0 133094.7072 7009.77303703705 5.1256378600823 3689.81333333333 8.05037037037041 28542.9748761112 0 479.0016 6520.32 144
377.469028688946 0 638.574344103392 1749.07708933168 108.79575 0 693.174170283224 0 0 23515.7326184904 1238.51618086934 0 651.931737814496 0 9497.74952864569 0 208.0512 245.76 68.6694963769329
105.253193495792 832.561524822697 72.7147930793209 199.168318935691 9.20060406292689 0 78.9321037174546 0 0 9498.27066496276 500.250708735439 9.88146360505501 263.322610496629 15.5199106908327 2065.78208435495 0 59.4283361388974 1120.38383642533 9.07431695408933
617.472 52786.58 152.971 207.18053125 278.3529 2175.927614 643.476663755439 0 64468.961712 266596.2936 14040.9754074074 626.510658436213 7390.90666666669 984.002962962962 59115.8556084144 0 2501.4528 10759.68 43.0035084145384
14653.44 895378.66 906.633 5217.89296875 577424.20575 132513.111776 74943.9669135803 6096221.92374999 3334803.0784848 386188.6392 20339.6120493827 10627.0244032922 10706.3911111111 16690.8948148148 130788.125327835 0 13834.5984 19514.88 98.88
13206.528 92152.28 498.0885 1815.2894375 57185.09895 32252.36719 10352.0597530864 909576.701249999 578513.8693568 228183.8832 12017.8876049383 1093.73226337449 6325.99111111111 1717.82518518518 54003.6847973132 0 8412.3648 7326.72 49.5839490944901
1870.848 29001.06 117.5265 950.26042969407 318.17625 0 248.869047883382 0 0 66562.4232 3505.68019753086 344.206296296297 1845.32444444444 540.613333333333 14218.7656338415 0 324.1728 7280.64 16.6095889142192
174.673480719795 0 295.499749397495 5.4429375 229.0869 4.382464 130.552995475475 1.4 19.592192 10881.8858130281 573.122337987908 0 301.68087228582 0 6213.61589948197 0 0 5468.16 54.3684866440629
174.730892280623 0 295.596874054126 8029.21873227927 9120.75877173697 0 320.871202864372 0 0 10885.4624638552 573.310711448116 0 301.780028549718 0 4407.25599105796 0 0 266.381936880991 7.74973639171607
442.368 4086.06 609.257820109114 25.12125 109.2063 0 661.351004534441 0 0 65507.5512 3450.12266666667 48.4964197530864 1816.08 76.1688888888892 18207.5065359449 0 638.6688 4508.16 15.973063028984
611.408023033419 0 27.9825 1435.52024769221 31914.8206502395 0 1122.77357043759 0 0 38089.7676304502 2006.09499611218 0 1055.97086032286 0 16210.2788632005 0 106.4448 760.32 27.1174200763508
13.7559905398458 0 23.2713731957944 157.891011730986 28.7385 0 25.2611382766956 0 0 856.976787104996 45.1348735197129 0 23.7581526864591 0 328.31666239304 0 0 990.72 0.610111349511872
0 0 0 0 0 0 0 0 0 0 0 0 0 0 0 0 0 0 0
0 0 0 0 0 0 0 0 0 0 0 0 0 0 0 0 0 0 0
0 0 0 0 0 0 0 0 0 0 0 0 0 0 0 0 0 0 0
326.807600510067 1201.71001506184 150.389710893238 992.608404009339 16.8112782786518 0.0404029981362936 163.248436192538 0 0.180625168138725 513.930950950831 27.0674874956557 14.2627943084357 14.2478188285992 22.4012659172675 1833.48710683241 0 50.8155911275637 645.277347651602 3.51712056892092
0 0 0 0 0 0 0 0 0 0 0 0 0 0 0 0 0 0 0
0 0 0 0 0 0 0 0 0 0 0 0 0 0 0 0 0 0 0
0 0 0 0 0 0 0 0 0 0 0 0 0 0 0 0 0 0 0
0 0 0 0 0 0 0 0 0 0 0 0 0 0 0 0 0 0 0
0 0 0 0 0 0 0 0 0 0 0 0 0 0 0 0 0 0 0
0 0 0 0 0 0 0 0 0 0 0 0 0 0 0 0 0 0 0
0 0 0 0 0 0 0 0 0 0 0 0 0 0 0 0 0 0 0
0 0 0 0 0 0 0 0 0 0 0 0 0 0 0 0 0 0 0
0 0 0 0 0 0 0 0 0 0 0 0 0 0 0 0 0 0 0
0 0 0 0 0 0 0 0 0 0 0 0 0 0 0 0 0 0 0
0 0 0 0 0 0 0 0 0 0 0 0 0 0 0 0 0 0 0
0 0 0 0 0 0 0 0 0 0 0 0 0 0 0 0 0 0 0
0 0 0 0 0 0 0 0 0 0 0 0 0 0 0 0 0 0 0
0 0 0 0 0 0 0 0 0 0 0 0 0 0 0 0 0 0 0
0 0 0 0 0 0 0 0 0 0 0 0 0 0 0 0 0 0 0
0 0 0 0 0 0 0 0 0 0 0 0 0 0 0 0 0 0 0
0 0 0 0 0 0 0 0 0 0 0 0 0 0 0 0 0 0 0
0 0 0 0 0 0 0 0 0 0 0 0 0 0 0 0 0 0 0
0 0 0 0 0 0 0 0 0 0 0 0 0 0 0 0 0 0 0
321.405086860197 0 327.328285982025 3215.16875521695 34.7655802428564 0 590.219825936275 32581.0497642333 0 20023.0363563294 1054.56440246941 0 555.102964465608 0 7863.44859020506 0 52.906546943162 1930.53236077208 27.0543413509811
16.5759580835448 0 181.004137475488 669.416219824027 6.67833367220559 0 10.846848768875 0 0 174.742969305397 9.2032852426514 0 4.84443710507907 0 343.741330741761 0 9.78033613375994 132.166704510269 0.735183709708855
0 0 0 0 0 0 0 0 0 0 0 0 0 0 0 0 0 0 0
0 0 0 0 0 0 0 0 0 0 0 0 0 0 0 0 0 0 0
0 0 0 0 0 0 0 0 0 0 0 0 0 0 0 0 0 0 0
1912.32 50926.26 1139.8205 3636.64984375 340.7565 0 2881.16021790109 0 0 82400.5728 4339.83683950618 604.430987654321 2284.40888888889 949.324444444446 20482.7155681916 0 1188.6336 7595.52 53.76
599.04 4584.36 37.31 67.1295625 118453.5282 2537.652084 1977.43454302093 804434.811250001 44654.08576 114935.8392 6053.38982716048 54.4106172839506 3186.39111111111 85.4577777777776 21404.7860972108 0 3041.7408 2165.76 27.4594577907851
2299.392 498.3 147.3745 470.11628125 52095.5106 0 5260.85940506 232356.06625 0 138911.5728 7316.13313580248 5.9141975308642 3851.07555555555 9.28888888888891 26725.6681110462 0 1466.0352 5552.64 113.28
6547.968 11261.58 212.667 849.7960625 310526.8824 19975.031246 64347.535308642 2042135.87375 398735.3000864 158908.932 8369.34518518517 133.660864197531 4405.46666666667 209.928888888889 30362.3022049074 0 4230.3744 4331.52 53.687084161405
2727.936 109825.32 464.5095 1613.13315625 1455.39975 0 474.122946878554 0 0 76131.6192 4009.66637037037 1303.48913580247 2110.61333333333 2047.27111111111 19957.1238629138 0 767.6928 18286.08 144.944541204979
769.536 11294.8 31.0370563835232 57.7519437143575 14642.6763 0 1670.41287603682 124232.5 0 56978.1576 3000.90034567902 134.055144032922 1579.61777777778 210.548148148148 13283.6186075667 0 1417.6512 2826.24 190.08
75.6430479616727 1326.16261991399 6.66706245866128 15.9778302658102 11.9867197991944 0.0186654367224382 25.2901832068266 0.0636028472540585 0.0834454818179593 9512.58125275819 501.004412429471 15.7398910138866 263.719346015014 24.7212065522353 3257.59627207342 0 189.428614388153 440.55329901417 2.34110249186722
41.472 2057.95988837369 13.2316380644749 44.8175322654151 240.17175 0 712.126121782972 0 0 22761.3342398764 1198.78386149433 24.4254089713772 631.017388516801 38.3627548482709 4787.56477666234 0 122.5728 2480.64 9.88887204981331
3635.712 1793.88 533.533 1773.07178125 88459.97685 27685.70275 2679.38826017491 990749.252499999 672039.9030736 158155.452 8329.66123456791 21.291111111111 4384.57777777778 33.44 38408.0651973334 0 15713.5104 2526.72 125.76
4.54835853393008 439.350808817996 0.267833423139096 0.541866903048264 0.740477130320993 0.00119050063230588 0.757998259570237 0.024634362250789 0.0127480705279479 154.340398244939 8.12873167463515 5.21454438830943 4.27881221798241 8.19000771895208 39.4075626822023 0 5.2841072126857 8.65738698219648 0.124907573374974
0.399678680675621 11.6550255205567 0.0675672075187303 0.166610970956909 0.0551749933501794 0 0.105328404839013 0 0 22.0134632835194 1.15939532550111 0.138330570250523 0.610284000357106 0.217263168889455 5.85036869601858 0 0.765538396063306 1.74218912089374 0.00956395260004621
