0 22901.0239735703 770.254084912117 1834.06978595285 5725.12888874562 2.06012904331763 0 259077.513350752 51.2776305596752 7064.2852106519 292.140544028039 435.796177720884 130.700994952986 666.972771496896 3915.71299063752 0 223.048496427296 2265.25062377197 8.34429231354813
114.667006638333 1358.95907091792 3.36535700636595 5.73374111602639 7611.61226515318 0.284278452335554 0 52683.7459003932 9.64982612759542 896.57934034265 37.0776615668141 28.917486512601 16.5882050827139 44.2573320052993 314.06412295775 0 36.2647653837078 629.593346539124 6.6565281533969
1289.34977787203 14102.7165371819 4551.85155968476 12784.7218439132 7963.48173128701 2.99575241359432 0 2748006.71690296 101.690753115494 9448.23535073949 390.72779951013 304.735126083177 174.808027148959 466.387825334091 3018.31568270822 0 146.32408887044 2251.41816169053 8.89285539297514
0 0 0 0 0 0 0 0 0 0 0 0 0 0 0 0 0 0 0
503.18496 3975.18 17.59392 88.506495 86.158125 2.56368598650819 1036.90852738153 0 50.385645499543 25101.3168 1038.0544 81.5629629629633 464.415999999999 124.82962962963 3528.28142666038 0 287.3088 1197.26208 0.307530953959841
257.80464 0 48.38328 154.56672 130.591875 3.09604948801276 273.36083624028 0 60.8485020291135 3823.78889360471 158.131181615042 0 70.7464376057086 0 2486.85809612124 0 213.8112 6590.86848 6.83424859084958
2751.98688 28482.1647 580.59936 1877.0338125 185.140625 7.14100496015287 626.651564475391 0 140.346417746272 26238.1518 1085.06773333333 584.39862962963 485.449333333333 894.404296296295 5682.83563921968 0 2579.9328 11273.23008 44.74285713792
217.4256 0 43.9848 82.823895 94.466875 2.33772524732968 223.67898308761 0 45.9447046975184 2887.2173625287 119.399659819015 0 53.4183106535723 0 1676.44369398889 0 158.688 2240.42112 0.280425480808004
273.33504 14628.6624 1831.96692 6122.71737 8641.8225 12.3286761704243 6905.15848218967 968706.790416667 242.302805519385 5229.441 216.261333333334 300.151703703704 96.7533333333335 459.373037037039 6348.46081310785 0 203.7888 1450.14912 16.3931913054878
4916.92464 98813.03685 2304.80352 9551.02995 136367.54 16.3262444475481 6603.31342327752 0 320.869392508348 64845.0684 2681.64053333333 2027.45135185185 1199.74133333333 3102.95251851852 18407.2452399279 0 2351.088 9518.82624 128.759999985792
867.118489113552 31010.7315253706 1902.19168457869 3703.68903272645 298918.39079868 0.541027800926591 3180.22904718285 4.40077509783626 80.3913010215685 26647.7830423632 1102.00786109239 630.762807940787 493.028190831891 965.363258506779 5997.68130247539 0 1226.34613832582 8875.0662413758 55.0276031701795
894.55104 1242.24375 492.62976 1164.506805 132.57875 1.65699 372.716266661681 0 50.1965691373806 15142.6422 626.217600000001 25.4884259259259 280.164 39.0092592592593 3467.95716615672 0 417.6 3820.96512 27.839999996928
260.91072 0 715.830745309538 2662.65891468512 6404.9625 12.6970567354965 10488.111518458 578874.286458334 249.542807866914 15681.5531258912 648.504034703275 0 290.134746098814 0 7334.44439146109 0 0 406.99008 1.52309525850622
4662.22608 277169.4255 785.12868 4555.030095 55250.8081323785 9349.216266 1943.08461510407 0 133705.3129441 103247.3547 4269.75093333333 5686.97759259259 212.5927254906 8703.74592592594 22053.3288023708 0 2899.8144 11403.62496 207.805714262784
1701.90090967819 7506.50410295858 85.350904805593 258.134150817806 118.615307741096 0.347857213173065 162.75056684324 0 20.1549882775225 13613.2617226287 562.970713533497 308.314053762365 244.710306318632 471.865265098843 2256.66357367043 0 300.891150566469 673.930291379471 0.221513241969184
3764.56896 47105.883 393.66396 3439.819845 84.713125 1.436058 817.782509712629 0 9.378058 42153.8418 1743.2544 966.52111111111 779.916 1479.23111111111 18199.1166532705 0 2438.784 7954.08768 170.022857124096
1459.8576 13495.7361 226.356404387044 1122.28518327919 153.711875 4.01499953414616 363.009378317734 2.20875 78.9091738508335 22713.9633 939.3264 276.906259259259 420.245999999999 423.796592592593 3918.10676764613 0 500.2848 5460.77952 0.481625535803638
71.43984 40626.3396 1915.53804 3635.456181989 31578.8271584835 12.6797545988965 5128.45400641619 102374.770833333 249.202758685502 5456.808 225.664 833.57348148148 100.96 1275.75881481481 6465.25181582258 0 647.28 1517.32224 1.52101975370487
2559.40992 19210.05735 343.08144 599.79843 126.4375 7.90268633181802 695.100219486617 0 155.316194769783 28307.1915 1170.632 394.153018518518 523.730000000001 603.239185185184 6636.11949653674 0 1016.4384 9633.41568 234.651428545536
481.4424 0 261.70956 680.77548 142.3325 3.6401629479546 344.725515247189 6527.75875 71.5422874803889 4495.79850231478 185.921856372144 0 83.1797301267886 0 2499.84451588077 0 635.5872 4358.35008 0.436661428055191
2469.3336 17341.72275 1050.32429030342 1128.30289453569 46398.2146471197 18.6301401442122 7535.14716057637 271761.75 366.149224925792 10947.72105 452.7384 355.818425925926 202.551 544.56925925926 10673.6789129292 0 561.2544 1948.02048 33.0576646787205
2534.56128 2255.91465 2848.0158 7523.2651725 1562.948125 16.459434 512.548632552236 4.05729166666666 227.1537989 22657.12155 936.975733333333 46.2869814814815 419.194333333334 70.840814814815 5009.60165250342 0 268.9344 4713.97248 62.142857136
599.47344 645.96675 477.23508 1793.4995925 8695.2875 5.19503107434754 2101.1824573492 1147128.27354167 102.101035559235 9674.46585 400.083466666666 13.2539814814815 178.993666666667 20.2848148148148 3357.08980257471 0 0 442.55232 0.62317806102343
90.07632 8725.5201 558.60696 3767.693033011 29909.2181870183 12.0093613658594 4857.3067349901 298782.695 236.027121746009 4399.55145 181.941600000001 179.030703703704 81.399 274.001037037037 6340.74423429207 0 429.2928 1268.38656 1.44060168707382
4916.92464 160428.32685 3547.37412 8948.8874475 54569.34125 3.792666 1051.06604644401 9.025 139.679612430612 55955.0187 2313.99626666667 3291.67727777778 0 4830.08290499521 9786.13545625259 0 1332.144 3003.0336 1.43773625134063
391.36608 0 824.715 3225.44376 49604.863125 9.25406067252789 15252.0713091817 2079094.38 181.875558446349 11429.2664110706 472.652505894989 0 211.460387989037 0 5936.85745156209 0 258.912 1525.22496 23.4815138608413
33.2999976880552 0 1511.60213195593 3852.34105729713 5188.97043452123 6.43878566001771 2604.23148232275 922960.24172639 126.545284180871 7952.24920996985 328.861921789924 0 147.129801935226 0 3963.49052278003 0 20.8929053644729 661.320491869947 52.2939949495117
0 0 0 0 0 0 0 0 0 0 0 0 0 0 0 0 0 0 0
109.256225073802 9060.04114959944 126.696843117425 270.071269137747 13.4698700215688 0.321253420442971 694.786987675647 5.40576464729108 2.99757537199574 2199.34661526671 90.9530543474403 183.574775644588 40.6915607581075 280.955600686821 987.302795176069 0 121.387164231223 430.373144532861 6.77100375039601
682.386303268982 68567.2018888169 62.9325061100543 148.972509592408 680.599408617358 0 226.16845020005 37.3730260032632 0 17398.9351332583 719.525645379425 1350.87963928061 321.909162106081 2067.48012725063 7694.36227681752 0 1619.01356416596 4927.68179007918 113.808209713394
939.867367442216 25965.2197317664 250.030974298487 653.942491984685 87.9854562208695 3.41343057243413 164.179283251528 34.0359676027972 9.85544415276322 9196.38201821554 380.312510859571 583.299201542358 170.148322711563 892.721655107785 6512.73964574917 0 357.171814249025 3424.50723917436 39.715876478439
2178.43936857676 225779.491760344 375.720129973481 332.26472520816 398.990293354538 0.73575478790512 521.397882988044 84.1188624979021 2.12431161802017 25236.9703839095 1043.66429691398 4628.4657830826 466.925816330628 7083.72585382871 13938.7828283712 0 1065.55804049498 6624.21291754972 138.077122359379
1713.88341626116 129503.271333428 194.711362501494 462.775257772356 806.049811976566 8.9569418144641 293.7902804504 79.4243901667958 25.860974160389 13653.9064768354 564.651560250718 2616.96938817378 252.619919539282 4005.19191077147 7613.14312954256 0 2813.64681336206 3215.66994628379 106.258230674803
126.323267124146 60454.4480513393 34.9384289731384 54.8433678285563 114.608457515745 0.783867970030341 154.498966616306 19.0791352598467 2.26322663896015 8387.26555625539 346.851839846082 1068.15771912195 155.178325966306 1634.78284285197 4153.28475505591 0 283.149401267853 1666.01253440813 75.8198958994802
77.7022864424487 51967.3976738225 22.4298466508653 40.1046765834351 96.7317122570543 0.0566859160868377 87.5438582344967 10.9402577982391 0.16366668909386 2767.36070723494 114.443038244605 758.830581699858 51.2007637069949 1161.3670840801 2025.43597503145 0 144.326018582379 773.295282821745 0.981265247784557
14.759592326971 1128.18521221761 4.10440028681667 4.5449955796087 657.821121248139 0.0724205255118881 10.9722929090924 0.14564470520987 0.637925118087283 321.022540144092 13.2757521428418 50.367065946618 5.93944951937972 77.0852597704484 328.239376846669 0 32.553227302216 98.9864528015842 1.43500909387231
359.681018747542 76385.1192959049 115.842596802879 228.057013840119 107.978927850233 0.461799801346482 240.945488534274 36.4192498640582 5.66175611348853 6748.55658367727 279.083719437984 2099.87311513031 124.859491609024 3213.79182055908 6154.2163874446 0 364.864734686137 2168.88456754349 30.5508749105399
92.8905264130352 19814.6204420954 4.56906864656777 8.00787382208308 17.2521102795819 0.140921375701011 37.6811152430124 6.12174157396126 0.406875932783801 979.546618018005 40.508738443503 303.59872921605 18.123237349582 464.648604554434 978.901777151543 0 58.4483042829287 433.360165391199 10.9539251433197
33.5168282360939 15929.1522206569 2.84108010832979 3.5247816059744 2464.85443436815 0 346.63659128098 6.36252984982599 0 1021.98403773697 42.2637200890842 265.710312291238 18.9084000114947 406.661536893286 1047.45119392147 0 69.87788260627 596.63180167697 13.1766693564662
2.68872430945622 121.130292666122 2.181495394813 5.31302318642684 45.6282170382682 0.0016098144447813 6.4167722847408 0.114781195585422 0.0046479446469421 17.5831399084971 0.727143356392802 2.79026715335005 0.325317256015214 4.27041886007222 22.3408781928673 0 1.54656904886586 7.76601838657223 0.0482988884942039
815.014608263189 184640.538855221 80.6194951762016 109.22681471804 287.15667720021 0.959080342434186 565.33730956127 19.5852407516696 9.09865660519593 24236.7041383421 1002.29870698673 3818.4502559702 448.419231500728 5844.02177037597 15979.3938363188 0 1722.59046270467 7250.04936358217 170.4354914176
73.028404039689 896.457644255801 4.95399210234286 9.36709374286846 15.28322593586 0.0794889301801752 16.0556924730227 2.63987237570297 1.50842951047922 864.812378605043 35.7639522236312 86.0173046579404 16.0004635940948 131.646863872092 455.518153509205 0 74.9802531406325 161.512522786188 0.185457327616719
60.0492927667371 7130.0000824359 43.0285013271593 205.543288951412 2714.32221019741 0 47.2094153504036 9.78681387246186 0 3170.35954300977 131.108885618434 187.052914427081 58.6569106815315 286.278786116172 1441.62273063774 0 302.550162941913 663.646298386584 0.532037873293904
6090.79803791116 193197.009707297 1016.96668224532 2623.10206445997 55594.485261674 3.16858261407432 7818.34521196273 21.7721491465462 9.14850568475381 50326.1350473135 2081.21615041559 4071.32124331252 931.116981645089 6231.03311164314 28091.8319362007 0 909.628425280291 9307.61383879559 104.140752892278
1036.70748124127 103130.001957547 215.375267644297 1348.60965005105 165.337155757323 2.68613207233869 333.375223042088 52.2361861269123 7.75554799317399 22675.4075440921 937.731942928908 2115.69463800247 419.532654557672 3238.00617924055 9105.33056429584 0 932.268021393885 4848.88734829366 3.56785237069532
43.1867690709017 4049.06189573964 14.2261816310718 14.6982888215692 1423.10102441459 0 200.133071257005 3.61167321907088 0 950.080091549127 39.290162633419 132.143770670402 17.5780577295004 202.242014652404 734.012175457585 0 157.173419362658 532.648703069215 3.30998292481068
99.2449400069347 720.107087187342 4.61014215370225 45.3472455974488 11.8179687185028 0 9.09861106793757 1.51975591720593 0 357.943846650111 14.8026172462821 41.7638653751681 6.62255493647478 63.9183234313262 272.742111508288 0 24.1042064328853 63.2520916001581 2.20005727208763
13604.6304 80437.7673 8112.99636 17417.6662275 64428.5381581413 29802.732606 4881.34616430851 15358.81625 463374.6545527 47064.969 1946.352 1650.42655555555 870.780000000001 2525.92755555556 25617.0883697171 0 1401.4656 11261.376 107.334304410638
7814.1329001939 182652.740010246 6007.73600224493 17104.5155483869 597.449057431833 1.36228074146674 14.7157963007782 57.1250370191865 7125.02667294746 64384.036342641 2662.57474648655 3747.45157179957 1191.21147549136 5735.36044754939 20511.0156881699 0 1944.15542238672 6100.30310731501 41.138662578056
3654.35845037327 30791.7611261659 1969.0417132711 6761.7860069987 29396.0716450394 249.866083858004 8505.05695525592 24443.4676944626 1636.233165926 3247.82835691412 134.312575838232 540.763153284581 60.0902122475357 827.621529302676 3519.23777344128 0 234.003722069153 1014.15612288398 10.3413295515559
2360.6208 157784.83215 2007.90612 6367.2822675 27008.9775128947 690.536796057572 472.613624079841 0 7361.14607997735 13562.44155 560.869066666667 3237.43790740741 250.927666666667 4954.80007407409 7877.23675927468 0 1146.7296 2860.78464 118.892281798474
11784.46752 295942.21305 7028.77104 7369.053615 84280.8640203808 0.92055 6385.43235764083 8.846875 10532.6612068739 64742.75325 2677.40933333333 6072.15868518518 1197.84833333333 9293.25385185184 34900.8663031574 0 2967.4656 5468.68224 159.08571426816
2857.12707810503 12640.6991260493 358.597677065302 1021.24232609115 901.101544884221 8.94215928890428 319.869423646504 5.48318783927768 1766.51809669596 16790.0754609325 694.346509684026 255.475360423594 310.644248164081 390.99725491403 5684.42023354772 0 841.52459286444 1364.95497356172 14.5275363751926
24.8162494840834 0 88.2915055810994 0 1017.0189392087 26.0020580000023 77.0531450791294 0 277.182835745805 1010.46427789174 41.7873252652762 0 18.6952653448591 0 384.635336208793 0 0 177.579420856202 1.07615986389535
0.455599676551892 3.35542453371592 0.290228486961579 0.355160976441851 0.284386635669556 0.0854729784202861 0.253286174754438 0 0.911144900075713 1.29338844801324 0.0534875353379594 0.0338394958416302 0.0239298318195209 0.0517903173120655 1.16031051040449 0 0.287027850386445 0.404966658517781 0.00422869483410958
4482.07344 140164.8468 3019.55652 9251.0597025 2731.591875 1082.26473622162 3207.12697949152 139.115625 11536.9794426876 26738.3592 1105.7536 2875.91007407407 494.703999999999 4401.49274074074 13795.4569095427 0 1791.504 13770.4896 264.479999970816
4679.17247175363 85981.9333566654 223.409276705351 607.420327527186 10215.0920641388 375.745043874704 12840.254631988 13482.5188059733 6920.50496001857 10902.1885883396 450.855424196538 1298.79595303535 201.708573927975 1987.76763241774 6567.19474767462 0 584.98694632185 9803.46130566998 27.9770377205283
814.919042380724 18263.4256762388 67.3164561299008 409.438790761237 258.271325453176 1.93214269938593 250.354383565009 4.237155042513 1845.00174648167 14793.8408158923 611.793065447331 377.693519163124 273.71059578649 578.048422934972 5872.06123169984 0 346.217807342465 2201.23599429835 22.8604048755225
4121.76816 50971.74555 424.45332 1326.460905 10737.975625 356.176869805079 1055.47599435855 0.395833333333334 3796.85772563186 9049.2066 374.226133333333 1045.84109259259 167.425333333333 1600.62792592592 4394.92294336224 0 78.5088 4864.12416 16.9730272364476
3143.35296 35577.861 5594.86656 20912.0390325 39479.7035718673 1009.3750494925 679.57337828464 14322.0852083333 10759.9728663542 19678.61385 813.800799999999 729.988518518519 364.087 1117.22518518519 14570.5715439913 0 296.496 3844.67328 41.7754977656429
12812.58 189834.7209 2672.0766 20511.8419275 56049.870867623 3298.735692 1008.91894203794 73834.938125 51377.9638134 30637.70325 1267.00933333333 3895.0392962963 566.848333333333 5961.23896296297 19662.335323557 0 1039.824 7001.80992 210.788571405312
8041.64112 65630.2218 1561.4604 9806.8179825 123635.464375 1602.456618 24915.3419185185 118435.403541667 26350.451701 19371.6684 801.1072 1346.60451851852 358.407999999999 2060.93718518519 13698.1979739319 0 2582.4384 7784.1792 35.8537180258303
84.4217215170094 2426.3732966238 13.8366337620465 19.8068162087711 34.2741755851171 36.9665574867635 24.9581613290631 0 394.064778716383 2231.5665854465 92.2854976642388 31.8670905416378 41.2876836543778 48.7716110986902 619.29658126409 0 13.4520437452197 325.171266919737 1.52995295501732
14045.69376 436454.8881 24343.38756 91761.9855075 259252.86875 17446.337244 43609.3158382716 86474.3120833334 242821.4014571 40550.90445 1676.9656 8955.20551851853 750.258999999999 13705.6691851852 28815.3248158647 0 2265.8976 6290.56512 537.467666396868
2077.96752 48159.3057 2390.57388 11117.580705 465.470625 5013.573054 400.588984052935 6.234375 54244.0315111 31467.5928 1301.32906666667 988.135296296295 582.202666666666 1512.31096296296 9840.15517742399 0 437.6448 2868.68736 75.8649804280069
2935.2456 130992.11895 230.9202 2557.312065 220.00125 2080.99533 591.845334025064 0 27000.0400106 31342.54095 1296.1576 2687.70353703703 579.888999999999 4113.44837037037 12170.0401307148 0 1159.2576 3643.15392 36.4428172441464
340.823222612302 3029.47564193724 128.144980034263 301.078503355148 39.4944873871268 70.5403171991989 48.2043456432472 1.5719692901697 751.962216055392 2347.64525849644 97.085882371771 101.351244268455 43.4353316623562 155.114991228045 1050.85609457368 0 79.8824551429309 413.266615710254 2.91948653280514
4.47398536871866 44.9188464462411 0.96353205313981 1.44413264176045 74.757624907395 0.0199998451650335 5.66391627106031 0.0181737470604041 9.45330701365392 102.889121231908 4.2549363389141 2.02229799627068 1.90361941991974 3.09506546482185 31.1270691763198 0 0 9.3791561763496 0.145944948109347
5180.94144 79135.89585 4187.35296 25253.616465 71345.971875 3811.371576 465.799751469266 321751.34375 47584.6870736 12334.65975 510.094666666666 1623.71468518519 228.211666666667 2485.04585185185 9747.55352061686 0 1408.9824 2852.88192 54.2858754793045
128.528578874789 19995.178152623 793.410995155356 318.246213239191 107.696480265173 0.623324605318769 692.420093130332 0 1145.15804359334 8221.63453146572 340.002238471407 397.910588334685 152.113877251459 608.990031297441 3618.58901755164 0 246.634896791384 1679.65244273881 9.67065928868073
187810.891284007 1069778.50851163 63381.8709984095 360259.770898561 1823379.81752538 4265.85537534675 218341.323400791 1225330.29702851 98994.7812869796 55874.8912639997 2310.68263024817 21916.3861217348 1033.77817618164 33542.3611773204 54492.2204599038 0 4809.24725524013 65048.2662877602 539.626583699995
22566.1621785144 149265.869656617 24432.121282616 74983.1857158995 301952.190772609 5517.48312740293 62163.086935979 297917.881789358 64799.6351653299 15723.5033953067 650.238870452927 3260.3353193358 290.910895672006 4989.84386535708 12193.3766341114 0 1006.84529892372 5400.19107043226 28.3905421700972
1013.27607110067 19798.4376171982 142.196031988653 542.221781934358 17486.6925387116 447.081146761694 324.975363348072 62.1802185099189 4765.90045556708 8709.1366516278 360.162683633534 401.912853252687 161.133475165031 615.11537580731 6497.93391827981 0 771.566022667735 3309.66189545695 33.4798426753381
8429.90112 69575.58795 296.8974 12613.809285 41488.6034830282 4.087242 738.864185991118 19.4552083333334 5205.85602940651 31399.3827 1298.50826666667 1427.55575925926 580.940666666667 2184.83059259259 16213.1941366808 0 479.4048 7108.49664 146.65714284096
2.36167159291622 26.1022131635046 0.808213763468996 1.12338159300967 0.629457151534975 1.39086702820224 1.0131807256112 0 14.8266905266654 56.8329319723378 2.35030200084109 1.76873216412525 1.05150351852717 2.70699068475513 21.7745637389865 0 2.60364165412831 12.3179184464277 0.167955283206309
2025.16416 141546.22185 2189.54666510322 26046.0025186478 574.3875 1963.680438 8039.5868382716 58334.2591666666 37786.7461109 14051.2806 581.084799999999 2904.2532037037 259.972 4444.87103703705 7976.54261264691 0 724.1184 7855.30368 148.584245849432
5538.14064 21316.90275 730.14768 2564.3442825 14845.7095466809 379.559303963729 262.352444480069 12763.0125 4046.11528081206 5104.38915 211.089866666667 437.381388888889 94.4396666666665 669.398888888888 5773.56818117032 0 607.1904 2161.39392 7.59719275025078
9048.01104 37625.0787 7943.65488 29513.43549 97670.620625 2249.750556 6144.47445925925 74207.7220833333 37170.0179346 19473.98355 805.338399999999 771.993444444448 360.301000000001 1181.51244444444 16277.8024464686 0 773.3952 3196.65024 36.0451776276354
8373.99168 80606.71245 3971.82744 25327.9874925 36911.0388562347 6864.320418 2796.51786447922 125265.080208333 127167.1670366 22088.70405 913.469066666666 1653.89298148148 408.677666666666 2531.23281481481 14409.9158954529 0 1583.5392 2422.18368 130.586024447777
1249.53611612443 19166.9280359614 50.4293833569817 90.3270385975162 54.570002444305 201.533035165215 137.918674591267 2.15768396913094 2148.34911081072 6411.82448483362 265.158305101718 408.095930483681 118.629389193976 624.578387113884 2943.40227586075 0 116.588613227262 802.738612348611 30.2014336642201
6905.11884782669 23365.3746492944 1987.57480170615 10483.0734589053 191259.646282044 494.430686898954 1465.17015880802 45752.523066741 5270.64818770834 9229.48476342637 381.68146096653 402.103241441275 170.760778410295 615.406759128906 6944.3737654855 0 108.040433880657 2419.25609529312 20.4632441293231
8128.61136 85545.8736 9896.58 66065.33934 73604.506875 5071.015374 2441.84108083878 205252.776458333 73457.4979418 12368.7648 511.505066666667 1755.23496296296 228.842666666667 2686.33362962963 13059.4546648804 0 532.0224 5768.9856 34.1038819701769
537.265479953504 4134.30415029852 50.8408651068489 137.856502250741 4336.87319346998 0.454355070108827 75.1831014104055 2.76344206706995 4.14065271120863 3746.90810222781 154.951808819577 306.368207616312 69.324015431901 468.88720686133 1991.69109957881 0 209.156523027982 622.382643361392 40.2786164727482
0 28372.84725 702.089044805561 35.80038 34.499375 0.883728 612.722239493116 0.653125 1015.26784887739 7355.32245 304.176266666667 582.155648148148 136.085666666667 890.971481481482 2997.58755399813 0 148.6656 501.82272 13.046506606214
1664.85888 158559.99225 3568.05098359731 0 485.15875 3.166692 722.505858708712 18.2875 5151.99294609553 30956.01705 1280.17306666667 3253.34268518519 572.737666666665 4979.14185185187 16598.7063410613 0 1175.1264 6033.72672 43.4899511069357
969.09696 158887.9446 1290.95388 9891.7728525 3753.02625 1.951566 904.071975058335 0 6659.76225411478 41301.21555 1707.9944 3260.07162962963 764.140999999999 4989.44029629629 19096.4877465205 0 1675.4112 4682.3616 197.365714263936
5783.52096 76740.8499 1009.45116 19867.364055 37267.63375 4128.924504 477.033151140644 121843.457291667 64958.8041016 5661.4383 234.126399999999 1574.573 104.746 2409.836 9044.56209793469 0 323.2224 2568.384 96.4696876790635
47.1727894434012 6358.46094869889 4.05672761186728 10.5826024506948 36.1279975533766 42.3967819844222 29.153317946082 0.935816450243934 451.951159286613 1415.48226018082 58.536673594058 114.117382423842 26.1887698793609 174.653176696629 633.346663237552 0 68.9681323945631 214.530611243063 3.79483276436428
509.39712 39115.7712 1484.21541131666 86.94378 131.314375 437.104962199382 1295.29409045828 1.52395833333333 4659.55398380302 12959.919 535.952 802.579555555556 239.78 1228.32355555556 6309.85191044754 0 703.2384 1501.5168 3.79202852388718
30548.2968 109973.3547 20112.0498 49377.0348225 163635.954375 11613.732444 24792.1913503305 68202.5227083333 162600.3003645 58228.6887 2408.02293333333 2256.43937037037 1077.32733333333 3453.4117037037 38987.3835809912 0 3486.96 21870.7776 289.834285682304
6.43780067684176 68.208664841715 501.406777565008 1510.25035249147 12951.6173856543 0 227.873206727299 286147.883538437 0 1178.12759691595 48.7209713133468 1.47919672351375 21.7973148743065 2.26386551490816 6859.46791530581 0 45.0078971751385 503.670603162312 12.9532316976525
3627.90144 6708.11625 2271.42657515083 201.16404 213.86 0 454.752003482212 0 0 173390.0742 7170.47359999999 137.6375 3208.004 210.65 30881.8006297272 0 1479.1392 10897.85088 280.88571425472
141.945031383547 0 419.97896921105 993.267009889282 50.394375 0 86.4328407671956 0 0 9896.75751049874 409.276244802674 0 183.106431133357 0 5256.76000333843 0 0 1118.23488 4.83667866107315
1099.55232 18474.64905 1122.21323931354 29.407455 12922.3336915619 0.662796 638.066410284626 331731.232291666 1.913661 60365.9385 2496.408 379.063870370371 1116.87 580.145703703702 15237.5354845505 0 72.6624 1062.91584 12.9239443535898
475.23024 834.7878 1042.40072222887 2465.3192763907 54.91 1.031016 210.007027323408 0 2.976806 103872.61395 4295.60826666666 17.1282222222222 1921.81566666667 26.2142222222222 16156.9861069561 0 377.5104 2335.25376 13.422857141376
557.151905419399 4093.74244770408 21.2416523407241 64.4422191922344 80.3757816939982 0 160.221126936073 0 0 67912.9835728589 2808.51287510677 105.929180865027 1256.50285322772 162.12138370152 10984.5407009423 0 164.795046665543 613.361838746721 3.89954370598057
0 0 0 0 0 0 0 0 0 0 0 0 0 0 0 0 0 0 0
10554.45984 103513.6872 329.886 978.8988825 39181.53625 81243.766224 8169.52256049383 178669.931875 1164553.9911769 421959.04695 17449.9389333333 2123.89955555555 7806.94233333332 3250.56355555556 83383.3989179496 0 8012.9088 10629.1584 51.1112522702464
210.582312889974 0 623.059094352074 1473.55960417251 16.798125 0 354.25805524412 0 0 14682.3179815338 607.181085532945 0 271.647238351736 0 7164.66644375247 0 181.2384 608.50944 7.17544650366972
124.004626879981 2859.48492430468 31.0285897666628 56.3864925031767 9.99756175758538 0.0770706748007395 48.3389928982635 0.142686649492061 0.22252268361586 21816.1640256693 902.198288576147 57.9486719159333 403.635224114826 88.6886766985114 3444.89162751645 0 47.32884283239 644.481355998614 2.77879917553365
678.78536420326 16224.4474743807 134.940392935342 452.078850203372 108.094684474124 0.402343704616308 224.186822606608 0 1.1616688334265 97425.7476057488 4029.00082020546 310.211620285439 1802.53794494445 474.76943284445 16824.3430693188 0 532.817825736527 3533.74096839211 17.9678512643065
400.68432 2951.57115 1157.38289293996 17684.739941237 13327.313764917 0 658.063122009477 110813.418958333 0 98370.33255 4068.06373333334 60.5605 1820.01433333333 92.6859999999998 15820.2051955863 0 184.5792 2173.248 13.3289749043618
200.529279383996 1861.32427822898 5.59540763264446 13.4262987502341 18.4970661554755 0 41.1660183260504 0.0587473475007997 0 15552.6109438792 643.171684992316 29.0738905022758 287.749101836466 44.4967035459406 2573.73746381283 0 49.5822665761696 286.935996142954 2.30061650206182
1596.52512 0 74.77416 123.59655 20.23 0 657.124231920255 0 0 27234.6860815228 1126.27898945698 0 503.886870637659 0 9256.67396263056 0 93.5424 2070.51264 13.3099578191938
0 0 0 0 0 0 2.28093827160494 0 0 4406.589 191.344266666666 0 0 0 390.504328767123 0 72.6624 916.71552 0
111.484177921851 0 329.853110535766 152.657340784383 58.16125 0.478686 69.8850809575744 39330.4433333333 1.3820885 13369.1796 552.876799999999 0 247.352 0 3082.00213190358 0 80.1792 2690.87616 3.79874617058556
562.20048 10981.43475 404.66016 822.7694475 101.15 0 297.088707505778 0 0 88116.08085 3644.00346666667 225.317685185185 1630.29366666667 344.841851851852 18066.2309839461 0 2265.8976 9175.05792 16.9572345745812
110.976146616283 1554.17033294702 328.349976104361 776.560787258146 35.9820108289769 0 186.692763220393 0 0 23661.0212696273 978.491584052285 22.3124279441482 437.768143460713 34.1484911193157 4454.81462923156 0 107.326059581987 390.246021071853 3.78143535561129
7895.65536 35389.03995 52.78176 130.2025725 134.02375 0.441864 451.693574196719 0 1.275774 142240.7952 5882.30826666666 726.114277777778 2631.69066666666 1111.29577777778 27623.5952949967 0 1564.3296 7938.28224 25.7391243253412
288.012216192802 6718.0542 259.51032 380.7342 21552.355625 0 7555.3743542337 214104.448958333 0 80487.918 3328.54400000001 137.841407407408 1489.16 210.962074074074 10903.2301143668 0 76.0032 1477.80864 9.81381684593134
80.9971425618132 682.935158806545 96.4384739732144 264.8437665933 14.7397293437357 0 97.9614005163718 0 0 4622.29257521034 191.152965560135 17.7771967592593 85.5200803094474 27.207457977208 1460.55574800144 0 25.6802847527472 264.519263076923 1.98419422910627
411.941185098201 0 1218.82839157393 7140.3408169726 19.14625 0 692.999716382136 0 0 8719.52445 360.592266666667 0 161.325666666667 0 8047.98325256695 0 0 343.76832 14.036610652457
86.97024 0 79.17264 162.560280143531 143.055 0.810084 25.3418418797302 0 2.338919 2888.4031887232 119.448699162593 0 53.4402504052725 0 1597.16462177831 0 115.2576 2402.42688 1.41160153238604
7370.72784 58733.2845 125.35668 407.2293225 298.75375 0.441864 758.159902678764 8.76770833333334 1.275774 264439.18935 10935.7714666667 1205.09277777777 4892.56366666665 1844.35777777778 56806.3355280807 0 1422.3456 24620.92416 107.879999988096
354.09312 39.7518 68.17644 123.9517125 83.81 0 172.619242978403 0 0 59547.4173 2462.55840000001 0.815629629629633 1101.726 1.2482962962963 11203.4469717716 0 298.1664 2366.86464 9.46483665144402
1264.17456 7254.7035 140.75136 1385.98614 160.395 0 378.617879836829 0.752083333333334 0 103463.35335 4278.68346666667 148.852407407407 1914.24366666667 227.814074074074 22813.3730872882 0 720.7776 5484.48768 15.2920970322854
1.24867311081752 0 1.38935097088358 3.28587044996251 0.0807120684461156 0 0.789955202417161 0 0 111.090593911062 4.59410479246215 0.0148181380069074 2.05536026945803 0.0226787087178643 22.7511875945399 0 1.58322897835334 3.36025366221926 0.0160004302268693
142.87968 0 57.18024 79.2012375 114.155 0 102.168175282664 0 0 11913.3831355255 492.672949441364 0 220.41735046618 0 3788.79547380433 0 56.7936 1928.26368 82.7101902972896
167.72832 0 792.533949141661 4642.95264617607 25.106875 0 158.103059695213 15111.7489583333 0 18675.9740094306 772.337051049648 0 345.536499725134 0 7600.16617692507 0 19.2096 4101.51168 9.12719998144293
251.59248 4800.02985 552.11141582563 90.779535 6357.58668698625 0 313.918724919442 0 0 44484.35355 1839.63173333333 98.4872777777782 823.034333333332 150.731777777778 8685.57719243859 0 525.3408 1268.38656 6.35837910758999
1680.38928 7324.26915 118.75896 619.11927 103.3175 0 365.845146585549 33072.4529166667 0 66664.0044 2756.86186666667 150.279759259259 1233.39466666667 229.998592592593 16524.534155827 0 542.88 8056.82304 20.9578287544066
360.30528 586.33905 432.957556381261 2039.78519706909 120.476875 0 97.1820847063503 0 0 12198.23955 504.453066666667 12.030537037037 225.687666666667 18.4123703703704 3587.02787326747 0 96.8832 1465.95456 24.8723462312473
630.53424 0 21.9924 44.3953125 29.6225 9402.019014 634.393208707492 0 123855.3349505 26292.5928646857 1087.31912066843 0 486.45658333932 0 17025.93475652 0 6528.7584 1122.18624 12.8495441782832
282.226152637905 0 8875.20749187101 26797.9255460257 8.12312925457787 0 472.666367257247 30734.742824378 0 19589.7815180663 810.127176270984 0 362.443454500137 0 6668.84571321626 0 0 678.168524609954 4.67597276726502
59.2571794118252 0 175.326807040441 1027.12831869933 2018.8957198888 0 99.6870670171299 0 0 4131.55662920179 170.8587868901 0 76.4406512532991 0 1355.75180687828 0 0 663.82848 2.01914735854416
343.137450840617 0 1015.25577540189 5947.73825657931 25.106875 0 577.252687312511 0 0 23924.3889739552 989.38304470647 0 442.640882877042 0 7354.42161678289 0 0 861.39648 11.6921710476173
216.95647412545 0 641.918603833788 3760.59307431258 27.09375 0 364.981168368401 0 0 17677.78425 731.057333333334 0 327.068333333333 0 5365.78081403951 0 197.9424 1220.97024 31.3252766296222
382.087394611311 8546.637 1130.49867665881 106.974945 13017.7408587609 0 642.777332486692 0 0 7855.52985 324.862133333333 175.36037037037 145.340333333333 268.383703703704 7069.08694271601 0 35.0784 806.07744 13.0193634125031
134.131543417481 0 396.86086081411 2324.95552509288 4569.86987223342 0 79.1697947922429 0 0 1955.3562 80.8629333333334 0 36.1773333333334 0 2426.72902085572 0 0 158.0544 4.5704394687205
2214.63504 5177.67195 197.9316 581.2589475 439.28 7.401222 737.2933048422 0 21.3692145 193261.95 7992.26666666666 106.235759259259 3575.66666666666 162.590592592593 41296.0955055069 0 2099.6928 24348.28032 141.68571427008
2251.908 7224.88965 409.05864 404.31699 60.509375 0 252.109619176752 0 0 93516.0471 3867.3168 148.240685185185 1730.202 226.877851851852 16930.8707672895 0 380.8512 3583.88352 38.711165430487
7147.09008 25311.95865 1657.78275050928 9711.89539148222 53.284375 0 351.681363831275 0 0 144810.0423 5988.5584 519.352166666666 2679.226 794.852666666668 26574.3773113638 0 463.536 3994.82496 7.34530637263137
58.1899235367609 0 21.9924 37.8603225 1982.5342470752 0.846906 97.8916456184407 0 2.4452335 3978.9225 164.546666666667 0 73.6166666666665 0 1290.65375366965 0 94.3776 118.5408 1.98278135357369
149.562692583547 0 13.19544 52.84818 5095.61006630889 0 251.606072155759 0 0 2933.0343 121.2944 0 54.2659999999999 0 2961.91382222571 0 0 509.72544 5.09624519196332
2.45542920495053 22.4704672224869 3.48372434436086 20.4089265585607 0.693409876036368 0 0.697837738893798 0 0 309.403576225617 12.7952547763047 1.4286177487617 5.72447941282492 2.18645593516776 61.0669851557588 0 7.95099226979613 17.6189792413986 0.246590184730957
291.97152 377.6421 96.76656 175.0951125 143.7775 0 593.938576091155 0 0 82579.6944 3415.04853333333 7.74848148148145 1527.86133333333 11.8588148148148 14145.926680946 0 1458.2592 1912.45824 206.264179144061
24.84864 0 344.309170799015 2017.08857695663 21.675 0 195.76681948093 0 0 8113.607160949 335.53481199419 0 150.11519169621 0 2709.11057001437 0 0 873.25056 3.96522907407425
30.4664937062937 0 34.5145683916084 75.4330562820512 11059.6531398353 0 546.092783731145 0 0 1263.76096416084 52.2623032029699 0 23.3816742208409 0 5891.63849536076 0 30.0380512820513 310.060486713287 11.0610316341366
308.025711684833 0 911.369137918907 5339.13248148747 32.5125 0 518.184970471231 0 0 3319.5582 137.278933333333 0 61.4173333333334 0 5595.08642670943 0 0 209.42208 10.495762847396
43.6372147997258 9030.06256673626 15.448524873176 31.3101552248188 7207.81985544188 0.17243701850945 355.900710422235 93816.5200170058 0.497869626970912 47807.5958034865 1977.06301914928 141.682713637163 884.519827767438 216.841076215918 8261.74501345698 0 365.700225403976 992.286392541377 12.8090264788153
3186.83808 13555.3638 136.35288 274.043385 83.268125 4713.40011 335.067376128116 0 81602.477845 135874.5192 5619.03360000001 278.129703703704 2513.904 425.669037037038 26403.1412775497 0 287.3088 5306.67648 139.697142841728
4441.6944 4541.64315 910.48536 3161.51451 64645.506875 21909.09 18399.3751901235 1059654.308125 368336.2363684 127075.4163 5255.1504 93.1856851851848 2351.106 142.617851851852 22037.7798613714 0 1030.6368 2667.168 13.3610036793817
118.03104 15423.6984 593.538602551974 3477.16539879574 35.04125 0.92055 337.473335929768 0 2.6578625 27261.3033 1127.37973333333 316.464296296297 504.379333333334 484.338962962962 5979.94344560791 0 163.6992 2066.56128 7.44014402409297
247.267406398666 11597.5046030641 1007.79709907623 10522.8121845277 8853.54902930837 0.953558368216784 202.032522098201 36123.7423307163 2.75316607293964 77656.095219655 3211.4351598312 234.101015260244 1436.76658100787 358.284470907786 13559.5547140424 0 0 1481.83381310921 71.0123279736862
92.9222981125495 0 274.933265346782 1610.65924462436 21.014030107221 0 156.321165659176 0 0 3818.16635653808 157.898663959189 0 70.6424113430572 0 2012.73750017513 0 0 882.497066660278 4.44060936616935
1289.0232 11100.69015 21.9924 1005.13073371753 158.2275 0 167.752434019813 0 0 38686.49505 1599.86373333333 227.764574074074 715.764333333334 348.586740740741 8462.15277660446 0 388.368 5618.83392 9.20226742289574
385.15392 129.19335 1095.09726254721 114.22026 136.19125 0 247.187855554535 0 0 100405.2672 4152.21760000001 2.65079629629629 1857.664 4.05696296296298 16948.7326379014 0 248.0544 3354.70464 74.5714285632
254.437717150643 0 752.815995993538 1780.43985093349 47.865625 0 428.035050149891 0 0 17740.0248787901 733.631268361887 0 328.219888213521 0 5639.73510544957 0 107.7408 126.44352 35.5609891912734
70.947230740757 229.052881527415 85.7235494675775 202.7396129304 4.04788481029392 0 48.7405740455282 0 0 7165.39691259419 296.321975939717 7.24993132977864 132.571729167585 11.0957989982226 1226.65518881152 0 30.7753883576433 576.437483840832 4.6991998507063
416.21472 15791.40255 180.33768 210.8954925 122.46375 2340.148566 397.346839868984 0 44778.559491 201117.47985 8317.1288 324.00887037037 3721.00700000001 495.885703703703 35102.8172682295 0 1295.3952 5535.85536 22.2696739979286
9877.3344 267857.56635 1068.83064 5311.4551875 254042.740625 142514.101344 46277.8995691358 2757814.67979166 2316272.4212589 291336.70545 12048.1069333333 5495.91635185186 5390.21233333332 8411.33251851852 77661.5954719232 0 7164.3456 10040.40576 51.205714280064
8902.02528 27567.8733 587.19708 1847.839455 25159.075625 34686.50811 6392.39689753087 411475.174375 401821.5436924 172139.5557 7118.75893333334 565.639148148148 3184.86733333333 865.693481481481 32067.2256155475 0 4356.4032 3769.59744 25.6774022068133
1261.06848 8675.83035 138.55212 967.299582226515 139.984375 0 153.676637067988 0 0 50214.00195 2076.57893333333 178.011166666667 929.042333333332 272.440666666667 8443.06027017019 0 167.8752 3745.88928 8.60139425820009
117.740843097687 0 348.364979289707 5.540535 100.78875 4.713216 80.6164747061058 0.633333333333333 13.608256 8209.18183512088 339.487262451001 0 151.883481711983 0 3689.62643354578 0 0 2813.36832 28.1551091518544
117.779542077907 0 348.479479654139 8173.19093023738 4012.75618839359 0 198.13796776875 0 0 8211.88002342251 339.598844893501 0 151.93340267144 0 2617.01535258498 0 0 137.05350652527 4.01325634526727
298.18368 1222.36785 718.254713640722 25.5717 48.04625 0 408.384245300017 0 0 49418.21745 2043.6696 25.0806111111111 914.318999999999 38.3851111111113 10811.5626216259 0 330.7392 2319.44832 8.27176478195395
412.127220525964 0 32.9886 1461.26061075428 14041.1995614408 0 693.31267974521 0 0 28734.5257897773 1188.30422983992 0 531.636393242335 0 9625.61483625006 0 55.1232 391.18464 14.0429496808464
9.2723973732648 0 27.4346474334597 160.722160906852 12.64375 0 15.5987528858595 0 0 646.494403148397 26.7355041614218 0 11.9612188924115 0 194.953446710453 0 0 509.72544 0.31595052024807
0 0 0 0 0 0 0 0 0 0 0 0 0 0 0 0 0 0 0
0 0 0 0 0 0 0 0 0 0 0 0 0 0 0 0 0 0 0
0 0 0 0 0 0 0 0 0 0 0 0 0 0 0 0 0 0 0
220.288748218817 355.590569598732 177.294595435457 1010.40689952951 7.39626632342342 0.0434522810145045 100.805909348892 0 0.125457811360506 387.70418101621 16.033343358396 8.10901510804176 7.17317049003677 12.410600544975 1088.71912979015 0 26.3152168339169 331.995195366749 1.8213660087045
0 0 0 0 0 0 0 0 0 0 0 0 0 0 0 0 0 0 0
0 0 0 0 0 0 0 0 0 0 0 0 0 0 0 0 0 0 0
0 0 0 0 0 0 0 0 0 0 0 0 0 0 0 0 0 0 0
0 0 0 0 0 0 0 0 0 0 0 0 0 0 0 0 0 0 0
0 0 0 0 0 0 0 0 0 0 0 0 0 0 0 0 0 0 0
0 0 0 0 0 0 0 0 0 0 0 0 0 0 0 0 0 0 0
0 0 0 0 0 0 0 0 0 0 0 0 0 0 0 0 0 0 0
0 0 0 0 0 0 0 0 0 0 0 0 0 0 0 0 0 0 0
0 0 0 0 0 0 0 0 0 0 0 0 0 0 0 0 0 0 0
0 0 0 0 0 0 0 0 0 0 0 0 0 0 0 0 0 0 0
0 0 0 0 0 0 0 0 0 0 0 0 0 0 0 0 0 0 0
0 0 0 0 0 0 0 0 0 0 0 0 0 0 0 0 0 0 0
0 0 0 0 0 0 0 0 0 0 0 0 0 0 0 0 0 0 0
0 0 0 0 0 0 0 0 0 0 0 0 0 0 0 0 0 0 0
0 0 0 0 0 0 0 0 0 0 0 0 0 0 0 0 0 0 0
0 0 0 0 0 0 0 0 0 0 0 0 0 0 0 0 0 0 0
0 0 0 0 0 0 0 0 0 0 0 0 0 0 0 0 0 0 0
0 0 0 0 0 0 0 0 0 0 0 0 0 0 0 0 0 0 0
0 0 0 0 0 0 0 0 0 0 0 0 0 0 0 0 0 0 0
216.647116361702 0 385.887676045623 3272.82005703463 15.2954157383167 0 364.46074251565 14739.0463219151 0 15105.1710305169 624.667995544383 0 279.47072120569 0 4669.29212339432 0 27.3980332384232 993.258899617236 14.0102839123549
11.1732317456894 0 213.385976575498 681.41954514501 2.93819028021468 0 6.69792911478029 0 0 131.824284327588 5.45153784016238 0 2.43896793614752 0 204.112568385944 0 5.0648169264114 67.9997694705335 0.380720135342932
0 0 0 0 0 0 0 0 0 0 0 0 0 0 0 0 0 0 0
0 0 0 0 0 0 0 0 0 0 0 0 0 0 0 0 0 0 0
0 0 0 0 0 0 0 0 0 0 0 0 0 0 0 0 0 0 0
1289.0232 15234.87735 1343.73564 3701.8587375 149.91875 0 1779.11643455392 0 0 62162.1378 2570.68906666667 312.590055555556 1150.10266666667 478.409555555556 12162.5749022401 0 615.5424 3907.89504 27.839999996928
403.7904 1371.4371 43.9848 68.333265 52114.6475 2729.172996 1221.06583031542 363910.986041667 31015.63268 86706.40545 3585.70693333333 28.1392222222222 1604.21233333333 43.0662222222221 12710.0976092273 0 1575.1872 1114.28352 14.2200763543732
1549.93392 149.06925 173.73996 478.5459525 22919.8675 0 3248.58068262455 105113.458541667 0 104793.4503 4333.68906666667 3.05861111111112 1938.85266666667 4.68111111111112 15869.62134639 0 759.1968 2856.83328 58.662857136384
4413.73968 3368.96505 250.71336 865.033785 136618.97 21482.580774 39734.6030530864 923823.371458334 276951.7591402 119879.25075 4957.55599999999 69.1246111111111 2217.965 105.793111111111 18029.0437340794 0 2190.7296 2228.56704 27.8022400090883
1838.79936 32854.8627 547.61076 1642.0583025 640.315625 0 292.770919697507 0 0 57432.9042 2375.1136 674.117888888889 1062.604 1031.71688888889 11850.4801283731 0 397.5552 9408.18816 75.0605659728674
518.71536 3378.903 36.5896198771908 58.787495808546 6442.17125 0 1031.47995095274 56200.4166666667 0 42983.73135 1777.57413333334 69.3285185185186 795.270333333333 106.105185185185 7887.77277844048 0 734.1408 1454.10048 98.434285703424
50.988142016665 486.631281927204 7.85980725895805 16.2643292912661 5.27366036714039 0.0200741489279053 15.6166881302154 0.0287727166149312 0.0579591848947854 7176.19267165642 296.76843001562 21.2940133989646 132.771468618729 32.5898386885253 1934.35086907517 0 98.0969610224361 226.66467234279 1.21235664744032
27.95472 615.650285149407 15.598792654471 45.6211569818984 105.665625 0 439.737880200985 0 0 17170.9145634853 710.095950609652 12.6319465799734 317.690403314443 19.3328093511681 2842.84156569104 0 63.4752 1276.28928 5.1210230252311
2450.69712 536.6493 628.98264 1804.8647925 38918.726875 29775.18975 1654.52225065801 448196.090416666 466782.4326773 119310.83325 4934.04933333334 11.011 2207.44833333333 16.852 22806.5936011986 0 8137.3536 1299.99744 65.125714278528
3.06587792427725 130.146490135793 0.315749116861123 0.551583137171888 0.325779275762341 0.00128034973663085 0.468063925284621 0.0111441162563093 0.00885449710019025 116.432796251251 4.81502932359766 0.427694985417255 2.15419987463849 0.65457414351572 23.4000922017062 0 2.73641266371224 4.45422560234009 0.0646842790620453
0.269408410692911 3.68551276219433 0.0796550551935097 0.169598478022343 0.0242747123952653 0 0.0650402899880906 0 0 16.6067284678557 0.68676427189122 0.0122168977137754 0.307252024647873 0.0186975897077961 3.47393133660201 0 0.396439526532783 0.896356302699829 0.00495276116733456
