0 301848.211566823 3164.56404023904 9293.46953282204 22030.1046592507 4.72190330057085 0 1263641.8707866 181.982722048362 38741.1389437315 2040.40113168283 3803.14962472169 1074.0289680212 5973.25911207724 27281.7816495384 0 2227.40511458457 22768.8325426741 83.3277053041915
749.089575282058 21316.314920964 14.7165698080024 30.9240009118019 31174.7890505904 0.693525095315831 0 273505.779781689 36.4516565833738 5233.45459691602 275.633266684999 268.606248245344 145.088192891681 421.875255567887 2329.03373235032 0 385.460924586525 6735.66079673956 70.75273946155
8159.30679563486 236814.196609964 19281.9423122393 66793.7945487546 31594.9076251546 7.07964354568961 0 13819581.3752679 372.105835827979 53424.1562547107 2813.71977833785 2741.98656193695 1481.08943035952 4306.58739004563 21682.4995905961 0 1506.60203902289 23332.618450762 91.5638304854465
0 0 0 0 0 0 0 0 0 0 0 0 0 0 0 0 0 0 0
3110.4 60400 72.8 451.675 333.9 5.91801935943718 3951.06845394248 0 180.093451879342 138640.32 7301.84691358024 716.872427983542 3843.55555555555 1125.92592592593 24757.9101902412 0 2889.6 12120 3.09298373269602
1593.6 0 200.2 788.8 506.1 7.14692864268873 1041.62261963431 0 217.49084810692 21119.6615717707 1112.320973175 0 585.504942325815 0 17450.2546578097 0 2150.4 66720 68.7352588236005
17011.2 432766 2402.4 9579.0625 717.5 16.4843143124489 2387.81258194957 0 501.640310057269 144919.32 7632.54650205762 5136.39094650206 4017.62962962963 8067.25925925924 39876.3923190998 0 25947.6 114120 450
1344 0 182 422.675 366.1 5.39641100491615 852.31334351078 0 164.220193718232 15946.7625638881 839.877021408515 0 442.095545116728 0 11763.5861190526 0 1596 22680 2.82037121533424
1689.6 222272 7580.3 31246.05 33490.8 28.4595479465012 26311.6303203226 4758559.67222222 866.063106136663 28883.4 1521.21810699589 2638.09053497942 800.740740740742 4143.40740740742 44547.0765085652 0 2049.6 14680 164.874050504421
30393.6 1501393 9536.8 48741.75 528483.2 37.6875448927704 25161.4705340415 0 1146.8837190898 358154.16 18863.104526749 17819.6563786008 9929.18518518519 27987.7037037037 129163.42813709 0 23646 96360 1295
5367.41433668506 472401.622536118 7881.72229889717 18927.0753132095 1160034.48337902 1.25063108173857 12134.7432484823 21.6476338658234 287.73867312487 147384.636560249 7762.38870176155 5551.53451914722 4085.97613345586 8719.2872815079 42143.6584424843 0 12350.9382971132 89966.9669153424 554.2012244567
5529.6 18875 2038.4 5942.825 513.8 3.825 1420.20963719621 0 179.417636091075 83636.28 4404.91851851851 224.022633744856 2318.66666666667 351.851851851852 24334.6155481082 0 4200 38680 280
1612.8 0 2961.95948705771 13588.3413447838 24822 29.3099185953289 39964.2258383731 2843592.98611111 891.941052155891 86612.8084352356 4561.68499863056 0 2401.18560779085 0 51465.7119375501 0 0 4120 15.3184867970115
28819.2 4211390 3248.7 23245.675 214120.778921328 21581.755 7403.98995991072 0 477903.004 570258.78 30034.1366255144 49983.9300411523 1759.43970735309 78505.1851851853 154747.954559213 0 29164.8 115440 2090
9762.15997960742 107069.882631365 327.717742403333 1222.41715045883 426.563782116079 0.745136133500927 575.466009169596 0 66.8492753795966 69771.5385652253 3674.69646296428 2514.57887628679 1879.32247892085 3949.41894691195 14694.0205185391 0 2808.15628257755 6330.69554440216 2.06733830824683
23270.4 715740 1628.9 17554.425 328.3 3.315 3116.10387125555 0 33.52 232825.32 12262.3407407407 8494.93827160493 6454.66666666667 13342.2222222222 127702.992238312 0 24528 80520 1710
9024 205058 936.615958204699 5727.35549134136 595.7 9.26823530504654 1383.22220840289 10.85 282.045121439848 125454.42 6607.37777777778 2433.78189300411 3477.99999999999 3822.51851851852 27493.3101243503 0 5031.6 55280 4.84393498706535
441.6 617288 7926.1 18552.815485461 122381.61390139 29.2699782984684 19541.6204102546 502893.611111111 890.725614102411 30139.2 1587.35802469136 7326.43621399176 835.555555555555 11506.962962963 45366.5976313392 0 6510 15360 15.2976124671106
15820.8 291883 1419.6 3060.95 490 18.2425815600601 2648.63146267823 0 555.146795710064 156347.1 8234.41975308642 3464.28600823045 4334.44444444445 5441.03703703703 46565.5741816704 0 10222.8 97520 2360
2976 0 1082.9 3474.2 551.6 8.40296156037536 1313.55280875328 32066.1833333333 255.713653758874 24831.3245071048 1307.80519124821 0 688.404176080131 0 17541.3802158986 0 6392.4 44120 4.39170976540751
15264 263495 4346.02455473759 5758.06566387483 179813.150189529 43.0058636754667 28712.158744754 1334970 1308.72745930048 60466.77 3184.63703703704 3127.35596707819 1676.33333333333 4911.85185185186 74897.082168386 0 5644.8 19720 332.476512610025
15667.2 34277 11784.5 38393.4625 6057.1 37.995 1953.03122668154 19.9305555555555 811.916 125140.47 6590.84279835391 406.825102880658 3469.2962962963 638.962962962964 35152.3171775327 0 2704.8 47720 625
3705.6 9815 1974.7 9152.7625 33698 11.9922231633138 8006.41088773212 5635016.08055555 364.939810773784 53434.29 2814.25349794238 116.491769547325 1481.37037037037 182.962962962963 23556.6605329976 0 0 4480 6.2675954420192
556.8 132578 2311.4 19227.659514539 115911.156987753 27.7224408260837 18508.4324267306 1467704.46666667 843.631924746704 24299.73 1279.80740740741 1573.53497942387 673.666666666667 2471.40740740741 44492.9293637673 0 4317.6 12840 14.4888100727436
30393.6 2437593 14678.3 45668.8375 211479.8 8.755 4005.01470424008 44.3333333333333 499.256947299122 309052.38 16277.033744856 28931.1790123457 0 43565.9032494228 68669.1999409937 0 13398 30400 14.4599910351939
2419.2 0 3412.5 16460.4 192240.3 21.3620975820127 58116.9661697804 10213095.2 650.077949946739 63126.455286046 3324.71616262625 0 1750.06836335354 0 41658.860454667 0 2604 15440 236.164650925325
209.624240264538 0 6369.64119419567 20020.9346001268 20479.0630395707 15.1364568424407 10105.6068766082 4617159.48145873 460.623157244469 44729.2623013787 2355.78095810832 0 1240.03900607245 0 28322.8723826003 0 213.991411936716 6817.6402215666 535.61080285756
0 0 0 0 0 0 0 0 0 0 0 0 0 0 0 0 0 0 0
637.945778509022 144169.808936608 495.203317569669 1301.90196214729 49.3097238371425 0.700500255068041 2500.77586615185 25.0835669710382 10.1206916403556 11474.5512957916 604.336580901531 1524.09091529776 318.111465556679 2393.75014021508 6544.10285439075 0 1153.21571402966 4115.35724079188 64.326635975269
4212.17375222155 1034998.12395626 260.034623490393 759.179425404777 2633.89908954785 0 860.584490533868 183.328009711307 0 95962.841924348 5054.12841750287 11856.4022128318 2660.39860702304 18621.766047249 53915.1453120494 0 16260.2295582082 49813.08420213 1143.0093340237
5748.95459524536 387327.547028275 1023.75561268294 3302.35824922533 337.41531139905 7.79715813209912 619.050643696788 165.44551305032 34.8578834140902 50262.463061145 2647.20112281883 5073.10651672669 1393.43712662067 7967.8641961907 45221.8367559425 0 3554.67333445176 34304.0342237968 395.263459925297
13469.2235145365 3430625.25621021 1555.04056200812 1696.06948001686 1546.64628097164 1.69884259071641 1987.24705897332 413.318703449554 7.59482569967336 139424.391161381 7343.14202592387 40690.6316736843 3865.29252982305 63909.0518135477 97832.7153980968 0 10719.4968835864 67074.302758168 1389.05364770342
10598.7636750435 1918499.40417923 806.019229035543 2362.68804004598 3125.12506051854 20.6850533636383 1119.94545704359 390.321438079714 92.4743562139125 75445.8423202389 3973.5481776766 23010.8608437274 2091.60139267944 36141.0535410093 53444.1408663928 0 28310.2511494349 32566.4334963856 1069.14527549947
791.202889691582 989307.741116239 146.483282393258 283.590025006947 450.041715291285 1.83345558951561 596.507091124788 94.9637347822954 8.1966249884227 46938.5170769658 2472.13700925154 9512.62091397892 1301.2866537001 14940.6032265478 29529.6565945357 0 2885.49530425118 17088.6431416134 772.659071964435
507.134750419968 819376.044166773 97.9932252113587 216.096090616153 395.812983691162 0.138161710851594 352.209261538942 56.742924119299 0.617664119101243 16138.3748350442 849.968771562764 7041.97840439503 447.407653522958 11060.191110462 15006.183921017 0 1532.61973131727 8265.32117271008 10.4202034764653
82.3350627272784 26314.0781074419 15.3264065971756 20.9317839381312 2300.64632694323 0.150867290637456 37.7305701480608 0.645653847938217 2.05770287997989 1600.11221737574 84.2740009243135 399.500569303967 44.3602568329825 627.458988298309 2078.56356973888 0 295.464098778688 904.296855860404 13.0246277817784
2220.10308585264 1331435.7428278 478.634589018998 1162.14782472431 417.855593588014 1.06446729635308 916.769035615676 178.641024728747 20.2073462281805 37219.5373270487 1960.26209227154 18429.3053389439 1031.84527753965 28945.2235403849 43121.1720227182 0 3664.2721283872 21923.8519233192 306.817044242948
589.871051590666 318773.247347663 19.421980655855 41.9822006672506 68.6846158011716 0.334183877681716 147.500986140937 30.8926550867704 1.49399851198885 5557.95753800079 292.72404373173 2741.2326763251 154.084458061874 4305.40333089868 7056.4610619844 0 603.889924846019 4506.70829330772 113.176337850237
223.283583985538 271929.554726131 12.6694433841559 19.3860091601293 10294.7723073308 0 1423.48797444328 33.6835842085758 0 6083.34503010882 320.394919258291 2516.8804189838 168.649889057065 3953.03376942575 7921.17941257629 0 757.414868739675 6509.16199206668 142.823521834357
14.7619719366699 2779.63287504889 8.01738200645306 24.082531233586 157.059130456012 0.0033006302993922 21.7170207175391 0.500798973373917 0.0147557589855181 86.2579215127185 4.54299397151919 21.7823222975358 2.39134700093656 34.2115004627198 139.238878142583 0 13.8155323778795 69.826667667142 0.431454941097021
5031.51135268795 2755457.04838433 333.160352665345 556.704397856717 1111.4337271103 2.2111133874117 2151.42508535437 96.0852141711959 32.4797623165243 133693.742573522 7041.32276653332 33518.1849158358 3706.4205204624 52643.945998695 111983.886954965 0 17302.7571011783 73299.1313787724 1711.95880483038
432.071978598181 12967.956708035 19.6200349563046 45.7542539088045 56.690581772784 0.175628060162891 58.557004167156 12.412001163613 5.1605004030676 4571.83602047441 240.787432800905 723.619752650949 126.74599810202 1136.5233313737 3059.37106238825 0 721.790901373283 1564.93135961001 1.78528887373124
352.259916772811 104846.609070474 168.963044433919 995.453441092982 9982.70689997077 0 170.714130302479 45.6237778964523 0 16617.6001308503 875.208396998511 1560.19938349919 460.693319973083 2450.46240714913 9599.95342131558 0 2887.70570835712 6375.53755617456 5.0780630524317
37629.0360411652 2990441.54039356 4205.67582009292 13379.0846775665 215333.795673453 7.31032843635501 29774.8274057615 106.891895562416 32.6814683037048 277809.394674735 14631.542043969 35763.874029456 7701.76989123802 56171.0443998807 197011.296249275 0 9143.51382748944 94169.8874035512 1046.81470776088
6409.22122498517 1567401.33782264 891.302315438151 6883.31448472294 640.842167143914 6.20153719140359 1270.48009568031 256.634520853796 27.7245192086278 125258.898052453 6597.08011452055 18597.8314094956 3472.57950279018 29209.9120185878 63900.8919313573 0 9377.56376462556 49092.5877263084 35.8885667478255
243.998708819175 54275.7721602927 53.8028569998165 68.5592266623121 5040.85416756182 0 697.013501050128 16.2158547931748 0 4796.24641089398 252.606579760899 1061.55817767428 132.967375857218 1667.292292834 4707.62923027254 0 1444.82791582531 4928.360729603 30.4272551337997
598.64048699977 18373.3918953144 18.6145355208366 225.82444128987 44.6922414602837 0 33.8312722009098 7.28494268285889 0 1929.19917984283 101.606207177082 358.194316481526 53.4836058186978 562.583036678217 1867.54933566105 0 236.565146059676 624.82356993018 21.5919520693465
84096 1222194 33569.9 88887.5375 249688.452377572 68796.705 18600.0330147502 75446.8166666669 1656240.388 259950.6 13690.962962963 14505.9135802469 7206.66666666668 22783.1111111111 179754.814454594 0 14095.2 114000 1079.51168241002
48306.3362496749 2775253.74552402 24860.7554726918 87296.4140804213 2315.55859622887 3.14494376625488 56.0780096325192 280.636648691482 25469.0241577416 355636.200981534 18730.4897773924 32939.6990814992 9859.37926311225 51735.371232481 143937.066305467 0 19554.8503459037 61758.8957087128 413.783991223139
23323.6921807194 490148.042755253 8412.42583009585 35629.5140011266 117627.005835193 595.547529533754 33461.7692095474 123977.695208868 6038.56648430114 18521.8209576514 975.499055350657 4907.42351917662 513.484445511857 7707.64107259887 25497.4612447302 0 2430.01598788937 10600.2418595824 107.389728363638
14592 2397427 8308.3 32494.1375 104671.469946166 1594.03692534066 1800.86163021611 0 26310.9501562947 74908.47 3945.24609053498 28454.4588477366 2076.7037037037 44690.814814815 55274.4797395556 0 11533.2 28960 1195.75570787522
72844.8 4496629 29083.6 37606.475 326624.801739884 2.125 24331.2497552401 43.4583333333333 37646.8991399301 357589.05 18833.341563786 53369.3600823045 9913.51851851851 83822.3703703703 244898.977435894 0 29845.2 55360 1600
18242.9585967734 203451.3623489 1532.68660602101 5383.40236342162 3607.20677489068 21.322154093582 1258.99486745903 27.8223252528299 6522.0828329184 95790.5835653616 5045.05599061504 2319.39665904925 2655.62305130682 3642.86409825417 41201.5984442738 0 8742.44153389958 14272.7888626426 150.92385710728
153.486539724228 0 365.538601746241 0 3943.61743187818 60.0571656160365 293.771753287006 0 991.295161317661 5584.18206254104 294.105225364709 0 154.811486223584 0 2700.50821008289 0 0 1798.6703873933 10.8295683920398
0.0732609333724685 0 0.031239872522158 0.0471494467467643 0.0286701399080325 0.00513264040767321 0.0251064923908309 0 0.0847186434577819 0.185832844144409 0.00978736185445684 0.00773701102748595 0.00515188410208466 0.012151815253273 0.21179974834223 0 0.0750953918403287 0.106643185598278 0.00110635778078025
27705.6 2129704 12494.3 47210.9125 10586.1 2498.30271519303 12220.5362400248 683.375 41236.6345909662 147682.08 7778.05432098766 25276.9218106996 4094.22222222222 39700.1481481482 96802.5624653996 0 18018 139400 2660
31451.6217136702 1464975.70023697 1005.20668376066 3370.74292172222 43047.4929596061 943.170506413248 53202.63506062 72017.7599799553 26897.6463077728 65477.5070737016 3448.54031594155 12412.9557818417 1815.24708019323 19495.8938112049 50109.0372484837 0 6397.64848292076 107914.109144485 305.96794351481
4983.83467907486 268657.364322758 275.581830778705 2067.28553976495 990.277567743261 4.41277028876419 943.82152583 20.5929280142329 6524.51820465931 80841.5363706038 4257.72619997398 3284.34662622684 2241.18738500373 5158.42271490049 40766.3576520994 0 3445.0757219105 22046.5464622964 227.474798142011
25478.4 774479 1756.3 6769.325 41614.3 822.199607121606 4021.81850672464 1.94444444444445 13571.1115204427 49980.84 2632.36872427983 9192.09670781894 1385.62962962963 14437.1851851852 30839.1237452347 0 789.6 49240 170.705733718741
19430.4 540580 23150.4 106720.3625 153000.927337341 2330.04397389774 2589.46750477596 70354.1027777777 38459.379381125 108689.49 5724.40987654321 6416.00823045268 3013.22222222223 10077.037037037 102241.532940321 0 2982 38920 420.155868378978
79200 2884402 11056.5 104678.0375 217217.492635771 7614.81 3844.41606873234 362697.941666667 183640.296 169219.05 8912.35390946502 34234.2427983539 4691.2962962963 53768.5925925927 137970.38081846 0 10458 70880 2120
49708.8 997204 6461 50047.1125 479140.9 3699.115 94938.1925925924 581787.947222222 94184.44 106994.16 5635.12098765432 11835.5637860082 2966.22222222222 18589.037037037 96120.0976328452 0 25972.8 78800 360.597738805325
497.458160580672 30809.2721575649 54.5774168268244 96.3561295318416 126.619607038233 81.3456483516731 90.6568155658352 0 1342.67987471806 11749.4262944788 618.813575478464 266.996188349639 325.731884553747 419.346481816655 4142.50662275208 0 128.970634224618 3137.90159162577 14.6683289692919
86822.4 6631618 100727.9 468288.7375 1004717 40273.17 166170.291358025 424786.094444445 867916.724 223971.93 11796.0543209877 78709.0082304528 6209.22222222222 123621.037037037 202196.802812599 0 22789.2 63680 5405.5656109098
12844.8 731746 9891.7 56736.325 1803.9 11573.345 1526.41670513145 30.625 193884.484 173802.72 9153.76460905349 8684.90946502056 4818.37037037036 13640.5925925926 69048.255703144 0 4401.6 29040 763.0098607107
18144 1990331 955.5 13050.725 852.6 4803.775 2255.1858405337 0 96506.264 173112.03 9117.38765432098 23622.7386831275 4799.22222222222 37102.0740740741 85397.0316231436 0 11659.2 36880 366.522587266055
2141.87547272893 55172.2403787981 539.072046013294 1562.09379394685 155.608425653322 165.548560149092 186.739738983307 7.85061501693518 2732.5213395532 13182.6271265972 694.296761556981 905.637537808053 365.46482097885 1422.40201116121 7496.70565844874 0 816.80173612165 4253.2426826924 29.8518825513736
27.4114618185118 970.287568105261 3.95170010547686 7.30477832138687 287.160513053638 0.0457601280466367 21.3914378997931 0.0884864354492972 33.4906752306219 563.263423801477 29.6657083063387 17.6174513150255 15.6154736356163 27.6701187129219 216.490100011621 0 0 94.1079266425468 1.45487912467255
32025.6 1202413 17326.4 128876.725 276496.5 8798.18 1774.89783841588 1580532.91666667 170081.984 68127.15 3588.09053497942 14271.1378600823 1888.7037037037 22414.3703703704 68398.4709423891 0 14170.8 28880 545.9786327544
805.639763876602 300804.489287493 3329.0443234235 1646.8981891888 423.227896790288 1.45907769736174 2675.44708818796 0 4150.58316174962 46047.2619259721 2425.19677805836 3546.39393123041 1276.57819452301 5569.99643848819 25747.9479081955 0 2515.33551278518 17241.9116132682 98.6273761742805
1161144.80450399 16250761.3661077 262307.579359704 1838838.9633306 7067638.72072636 9849.05806122636 832122.11529648 6020233.90908092 353899.878994082 308664.551752668 16256.6077786523 192661.458733384 8557.17407960421 302595.723934867 382439.100219839 0 48377.4446010507 658606.687464208 5428.2414223217
138686.757929643 2219930.90177877 100512.168158255 380455.176919136 1163448.23239292 12663.1358234044 235502.423183 1455018.26942366 230277.950535506 86343.7815503257 4547.51600991756 28490.485561706 2393.72731731599 44747.3986778574 85067.457473542 0 10067.931367685 54351.4603978424 283.890713297259
6323.42247837154 302602.599393224 594.007685890568 2793.5965860248 68416.9444644286 1041.91845066636 1250.14493737265 308.369374619764 17197.7599681688 48562.8283564898 2557.68551565348 3566.28953061444 1346.31778636314 5601.24463591339 46032.2152725447 0 7834.25521391337 33824.6134822801 339.944508134674
52108.8 1057151 1228.5 64372.025 160786.283394435 9.435 2815.39103973753 95.5694444444446 18607.2952529944 173425.98 9133.92263374485 12547.0596707819 4807.92592592593 19706.5185185185 113767.79678055 0 4821.6 71960 1475
7.866913540266 384.861996741913 1.80215146117725 3.08940250487528 1.31456671571284 1.73018859066355 2.08045011739847 0 28.5582504685141 169.156771893018 8.90907387373481 8.37736110977118 4.68956974687634 13.1575545329127 82.3372783042872 0 14.1112761628521 67.1965531564384 0.91028785809976
12518.4 2150693 9059.89098617674 132920.506993416 2226 4532.965 30634.2913580247 286554.255555555 135061.196 77608.44 4087.44691358024 25526.0349794239 2151.55555555556 40091.4074074075 55971.3077704991 0 7282.8 79520 1494.38178313332
34233.6 323895 3021.2 13086.6125 57533.5456480368 876.175678586633 999.675901805456 62695.5 14462.0329936987 28192.71 1484.84115226337 3844.22839506173 781.592592592591 6037.77777777777 40513.0615224044 0 6106.8 21880 76.408547783942
55929.6 571686 32869.2 150615.85 378515.9 5193.33 23413.0962962963 364529.161111111 132856.824 107559.27 5664.88395061728 6785.19753086422 2981.8888888889 10656.8888888889 114221.152547237 0 7778.4 32360 362.52333824898
51763.2 1224761 16434.6 129256.2625 143046.240550114 15845.615 10655.9385167105 615337.236111111 454533.704 122000.97 6425.49300411522 14536.3806584362 3382.25925925925 22830.962962963 101114.214102313 0 15926.4 24520 1313.36518855648
7124.14676612942 278812.457901118 192.463277478715 425.171490823124 195.060622653866 429.094799134661 484.72189345306 9.77611864536132 7082.57863596518 32664.0570819929 1720.33607819975 3308.3130648428 905.552714134513 5196.06460700914 19050.0376817585 0 1081.53453093302 7495.19607686532 280.163666853734
44075.5330394965 362361.456297628 8492.39278098864 55243.013831484 765387.476798896 1178.56840235443 5765.009093867 232079.108872558 19453.284925319 52639.08460615 2772.37197277896 3649.42363929306 1459.32471936971 5731.81577330987 50317.8036752243 0 1122.05189593374 25289.0817312364 212.520637413937
50246.4 1299808 40950 337151.1 285249.3 11705.945 9304.46708583484 1008259.25277778 262559.192 68315.52 3598.01152263375 15427.0946502058 1893.92592592593 24229.9259259259 91638.0431797557 0 5350.8 58400 342.998812956294
3016.56269786648 55062.2365887536 191.080568937829 639.017855630261 15266.2275428891 0.952668396068258 260.213109479602 12.3301502148026 13.4429545237969 18797.5356090846 990.0202723862 2445.83641149242 521.128142383477 3841.45144767124 12694.2654230118 0 1910.71116522844 5722.7621013994 367.957934606851
0 431105 2905.09917413771 182.7 133.7 2.04 2334.73584946174 3.20833333333333 3628.87266152226 40625.13 2139.62633744856 5116.67695473251 1126.25925925926 8036.29629629631 21034.0373895616 0 1495.2 5080 131.214865306861
10291.2 2409205 14763.8565826083 0 1880.2 7.31 2753.05876145258 89.8333333333331 18414.7723924422 170977.17 9004.94979423868 28594.2489711934 4740.03703703703 44910.3703703705 116472.931484708 0 11818.8 61080 437.398933595032
5990.4 2414188 5341.7 50480.6625 14544.6 4.505 3444.90392972931 0 23803.993402251 228116.07 12014.3160493827 28653.390946502 6324.1111111111 45003.2592592592 133999.834878508 0 16850.4 47400 1985
35750.4 1166022 4176.9 101389.075 144428.2 9531.22 1817.70193337707 598529.263888889 232182.304 31269.42 1646.88395061728 13839.2222222223 866.888888888888 21736 63465.5882149052 0 3250.8 26000 970.24111182178
294.4594689033 106596.245845092 16.9507917954202 54.536688969267 141.386989001287 98.8302333860569 112.177942999561 4.64215060209335 1631.27798560866 7894.83127871698 415.801473956034 1012.85216184287 218.870113841964 1590.79421056377 4487.84270154103 0 700.45887326921 2193.04749529026 38.5413406217528
3148.8 594336 6141.37622223203 443.7 508.9 1009.01422483699 4935.62882765716 7.48611111111108 16654.647426693 71580.6 3769.97530864197 7054.02469135803 1984.44444444445 11079.1111111111 44276.1582826592 0 7072.8 15200 38.1382179168668
188832 1670966 83219.5 251985.7125 634160.1 26809.17 94468.9358431264 335029.936111111 581182.38 321610.38 16938.4329218107 19832.2757201646 8916.07407407408 31148.7407407407 273574.022173253 0 35070 221400 2915
39.7957375796799 1112.70681650238 2074.76736027394 7707.44256942377 50194.3259645988 0 868.316018060356 1405672.51888396 0 6507.22490267733 342.719636477954 13.0012545022778 180.401202377021 20.4198807796969 48133.9646202603 0 452.676514968859 5098.82887739648 130.279887556344
22425.6 101925 9398.69310937985 1026.6 828.8 0 1732.80115639804 0 0 957673.08 50438.3012345679 1209.72222222223 26549.7777777778 1900 216697.239830839 0 14876.4 110320 2825
877.422539845757 0 1737.78606237635 5068.93733269791 195.3 0 329.346380632324 0 0 54662.0577378613 2878.91702488243 0 1515.40804072333 0 36886.6244826428 0 0 11320 48.6447566540919
6796.8 280709 4643.48614873921 150.075 50079.6322994786 1.53 2431.30806490927 1629556.93055555 6.84 333414.9 17560.1481481481 3331.6646090535 9243.33333333334 5232.74074074073 106921.611240119 0 730.8 10760 129.982198972861
2937.6 12684 4313.23846978171 12581.2584055416 212.8 2.38 800.2172986841 0 10.64 573712.23 30216.0213991769 150.543209876543 15905.1481481481 236.444444444444 113373.38568245 0 3796.8 23640 135
3406.90576874605 39672.4835545297 86.9470743065398 325.326400969377 308.136609492957 0 603.9372263565 0 0 371059.681664305 19542.8068206606 921.005888519201 10286.9677515424 1446.53967335736 76248.3722975306 0 1639.57340120903 6142.25799653736 38.797210639828
0 0 0 0 0 0 0 0 0 0 0 0 0 0 0 0 0 0 0
65241.6 1572816 1365 4995.6125 151845.4 187543.32 31129.4024691358 877676.858333331 4162466.236 2330576.43 122745.766255144 18667.3580246913 64611.074074074 29319.1111111111 585100.351170586 0 80589.6 107600 514.04995105058
1301.69873521851 0 2578.0895939524 7520.01346584358 65.1 0 1349.87589519074 0 0 81093.8039434492 4271.01251666872 0 2248.18105344807 0 50274.3820311849 0 1822.8 6160 72.16684702763
697.974018674515 27547.1232227488 116.907824608489 262.022608952246 35.2798760652835 0.161999430912016 167.719856200916 0.638233052068038 0.724232749959602 109719.599271778 5778.6632150149 463.772662751487 3041.78016420022 728.405284321509 22010.9660565034 0 433.438477373483 5940.68501331384 25.4482977318564
4248.17450333484 248558.711734694 565.316971667735 2335.85772946287 424.136653137436 0.940351127040263 864.89916285994 0 4.20392268559176 544813.776952837 28694.0104849662 2760.50305437359 15103.9900885275 4335.66955038238 119528.141594173 0 5425.61325389856 36218.4108297137 182.964246437699
2476.8 44847 4789.0108972889 90250.4941920728 51649.1052481211 0 2507.50415626378 544346.619444445 0 543321.87 28615.4353909465 532.277777777777 15062.6296296296 835.999999999999 111010.197900864 0 1856.4 22000 134.055782098891
1213.1474004872 24804.6259021652 22.6593623654219 67.0585880167621 70.1568719390945 0 153.518302054937 0.282435072218578 0 84070.4830061587 4427.78692996179 250.091666612776 2330.70417045027 392.796096356231 17675.112887962 0 488.047804793702 2842.79546159597 22.6454115788039
9868.8 0 309.4 630.75 78.4 0 2503.92658031057 0 0 150423.407007949 7922.43331659375 0 4170.22062334389 0 64953.9747298651 0 940.8 20960 133.86451831126
0 0 0 0 0 0 8.69135802469136 0 0 24338.6 1345.94732510288 0 0 0 2740.16438356164 0 730.8 9280 0
689.131064267352 0 1364.86391020328 779.055869275876 225.4 1.105 266.292282762846 193202.177777778 4.94 73841.04 3889.02716049382 0 2047.11111111111 0 21626.3735118274 0 806.4 27240 38.2057804555074
3475.2 166855 1674.4 4198.8375 392 0 1132.03603717372 0 0 486685.29 25632.5251028807 1980.36008230453 13492.4814814815 3110.37037037037 126770.535025052 0 22789.2 92880 170.546899475814
684.575971935658 25363.1224764468 1355.8422865187 3954.84791378007 139.158272599898 0 709.912806965732 0 0 130415.722722957 6868.67747021189 195.703743528907 3615.54326767003 307.373962281912 31194.9160443148 0 1077.20262846344 3942.35106278986 37.9532437950619
48806.4 537711 218.4 664.4625 519.4 1.02 1721.14722246904 0 4.56 785628.48 41377.132510288 6381.95679012346 21780.1481481482 10023.5555555555 193834.450471382 0 15733.2 80360 258.870503300674
1780.32586118252 102076 1073.8 1943 83524.7 0 28789.2330716216 1051741.15277778 0 444553.2 23413.5308641976 1211.51440329218 12324.4444444444 1902.81481481481 76507.8403086833 0 764.4 14960 98.7021809326145
479.585556696035 13060.9235659751 382.231875851385 1294.63836450149 54.7163973396725 0 357.550096237013 0 0 24454.4716643072 1287.95727278513 149.664902809805 677.95660327042 235.064967903345 9816.95293136706 0 247.39814631801 2564.94762909571 19.1152854805256
2546.38346529563 0 5043.25965484566 36439.2854841455 74.2 0 2640.62764041776 0 0 48159.93 2536.4658436214 0 1335.14814814815 0 56472.6059191413 0 0 3480 141.172808301784
537.6 0 327.6 829.593517784537 554.4 1.87 96.5633412897556 0 8.36 15953.3121534725 840.221972289271 0 442.277120804333 0 11207.2857811815 0 1159.2 24320 14.1971418502768
45561.6 892410 518.7 2078.2125 1157.8 1.02 2888.91603783287 43.0694444444445 4.56 1460558.19 76924.0312757202 10591.7901234568 40491.3703703703 16635.5555555556 398609.403040769 0 14305.2 249240 1085
2188.8 604 282.1 632.5625 324.8 0 657.753724137756 0 0 328894.02 17322.0444444445 7.16872427983542 9117.99999999999 11.2592592592593 78614.45854414 0 2998.8 23960 95.1923226543375
7814.4 110230 582.4 7073.1 621.6 0 1442.69732731347 3.69444444444445 0 571451.79 30096.9695473251 1308.29218106996 15842.4814814815 2054.81481481482 160081.176564806 0 7249.2 55520 153.799826491106
7.26042726347914 7.89432703003336 5.40761249792039 15.7734311863391 0.294227651322482 0 2.83140111910699 0 0 577.158589776195 30.3975327480753 0.122508816940457 16.000692325082 0.19241338871934 150.168783942215 0 14.9781218209563 31.9970752797558 0.151371909198795
883.2 0 236.6 404.1875 442.4 0 389.304787931083 0 0 65800.3428008153 3465.54328490193 0 1824.19712483016 0 26585.9342627401 0 571.2 19520 831.855362277175
1036.8 0 3279.34147123057 23694.369960776 97.3 0 602.440808555228 74233.1527777777 0 103151.680591479 5432.74698556313 0 2859.69633510852 0 53330.2786499438 0 193.2 41520 91.79655154763
1555.2 72933 2284.52278242176 463.275 24638.3982333031 0 1196.16565818316 0 0 245697.27 12940.2748971193 865.623456790127 6811.51851851851 1359.55555555556 60946.5952619148 0 5283.6 12840 63.9492151695995
10387.2 111287 491.4 3159.55 400.4 0 1394.0277078754 162461.172222222 0 368200.56 19392.2238683127 1320.83744855967 10207.7037037037 2074.51851851852 115952.466114012 0 5460 81560 210.782760484244
2227.2 8909 1791.48877024312 10409.6312805764 466.9 0 370.305633555991 0 0 67373.67 3548.40658436214 105.738683127572 1867.81481481482 166.074074074074 25170.133330409 0 974.4 14840 250.15290752578
3897.6 0 91 226.5625 114.8 21703.645 2417.31158354843 0 442696.22 145220.010465337 7648.3831341879 0 4025.9657363881 0 119470.788362201 0 65662.8 11360 129.233921347568
1739.65770240169 0 36620.5817281609 136373.518114703 31.392181814172 0 1796.00179503569 150553.45155261 0 107894.820529503 5682.55657715338 0 2991.19142874052 0 46663.7237030481 0 0 6845.87521778444 46.8963163760229
366.293799485861 0 725.466044664525 5241.7416749869 7824.09413936143 0 379.850695945244 0 0 22819.5332433977 1201.84906081179 0 632.630852069917 0 9513.29483564479 0 0 6720 20.3075165393229
2121.07835475578 0 4200.91829730143 30353.0794778447 97.3 0 2199.58156632536 0 0 132139.878141916 6959.48452348795 0 3663.34240098979 0 51605.8918978645 0 0 8720 117.593674342461
1341.10013367609 0 2656.12634132131 19191.426311031 105 0 1390.73557844592 0 0 97638.45 5142.37860082305 0 2706.85185185185 0 37651.6222574261 0 1990.8 12360 315.053069585562
2361.84450385604 129860 4677.76957385059 545.925 50449.3763384504 0 2449.25870916577 0 0 43387.89 2285.1341563786 1541.27572016461 1202.85185185185 2420.74074074074 49603.7017717225 0 352.8 8160 130.941873416061
829.124051413881 0 1642.12811398865 11864.9403842772 17710.2223422195 0 301.671044695377 0 0 10799.88 568.80329218107 0 299.407407407408 0 17028.3296282479 0 0 1600 45.9670636272612
13689.6 78671 819 2966.3375 1702.4 17.085 2809.40530542396 0 76.38 1067430 56218.9300411522 933.726337448557 29592.5925925925 1466.51851851852 289774.22719386 0 21117.6 246480 1425
13920 109777 1692.6 2063.35 234.5 0 960.64632217862 0 0 516510.54 27203.3481481481 1302.91563786008 14319.3333333333 2046.37037037037 118803.725443152 0 3830.4 36280 389.336433970274
44179.2 384597 6859.561953054 49562.6942513963 206.5 0 1340.05759021205 0 0 799819.02 42124.5135802469 4564.68518518518 22173.5555555555 7169.33333333335 186472.099947842 0 4662 40440 73.8752077788695
359.696637532134 0 91 193.2125 7683.17770492811 1.955 373.009366490843 0 8.74 21976.5 1157.44855967079 0 609.259259259258 0 9056.50254500703 0 949.2 1200 19.9417664892921
924.510539845757 0 54.6 269.7 19747.6929905396 0 958.727590972172 0 0 16199.82 853.204938271605 0 449.11111111111 0 20783.7152240171 0 0 5160 51.2553395799995
16.511411965336 167.849984629573 15.681252742067 113.302444157955 2.92333379737584 0 2.89265583658058 0 0 1859.03078298472 97.9106091574778 13.6594473683419 51.5383121871742 21.4536440871317 466.149742973237 0 86.9918038492322 194.027076880242 2.69794313159085
1804.8 5738 400.4 893.5625 557.2 0 2263.161995108 0 0 456106.56 24022.0181069959 68.1028806584359 12644.7407407407 106.962962962963 99261.8048203974 0 14666.4 19360 2074.49605483871
153.6 0 1424.68009597454 10293.8036694018 84 0 745.95596849128 0 0 44813.3100789461 2360.20754919829 0 1242.36908077511 0 19009.7977108743 0 0 8840 39.8801774735381
188.373680943513 0 142.850041382164 385.054117956411 42871.7136915026 0 2081.37197636167 0 0 6981.79577255328 367.714124672143 0 193.557833171125 0 41351.9518119256 0 302.182779846886 3139.56134905856 111.273972341335
1904.03777892031 0 3771.05689013571 27247.182973135 126 0 1974.50810372462 0 0 18334.68 965.642798353909 0 508.296296296297 0 39260.6571041656 0 0 2120 105.560833246953
270.625936599424 114726.726128017 64.1327089337176 160.309748739193 28025.1474049086 0.399361191162343 1360.58840245388 462366.432325355 1.78537944284342 264919.394063401 13952.6572059945 1249.36562041682 7344.41761838688 1962.26425801402 58162.940337135 0 3690.09740634006 10077.9971181556 129.2494565466
19699.2 205964 564.2 1398.525 322.7 10880.425 1276.75113552033 0 291671.8 750466.08 39525.2148148148 2444.53497942387 20805.3333333333 3839.40740740742 185270.538668044 0 2889.6 53720 1405
27456 69007 3767.4 16134.15 250529.3 50575 70109.550617284 5205319.40833333 1316544.496 701866.62 36965.6 819.02674897119 19458 1286.37037037037 154638.847819056 0 10365.6 27000 134.377910583322
729.6 234352 2455.93990797865 17745.0104820111 135.8 2.125 1285.91887946566 0 9.5 150570.42 7930.17613168724 2781.46502057613 4174.2962962963 4368.59259259258 41961.1943793317 0 1646.4 20920 74.8290347333295
1528.20040561431 178629.300821668 4169.33427486483 53691.7519953615 34305.3948357451 2.20081571968174 769.697789040252 177419.257369159 9.83894086445959 428838.177775362 22585.8590402446 2057.20241600172 11888.7734868385 3231.05959252623 95130.7757222727 0 0 14998.1515711645 714.08086611401
562.464074761214 0 1113.99261509656 8048.97976841845 79.7472627597639 0 583.281427482892 0 0 20650.6701110025 1087.62033882631 0 572.502990696275 0 13830.0629889357 0 0 8748.08346436616 43.7338414643169
7968 168667 91 5129.48144824701 613.2 0 639.209084143132 0 0 213674.37 11253.7069958848 2001.86625514403 5923.74074074075 3144.14814814815 59378.8287057293 0 3906 56880 92.5515401830145
2380.8 1963 4531.2858483747 582.9 527.8 0 941.892281227092 0 0 554561.28 29207.387654321 23.298353909465 15374.2222222222 36.5925925925928 118929.061983797 0 2494.8 33960 750
1572.78761953728 0 3114.99680050435 9086.11474977496 185.5 0 1630.99804772523 0 0 97982.2192437101 5160.48408695557 0 2716.38224089373 0 39573.956369357 0 1083.6 1280 357.653626963192
472.126808653362 1634.13746630728 381.859441607624 1113.84342486968 16.8881838001006 0 199.939853442752 0 0 42605.7211931913 2243.93923640226 68.5989388264667 1181.16761697132 107.742076136173 9266.33264480276 0 333.216857286601 6282.03320476272 50.880027507367
2572.8 239939 746.2 1076.2625 474.6 5402.005 1514.06273824809 0 160052.04 1110817.89 58504.0641975308 2847.77572016461 30795.4444444445 4472.74074074073 246316.06503506 0 13028.4 56040 223.976606325721
61056 4069903 4422.6 27105.9375 984525.5 328979.92 176338.745679012 13547159.8305555 8279054.316 1609119.33 84748.3835390947 48304.6563786008 44609.9629629629 75867.7037037037 544950.522199314 0 72055.2 101640 515
55027.2 418874 2429.7 9430.075 97502.3 80070.425 24357.787654321 2021281.55833333 1436231.056 950766.18 50074.5316872428 4971.51028806585 26358.2962962963 7808.29629629629 225015.353322138 0 43814.4 38160 258.249734867136
7795.2 131823 573.3 4936.41781659257 542.5 0 585.57423031384 0 0 277343.43 14607.0008230452 1564.57407407408 7688.85185185184 2457.33333333334 59244.8568076731 0 1688.4 37920 86.5082755948915
727.806169665811 0 1441.4621921829 28.275 390.6 10.88 307.183518765824 3.11111111111111 48.64 45341.1908876169 2388.00974161628 0 1257.00363452425 0 25890.0662478415 0 0 28480 283.169201271161
693.986384097835 0 1374.48015180482 39758.9633245045 14823.6601554215 0 719.671507806296 0 0 43234.2709175377 2277.04341464385 0 1198.59303682721 0 17504.4928181084 0 0 1322.50109548543 38.4749618828197
1843.2 18573 2971.98936638592 130.5 186.2 0 1556.12001066927 0 0 272948.13 14375.5111111111 220.438271604938 7566.99999999999 346.222222222224 75864.610566437 0 3326.4 23480 83.1930366092915
2547.53342930592 0 136.5 7457.24803995954 54415.7214837843 0 2641.8201657355 0 0 158707.365126876 8358.72915046743 0 4399.87858467859 0 67542.8285966687 0 554.4 3960 141.23656289766
57.3166272493574 0 113.518893638022 820.213047953173 49 0 59.4379724157544 0 0 3570.73661293748 188.061972998804 0 98.9923028602465 0 1367.98609330433 0 0 5160 3.17766327870766
0 0 0 0 0 0 0 0 0 0 0 0 0 0 0 0 0 0 0
0 0 0 0 0 0 0 0 0 0 0 0 0 0 0 0 0 0 0
0 0 0 0 0 0 0 0 0 0 0 0 0 0 0 0 0 0 0
1064.47016812974 3375.65458305693 573.478118377895 4030.87937745574 22.4070822794227 0.0784109507513763 300.270514350462 0 0.35054307394733 1673.96402321083 88.1635950950372 55.7146723340577 46.4076664076663 87.5059377187037 5971.99185645467 0 206.894212170808 2627.22809105788 14.3198548530104
0 0 0 0 0 0 0 0 0 0 0 0 0 0 0 0 0 0 0
0 0 0 0 0 0 0 0 0 0 0 0 0 0 0 0 0 0 0
0 0 0 0 0 0 0 0 0 0 0 0 0 0 0 0 0 0 0
0 0 0 0 0 0 0 0 0 0 0 0 0 0 0 0 0 0 0
0 0 0 0 0 0 0 0 0 0 0 0 0 0 0 0 0 0 0
0 0 0 0 0 0 0 0 0 0 0 0 0 0 0 0 0 0 0
0 0 0 0 0 0 0 0 0 0 0 0 0 0 0 0 0 0 0
0 0 0 0 0 0 0 0 0 0 0 0 0 0 0 0 0 0 0
0 0 0 0 0 0 0 0 0 0 0 0 0 0 0 0 0 0 0
0 0 0 0 0 0 0 0 0 0 0 0 0 0 0 0 0 0 0
0 0 0 0 0 0 0 0 0 0 0 0 0 0 0 0 0 0 0
0 0 0 0 0 0 0 0 0 0 0 0 0 0 0 0 0 0 0
0 0 0 0 0 0 0 0 0 0 0 0 0 0 0 0 0 0 0
0 0 0 0 0 0 0 0 0 0 0 0 0 0 0 0 0 0 0
0 0 0 0 0 0 0 0 0 0 0 0 0 0 0 0 0 0 0
0 0 0 0 0 0 0 0 0 0 0 0 0 0 0 0 0 0 0
0 0 0 0 0 0 0 0 0 0 0 0 0 0 0 0 0 0 0
0 0 0 0 0 0 0 0 0 0 0 0 0 0 0 0 0 0 0
0 0 0 0 0 0 0 0 0 0 0 0 0 0 0 0 0 0 0
1269.05562307223 0 1513.1041720709 15827.4952681853 56.1720946822309 0 1316.02462911966 68610.678298536 0 79060.1888949951 4163.90698081185 0 2191.80270393655 0 31048.5243019187 0 261.124332036317 9528.29096411588 133.528782771383
46.9971430325065 0 600.812142127689 2366.29865522767 7.74825949924285 0 17.3667564885076 0 0 495.44166804592 26.0937021400423 0 13.7352364425559 0 974.595881917188 0 34.6622389689052 468.408634714936 2.60554576892418
0 0 0 0 0 0 0 0 0 0 0 0 0 0 0 0 0 0 0
0 0 0 0 0 0 0 0 0 0 0 0 0 0 0 0 0 0 0
0 0 0 0 0 0 0 0 0 0 0 0 0 0 0 0 0 0 0
7968 231483 5560.1 18891.6875 581 0 6779.20051270844 0 0 343335.72 18082.6534979424 2747.41358024692 9518.37037037037 4315.11111111112 85344.6482007982 0 6190.8 39560 280
2496 20838 182 348.725 201966.8 6300.03 4652.78716004924 1787632.91388889 110859.2 478899.33 25222.4576131687 247.320987654321 13276.6296296296 388.444444444444 89186.6087383785 0 15842.4 11280 143.018009327006
9580.8 2265 718.9 2442.1625 88824.4 0 12378.4927177882 516346.813888889 0 578798.22 30483.8880658436 26.8827160493827 16046.1481481481 42.2222222222223 111356.950462693 0 7635.6 28920 590
27283.2 51189 1037.4 4414.525 529457.6 49590.445 151405.965432099 4538079.71944445 989908.888 662120.55 34872.2716049382 607.549382716049 18356.1111111111 954.222222222221 126509.592520447 0 22033.2 22560 279.620230007318
11366.4 499206 2265.9 8379.9125 2481.5 0 1115.58340442013 0 0 317215.08 16706.9432098765 5924.95061728395 8794.22222222223 9305.77777777779 83154.682762141 0 3998.4 95240 754.9194854426
3206.4 51340 151.400275041576 300.010097217442 24966.2 0 3930.3832377337 276072.222222222 0 237408.99 12503.7514403293 609.341563786008 6581.74074074074 957.037037037037 55348.4108648614 0 7383.6 14720 990
316.885611643531 4627.22053982883 32.6983173607418 83.4510511520887 20.5483558903227 0.0465900778189002 59.828454940472 0.142104812519521 0.208285053778613 39850.3261015661 2098.81930920159 188.17033059838 1104.77920332537 295.541919929488 13646.7978879793 0 991.948433311265 2306.97012781691 12.2592510985185
172.8 9354.36312897132 64.5445759242676 232.818349430728 409.5 0 1675.59087478346 0 0 94838.8926661516 4994.93275622638 111.024586233533 2629.23911882 174.376158401231 19948.1865694264 0 638.4 12920 51.504541926111
15148.8 8154 2602.6 9210.7625 150826.9 68733.125 6304.44296511744 2201665.00555555 1668420.812 658981.05 34706.9218106996 96.7777777777775 18269.0740740741 152 160033.604988889 0 81841.2 13160 655
3.19954904171364 15.4444019034076 0.220574971815107 0.475233681387401 0.213151775648253 0.000498982701521985 0.301109598558414 0.00924217379901039 0.00534318630214205 108.570964583921 5.71816743247224 0.63464134651296 3.00993631649548 0.996773090734476 27.7213039551576 0 4.64639057215333 7.612563416009 0.109833004509583
0.194703019947253 0 0.0385349726978939 0.101191913376175 0.0109988484825972 0 0.0289754055532332 0 0 10.7238338896484 0.564798129352821 0.0125540185778686 0.297299164654359 0.0197174482371116 2.85000053291352 0 0.466163961219865 1.06088183945619 0.0058238359458954
