0 38020.8806887481 1036.30778460575 2627.80862652209 7867.89452116098 2.83314198034251 0 361040.534510458 70.5183047937401 12989.2949134083 537.166828545072 874.156779413642 240.323503128148 1337.87031574595 7199.92884134434 0 384.492549541384 3904.85478106861 14.383949128303
224.41475192825 2685.00867415056 4.81927231075244 8.74402784402673 11133.8532323537 0.416115057189499 0 78144.508509054 14.1250169260573 1754.69506134057 72.5646763313568 61.7393466116164 32.4647694023583 94.4901888201758 614.654766958617 0 66.5378976964836 1155.16582664083 12.2132705009437
2444.39232752561 29829.1789372286 6314.30638356848 18886.521217234 11283.8955804124 4.24778612741377 0 3948451.82150512 144.191011383342 17912.2798144975 740.754798786904 630.247657519836 331.406890268389 964.574836483904 5722.22357616485 0 260.068209117046 4001.54406430568 15.8056612130056
0 0 0 0 0 0 0 0 0 0 0 0 0 0 0 0 0 0 0
931.824 7608 23.84 127.715 119.25 3.55081161566231 1284.0972475313 0 69.7862126032452 46483.92 1922.32296296296 164.773662551441 860.029629629628 252.181069958848 6533.85449381552 0 498.8 2078.58 0.533907906180279
477.416 0 65.56 223.04 180.75 4.28815718561324 338.527351381151 0 84.2777036414315 7081.09054371243 292.835521509337 0 131.011921492053 0 4605.29277059489 0 371.2 11442.48 11.8650149146694
5096.272 54511.32 786.72 2708.5625 256.25 9.89058858746934 776.039089133611 0 194.385620147192 48589.17 2009.38469135803 1180.60329218107 898.980246913579 1806.87736625514 10523.7697022587 0 4479.05 19571.58 77.67857142
402.64 0 59.6 119.515 130.75 3.23784660294969 277.001836641004 0 63.6353250658149 5346.6988194976 221.110481146323 0 98.9227975066154 0 3104.52535923869 0 275.5 3889.62 0.486849793069451
506.176 27997.44 2482.34 8835.09 11961 17.0757287679007 8551.27985410486 1359588.47777778 335.599453627957 9684.15 400.483950617285 606.3670781893 179.172839506173 928.026337448563 11756.4089131627 0 353.8 2517.62 28.4604015720275
9105.416 189115.86 3123.04 13782.15 188744 22.6125269356622 8177.47792356349 0 444.417441147296 120083.46 4966.00098765432 4095.86131687243 2221.74320987654 6268.59094650206 34087.4911850516 0 4081.75 16525.74 223.541666642
1607.98787836523 59503.8335141521 2581.04752205644 5351.79370925235 414298.02977822 0.75037864904314 3943.79155575674 6.1850382473781 111.498735835887 49415.751890184 2043.56763781069 1276.0243521622 914.27338305342 1952.91639112136 11122.1233934677 0 2132.0072060493 15429.3348259812 95.6656875444694
1656.576 2377.5 667.52 1680.385 183.5 2.295 461.568132088769 0 69.5243339852916 28041.93 1159.66222222222 51.491769547325 518.822222222222 78.8065843621399 6422.14290029022 0 725 6633.62 48.333333328
483.168 0 969.960359498019 3842.22065611129 8865 17.5859511571974 12988.3733974713 812455.138888888 345.627157710408 29039.9131960949 1200.93339759866 0 537.286566849655 0 13582.3044286317 0 0 706.58 2.64426260157329
8633.752 530467.8 1063.86 6572.915 76471.7067576173 12949.053 2406.29673697098 0 185187.41405 191198.805 7906.9461728395 11488.8436213992 393.69023239 17583.3251028807 40839.4977821681 0 5034.4 19797.96 360.773809484
2924.58042722406 13486.5507791295 107.31855740241 345.648987371118 152.3442078986 0.447081680100556 187.026452980119 0 25.9040942095937 23393.3001376717 967.420089229372 577.977831265918 420.515065318815 884.577460039343 3877.89564060693 0 484.741263063981 1085.71428586497 0.356861969836563
6971.424 90154.8 533.42 4963.665 117.25 1.989 1012.73375815805 0 12.989 78062.67 3228.24888888889 1952.56790123457 1444.28888888889 2988.34567901234 33702.0678764267 0 4234 13809.18 295.178571396
2703.44 25829.16 306.715995104396 1619.459138931 212.75 5.56094118302792 449.54721773094 3.1 109.292484557941 42062.895 1739.49333333333 559.406584362139 778.233333333331 856.154732510289 7255.75327341876 0 868.55 9480.52 0.83615544410354
132.296 77753.76 2595.58 5245.96851657864 43707.7192504963 17.561986979081 6351.02663333275 143683.888888889 345.156175464684 10105.2 417.896296296296 1683.98683127572 186.962962962963 2577.29053497942 11972.6885478196 0 1123.75 2634.24 2.64065929462652
4739.648 36765.66 464.88 865.51 175 10.945548936036 860.805225370424 0 215.11938333765 52420.725 2167.83703703704 796.268724279835 969.870370370372 1218.66502057613 12289.1101787717 0 1764.65 16724.68 407.380952336
891.56 0 354.62 982.36 197 5.04177693622521 426.904662844816 9161.76666666666 99.0890408315635 8325.55278206441 344.299734022488 0 154.036537271831 0 4629.34169607551 0 1103.45 7566.58 0.758092757040263
4572.84 33189.9 1423.20364539759 1628.14270495771 64218.9822105463 25.80351820528 9331.45159204504 381420 507.131890478936 20273.5575 838.404444444444 718.825102880659 375.094444444444 1100.13991769548 19766.0720609801 0 974.4 3381.98 57.3917789561119
4693.632 4317.54 3859.1 10856.0825 2163.25 22.797 634.735148671499 5.69444444444444 314.61745 41957.6325 1735.14024691358 93.5090534979424 776.285802469138 143.112757201646 9277.04009722855 0 466.9 8183.98 107.88690475
1110.136 1236.3 646.66 2588.0225 12035 7.19533389798828 2602.08353851294 1610004.59444444 141.414176674841 17915.6775 740.895308641974 26.7757201646091 331.46975308642 40.9794238683128 6216.83296773095 0 0 768.32 1.08190635594346
166.808 16699.56 756.92 5436.78648342136 41396.8417813402 16.6334644956502 6015.24053868743 419344.133333334 326.907370839348 8147.3175 336.92888888889 361.678189300411 150.738888888889 553.537448559671 11742.1189523927 0 745.3 2202.06 2.50104459561428
9105.416 307039.86 4806.74 12913.2575 75528.5 5.253 1301.62977887803 12.6666666666667 193.46206707841 103620.405 4285.17827160494 6649.85308641976 0 9757.74324241457 18122.4730671344 0 2312.75 5213.6 2.49606988079971
724.752 0 1117.5 4654.32 68657.25 12.8172585492076 18888.0140051786 2918027.2 251.905205604361 21165.3081686492 875.282418324054 0 391.59331109081 0 10994.1804658557 0 449.5 2647.96 40.7665171195161
62.7999286459179 0 2085.88250095638 5661.09185244964 7313.95108556098 9.08187410546441 3284.32223489768 1319188.42327392 178.491473432232 14997.0185475358 620.195395093822 0 277.46972086231 0 7474.68286187421 0 36.9389937271712 1169.22529799867 92.4566266735434
0 0 0 0 0 0 0 0 0 0 0 0 0 0 0 0 0 0 0
191.117922811661 18159.6673243329 162.16548201732 368.124003089923 17.6106156561223 0.420300153040825 812.752156499351 7.16673342029662 3.92176801063779 3847.23668027795 159.100854972036 350.31343426247 71.1802605554129 536.144037252851 1727.05270818884 0 199.06699825512 705.783766795807 11.1040026373628
1261.89705326971 130368.637865218 85.154195384766 214.66452718342 940.67824626709 0 279.689959423507 52.3794313460878 0 32174.8324512237 1330.57666501606 2725.20289668074 595.287773415438 4170.83999771718 14228.733837992 0 2806.82534040499 8542.9439406653 197.305182637082
1722.29098082559 48787.8804270052 335.251837999468 933.770263574058 120.505468356804 4.67829487925947 201.191459201456 47.2701465858056 13.50742982296 16852.2137855511 696.91621396659 1166.05731877001 311.79391024739 1784.6151971585 11934.4847378465 0 613.604325589887 5883.14186938115 68.2300020033855
4035.15487789657 432122.46604714 509.2330631631 479.578266763388 552.373671775585 1.01930555442985 645.855294166329 118.091058128444 2.94299495862343 46746.8067355465 1933.19453335547 9352.77205633937 864.893470325654 14314.1326576542 25819.0098531819 0 1850.38934300003 11503.2429230258 239.77711773187
3175.21295098178 241654.693162178 263.949154123727 668.070411323347 1116.11609304234 12.411032018183 363.982273539166 111.520410879918 35.8338130328911 25295.8049919865 1046.09737738833 5289.06353721495 468.014354177563 8094.75058842489 14104.4311609804 0 4886.88859127149 5585.14334463013 184.554839202758
237.03119903677 124613.465139277 47.9692507177921 80.187524312309 160.729184032602 1.10007335370937 193.864804615556 27.1324956520844 3.1761921830138 15737.746946374 650.827906517242 2186.48301604889 291.174424994597 3346.34563495194 7793.16501103913 0 498.091451329073 2930.7022987867 133.375673122001
151.929118979982 103208.823576503 32.0900891351482 61.1030325190501 141.361779889701 0.0828970265109564 114.468010000156 16.2122640340854 0.239344846151732 5410.94340205078 223.767288839993 1618.60399145796 100.111428855669 2477.22409082277 3960.27861374209 0 264.559358382148 1417.50258111978 1.79872559990564
24.6662125420472 3314.5282490301 5.01897710544871 5.91864235491987 821.659402479725 0.0905203743824734 12.2624352981197 0.184472527982348 0.797359865992207 536.492474220462 22.1864206515029 91.8255039892701 9.92600073106806 140.536135975586 548.553242840862 0 51.0027313367973 155.086910780059 2.24829884303509
665.105882803353 167707.9988648 156.739678601826 328.607315956528 149.234140567148 0.63868037781185 297.949936575095 51.040292779642 7.83034666341994 12479.1258094871 516.0689998021 4235.98958536919 230.884528414013 6483.05299179382 11380.0987819354 0 632.52316501922 3759.94060484924 52.9624659646647
176.71553587237 40152.762679156 6.36016509389539 11.8708291541881 24.5302199289899 0.20051032660903 47.9378204958046 8.8264728819344 0.578924423395679 1863.49579660394 77.0640849824351 630.07437634935 34.4777634883129 964.309634932276 1862.26904718536 0 104.242903693658 772.900472302274 19.5363916505637
66.8920403690007 34252.3187476226 4.14889464667963 5.48156121079519 3676.70439547527 0 462.633591694065 9.62388120245024 0 2039.64996410839 84.3488664986114 578.506842572396 37.7369077996482 885.387095725182 2090.47667204081 0 130.744233294349 1116.32128163944 24.6540603139244
4.4224407593607 350.123293267747 2.62547234936595 6.8095433143243 56.0925465914328 0.00198037817963532 7.05803173320021 0.143085420963976 0.00571785660688827 28.920925189465 1.19601269862444 5.006683035553 0.535085091344314 7.66257583463256 36.7465009233434 0 2.38482404141967 11.9752735049149 0.0744773410144819
1507.35694274277 347078.099736887 109.100862740959 157.41296766983 396.940616825107 1.32666803244702 699.213152740171 27.4529183346274 12.5859078976532 44825.4103444669 1853.73599363836 7704.17981647568 829.34444979141 11791.0124663744 29553.6423467614 0 2986.78545198911 12570.8010314595 295.516698420254
129.441563588372 1633.4472621644 6.42502243624041 12.9374097259378 20.2466363474229 0.105376836097735 19.0310263543257 3.54628604674656 1.99969390618869 1532.86475268415 63.3909772067689 166.324540161561 28.3605407100618 254.554640886625 807.397926991185 0 124.59485797515 268.385728173117 0.308174865074363
105.531200066521 13206.506652453 55.3307552102285 281.473041964222 3565.25246427528 0 55.4820923483056 13.0353651132721 0 5571.6201107617 230.412006556751 358.612992625187 103.084214504615 548.846258443344 2533.52154201637 0 498.473009180693 1093.40469088394 0.876570407763509
11273.0320473324 376676.808597918 1377.24329053592 3783.05152951879 76904.9270262332 4.38619706181301 9676.81890687248 30.5405415892616 12.6640689676856 93145.1231309105 3851.97739524898 8220.3531351287 1723.33929126638 12581.0000030142 51993.2067545078 0 1578.34464879282 16150.135689709 180.700157867355
1920.09585865181 197430.287717792 291.877021978647 1946.31650947338 228.872202551398 3.72092231484216 412.906031096101 73.3241488153702 10.7432511933433 41997.3395644094 1736.78231586357 4274.72542845123 777.020449028582 6542.33701936791 16864.0699758695 0 1618.74612603655 8419.37879506189 6.19505021173867
73.0979465170778 6836.59063899846 17.6189575669729 19.3857123665848 1800.30505984351 0 226.529387841292 4.63310136947852 0 1608.10602907064 66.5025485492979 243.999939346029 29.7526291368456 373.434472605511 1242.38936828997 0 249.404818803179 845.213865126914 5.25232380227872
179.342712563681 2314.31731025749 6.09574899473551 63.8538075371356 15.9615148072442 0 10.9951634652957 2.08141219510254 0 646.830159796801 26.7493892364154 82.3312309524702 11.9674309473753 126.005440378805 492.864523922577 0 40.8356502126822 107.157242243026 3.72718220203544
25193.76 153947.88 10993.22 25133.7175 89174.4472777043 41278.023 6045.01072979382 21556.2333333334 641793.15035 87157.35 3604.35555555556 3334.19506172839 1612.55555555556 5102.88395061729 47439.0525365131 0 2433.1 19551 186.344278490691
14471.7732347984 349571.69695276 8141.21442951885 24683.8136365329 826.985212938882 1.88696625975293 18.2253531305687 80.1818996261378 9869.24686112487 119239.227921066 4931.08812506862 7571.21441574757 2206.1235159659 11587.5129719533 37986.3987016683 0 3375.53964304291 10591.6506140442 71.426998477065
6987.38944914053 61739.1773059927 2754.83834875666 10074.5522348013 42009.6449411405 357.328517720253 10875.0749931029 35422.1986311052 2339.94451266669 6210.07542141992 256.815057429051 1127.9749581391 114.896696850348 1726.33130456454 6729.02924578969 0 419.467045528522 1817.94147891838 18.5375126321539
4371.52 301980.54 2720.74 9187.9975 37382.6678379165 956.422155204394 585.280029820236 0 10195.4931855642 25115.6325 1038.64641975309 6540.27860082304 464.680864197531 10009.6971193416 14587.4754801384 0 1990.85 4966.64 206.410211455684
21823.088 566396.58 9524.08 10633.555 116651.714907102 1.275 7907.65617045304 12.4166666666667 14588.1734167229 119893.9875 4958.16543209876 12266.9872427984 2218.23765432099 18774.2502057613 64631.233894736 0 5151.85 9494.24 276.19047616
5465.28634628336 25626.7874958681 501.912756696989 1522.20342689853 1288.28813388953 12.7932924561492 409.173331924185 7.94923578652282 2527.30709775588 32117.0769311957 1328.18820977416 533.115052975499 594.219200487449 815.916344813652 10873.5045518347 0 1509.11193144695 2447.78328994321 26.0523324739771
45.9820091923835 0 119.703849802615 0 1408.43479709935 36.0342993696219 95.4758198182771 0 384.126875010594 1872.28846745732 77.4277021878521 0 34.6404424847807 0 712.690512585784 0 0 308.471971437952 1.86938978175298
0.0219477546228354 0 0.0102302000127507 0.0133319125283954 0.0102393356814402 0.00307958424460393 0.00815961002702004 0 0.0328284743398905 0.0623068315233344 0.00257667281474476 0.00177835775855647 0.00115277974057284 0.00272172236374478 0.0558960238106185 0 0.0129628950200567 0.0182893063301047 0.000190978426423136
8300.136 268258.08 4091.54 13349.2925 3780.75 1498.98162911582 3971.67427800807 195.25 15979.1959039994 49515.48 2047.69185185185 5809.91934156378 916.118518518517 8891.90452674897 25547.1424250791 0 3110.25 23907.1 459.166666616
9422.38167172035 184528.727274882 329.177573363381 953.106619245594 15374.1046284308 565.902303847949 17290.8563947015 20576.5028514158 10422.837944262 21953.5788767177 907.881021951958 2853.12714985615 406.177626809193 4366.62416941022 13224.264717457 0 1104.35598812323 18507.2697182792 52.8158950056572
1493.07380593951 33840.1527776083 90.245478650609 584.542807795607 353.670559908307 2.64766217325852 306.74199589475 5.88369371835226 2528.25080430548 27104.8963918162 1120.91159142172 754.909523043183 501.485546077075 1155.36602327888 10758.6402525465 0 594.685690091693 3780.98271828384 39.2664830082763
7632.904 97553.58 575.14 1914.085 14862.25 493.319764272964 1307.09101468551 0.555555555555556 5258.80571417155 16757.79 693.01135802469 2112.81028806585 310.046913580247 3233.59176954732 8138.74619141155 0 136.3 8444.66 29.4670611743882
5821.024 68091.6 7581.12 30176.1025 54643.1883347645 1398.02638433865 841.576939052186 20101.1722222222 14903.0095101859 36441.8775 1507.03851851852 1474.72427983539 674.235185185186 2257.02057613169 26982.5398962802 0 514.75 6674.78 72.5269058431301
23727 363320.04 3620.7 29598.6175 77577.6759413468 4568.886 1249.43522233801 103627.983333333 71160.6147 56736.4875 2346.31358024691 7868.76625514404 1049.71913580247 12042.9069958848 36411.7320806612 0 1805.25 12155.92 365.952380912
14891.928 125608.08 2115.8 14151.2525 171121.75 2219.469 30854.9125925925 166225.127777778 36496.4705 35873.46 1483.53185185185 2720.41316872428 663.718518518517 4163.50946502058 25367.0332850591 0 4483.4 13514.2 62.2460382392888
149.030173940626 3880.74408236347 17.8726046312018 27.2455262814173 45.2212882279402 48.8073890110038 29.4634650588964 0 520.288451453247 3939.39794656019 162.912145381065 61.3692731430514 72.8853968629128 93.9238026525022 1093.24798841051 0 22.2627880506782 538.15012296382 2.53203297656265
26010.544 835320.36 32985.62 132412.6775 358827.5 24163.902 54005.3446913581 121367.455555556 336317.73055 75094.2675 3105.49185185185 18091.3242798354 1389.36851851852 27688.2205761317 53361.7126219717 0 3933.85 10921.12 933.103587494562
3848.088 92170.92 3239.26 16042.685 644.25 6944.007 496.085429167722 8.75 75130.23755 58273.32 2409.86864197531 1996.2329218107 1078.15308641975 3055.17366255144 18222.5095878222 0 759.8 4980.36 131.71003546529
5435.64 250702.62 312.9 3690.205 304.5 2882.265 732.935398173454 0 37396.1773 58041.7425 2400.29185185185 5429.70411522633 1073.86851851852 8309.99670781893 22537.1113531755 0 2012.6 6324.92 63.2687799377542
641.670193705042 6949.51001327643 176.53128539776 441.69548656428 55.5744377333292 99.3291360894553 60.6904151695747 2.24303286198148 1058.85201907686 4419.92765699456 182.784249471124 208.16146391409 81.7759936303738 318.584777938446 1978.45389933497 0 140.995537782904 729.431120081747 5.15300353508518
8.21201710312915 122.217679108358 1.29407322135396 2.06548904259905 102.557326090585 0.027456076827982 6.95221731743276 0.0252818386997992 12.977636651866 188.853372027084 7.80995177860753 4.04938433211035 3.49410066101911 6.1974593374556 57.1338534617135 0 0 16.1395094191968 0.251139848874096
9594.336 151456.26 5673.92 36441.005 98748.75 5278.908 576.84179748516 451580.833333334 65906.7688 22841.9625 944.619753086419 3280.2316872428 422.614197530864 5020.29465020576 18051.0250381794 0 2446.15 4952.92 94.2463115960147
241.356245928032 37889.4131539611 1090.17055865956 465.674660391315 151.152820282246 0.875446618417045 869.520303661088 0 1608.35097517798 15438.9231039422 638.470172182711 815.141291655945 285.645688207098 1247.548909907 6795.13512464408 0 434.194820659347 2956.98784167549 17.0249637424912
347859.631015986 2046950.20651238 85898.5259881229 519947.568941757 2524156.6859737 5909.43483673582 270439.687471356 1720066.83116598 137136.203110207 103490.372284966 4279.80082335949 44283.3800670763 1914.74356178378 67774.363898862 100929.416674559 0 8350.86841327661 112951.046900112 937.017864464041
41548.2412297555 279623.08444922 32914.9737485273 107576.981059894 415517.225854615 7597.88149404265 76538.2875344751 415719.505549618 89232.7058325084 28949.7127104353 1197.20319444768 6548.5593679145 535.617708236308 10022.370581064 22450.1335136942 0 1737.91672418372 9321.27545822997 49.0049445518576
1894.39198414547 38115.9035791995 194.521198236692 789.913517427703 24434.6230230102 625.151070399816 406.297104646111 88.1055356056468 6664.13198766541 16282.3529857462 673.349860243466 819.714310021827 301.250540140121 1254.54777517826 12148.3515493708 0 1352.34167383028 5800.92121221104 58.6808972310578
15610.928 133159.02 402.3 18201.745 57423.6726408695 5.661 915.002087914698 27.3055555555556 7210.32691053533 58147.005 2404.6449382716 2883.95102880659 1075.81604938272 4413.79917695473 30024.433586446 0 832.3 12341.14 254.61309521
2.35679618143802 48.4773190598091 0.590155093880022 0.873555191033701 0.469488112754588 1.03811315439813 0.676146288154503 0 11.0663220565492 56.7156066296826 2.34545006063631 1.92554270284293 1.04933280506346 2.94698443631904 21.729612544966 0 2.43587505192089 11.5242088663292 0.157133023107025
3750.304 270901.86 2966.86539986887 37584.419218828 795 2719.779 9956.14469135802 81872.6444444444 52336.21345 26020.89 1076.08296296296 5867.17818930041 481.42962962963 8979.5374485597 14771.3752086054 0 1257.15 13637.68 257.958760155264
10255.816 40797.9 989.36 3700.3525 20547.6948742988 525.70540715198 324.894668086773 17913 5604.03778505825 9452.5725 390.907160493827 883.598765432098 174.888271604938 1352.32098765432 10691.7929280932 0 1054.15 3752.42 13.1895707469632
16755.576 72009.72 10763.76 42587.93 135184.25 3115.998 7609.25629629629 104151.188888889 51482.0193 36062.9325 1491.36740740741 1559.58271604939 667.224074074076 2386.89382716049 30144.0786045716 0 1342.7 5549.74 62.5784333813115
15507.392 154271.22 5381.88 36548.3225 51087.943053612 9507.369 3463.18001793092 175810.638888889 176131.8103 40905.0075 1691.60938271605 3341.19794238683 756.810493827159 5113.60164609053 26685.0294360238 0 2749.2 4205.18 226.711847999613
2134.27563535294 35119.2910548296 63.0264359216012 120.220904301711 69.6645080906665 257.456879480797 157.534615372245 2.79317675581752 2744.49922143651 10951.7448912033 452.904804260751 760.418226844465 202.625447737191 1163.79692659912 5027.49114759191 0 186.693460696772 1285.4261271824 48.3615853444152
13204.2951064158 45643.145025039 2781.0253282798 15620.43839373 273352.67028532 707.141041412658 1873.62795550678 66308.316820731 7538.14790856113 17649.0576313262 729.86935609895 838.822746941988 326.536843234854 1283.79265565946 13279.3602180479 0 193.687529655228 4337.07751690705 36.6851100257387
15052.984 163724.16 13410 95332.38 101874.75 7023.567 3023.95180289632 288074.072222222 101741.6869 22905.12 947.231604938272 3545.929218107 423.782716049383 5426.9366255144 24184.175305334 0 923.65 10015.6 59.208128420446
903.711908235833 6935.65390674234 62.5736368609595 180.687807454074 5452.2241224604 0.571601037640955 84.5692605808708 3.52290006137218 5.2091448779713 6302.51821006935 260.637990077183 562.177324432587 116.607041788643 860.395265764961 3350.14072441889 0 329.825141616815 981.453700389997 63.5165482286978
0 54302.1 951.340169113227 51.66 47.75 1.224 758.789151075067 0.916666666666666 1406.18815633987 13620.9675 563.28938271605 1176.0720164609 252.010493827161 1799.94238683128 5551.0880629595 0 258.1 871.22 22.6501850802326
3083.072 303464.1 4834.75743034866 0 671.5 4.386 894.74409747209 25.6666666666666 7135.72430207137 57325.9575 2370.69086419753 6572.40946502057 1060.62530864197 10058.8724279836 30738.3450760394 0 2040.15 10475.22 75.5033873384301
1794.624 304091.76 1749.26 14273.8425 5194.5 2.703 1119.59377716203 0 9224.04744337228 76483.7325 3162.95259259259 6586.00329218107 1415.07592592592 10079.6773662551 35363.8661972602 0 2908.7 8129.1 342.648809486
10710.224 146872.44 1367.82 28668.635 51581.5 5718.732 590.753128347547 171008.361111111 89970.6428 10484.145 433.567407407406 3180.95555555556 193.974074074074 4868.35555555556 16749.1890702494 0 561.15 4459 167.482096665041
88.2151492256135 13426.891364064 5.55091863190684 15.4207189499307 50.4953532147453 59.2981400316342 36.4578314748573 1.32632874345524 632.120219423354 2647.01282839925 109.466102327201 232.804825259405 48.9741283100281 356.300691605803 1184.38555506835 0 120.912543600042 376.10764544228 6.65296951135416
943.328 74862.72 2011.13199365401 125.46 181.75 605.408534902191 1604.07936898858 2.13888888888888 6453.67587784352 23999.85 992.503703703703 1621.37283950617 444.037037037037 2481.46172839506 11684.9109452732 0 1220.9 2606.8 6.58338285397079
56570.92 210475.32 27252.1 71251.1325 226485.75 16085.502 30702.4041490161 95722.8388888888 225208.17225 107830.905 4459.30172839505 4558.46337448559 1995.05061728395 6976.58930041152 72198.8584833171 0 6053.75 37970.1 503.184523754
11.9221397165791 140.156845363412 679.42931138641 2179.345829975 17926.5449873567 0 282.202705869616 401620.719681132 0 2181.77022238596 90.2261900115429 2.98834804977727 40.366368333298 4.57357563662217 12703.0237456476 0 78.1405888934341 874.449152473496 22.4887901114111
6718.336 12838.5 3077.81378746725 290.28 296 0 563.160375829364 0 0 321092.73 13278.6548148148 278.055555555556 5940.74814814814 425.555555555556 57188.5196846801 0 2567.95 18919.88 487.64880947
262.861169228791 0 569.077194052913 1433.28572855596 69.75 0 107.037573705505 0 0 18327.3287231458 757.918971856803 0 339.085983580292 0 9734.74074692302 0 0 1941.38 8.39701156436311
2036.208 35358.18 1520.6141454113 42.435 17885.5829640995 0.918 790.175121095512 465587.694444444 2.6505 111788.775 4622.97777777777 765.785596707819 2068.27777777778 1172.01152263374 28217.6583047231 0 126.15 1845.34 22.4374033916489
880.056 1597.68 1412.46710329115 3557.45927329107 76 1.428 260.070622072333 0 4.123 192356.6925 7954.83012345678 34.6024691358024 3558.91790123457 52.958024691358 29920.3446425114 0 655.4 4054.26 23.303571426
1020.6521865535 4997.15653779573 28.4727781795042 91.9888444120309 110.048789104628 0 196.279598565862 0 0 124410.478551326 5144.9430201331 211.693890793966 2301.80023093023 323.991049646708 20122.6907341603 0 283.021599018226 1053.39724640616 6.69713755018369
0 0 0 0 0 0 0 0 0 0 0 0 0 0 0 0 0 0 0
19545.296 198112.32 447 1412.5525 54230.5 112525.992 10117.0558024691 250764.816666666 1612955.66645 781405.6425 32314.701728395 4290.7061728395 14457.3006172839 6566.7950617284 154413.701699907 0 13911.3 18453.4 88.7348129691777
389.967246092545 0 844.253515382214 2126.34863516956 23.25 0 438.709665936991 0 0 27189.4777435812 1124.4094176536 0 503.050441392103 0 13267.9008217638 0 314.65 1056.44 12.4573724022044
209.101383094574 3469.84293838862 38.2841008058567 74.0891514968419 12.5999557376013 0.0971996585472097 54.5089532652976 0.182352300590868 0.280640190609346 36787.2569464741 1521.32154027943 106.598492632431 680.625277876006 163.145744967917 5808.90908709225 0 74.8197371656608 1018.82747978332 4.3928609175143
1272.68227829073 31308.5211734694 185.125777535148 660.48390971019 151.477376120513 0.564210676224158 281.092227929481 0 1.62902004066681 182667.495449906 7554.13745420539 634.503687124675 3379.65168292938 971.088560114883 31544.6448868831 0 936.564192637251 6211.4574572959 31.5831139649272
742.008 5648.94 1568.26950262867 25519.1052543102 18446.1090171861 0 814.93885078573 155527.605555556 0 182167.2825 7533.4513580247 122.344444444444 3370.39691358025 187.244444444444 29296.6762881228 0 320.45 3773 23.1405814311837
363.438742062624 3124.39724939855 7.42031866472057 18.9613938530155 25.0560256925338 0 49.8934481678545 0.0806957349195936 0 28187.5114427004 1165.68268156137 57.4837562065186 521.515720409262 87.9771373710155 4664.63505539449 0 84.2463472560557 487.539421663709 3.90902937924314
2956.528 0 101.32 178.35 28 0 813.776138600935 0 0 50434.6038546719 2085.70183232774 0 933.123834514183 0 17141.9888196862 0 162.4 3594.64 23.1075656583225
0 0 0 0 0 0 2.82469135802469 0 0 8160.35 354.341234567901 0 0 0 723.156164383562 0 126.15 1591.52 0
206.452181336761 0 446.955434330306 220.284763036627 80.5 0.663 86.5449918979249 55200.6222222222 1.91425 24757.74 1023.84592592592 0 458.059259259259 0 5707.411355377 0 139.2 4671.66 6.59504543504437
1041.112 21017.1 548.32 1187.2575 140 0 367.911712081459 0 0 163177.9275 6748.15456790123 455.187242798354 3019.06234567901 696.650205761317 33455.9833036039 0 3933.85 15928.92 29.439643358648
205.087551592391 3194.74562584118 444.00110042041 1118.26734113781 49.699383071392 0 230.721662263863 0 0 43726.3418159749 1808.2844768517 44.9826514976891 809.009858829712 68.8445775169428 8232.6432568079 0 185.945691818093 676.113207268462 6.55145279723419
14621.584 67730.22 71.52 187.8825 185.5 0.612 559.372847302438 0 1.767 263408.88 10893.1634567901 1466.8975308642 4873.5012345679 2245.04197530864 51154.8061018458 0 2715.85 13781.74 44.6859797314951
533.355955912597 12857.52 351.64 549.4 29830.25 0 9356.50074827703 300497.472222222 0 149051.7 6163.97037037038 278.467489711935 2757.7037037037 426.186008230452 20191.166878457 0 131.95 2565.64 17.0378764686308
143.67583969352 1645.15739221752 125.170438465618 366.070158238353 19.5415704784545 0 116.203781277029 0 0 8199.19994764817 339.074465692412 34.4005896010597 151.698800235332 52.6490542146088 2590.7898337668 0 42.7056324001327 439.888518389914 3.29966237425043
762.854046478149 0 1651.52898587253 10303.5221024136 26.5 0 858.203983135772 0 0 16147.2675 667.763456790124 0 298.751234567901 0 14903.6726899388 0 0 596.82 24.3691157160712
161.056 0 107.28 234.574718821835 198 1.122 31.3830859191706 0 3.2395 5348.89479393185 221.201294745543 0 98.9634266764306 0 2957.71226255242 0 200.1 4170.88 2.45069710483688
13649.496 112408.2 169.86 587.6325 413.5 0.612 938.897712295684 12.3055555555556 1.767 489702.2025 20251.4286419753 2434.53086419752 9060.30308641973 3725.97530864198 105196.917644594 0 2469.35 42744.66 187.291666646
655.728 76.08 92.38 178.8625 116 0 213.769960344771 0 0 110272.995 4560.29333333334 1.64773662551441 2040.23333333333 2.52181069958848 20747.1240217994 0 517.65 4109.14 16.4320080754236
2341.064 13884.6 190.72 1999.98 222 0 468.876631376878 1.05555555555556 0 191598.8025 7923.48790123458 300.711934156378 3544.89567901234 460.230452674897 42246.9871986818 0 1251.35 9521.68 26.54877956994
2.17510300101729 0.994371523915461 1.77084453228602 4.46007364579244 0.105081304043744 0 0.920205363709771 0 0 193.51220275941 8.00261576428921 0.0281587429982543 3.58029675784635 0.0430960981751504 39.6310098975319 0 2.58550912385554 5.48749841047813 0.0261296747992897
264.592 0 77.48 114.2875 158 0 126.524056077602 0 0 22061.8206213436 912.357313780303 0 408.180278641075 0 7016.28791445247 0 98.6 3347.68 143.594080377239
310.608 0 1073.89424002935 6699.78736821943 34.75 0 195.793262780449 21209.4722222222 0 34585.137054501 1430.25379824009 0 639.882406898396 0 14074.3818091205 0 33.35 7120.68 15.8458333011162
465.912 9186.66 748.118449628225 130.995 8799.4279404654 0 388.753838909526 0 0 82378.4325 3406.72543209877 198.964197530865 1524.13765432099 304.508641975309 16084.4022082196 0 912.05 2202.06 11.0388526173437
3111.832 14017.74 160.92 893.39 143 0 453.059005059504 46417.4777777778 0 123451.86 5105.29975308641 303.595473251028 2284.06419753086 464.643621399177 30600.9891774574 0 942.5 13987.54 36.3851193652892
667.232 1122.18 586.663355530164 2943.41298278368 166.75 0 120.349330905697 0 0 22589.3325 934.172345679012 24.3041152263374 417.94012345679 37.19670781893 6642.64420975457 0 168.2 2545.06 43.1811566514709
1167.656 0 29.8 64.0625 41 13022.187 785.62626465324 0 171544.78525 48689.986786455 2013.55392716375 0 900.845524702444 0 31529.5088083704 0 11334.65 1948.24 22.3082364206305
521.172453344508 0 11992.2344560351 38560.7878807092 11.2114935050614 0 583.7005833866 43015.2718721744 0 36175.4373180024 1496.01999684242 0 669.305599835202 0 12315.0127968195 0 0 1174.06759985003 8.09519746877735
109.735517429306 0 237.570199241789 1482.14764603078 2794.31933548623 0 123.451476182204 0 0 7651.03079481813 316.405160907593 0 141.556761580184 0 2510.65149421904 0 0 1152.48 3.50546416413917
635.43972377892 0 1375.68533252289 8582.59488683883 34.75 0 714.864009055741 0 0 44304.4240258429 1832.1908235305 0 819.705338661189 0 13619.2992903387 0 0 1495.48 20.2989080687801
401.771248380462 0 869.808406278846 5426.54123277428 37.5 0 451.989062994924 0 0 32736.6375 1353.80987654321 0 605.682098765432 0 9936.63113711021 0 343.65 2119.74 54.3841608153162
707.569249280206 16357.2 1531.84102528294 154.365 18017.6344065894 0 796.009080478876 0 0 14547.2775 601.596543209876 354.263374485596 269.148765432099 542.189300411522 13090.9017457704 0 60.9 1399.44 22.6030614800401
248.391747069409 0 537.751843921559 3354.9141776232 6325.07940793552 0 98.0430895259975 0 0 3621.03 149.746172839506 0 66.9950617283952 0 4493.94263121429 0 0 274.4 7.93479074430642
4101.176 9909.42 268.2 838.7575 608 10.251 913.056724262787 0 29.59725 357892.5 14800.4938271605 214.61769547325 6621.60493827159 328.465843621399 76474.250936124 0 3645.3 42271.32 245.98214283
4170.2 13827.54 554.28 583.43 83.75 0 312.210054708052 0 0 173177.865 7161.69777777777 299.476131687243 3204.07777777778 458.339094650206 31353.4643838694 0 661.2 6222.02 67.2068844279289
13235.352 48443.94 2246.31809012098 14014.2790641879 73.75 0 435.518716818917 0 0 268166.745 11089.922962963 1049.1962962963 4961.52962962963 1605.76296296297 49211.809835859 0 804.75 6935.46 12.7522680080406
107.759117660668 0 29.8 54.6325 2743.99203747433 1.173 121.228044109524 0 3.38675 7368.375 304.716049382717 0 136.327160493827 0 2390.09954383268 0 163.85 205.8 3.44232873884321
276.967949228791 0 17.88 76.26 7052.7474966213 0 311.586467065956 0 0 5431.545 224.619259259259 0 100.492592592592 0 5485.02559671427 0 0 884.94 8.8476479027141
4.94654383461525 21.1424285275131 5.13517946938018 32.0372428308701 1.04404778477709 0 0.940113146888687 0 0 623.303799311767 25.7764664924789 3.13963417123082 11.532154251811 4.80511443588974 123.021473521508 0 15.0164423311175 33.2756436849616 0.465716373854175
540.688 722.76 131.12 252.6625 199 0 735.527648410099 0 0 152925.36 6324.16395061729 15.6534979423868 2829.37283950617 23.9572016460906 26196.1605202703 0 2531.7 3320.24 358.097533236215
46.016 0 466.543591868584 2910.66172721015 30 0 242.435689759666 0 0 15025.1984462018 621.360762952204 0 277.991095733722 0 5016.87142595254 0 0 1516.06 6.88407825360112
56.4336152493275 0 46.7794641009725 108.877371284227 15311.3263183938 0 676.445892317542 0 0 2340.88637524571 96.80637159736 0 43.3102811102767 0 10913.1842751774 0 52.1625036640458 538.434771363542 19.2080071282299
570.417984601542 0 1234.91753105543 7704.3758751623 45 0 641.715133710503 0 0 6147.33 254.22024691358 0 113.735802469136 0 10361.271160573 0 0 363.58 18.2218104989514
81.0750201729107 14451.0088142707 21.0017002881844 45.3289634365994 10008.9812160388 0.239616714697406 442.191230797511 132104.694950101 0.691834534101827 88823.3085446687 3673.25057055774 287.16762021521 1643.37855219933 439.501292876824 15349.7684649131 0 636.981099903938 1728.37650576369 22.3109180918917
5901.552 25943.28 184.76 395.445 115.25 6528.255 414.944119044107 0 113022.8225 251619.48 10405.6177777778 561.878189300411 4655.37777777778 859.937448559673 48894.7060695364 0 498.8 9212.98 242.529761878
8225.36 8692.14 1233.72 4562.07 89474.75 30345 22785.6039506173 1487234.11666667 510160.9922 235324.845 9731.76 188.25390946502 4353.9 288.116872427983 40810.703446984 0 1789.3 4630.5 23.196186943371
218.576 29519.04 804.252848986415 5017.55468801694 48.5 1.275 417.923635826338 0 3.68125 50483.895 2087.74024691358 639.321810699589 934.035802469138 978.462551440327 11073.9693437184 0 284.2 3587.78 12.9169167084947
457.823371515287 22500.1940505174 1365.34243286782 15181.8057366195 12251.9267270518 1.32048943180904 250.151781438082 50691.2163911882 3.81258958497809 143782.700073512 5946.07309426848 472.849510543678 2660.2184646082 723.681768384531 25105.9415627953 0 0 2572.18299445472 123.263959017984
168.504862397214 0 364.801977251401 2275.91841727694 28.4811652713442 0 189.56646393194 0 0 6923.84507902341 286.332701446109 0 128.102619549415 0 3649.88880384695 0 0 1500.2963141388 7.54929406145976
2387.08 21245.34 29.8 1450.4050991595 219 0 207.742952346518 0 0 71641.6575 2962.71061728395 460.130452674898 1325.48950617284 704.215637860082 15670.6532900083 0 674.25 9754.92 15.9761587203051
713.248 247.26 1483.87162946776 164.82 188.5 0 306.114991398805 0 0 185935.68 7689.29185185186 5.35514403292181 3440.11851851852 8.19588477366259 31386.5419220396 0 430.65 5824.14 129.4642857
471.180957686375 0 1020.07587533 2569.1772740743 66.25 0 530.0743655107 0 0 32851.8979236854 1358.57642289238 0 607.814607802818 0 10443.9538989807 0 187.05 219.52 61.7378284570719
141.441323092403 205.836388140162 125.048476482497 314.948830480393 6.03149421432165 0 64.9804523688944 0 0 14285.0285940382 590.751349991614 15.7675172825013 264.296725641456 24.13170477202 2445.47575813968 0 57.5195765554251 1077.36869461681 8.78286189018349
770.768 30222.78 244.36 304.3225 169.5 3241.203 492.07038993063 0 62020.1655 372439.7775 15402.0903703704 654.563374485596 6890.75370370372 1001.78930041152 65005.217163388 0 2248.95 9610.86 38.6626284686261
18291.36 512646.06 1448.28 7664.4375 351616.25 197387.952 57310.092345679 3870617.09444444 3208133.54745 539512.4175 22311.3091358025 11102.8613168724 9981.874691358 16992.5909465021 143817.76939245 0 12438.1 17431.26 88.898809514
16485.232 52761.48 795.66 2666.435 34822.25 48042.255 7916.28098765433 577509.016666666 556539.5342 318776.955 13182.8869135803 1142.70534979424 5897.9024691358 1748.87572016461 59383.7511399027 0 7563.2 6544.44 44.5788232757175
2335.312 16604.46 187.74 1395.81469296755 193.75 0 190.311624851998 0 0 92988.8925 3845.51654320987 359.618518518519 1720.4487654321 550.385185185186 15635.2967966115 0 291.45 6503.28 14.9329761427085
218.038598329049 0 472.039267330226 7.995 139.5 6.528 99.8346435988927 0.888888888888888 18.848 15202.1885835572 628.680115650001 0 281.265706874043 0 6832.64154360329 0 0 4884.32 48.8803978330805
207.906754235976 0 450.104489272349 11242.1896296875 5294.16434122197 0 233.893240037046 0 0 14495.7714363985 599.466531610319 0 268.195817814882 0 4619.60675124515 0 0 226.808937875752 6.64151127665864
552.192 2339.46 973.244869431873 36.9 66.5 0 505.739003467513 0 0 91515.2175 3784.57333333334 50.6679012345679 1693.18333333333 77.545679012346 20021.4122622702 0 574.2 4026.82 14.3607027464478
763.198556529564 0 44.7 2108.6011699196 19434.1862442087 0 858.591553864037 0 0 53212.0847958839 2200.56338859245 0 984.511839337657 0 17825.2126597223 0 95.7 679.14 24.3801209736916
17.1711062467867 0 37.174319015528 231.922310110897 17.5 0 19.3173410351202 0 0 1197.21185768222 49.5101928915218 0 22.1504053563176 0 361.024901315654 0 0 884.94 0.54852520876401
0 0 0 0 0 0 0 0 0 0 0 0 0 0 0 0 0 0 0
0 0 0 0 0 0 0 0 0 0 0 0 0 0 0 0 0 0 0
0 0 0 0 0 0 0 0 0 0 0 0 0 0 0 0 0 0 0
318.897521202202 425.198345494985 187.798328875398 1139.76589293576 8.0025293855081 0.0470465704508258 97.5879171639 0 0.13583544115459 561.253823835738 23.2104158515506 12.8060590140968 10.3841267741977 19.5992831264699 1576.06702377112 0 35.713881862818 450.569617616426 2.4718797064969
0 0 0 0 0 0 0 0 0 0 0 0 0 0 0 0 0 0 0
0 0 0 0 0 0 0 0 0 0 0 0 0 0 0 0 0 0 0
0 0 0 0 0 0 0 0 0 0 0 0 0 0 0 0 0 0 0
0 0 0 0 0 0 0 0 0 0 0 0 0 0 0 0 0 0 0
0 0 0 0 0 0 0 0 0 0 0 0 0 0 0 0 0 0 0
0 0 0 0 0 0 0 0 0 0 0 0 0 0 0 0 0 0 0
0 0 0 0 0 0 0 0 0 0 0 0 0 0 0 0 0 0 0
0 0 0 0 0 0 0 0 0 0 0 0 0 0 0 0 0 0 0
0 0 0 0 0 0 0 0 0 0 0 0 0 0 0 0 0 0 0
0 0 0 0 0 0 0 0 0 0 0 0 0 0 0 0 0 0 0
0 0 0 0 0 0 0 0 0 0 0 0 0 0 0 0 0 0 0
0 0 0 0 0 0 0 0 0 0 0 0 0 0 0 0 0 0 0
0 0 0 0 0 0 0 0 0 0 0 0 0 0 0 0 0 0 0
0 0 0 0 0 0 0 0 0 0 0 0 0 0 0 0 0 0 0
0 0 0 0 0 0 0 0 0 0 0 0 0 0 0 0 0 0 0
0 0 0 0 0 0 0 0 0 0 0 0 0 0 0 0 0 0 0
0 0 0 0 0 0 0 0 0 0 0 0 0 0 0 0 0 0 0
0 0 0 0 0 0 0 0 0 0 0 0 0 0 0 0 0 0 0
0 0 0 0 0 0 0 0 0 0 0 0 0 0 0 0 0 0 0
380.187913745389 0 495.500047557284 4475.36073100411 20.061462386511 0 427.708004463889 19603.0509424389 0 26507.6385843587 1096.21224596883 0 490.435285880839 0 8194.00904509283 0 45.0750335062689 1634.10190034587 23.0496113091833
14.0795607668217 0 196.749470718738 669.091343891961 2.76723553544387 0 5.64419585876496 0 0 166.113803416734 6.86956648176625 0 3.07338092030239 0 257.205379363108 0 5.98336267915625 80.3320808536115 0.449766829109903
0 0 0 0 0 0 0 0 0 0 0 0 0 0 0 0 0 0 0
0 0 0 0 0 0 0 0 0 0 0 0 0 0 0 0 0 0 0
0 0 0 0 0 0 0 0 0 0 0 0 0 0 0 0 0 0 0
2387.08 29157.66 1820.78 5341.7875 207.5 0 2203.24016663024 0 0 115115.07 4760.53530864199 631.495061728396 2129.81975308642 966.483950617285 22523.2868560001 0 1068.65 6784.54 48.333333328
747.76 2624.76 59.6 98.605 72131 3780.018 1512.155827016 510752.261111112 42957.94 160567.4175 6640.19802469135 56.8469135802469 2970.76358024691 87.0024691358023 23537.2177948653 0 2734.7 1934.52 24.6876325596756
2870.248 285.3 235.42 690.5425 31723 0 4023.01013328118 147527.661111111 0 194061.945 8025.3501234568 6.17901234567902 3590.46790123457 9.45679012345681 29388.1876785001 0 1318.05 4959.78 101.845238084
8173.592 6447.78 339.72 1248.245 189092 29754.267 49206.9387654321 1296594.20555556 383589.6941 221998.6125 9180.65925925925 139.645679012346 4107.34259259259 213.723456790123 33387.1180260729 0 3803.35 3869.04 48.2677777935561
3405.184 62880.12 742.02 2369.4925 886.25 0 362.564606436542 0 0 106357.23 4398.35851851852 1361.85432098765 1967.78518518519 2084.27654320988 21945.3335710613 0 690.2 16333.66 130.313482591784
960.584 6466.8 49.5794307279009 84.8304412821732 8916.5 0 1277.37455226345 78877.7777777778 0 79599.5025 3291.80395061729 140.057613168724 1472.72283950617 214.353909465021 14606.9866267416 0 1274.55 2524.48 170.892857124
94.9336478215411 582.845924950625 10.7078006302209 23.5965041188665 7.33869853225812 0.0279540466913401 19.4442478556534 0.0406013750055774 0.0807104583392125 13361.1879320468 552.546307932663 43.2510909136575 247.204140885926 66.1944768029203 3601.52335239153 0 171.229193845397 395.6453769206 2.11618024891551
51.768 1178.27805770222 21.1365754125624 65.8313953562747 146.25 0 544.567034304626 0 0 31797.9899323803 1314.99250112898 25.5190839999463 588.315561693412 39.0561805074103 5264.52141794637 0 110.2 2215.78 8.89066497435955
4538.328 1027.08 852.28 2604.4225 53866.75 41239.875 2048.94396366317 629047.144444444 646513.06465 220945.9875 9137.12839506174 22.2444444444444 4087.86728395061 34.0444444444444 42234.4325948121 0 14127.35 2256.94 113.065476178
0.958531567080045 1.94538095498551 0.0722322435174746 0.134376420254369 0.0761256341600902 0.000299389620913191 0.0978606195314846 0.00264062108543154 0.00207048469208004 36.4021377910971 1.50539509956922 0.145872787108949 0.673499934648456 0.223253855994915 7.31592307387993 0 0.802055515431229 1.30555462584554 0.0189592686334907
0.0583297797258645 0 0.0126191449054641 0.0286128858511943 0.00392816017235615 0 0.00941700680480078 0 0 3.59553293457275 0.148691752421457 0.00288555053879368 0.0665233237223051 0.00441624717825365 0.752142997783944 0 0.0804687790200958 0.181941235466736 0.00100530501435911
