0 6405.43284531641 0 171.582513689951 250.792830084377 18.0405931233099 0 817567.26787238 354.562506678384 5231.89034229218 216.362624853764 147.228661390599 96.7986502288182 225.328980270128 3949.90644420344 0 466.527781954234 5491.86974030154 9.4474839927718
0 1897.87976038687 7.11875541222491 15.956483223347 0 7.14369403139292 0 24307.3181575376 78.4745675153722 1056.11394786348 43.6751481691611 40.0998939888991 19.5398599650742 61.3716659250682 352.273537487047 0 82.8431226173768 1504.91604208347 0
0 11144.1622706217 0 398.497946188283 245.193013871006 22.7412932589766 0 3380997.3955001 472.149788425125 7850.30804268859 324.646187687981 244.498614162236 145.243721235902 374.197679217329 2493.78380328052 0 122.375860803785 2296.93726348514 18.1631481163964
0 0 0 0 0 0 0 0 0 0 0 0 0 0 0 0 0 0 0
0 0 119.2 0 212.25 6.13799283751422 385.459509169762 2.30555555555556 473.898644865241 0 0 0 0 0 12464.6350684931 0 304.5 1125.04 72.8161607017483
0 1840.22184787482 0 95.94 950 27.1708567315834 29.3706140804402 116.666666666667 941.244897997003 15268.6933684862 631.430393062406 39.8554276789581 282.496155716376 60.9975176864772 1301.89500893541 0 698.9 9947 1.24499440926966
1553.04 4678.92 280.12 898.4125 2200 47.2610701796856 29.0650259626435 159.027777777778 1867.40571830741 40968.165 1694.2212345679 101.335802469136 757.979012345676 155.091358024691 7693.95688496901 0 1980.7 19338.34 214.910714262
0 984.896255150183 0 125.255 586.75 12.031775040389 10.9314833267283 19856.2333333333 613.536378416578 3668.29292167453 151.700711089113 21.3308311243814 67.8695041812466 32.6461870954568 1019.82629615679 0 426.3 2730.28 16.1899175441972
0 0 26.82 77.49 504.25 47.0860874292868 1611.78450148353 1875985.05 3597.33444338828 0 0 0 0 0 5577.24575342465 0 226.2 3855.32 5.27846856128918
1530.032 86959.44 274.16 1003.065 0 69.4513705469525 2900.77939700757 4728.21666666666 3661.15145372223 103451.985 4278.21333333333 1883.36296296296 1914.03333333333 2882.42962962963 22941.7183111278 0 2821.7 16189.6 340.059523772
0 44462.6722776451 0 0 0 203.951448756102 1764.48279066661 179.449495948874 4008.37912686012 25797.7893859214 1066.85673089186 950.302505602239 477.301898179781 1454.40902955308 9157.04510595353 0 959.376742840907 21975.7956989629 0
0 1141.2 256.28 252.97 857.5 7.446 13.6448635875597 0 956.150136416759 15410.43 637.291851851851 24.7160493827161 285.118518518519 37.8271604938272 1837.89369863014 0 591.6 3800.44 35.386904758
0 6404.42158956514 1791.26898330491 20.295 56.5 48.7227867742321 1660.03748865471 1427502.38888889 3722.3767913193 24677.7762472657 1043.04458926583 138.706624847025 0 95.3244444444441 0 0 0 775.18 105.277136460962
9030.64 194555.58 324.82 4586.7725 193171.54543816 4404.87 122.901932440194 533.905555555556 12717.9825 161788.4625 6690.6938271605 4213.67448559671 2993.35493827161 6448.90041152263 47655.4037080127 0 3997.65 20607.44 524.761904704
405.235109584105 2607.65004414534 13.51915187045 130.638878931309 243.710332524447 43.5971691370875 8.40809457687283 10.2770935612098 856.841095393612 28393.7775124336 1174.21272813077 114.655891014577 525.331984862817 175.477347686644 7499.37485410961 0 366.439466855674 1034.32453088585 25.5449976842994
1489.768 34692.48 53.64 624.5325 1291.75 88.077 25.9901598314849 556.2 254.30075 47662.86 1971.0775308642 751.367901234568 881.841975308641 1149.94567901234 10303.2470182023 0 1484.8 12855.64 222.678571404
0 5896.2 481.780642741007 575.60198756791 451.25 9.78119177155681 32.8286743127966 65.8666666666666 747.274194528255 19978.8225 826.215802469136 127.699588477366 369.641358024691 195.440329218107 3617.00592981798 0 1189 11545.38 65.1524417761189
1006.6 68985.54 0 9734.54292067774 140620.654221045 55.2745214069391 3463.99725195128 337158.333333334 4222.9233846962 16020.9525 662.53975308642 1494.08518518518 296.414197530864 2286.65185185186 8087.86464252207 0 800.4 2764.58 119.433713016807
0 2738.88 110.26 210.945 1334.5 28.4078565217166 65.5661880304288 24.2 1962.04148590584 26462.9925 1094.36592592593 59.3185185185185 489.609259259259 90.7851851851856 4939.8168436855 0 1412.3 19310.9 414.28571424
0 4836.73833123412 0 319.9025 730.75 48.2594209243492 57.7177517704299 215.283333333334 1235.53940312388 18015.1228441016 745.007829025932 104.753823559462 333.309656916735 160.322535157938 1841.65454657484 0 481.4 5295.92 20.4155542991106
0 23717.94 2453.23037395408 0 168507.215170946 65.9987284873482 4105.67027200782 1039434.96666667 5042.24309492528 10126.2525 418.766913580247 513.681893004115 187.352469135803 786.174485596707 4913.91305685869 0 1004.85 3436.86 105.791480216339
350.872 6409.74 587.06 1562.4075 1557.25 42.993 85.8893078975162 0 375.1589 30610.335 1265.8775308642 138.821810699588 566.341975308642 212.462551440329 5135.71027960218 0 629.3 8458.38 0
0 0 0 0 1806 20.2866785473473 1261.37867752116 1563415.44444444 1549.88387153458 3726.2925 154.099259259259 0 68.9425925925924 0 634.645411897166 0 184.15 301.84 43.8341804147022
0 5915.22 0 6830.89207932226 98867.335169849 38.7870589860937 2422.60947664976 237234.583333334 2963.29618505577 4547.34 188.053333333333 128.111522633745 84.1333333333331 196.070781893004 1180.15039219366 0 891.75 1420.02 83.8086401075471
28823.272 205701.3 1034.06 4188.765 0 4.998 59.0676933563158 65.8277777777778 2981.26515735088 148799.07 6153.52296296297 4455.06790123457 2753.02962962963 6818.34567901234 46383.0593357103 0 5148.95 5179.3 443.113042184718
0 3274.7670687189 0 24.19 163.75 24.9133782642348 1546.95249435434 1708094.3 1903.35954045206 19144.3506212241 791.706568856356 70.9247323758754 244.62289916347 108.548141857983 477.944229783021 0 0 2099.16 87.3761855464482
0 3113.17815670313 0 351.41381111242 0 25.6763015486612 10950.8574446575 923810.533731438 1738.55606623118 11024.0504476173 455.894970138425 64.103975180216 58.4447576520626 98.1091807952956 0 0 394.457395606868 1083.05759052403 2.52426655064433
0 0 0 0 0 0 0 0 0 0 0 0 0 0 0 0 0 0 0
96.9124537834097 7502.0356747492 0 14.417046047277 51.5345191205213 0.699246003314976 171.841606354643 62.650121411297 4.28394076886061 3628.88058502202 150.070830481557 159.546378718417 67.1403105742082 244.18087132529 1401.8808250508 0 152.417347781402 575.095219899363 24.6175733217537
1693.91339039757 88753.4827815747 398.395176382552 54.5252796606079 681.303057184928 4.10043939459772 457.518430121359 486.272667809788 11.8390137422454 27121.5598469838 1121.60070160243 1899.76853034854 501.793847639772 2907.53785064332 10771.7993928631 0 371.432870833032 6900.77960093655 75.84873534596
372.246922278287 40403.3534901754 130.306712164664 39.8003924202272 435.959033651577 7.09165858351182 381.244260573032 420.292264764072 45.5529090372818 24744.7723875558 1023.30965576678 983.132058758984 457.81933691778 1504.65366035841 8103.63194437624 0 664.476777870549 3731.59943805133 4.61575433598959
1793.3767577033 240238.262466143 1072.05441678263 237.737160597156 1135.46031978865 19.4174956865243 1055.37170648473 1537.0009290175 165.914411267279 52931.2778085755 2188.95073372462 5199.52420868578 979.316444257118 7957.71337433225 33020.2135871549 0 1854.71010211462 3537.29990897695 370.873020750224
792.995221725846 230873.354791018 173.404591568711 11.3782775365943 251.557512807475 0 603.546652467769 685.481879890356 0 29400.8066899352 1215.85799626403 5096.07009468823 543.963695152157 7799.3800050573 16372.9603302432 0 601.00760221814 3408.3804929249 0
590.16096791452 52718.2579317742 235.865048074718 278.105718055068 561.292628628108 6.76091750612717 295.657539060398 215.130959716652 69.8931059546072 26934.9520476722 1113.8836145391 910.103265228085 498.341293799046 1392.88531701242 7288.8283097352 0 818.951432560367 1738.38018998898 39.638652708529
0 57913.2218080924 88.7944687863023 119.994119810344 842.609554144148 0.346762778423153 177.51430780667 197.921228691116 1.00119253181979 9506.28859333173 393.128566943461 974.69636357741 175.882108438261 1491.74308591468 2938.08985217224 0 1649.34295924037 1072.78884665892 82.9699755940249
136.370454350581 5313.25480438994 1.17078627706906 2.44954717376599 1406.31347422297 0.0863661480712251 27.1765902920949 0.272232119889866 0.692226370244751 771.211904385355 31.8931439756019 152.839506619793 14.268699552329 233.916207933589 622.869269499031 0 210.46651296171 143.401403923287 0.342195932206523
2927.85022028321 105758.758811317 162.088985616471 73.1434056975859 272.67173216434 5.13398149373215 545.405742030721 667.72254887339 49.297547299006 24029.8707191485 993.74519791899 2530.21006171272 444.592470141012 3872.40940513874 14627.5118829616 0 585.630281473913 6833.30988435676 51.1498092161742
26.5403243422105 28054.7070098534 18.2812884948222 27.5437083761725 94.2220943761702 1.60979785283093 76.4724219457383 110.27997625705 4.64789674175205 2947.26789858155 121.883024483454 386.880250948753 54.529345185096 592.108436017472 1576.25969411137 0 180.109963988237 620.106171526428 8.73969108283129
33.7327266145783 47176.1780917456 21.1554890030305 8.34440360397289 5906.55356923328 0 741.440268937053 127.489479092942 0 2930.61782081371 121.194467519492 761.38917035872 54.2212911264885 1165.2829260635 2642.4481377378 0 81.7907811816537 607.164695000091 23.2910488545092
9.71606301342273 490.159388939435 0 0.388289374812559 84.521647368433 0.00796095248318701 9.99148789181137 1.7241622439052 0.0631463814868468 31.9627598529023 1.32180649189881 9.86402911853142 0.59136407855087 15.0965960135765 52.544730383219 0 0.744775054032848 6.48477963561996 0
2681.79383115205 76488.5868146577 367.440803541794 522.52232347204 912.966709198655 8.00790530579627 1548.7520730494 536.273953097508 55.0764807738609 55343.7216146762 2288.71633278178 1697.97479332563 1023.95065654091 2598.69868469017 15631.0349291694 0 2081.20767631094 8062.04271445571 861.45814662297
18.1414283307437 1260.6095170933 11.617866302252 18.9566764634305 41.9976974484735 0.839997753608266 38.5744165742243 60.6484659493434 8.53875063179765 2035.28912840001 84.1685259718244 106.19262947779 37.6562251050916 162.524583776199 929.823611689737 0 93.4331043261761 244.306355416612 28.2388263764833
214.613925354061 22152.2486643482 937.408525851279 205.841458468742 8688.29193162882 6.77232735750752 230.777883094178 312.186322120662 19.5534353606467 5522.84999341359 228.395138863908 549.778848093435 102.181886431598 841.419775503639 2987.39294428055 0 378.708508752384 693.144449002863 80.3102208442826
13314.4751853371 345904.899203349 1013.26145203232 11461.6984596137 185456.602804973 5.60249362481476 15271.0876613276 124.475640336233 75.2155693477321 124113.634136356 5132.6671441888 7515.44454655447 2296.30811683432 11502.1588864351 61509.5030235172 0 5186.92739601488 13965.3444026836 385.273671191024
666.801177840617 135714.595047347 375.237557934264 947.613986985351 718.535751983423 8.30763241479582 756.050868110576 971.984716804474 70.3601900787643 42814.1751382671 1770.56220750335 2937.66410668674 792.133262148764 4496.00540603804 20769.4982453808 0 4573.24521311062 5902.64628325453 491.197616164411
0 8131.54137881543 32.2239124056659 0 3205.08724496615 0.0639720355006438 398.627289710212 69.819314413984 1.25728046242115 1320.36399742873 54.6030978395717 253.455706976312 24.4289242319694 387.906236850859 2250.74852900986 0 109.965002200453 457.442586510408 6.4373588594564
452.29094105435 2794.47957887095 2.44086659050106 2.44979249224743 1162.22066427289 0.388812280071814 22.9030282856003 26.3840956749898 3.54300228464175 567.716964060715 23.4776962975053 77.3962412394441 10.5037055897092 118.452588989839 616.725282954813 0 49.912592459605 118.861508078994 0
13114.56 140443.68 947.64 26586.04 113155.67425605 20121.132 74813.7804806354 64898.5222222222 268729.3714 96694.1325 3998.74518518518 3041.72181069959 1789.00185185185 4655.26255144033 27733.1469243761 0 2798.5 20525.12 913.838329838598
10806.9955639446 203579.405744245 887.956813189385 53437.7762675933 8144.98694995432 9.79108273810918 53.4330189046372 0 11786.5834460378 165057.189381806 6825.87065270683 4408.9301663216 3053.83180789706 6747.73328152317 58961.9730257122 0 4807.74959368633 5562.93884499192 316.176613849952
3711.16920491392 66517.4213735355 863.706160984766 14771.3059584683 41141.8904404068 426.762381344431 11793.9133038678 116677.518408201 2611.47050495855 12816.0578285084 530.002681753238 1158.34456699186 237.118329683986 1772.81106556597 8518.9888109828 0 540.689863027277 1326.55661700295 164.334326514186
6568.784 452010.3 935.72 632.015 13247.6781581629 1359.8074997447 609.999481148569 51.6111111111112 14825.6107634782 29684.025 1227.57037037037 9789.61522633745 549.203703703703 14982.70781893 41097.9438543817 0 1229.6 4939.2 9.45906052609437
8610.744 286422.18 0 17359.81 34112.7252649705 311.814 1510.25268728341 970.161111111112 19162.3412261424 173241.0225 7164.30962962962 6203.31646090535 3205.2462962963 9493.98683127574 51940.4886395196 0 2947.85 4829.44 384.940476148
1646.19481610826 41394.687661265 191.36649661397 306.825530162652 207.94660395417 0.773637213495151 244.771035850946 39.457183372378 2802.24272230265 24355.9804811111 1007.23132998073 892.533552620174 450.626041702948 1365.9954072069 7749.9823702388 0 0 1186.30440478774 52.2356074746647
0 0 414.461153602185 4928.36128091137 229.370575155928 22.3286983176069 17.7333044826426 0 243.503871478285 0 0 0 0 0 224.795348132415 0 0 0 2.14337300944034
0 0 1.82945495469642 0.0111123326959847 0.0717734225621415 0.0985601362492862 0.0474691392260405 0.00152432547270023 1.0748398499882 0 0 0 0 0 1.21611171062626 0 0.118384321223709 0.725349904397705 0.00588433661250605
3963.128 136791.84 2017.46 3732.845 1004.5 1441.99483309216 4353.42597586503 125.983333333333 21462.6170642855 60968.04 2521.30765432099 2962.63045267489 1128.00987654321 4534.21563786008 23323.4513942578 0 2227.2 14742.14 249.434523782
4930.40392175678 89586.6974573055 2896.34800005645 6465.09132436652 4449.80856918895 1500.18764868814 14447.7304754957 11998.5387208325 21567.5981370698 12580.5887675039 520.264957761022 1249.80263065907 232.761761448671 1912.78484532437 8533.43630198647 0 1031.24342210767 13888.5199584845 233.430352060989
1008.56991174724 14163.3780075047 189.771153448245 0 336.509250908618 1.15673691951996 253.237376095306 8.11286074776444 2822.61814618696 33332.76791608 1378.4625991998 311.197979776609 616.711500351019 476.279025991772 5839.0715510593 0 580.592953835981 4637.85206080534 64.8063374843083
10900.04 80625.78 1993.62 11477.13 25599.75 489.053289275144 221.499381603057 468.2 5333.33236016644 30084.0225 1244.11209876543 1746.18888888889 556.604320987654 2672.48888888889 18227.785017827 0 1696.5 3560.34 62.0942042311197
0 42471.66 417.2 34864.8625 13175.8798222648 1351.72763151884 603.000387671547 44481.3055555556 14741.1598641854 33452.4225 1383.41086419753 919.848971193415 618.925308641975 1407.80082304527 8365.70330643645 0 2631.75 4898.04 325.677452035124
22265.992 376557.96 315.88 52189.8225 302949.813153267 4312.407 18482.7546950515 70337.1666666666 55642.14645 83494.215 3452.86814814815 8155.47242798354 1544.78148148148 12481.7020576132 64233.007903922 0 4093.35 10125.36 0
4779.912 73702.5 977.44 33609.545 131989.25 0 49175.1224691358 143082.683333333 0 35789.25 1480.04938271605 1596.24485596708 662.160493827159 2443.00411522633 13324.3789078627 0 1570.35 10077.34 128.201230905972
111.165812980321 1782.41070395977 33.2266491937274 14.6286455510639 42.6792716153585 41.2838625481354 22.649527670148 3.9644025883642 446.846410244663 3317.55827328861 137.196227205246 29.2932439918566 61.3803313716038 44.8324173781463 831.425074636726 0 63.9507692535501 353.54542283032 3.89983803125501
27235.72 1096407.9 32785.96 169703.4075 342688.25 15726.87 46937.5560493827 65501.5111111112 206332.02735 157746.3825 6523.53530864198 23745.9444444444 2918.56975308642 36342.4444444444 110572.614111466 0 11025.8 10873.1 430.748091516093
3221.12 98961.06 14062.62 83504.1875 0 3452.547 460.921913296254 22.2166666666666 40555.1641 68904.8325 2849.53037037037 2143.29341563787 1274.8537037037 3280.24526748971 17704.0816888722 0 1326.75 3100.72 7.08470950535661
11417.72 271814.82 295.02 32539.855 3259.75 0 667.324782483317 30.3833333333334 0 80441.6025 3326.62864197531 5886.95102880659 1488.30308641975 9009.79917695475 38190.8049615312 0 1848.75 3210.48 333.111908763565
750.84880893236 5488.90023998887 35.0838835048158 54.2258673559166 76.4219763145052 135.615556397276 61.7103400680296 13.4105651229373 1474.56347568865 5931.09099263937 245.277773702679 194.982570811324 109.735022125915 298.414883599349 1851.44379798876 0 356.894071820105 657.916105605301 31.7472982475456
32.6713689584768 100.50906536032 1.14806946245927 1.1720884366323 34.5896610042917 1.78805516446643 1.57486789531904 0.019982665209798 35.1417116310492 166.950161744057 6.90415372866534 1.92969199089069 3.0888549367469 2.95333479524929 50.9500236699243 0 6.94572819503221 16.8161457874513 0.0238340049672093
3502.968 207013.68 13490.46 56633.71 111046.5 6078.231 98495.1217472164 335102.688888888 69230.0587 35599.7775 1472.21382716049 4483.49135802469 658.654938271607 6861.84691358025 21259.8612047288 0 1496.4 3594.64 24.3360662439125
1233.91708912058 6270.82344667697 8675.79080385418 98.0715546788944 410.055280887363 243.170478959732 211.354090374671 21.884380345712 4779.17405380335 25058.7772136692 1036.29519329715 134.898015716017 463.628947086288 206.457302774165 3775.59227066807 0 412.902887004637 2780.42159694649 44.7056737866852
177558.852318554 1442974.03926056 83378.110630476 618870.329981364 3422978.09647248 11985.6318129964 697609.017305715 2040865.42525898 165904.18148298 116282.97758058 4808.83363547773 31216.6072055287 2151.42798070508 47776.0661726972 209237.196564457 0 14614.5830768599 80712.5076495979 1059.97042051706
17274.3344924376 345686.419798582 22068.5973764657 112897.091542438 408684.416840215 2914.67319811559 166447.848593987 1282274.23978628 39113.4596566062 40366.9848031814 1669.35968035252 8049.94474699159 746.856181439622 12320.1951572339 44927.1591692197 0 2195.44574913647 6922.69893729989 499.921730932287
517.681240461805 12039.1529434249 72.8806094182827 365.491364916619 6479.93251954327 641.977981399387 273.646776913727 33.6142109807664 6904.34474157399 13901.5482563814 574.892681899025 257.101260185451 257.20170326027 393.485644959152 2518.35793750097 0 1358.90543010653 1973.00037985461 47.2902101105257
4239.224 19590.6 223.5 12216.36 24718.1573269114 764.105748215213 4348.37979487672 642.15 15017.4247377983 73683.75 3047.16049382717 424.292181069959 1363.27160493827 649.366255144033 17005.7095890411 0 1705.2 6222.02 237.35119045
7.65416536293061 17.5747503807751 0.394084482096997 0.624373468725094 1.28523777193967 1.48692794184355 0.683644829523525 0.0117090257893753 16.1615060822502 111.883936003778 4.62691312106943 0.331959809579828 2.07003841420506 0.508054373902392 21.4438454906683 0 0.40747409747026 14.6567523688638 0.416893482440912
4026.4 162240.6 15510.1066435915 102122.710806126 40066.75 7511.892 2.7283950617284 39667.3444444444 90922.22345 49473.375 2045.95061728395 3513.79835390946 915.339506172841 5377.76131687243 20781.5975229874 0 2969.6 6434.68 250.934627501179
1000.848 16262.1 0 307.5 51646.6776768525 462.011471678845 366.926454252566 104336.3 5038.42993536563 14715.6975 608.561481481483 352.203703703704 272.264814814814 539.037037037037 7435.5750422218 0 107.3 1907.08 131.816712039567
12107.96 79541.64 0 40459.62 222595.75 0 17243.7585185185 204511.583333334 0 50694.42 2096.44641975309 1722.70864197531 937.930864197531 2636.55308641976 25423.5761456183 0 1848.75 6962.9 109.747437647681
25786.216 248591.4 0 280052.8575 133999.893810247 6183.036 35769.7811132134 158355.127777778 129728.53185 53494.4025 2212.23851851852 5383.97942386831 989.735185185186 8240.01646090532 36697.3957965847 0 1639.95 4568.76 11.1755316189329
125.009093414244 27097.0314941704 90.2081067243906 40.2170047306048 205.78578811998 336.260531511103 175.284684179069 29.6459174042614 3658.22765504098 19314.6058266702 798.747401277394 666.011565242068 357.35224773542 1019.3104075433 7545.28638399572 0 459.190465824724 870.575757900052 27.4503591648918
6408.08075696196 29166.5900587702 1205.6396458453 311.199968655561 117930.675104273 922.332492190459 19979.3618554739 270494.155896056 10058.4247878657 19294.4245959564 797.912814968368 560.956103514094 356.978861489677 858.526224359236 7580.69858750148 0 252.270901496041 3689.74280876146 201.539104216068
5038.752 113492.34 13523.24 155972.61 143672.75 9036.894 60213.5664845212 498416.833333334 134483.56915 43789.2 1810.88395061728 2458.01111111111 810.172839506172 3761.91111111111 22985.3216138112 0 4184.7 7985.04 286.792426902416
291.555962715371 6143.64181896297 14.9946956652698 2259.47139491263 1868.39557304614 2.31335950741871 83.9812468572023 32.3850763016686 32.9169828246256 8430.90009192959 348.656327718548 355.905229274558 155.98563725922 544.702109139483 3595.12114954838 0 742.48310454657 662.948468300722 124.508569622248
0 8996.46 4804.43964185635 33.825 69.75 135.146521872227 205.564720111969 0.833333333333334 2656.11497561953 10315.725 426.602469135802 194.844855967078 190.858024691358 298.204115226338 2215.88559204354 0 0 960.4 53.5871591893157
2133.992 75889.8 28860.9719366568 340885.134689616 631.75 2.091 687.132550257296 21.3611111111112 7928.12962245007 110820.36 4582.92938271606 1643.61728395061 2050.36049382716 2515.50617283951 25185.1622443235 0 1766.1 4753.98 219.734703242857
4624.608 120738.96 35.76 133277.5725 0 3.264 1831.97175796652 71.0722222222222 11874.5073814133 152377.995 6301.52790123457 2614.95802469135 2819.24567901234 4002.11358024691 30031.2622856071 0 2511.4 4369.82 429.821428524
14661.848 140120.34 149 113300.1175 150290.25 17493.255 21219.6375977073 404110.033333334 208645.4256 22020.915 910.665679012346 3034.71893004115 407.423456790123 4644.54485596708 24147.1717920811 0 572.75 5426.26 115.574169940357
195.550920523952 3277.5964304235 21.8739986093101 34.9921521082733 55.4866310537295 51.561540319571 23.9142200338001 6.0585827944236 562.184324519521 3945.96243232133 163.183616929047 57.7952436412853 73.0068507389596 88.4538593990498 740.061437207791 0 32.3969810440197 317.143361209775 2.30268913433787
0 7760.16 11859.0654873811 255.84 318.25 635.671937465704 502.051680766211 0 6916.31977081019 37936.605 1568.85234567901 168.069135802469 701.890123456793 257.224691358024 7781.72203415274 0 363.95 2476.46 13.0306297372677
40068.432 114557.46 0 99797.5875 123020.75 7853.235 4713.54320987654 309997.083333334 125003.86215 109430.895 4525.4686419753 2481.07942386831 2024.65308641975 3797.21646090535 79690.3391855881 0 3359.65 27433.14 810.446428482
0 0 0 4226.16015650584 16301.886859271 131.542790630423 644.444914227713 880403.374058358 2120.67991176144 1491.5188213929 61.6811336060947 0 27.5955723946722 0 205.191966501887 0 275.706509713877 593.223514410533 26.2573327789039
0 4412.64 808.50974958355 76.875 1356.25 190.451779186761 513.981085809352 1365.35965757006 2944.79395938947 211977.6225 8766.24543209876 95.5687242798354 3921.93765432099 146.265020576132 35205.0615650216 0 4128.15 11243.54 354.732142818
260.896166996361 773.528832446334 120.231201471003 2262.26478750976 187.5 35.3297546114572 102.304597687765 213.205481218424 566.62696697163 68440.1755356305 2830.3146770186 16.7530466366091 1200.37013439292 25.6400274198652 3093.78553578022 0 223.51851515759 1433.74 53.5677144173167
2783.968 34331.1 427.353435101996 141.45 15547.8878411688 1.071 961.341292472158 259879.361111112 1288.66120037233 98230.965 4062.30024691358 743.541152263374 1817.43580246914 1137.9670781893 18813.8371176581 0 255.2 1557.22 24.7408670321635
0 0 314.452304298619 2409.48076483885 336.75 3.468 204.000169839067 552.234743808174 758.002519417882 0 0 0 0 0 45879.642739726 0 317.55 3601.5 31.934523806
0 1313.66786793509 40.8964526007231 77.8593663669889 265.3809235458 56.3159300869583 150.478695081267 408.878703257272 881.414880477309 137741.165091813 5696.22795584503 40.9859668899104 2548.4400454752 62.7277735018409 24374.1649438689 0 102.481295233523 1751.08180068519 118.858769827472
0 0 0 0 0 0 0 0 0 0 0 0 0 0 0 0 0 0 0
20701.448 116269.26 661.56 906.6125 33524.5 67369.521 29726.5318518519 1193405.95555556 990916.1005 720058.6575 29777.7229629631 2518.15349794239 13322.2796296297 3853.95720164609 177241.347292175 0 11514.45 9617.72 336.054822462607
267.280967707665 792.459073915485 123.173568426834 2286.12569792139 32 35.7241317285309 276.232449128173 218.423168100562 575.930069285704 28748.2171900889 1188.87043194194 17.1630368074629 531.889706860014 26.2675048841489 5985.50911566908 0 0 226.38 7.13091466691514
275.801156012138 129.746130808618 19.9036487798292 13.8290284559183 99.0261014001748 0.39441705988994 48.2863404201265 3.96096593815002 179.637793181616 31058.8079817359 1284.42394242027 6.66113859718911 574.639469418031 10.1946696612324 5251.53514300818 0 51.6855083026898 743.706058745626 14.5647906258459
2070.3788041891 5241.47954699073 58.4605079622503 59.187639316756 332.00689705728 96.1646731752665 254.142738714774 696.797590279518 1889.9815178956 149470.067995591 6181.27180288494 109.271442792326 2765.44420562989 167.2366137441 35642.5881550655 0 529.33456728002 4136.77608443352 51.531791980297
0 1103.16 370.361381553596 36790.2984789014 13311.9193500728 107.416217219042 849.880449009019 199601.722222222 1731.72100851828 147199.08 6087.35604938272 23.8921810699589 2723.42716049383 36.5662551440329 25149.5629799212 0 752.55 2682.26 57.691413454345
1010.97933914276 1306.56927175844 16.3029353718554 24.3367812086237 48.789443562508 15.8224555627434 43.9237481743966 10.4160405675582 248.627009575689 24475.4526440149 1012.17205103404 28.6822156816967 452.836474902497 43.897257167192 4379.47563914965 0 154.758523479569 319.342574451705 3.03377897355574
1616.312 3827.82537845172 56.62 21.32 413.25 172.558738431718 1334.28919414136 1055.0522716159 2781.92250930096 169304.80264636 7001.52891294477 82.9028400650427 1279.00706062914 126.880270708936 712.764951056863 0 578.55 1948.24 63.789788015221
698.899786235824 2072.16204771428 322.080473524674 8824.00163196269 11629.5560378039 93.4132656083412 457.643506376814 571.143941911346 1505.97106020212 0 0 44.8787762883774 0 68.68559967412 0 0 0 884.94 18.6462761606874
164.369303040746 487.337152304346 317.127831089506 44.28 290.25 4.131 71.2921905786125 10.4222222222222 254.329148743243 11936.7675 493.639999999999 10.5547223294658 220.85 16.1536809278138 1087.52313901275 0 469.8 6235.74 47.5400478554364
241.584 0 187.74 184.5 747.25 84.3255037928842 234.141125310349 510.823791968772 1342.57537596129 0 0 0 0 0 36333.1158904109 0 2657.85 14858.76 66.5660220874652
284.683236337296 929.502507145773 131.193217353645 2460.47083082012 73.4215394764518 38.0500771268585 294.217535478231 299.152229807682 613.428024578031 53402.6600630772 2208.44454862151 14.4700802774845 988.037797915611 22.1460169681381 9744.18007417185 0 116.898607950743 462.192909918351 41.3924145584122
4791.416 760.8 378.46 57.9125 703.75 237.897099370025 647.47680607988 1726.41558839072 4675.53318827233 208419.75 8619.11111111111 16.4773662551441 3856.11111111111 25.2181069958848 38905.3168699568 0 1232.5 13287.82 236.706108330628
935.125136112926 0 0 221.9125 33247.5 63.966109039777 161.735389122757 256371.444444444 970.550188585281 0 0 0 0 0 29073.1958022643 0 667 1955.1 11.5975960945439
0 166.729294010476 20.6637979194438 12.2933674733902 53.386614373656 23.7237966788633 187.366128053828 176.21940250987 382.465498918359 6101.48232079819 252.324235421258 3.54407357044559 112.887544349698 5.42409661330934 983.041459987511 0 59.7686101268027 319.764953411885 4.73552082322859
1433.46639023824 4326.15234087692 723.177617630193 18160.490245751 80.75 192.001672353439 1483.84336540873 1171.43496226774 3091.15205057252 11684.1375 483.192592592593 93.6955791222106 216.175925925926 143.39822898624 1733.10166943491 0 343.776087621741 144.06 38.2441241303041
0 60.4275688276341 98.34 174.324482496242 101 0.867 11.74756591943 17.2110289527272 33.1928011070841 2087.75675387795 90.6552176863232 1.30873709710942 0 0 0 0 192.85 2044.28 0.54375531938821
5562.184 34445.22 327.8 995.1725 1882.5 6.069 865.871570127542 39.1222222222222 3011.98339451591 309977.01 12818.9688888889 746.012757201646 5735.08888888889 1141.74979423868 59973.3156389566 0 2224.3 25779.88 171.755952362
0 0 0 283.72 543.25 63.9150033891013 178.928753455267 644.055217649256 1030.41195262648 48841.8 2019.83209876543 0 903.654320987655 0 8026.48541940329 0 368.3 6661.06 99.9307299577198
1788.872 0 536.4 135.71 753 135.976577346581 362.72718264559 64.7111111111112 2132.5293703371 0 0 0 0 0 38256.7882191781 0 2411.35 6174 3.87112929323822
0 1.77058909090909 0.550988832005329 7.18575006186011 0.388613541352412 0.111757888883777 0.866322716385599 0.818688168416836 1.79305067976806 244.24789369909 10.1007689263965 0.0240500569110694 4.51899120289007 0.0368078793084499 54.3261761469605 0 2.43120645318853 2.4531184185953 0.151266064054854
0 1484.39203796031 35.76 44.28 509 70.2315366974293 193.511472693651 671.521899141072 1267.98981421391 52974.3700373909 2226.92863446126 32.1488844317713 161.388639207896 49.2028880614123 70.1615342465754 0 195.75 1296.54 11.4834144005591
655.728 21177.7562059356 246.695002897707 6819.09743445413 489 72.4671553329718 197.626911443464 26.25 1158.78767677603 112187.809920606 4639.47969910682 458.666726429222 2075.66058574618 701.975449440128 7933.51288300274 0 68.15 2956.66 142.883158881734
0 7550.94 188.992722842726 83.500291029854 7866.725751628 54.8137154163701 442.155859648549 428.556884492076 883.684652084759 74652.165 3087.20888888888 163.537860082304 1381.18888888889 250.289711934157 13550.2782660912 0 203 603.68 10.9413975455291
747.76 0 214.56 677.73 362.75 249.669268247281 712.435488470456 54200.8777777778 4001.32086045155 0 0 0 0 0 21038.3630136986 0 495.9 8190.84 285.866616461073
0 0 89.9958444766075 1648.96676791279 173.75 26.815569063597 76.010509455361 159.589250498517 424.921988020114 2231.565 92.2854320987655 0 41.2876543209876 0 382.997710639895 0 0 775.18 0.77597552160504
4198.96 1542.67480110424 44.7 19.065 362.5 7868.943 541.553202235119 425.202926557732 120976.632 55963.9629295883 2314.36615151983 33.4111694405574 1035.42614975114 51.1347768061278 29290.0036156466 0 3533.65 377.3 13.8817040874061
0 1880.8540328921 41.6056163744345 17522.3372958852 170.579424137444 106.959929130348 824.390392494742 10890.0606617647 1720.79996466467 85796.4157638288 3548.07469255444 51.2215081709705 657.326777383982 78.3929575603667 1346.07415773537 0 370.233629741662 726.049081589367 43.9847858108462
74.8877364217404 4026.03401447315 34.5112104523758 944.115803550838 1282.93832077815 10.0093148559228 77.3957944662487 62.1985835781878 161.366144383297 10370.5531983528 428.869866220889 87.1956322451916 191.87243731238 133.450258341292 1107.42736700348 0 75.9596907281764 1907.08 4.58725086131995
1036.03613512479 3071.73474873806 581.746145443624 13104.2370911233 30.5 140.718099686727 1070.7339226032 846.653231022892 2245.38168584033 110913.168988796 4608.30689905477 66.5274691030625 488.232874450818 101.81826440149 0 0 332.563760010973 980.98 86.3313715862343
454.6103915329 1347.87049357195 209.502325022529 5778.562800094 192.25 62.0881322669081 475.035704836269 375.676253831356 987.239633732122 21305.13 881.064691358024 29.1921080271907 394.18024691358 44.6776318657905 2759.60404726679 0 182.7 2970.38 14.7528305975856
1114.16345023256 0 513.450281001666 153.135 18773.9714721735 157.331408843431 1168.83038476915 1286.76572152113 2515.36654001845 0 0 0 0 0 6527.72362235844 0 223.3 596.82 182.493147919222
236.237626318225 700.41893435858 108.867577365727 2978.26703085692 4021.53327482765 32.4929533317245 154.689724872699 245.331964233622 519.752285620725 0 0 15.1696363215878 0 0 0 0 136.40486646759 493.92 6.30269475914328
3635.264 3880.08 426.14 424.2475 2579.25 69.513 668.140722225124 1370.09260715468 2917.59114770543 140904.3825 5827.04148148147 84.0345679012346 2606.96481481481 128.612345679012 24711.477568024 0 4821.25 33600.28 421.190476144
0 209.22 205.62 273.675 666.75 7053.37417098102 416.908896676826 1070.38127153839 103153.248878465 151325.37 6257.99703703704 4.53127572016461 2799.77037037037 6.93497942386831 25770.3580859448 0 923.65 5309.64 81.0781550499183
3203.864 0 1021.9239038629 16256.8988356088 415.25 1241.62707070743 808.439683151768 1013.6079517478 18352.1404285057 0 0 0 0 0 88469.2134246574 0 825.05 3903.34 4.90580498068679
80.2031616444512 237.793673627264 0 21.32 2585.98287189595 11.2873309776457 87.5114603108127 65.542372164796 221.836629083532 673.68 27.8597530864197 5.15012283584727 5.97123547408172 7.88210607843961 0 0 84.1 240.1 2.13977787722212
444.67148993304 1318.40272852637 0 135.3 7412.5258207314 59.433722567424 459.563940429997 363.387473594464 958.1665473713 13873.5975 573.736790123456 28.5538967267485 256.684567901234 43.7008689164623 943.626693543454 0 115.341792320436 795.76 11.8635998541829
1.31792416111901 43.5292279411765 2.52294166078843 35.4129984231808 2.23843902593571 0.378989120871253 1.08073886637111 3.07209906931934 6.10991002666099 721.360837277087 29.8315740600176 1.83606784043732 13.3463721156205 2.81004588566431 134.092810275126 0 7.61534677971874 35.3653675710569 0.614898403364823
0 209.22 56.62 26.445 365.25 93.7790338754075 714.251706348276 561.531060660508 1491.81517318013 128651.8275 5320.34222222223 4.53127572016461 2380.27222222222 6.93497942386831 21119.7299380747 0 877.25 1701.28 128.742253793016
0 1121.08060562626 174.25189922657 4766.97194048222 235.25 50.5384221746761 393.555458941583 399.989076260736 814.760095664007 39410.7327393839 1681.87812812497 24.2803046010023 50.4061506774255 37.1602663823532 0 0 293.680975192833 644.84 20.4451466363782
0 2110.24978413613 0 0 11474.2698116655 92.5879000696488 715.924534995703 566.097522388202 1492.66484927732 0 0 44.4822437924209 0 0 0 0 57.3593280084365 303.028670565949 18.4815244665061
1303.41145949322 3864.47357991664 600.66319712596 16432.2146219867 98.25 175.638842899746 1347.06388848206 1282.35087602258 2816.80307240161 0 0 83.6965648785674 0 128.095042351614 0 320.41781919047 312.586116533539 541.94 50.310041738887
0 0 23.4839229052061 6.92359184405645 5705.52592151623 48.4764695428711 363.795517994336 134881.250892928 952.736888336034 0 0 0 0 0 14809.406115303 0 157.525786793431 648.723668978713 50.9234378658804
4198.96 13922.64 104.3 289.7675 971.75 7262.451 613.170959298656 1323.41615701693 115008.9987 166777.905 6897.03012345678 301.535802469135 3085.66790123457 461.491358024691 36600.4331169075 0 1212.2 6592.46 286.547619016
5792.264 0 596 163.385 23661.75 38250.714 12533.9580246914 856075.561111112 487461.4003 0 0 0 0 0 59302.7482191781 0 606.1 1625.82 218.377699808143
0 0 151.655100782532 4509.59615814885 0 0.306 340.105920831734 437.465218804828 463.194768647255 0 0 0 0 0 22065.4947945206 0 358.15 4164.02 48.0376554024428
648.904863194725 0 380.158523808501 0 262.435446104158 83.0333120800688 231.47872395859 69054.8444839188 1631.90306813573 0 0 0 0 0 31623.0386761272 0 594.805510706022 1246.11424572736 70.8327680410337
187.007252625406 851.470456088962 86.1802874522777 2464.2935146026 101.6628731089 25.1661615911785 195.695002604544 189.53346918148 403.947079610008 2244.06786202593 92.8024826998163 12.0083834909742 41.5189780087805 18.3784650431293 167.629642276655 0 44.8483634511778 408.800156668077 0.743076459771829
0 285.3 32.78 1613.96857362351 586.25 52.8573435682593 144.419676645521 389.776246418782 820.538705649718 15852.5325 655.574814814815 6.17901234567902 293.298148148148 9.45679012345681 3068.89528992306 0 1123.75 6743.38 35.700591974891
0 2396.52 452.002762561027 53.0509009060263 623.5 95.3342657694084 247.11325726347 667.15230422559 1463.50451230505 135451.785 5601.55160493827 51.9037037037037 2506.08271604938 79.4370370370373 25019.986083693 0 1078.8 5234.18 0
878.995199402931 2606.12541053378 405.075513864995 7518.28134617663 102.75 117.484385669245 908.433543867388 718.318696035118 1894.03596685427 92094.8757046717 3909.78606277729 56.4433266248721 174.384373475319 86.3847915977065 0 0 0 535.08 3.49270219073862
0 0 19.7447516626733 189.19793178991 46.8543681463198 5.7265866236835 45.477755150643 35.3791469622168 92.3217240382813 6872.99169182211 284.229681004601 0 127.161747528291 0 1161.51531035852 0 29.7428074292882 705.052440415974 0.170246127024092
511.928 21283.38 405.28 65.7025 566.75 2706.06 405.845437628144 72223.3647166804 36527.97735 320166.42 13240.347654321 460.954320987654 5923.60987654321 705.476543209877 58353.5069544004 0 2527.35 6407.24 127.75900089328
8495.704 385002.84 357.6 328.41 160377.5 126649.167 44591.3032098765 3787075.86111112 1817294.60925 494481.12 20449.0587654321 8338.37119341563 9148.72098765434 12761.6230452675 150222.182713454 0 8395.5 8307.46 0
5855.536 24079.32 435.08 1724.7675 14850 18372.546 11.0740740740741 969302.372222222 266829.2264 311198.055 12869.464691358 521.508641975309 5757.68024691358 798.153086419757 65373.0906811784 0 2512.85 6928.6 154.917014070727
0 399.42 417.2 4328.12605644218 532.25 71.4062341004558 198.122223318204 503.192694921822 1093.93426889325 54189.135 2240.96888888889 8.65061728395061 1002.58888888889 13.2395061728395 18891.1796284481 0 910.6 3498.6 113.059249429429
175.063057926672 519.042975454647 199.875933380061 84.7080820900504 499.75 3.111 81.1142261947744 8.7 271.347157348812 18829.4395010632 778.683551916784 11.2414053742455 348.375865895839 17.2046284049391 3737.84397614626 0 355.183888531301 2764.58 56.7968064714904
317.989654655853 848.867555936957 146.542123154902 1324.4980918932 5312.92610627932 42.5017329466588 328.639415878953 259.86252739515 685.195827479899 38212.5571273444 1584.01233031378 20.4192172531342 181.474654668922 31.2509898419598 0 0 76.2607621121898 88.1056537542839 8.48379557946232
339.368 95.1 183.963159622661 82.8342648018181 338.5 53.3549870438354 421.343088818454 326.221093143368 860.167620542972 60189.0975 2489.09481481481 2.059670781893 1113.59814814815 3.1522633744856 9869.82492024769 0 537.95 4472.72 10.650219928511
873.55396529921 2589.99274169553 0 3742.43050682917 14548.7728564856 116.75712339706 902.81007791079 713.87209588433 1882.31133729597 93957.7529109826 3885.58335805547 56.09392613444 1276.65993811972 85.8500447931692 489.358767115796 0 53.65 850.64 69.9131000135558
5.66139964549067 16.7854357854539 2.60899533029302 71.373727273898 297.5 0.756689069326376 14.2287828193254 4.62652038810324 12.1990365346466 579.932431632765 25.1820049128676 0.363538082530395 0 0 0 0 1.35772546454084 507.64 0.151043144274503
0 0 0 0 0 0 0 0 0 0 0 0 0 0 0 0 0 0 0
0 0 0 0 0 0 0 0 0 0 0 0 0 0 0 0 0 0 0
0 0 0 0 0 0 0 0 0 0 0 0 0 0 0 0 0 0 0
0 0 41.8804387232449 3.08495686377876 23.6178946888211 0.227400614349003 95.3176798684264 74.2664049130512 126.99524977037 0 0 0 0 0 914.125732307541 0 12.6612351861802 338.375458277998 4.85090744285982
0 0 0 0 0 0 0 0 0 0 0 0 0 0 0 0 0 0 0
0 0 0 0 0 0 0 0 0 0 0 0 0 0 0 0 0 0 0
0 0 0 0 0 0 0 0 0 0 0 0 0 0 0 0 0 0 0
0 0 0 0 0 0 0 0 0 0 0 0 0 0 0 0 0 0 0
0 0 0 0 0 0 0 0 0 0 0 0 0 0 0 0 0 0 0
0 0 0 0 0 0 0 0 0 0 0 0 0 0 0 0 0 0 0
0 0 0 0 0 0 0 0 0 0 0 0 0 0 0 0 0 0 0
0 0 0 0 0 0 0 0 0 0 0 0 0 0 0 0 0 0 0
0 0 0 0 0 0 0 0 0 0 0 0 0 0 0 0 0 0 0
0 0 0 0 0 0 0 0 0 0 0 0 0 0 0 0 0 0 0
0 0 0 0 0 0 0 0 0 0 0 0 0 0 0 0 0 0 0
0 0 0 0 0 0 0 0 0 0 0 0 0 0 0 0 0 0 0
0 0 0 0 0 0 0 0 0 0 0 0 0 0 0 0 0 0 0
0 0 0 0 0 0 0 0 0 0 0 0 0 0 0 0 0 0 0
0 0 0 0 0 0 0 0 0 0 0 0 0 0 0 0 0 0 0
0 0 0 0 0 0 0 0 0 0 0 0 0 0 0 0 0 0 0
0 0 0 0 0 0 0 0 0 0 0 0 0 0 0 0 0 0 0
0 0 0 0 0 0 0 0 0 0 0 0 0 0 0 0 0 0 0
0 0 0 0 0 0 0 0 0 0 0 0 0 0 0 0 0 0 0
626.014703302615 1553.10103677785 183.402293350717 44.3056650912647 85.9282105606257 84.07543820532 651.26421582613 7824.45589598726 1351.25203010353 67823.8625597244 2913.62159878436 40.6433487404562 35.3386244611493 62.2034068635153 0 0 102.807930247718 982.651621903522 2.48747993975942
23.0435845068835 32.467515916128 0 7.67959916992279 6.91626315691077 3.3317569582524 8.51865939102954 40.5019292052468 51.7440652787437 193.039566265961 7.98307008086813 1.47970838499841 3.57155219868675 2.26464859722035 28.6683862470627 0 7.15921404400905 97.5792645216774 0.614790630802261
0 0 0 0 0 0 0 0 0 0 0 0 0 0 0 0 0 0 0
0 0 0 0 0 0 0 0 0 0 0 0 0 0 0 0 0 0 0
0 0 0 0 0 0 0 0 0 0 0 0 0 0 0 0 0 0 0
0 9091.56 423.16 285.77 1432.25 910.372487854946 2377.8752190873 54.1666666666666 9018.5649048232 81620.5425 3375.38320987654 196.904526748972 1510.11543209877 301.356378600823 13565.4827772566 0 1589.2 5282.2 170.029761886
5533.424 0 56.62 124.025 49026 0.867 1663.78109596014 307045.061111112 2.50325 0 0 0 0 0 46779.9336986301 0 1271.65 1495.48 74.0490024729381
506.176 665.7 140.06 456.33 16998.25 1168.4974784991 3240.81296538659 386363.844444444 11787.7198040045 200588.22 8295.24148148148 14.417695473251 3711.21481481481 22.0658436213992 34670.2374179021 0 1927.05 4253.2 214.047619024
8236.864 399.42 157.94 288.5375 148812.5 24618.771 59055.4113580246 1150213.11666667 419418.1611 220145.9925 9104.04493827161 8.65061728395061 4073.06604938272 13.2395061728395 43625.0674498029 0 1170.15 2455.88 9.03503651320452
0 11868.48 122.18 161.0275 498.5 1146.61647688891 457.900034963496 18.2722222222222 11554.1952445601 99409.905 4111.05481481481 257.046913580248 1839.24814814814 393.402469135802 15896.8262263089 0 1750.15 9055.2 134.075655209696
2444.6 0 113.514508321789 145.064464153065 13903 598.396412695264 6404.51374720282 180534.311111111 6015.87364071254 0 0 0 0 0 21164.9153424657 0 566.95 1715 13.809523808
0 786.052349387756 10.7642124195547 7.87388893933758 53.2491380598218 138.32446417346 23.5226841644531 0.33780308674342 1462.41866550587 15146.8619576954 626.392106304889 12.9701272740136 280.242072517289 19.8503845991897 3139.00240453381 0 212.909258570336 158.17492408775 14.7328815222807
0 751.029570155482 71.868321789235 251.746653064708 376.25 243.986078670035 656.993517731828 16.5666666666667 2451.4149837988 65385.323565674 2703.98255850751 16.2657588011241 608.935094582349 24.8942482350872 1465.19472846777 0 453.85 3121.3 28.8618743909272
690.24 171.18 0 242.4125 96421.75 19426.257 2442.94753684306 283771.822222222 331690.8178 217746.0075 9004.79456790124 3.70740740740741 4028.66234567901 5.67407407407408 42130.3251566898 0 4245.6 1193.64 157.083333316
2.68683951221901 0.535943329397875 0.263426220676821 0.30425216709927 1.41204270532347 0.00645398893187718 0.511413391845374 0.153916015040458 0.018634311180763 168.900457661981 6.98480739616153 0.0686119822637554 3.12493864646762 0.105008548279794 31.5230277225252 0 2.70791174886135 4.20657524854303 0.106011208036828
0 0.337674280592786 0 0.245234989235308 0.48570289450602 0.470056105487543 0.210226396830887 0 4.73661630260368 126.83458574292 5.24519095359233 0.03155235252851 1.8959729029601 0.0482899141595179 10.0016774642836 0 0.560806953193526 1.3985844828961 0.0559863235739836
