5622.28367702739 14787.5291253258 0 191.337212378731 151.442311598454 6.9523933819751 0 372366.136297883 20.0733318724673 7770.7137317171 321.354598430841 303.411339955093 143.771094448285 464.3618110002 2391.67423088866 0 131.471278991386 3587.12273976252 0
32.9939953470575 1103.78193664217 0 20.2768406205708 0 0.343082231259838 0.582701252879376 0 2.25652673843121 1116.40514543619 46.1684652895452 22.6474587861513 20.6553471339358 34.6612456147691 281.825093931926 0 63.5432177593382 596.006846735005 0
0 15720.3141586595 2604.58563863495 835.1058720227 4769.87177206929 4.25942966509595 0.779703193516767 3187885.27168348 12.2980591801055 10832.1080270465 447.957272056379 322.550274827527 200.411967291247 493.653367668105 3574.08232246069 0 98.5655320863384 2829.14962844705 107.359977561332
0 0 0 0 0 0 0 0 0 0 0 0 0 0 0 0 0 0 0
566.756064 284.58675 42.96564 50.3685 245.565 117.050910555618 385.52724706258 1.03771666666667 1615.51403669425 34349.09058 1420.49219555556 5.83916666666667 635.515155555556 8.93666666666667 3457.94352657534 0 213.4197 1717.85376 6.19817042265361
450.588672 0 0 71.2908 159.69375 153.093072697716 226.810339098712 6.8875 2121.07148482965 10095.3963692658 417.490871270165 0 186.781579531674 0 1530.8931668728 0 357.309 6455.65788 30.3508281707754
651.24144 14582.22507 384.30378 735.22512 1699.63875 567.174646473095 720.404977088587 450.695041666667 7364.49845538103 19931.74911 824.269102222223 299.1989 368.770422222222 457.9148 4758.79082193281 0 1831.9329 13432.1544 122.436964272204
235.855008 0 21.48282 27.04401 218.4075 134.122004718969 205.820081027899 8.3752 1866.52606461692 1832.30285515788 75.7741140070067 0 33.9006423272981 0 863.667464975312 0 158.3748 2316.36132 40.4840040490285
0 15527.05308 0 1020.38832 754.6725 1000.45214270914 844.830080592995 1444785.213475 13843.967648159 4303.29942 177.961137777778 318.584933333333 79.6181777777778 487.584533333335 7400.84217412647 0 153.5463 3298.64472 6.78579345429761
3907.44864 72774.52371 331.79022 4418.71227 0 962.904369267466 2905.20392314425 16.130525 13331.606169607 63441.45612 2623.59473777778 1493.1917 1173.77217777778 2285.2844 16652.9453704335 0 3265.9974 13231.12896 204.636428548848
586.192382114191 36837.9571394265 0 8520.1103932262 0 30.297556851889 1651.23659531719 0 4611.03237317243 18489.0106329589 764.605259242403 755.843240757467 342.077367117099 1156.79504979065 5497.00381780152 0 644.184532342304 12302.5187065124 0
193.61232 3301.2063 226.7631 391.09203 330.8625 21.407148 412.15503694477 115.498783333333 2417.72056491021 17715.67875 732.624444444444 67.7343333333334 327.769444444444 103.665333333333 1861.50782465754 0 398.8341 4495.65984 0
0 0 1989.064835992 1913.04357785261 75.735 885.015890568054 748.342957879685 1223791.74974167 12257.873770888 14065.0741588312 583.585594210315 0 74.755271111111 0 42.2797098082192 0 118.7811 936.5958 47.1361945091954
4030.65648 177001.57503 145.60578 5993.92899 141610.607967113 0 2058.4360289252 102.366616666667 0 87418.82205 3615.16862222223 3631.7281 1617.39322222222 5558.24919999999 29443.3428262563 0 2505.0258 16689.68028 255.79553568606
0 6021.82680177164 55.4602838591542 113.942214282537 135.456489482399 0.94559763068809 173.188720000439 0 893.953636558874 16329.7218230163 675.308778587984 123.556175167484 302.126942207188 189.09896139519 4253.84412403746 0 333.111400234011 1237.67222346014 10.6792383061581
0 28766.02869 157.54068 0 323.40375 3.296538 676.814599723007 0.757625 9.5179455 42156.87336 1743.37976888889 590.222966666667 779.972088888888 903.318266666666 10319.5733172002 0 3713.1165 12979.84716 115.539107130108
686.44368 6499.96137 503.81382222074 140.87682 153.95625 174.226199817432 261.235923749048 0.849458333333334 2412.95213611162 15190.38927 628.19216 133.366566666666 281.0474 204.113466666667 2592.14434507037 0 1284.381 6542.46432 78.2591880046032
73.924704 43894.66032 0 6724.1571739212 99946.8609032195 950.23941534004 2844.74405614739 147294.238333333 13121.5963709945 8439.10515 348.995644444444 900.633066666669 156.137444444444 1378.39146666667 4776.46272675549 0 614.1852 1891.46664 72.2044044295129
950.46048 8002.57941 195.73236 150.64056 224.145 452.820280531652 671.991316918651 8.99966666666666 6271.35106159961 22160.7036 916.446577777778 164.197366666667 410.009777777778 251.299066666666 4280.5481224695 0 715.5837 13838.77404 300.631607109684
193.61232 0 0 0 282.09375 162.020575222247 251.603394804931 27.0449166666666 2243.9098912002 2213.43815428415 91.535804017363 0 40.9522776056126 0 1335.1529986659 0 345.7206 4198.69044 8.63045190031484
1031.425632 22425.4359 2631.96740178725 170.16804 118917.05372263 1122.05961901153 3358.01226144103 697929.109 15540.0057934776 14211.19539 587.698008888888 460.126333333333 262.930688888889 704.209333333332 4268.72439271909 0 500.2326 3234.68208 76.0255355671492
2457.116352 5725.88541 434.43036 1231.39359 1190.7225 10.093104 577.350920008483 236.994283333333 92.5968078 22585.87989 934.029564444445 117.484033333334 417.876244444445 179.805733333333 4723.51473309065 0 394.9713 6300.32004 126.46071427176
0 0 214.8282 0 0 330.008759108297 987.62440131732 1667624.70169166 4570.46839717756 9121.96404 377.234986666667 0 168.771466666667 0 1736.65162484518 0 215.3511 484.28856 50.9184270187462
80.965152 6659.32995 0 5802.2563060788 85932.6211570382 812.219512309179 2430.74702547321 253599.145866666 11248.8638865548 4019.84856 166.239146666667 136.6365 74.3738666666668 209.118 936.38521959092 0 322.5438 1672.16616 43.2650076934119
4706.539488 155577.88449 2575.55142 10111.98006 51298.79625 5.860512 1132.84771928117 81.7775833333333 6201.45609977849 74766.60639 3091.94156444445 3192.15563333334 1383.30624444445 4885.49693333334 22708.6024719385 0 1624.3074 5318.03664 286.56474172022
144.329184 0 248.24592 102.90672 5350.41 483.332418022609 408.059466015722 1507431.929875 6687.35727857666 6591.90824170673 272.605593133662 0 121.961237427212 0 1570.1596702659 0 134.2323 2924.0064 23.97116217153
0 0 0 79.5224953481928 0 418.773862018696 1253.2736581935 984051.651764496 5799.82394131647 5721.06377808877 236.592186571092 0 95.4100450594722 0 109.538706539757 0 329.576254934665 661.24694644158 2.84459446406797
0 0 0 0 0 0 0 0 0 0 0 0 0 0 0 0 0 0 0
373.177397637248 7182.95769170112 0 0 10.7132146624111 0.138082610541277 542.525019074106 8.22428928116272 0.398679694160843 4520.38936035455 186.938800964786 147.380322947074 83.6347017929521 225.561093661255 1199.96922210964 0 100.300554055992 538.428131035686 0.25352578770197
298.950190003554 63282.0308199486 83.7284562014964 114.805159040884 493.42819620629 137.297578955835 168.701074101171 53.7554930262271 803.569047260863 24820.9416804532 1026.45960484184 1298.42420619658 459.22859518945 1987.19868520796 8614.54531024246 0 671.240132607555 5836.80442973663 207.998270373369
332.484872181871 27187.0692566784 85.5875258175592 71.020672203938 150.529558641682 0 115.577792292525 30.115239570504 0 16180.3299335985 669.130739827303 557.825789738822 299.362944434932 853.735374505367 4378.32275751854 0 401.156354513459 3759.80917464472 1.41249525963868
1164.11000256233 159998.976493946 574.726933946739 737.095828986888 606.653770325161 6.5869415485611 339.817915888758 137.046521223468 62.0098918791496 39028.3348775348 1614.00037564158 3282.86784344048 722.0889372021 5024.32920694386 25758.0241905197 0 1157.76177070226 6079.92605461336 173.434550949156
953.885843021203 122505.357200266 132.349999788525 982.110331787582 131.012788017599 0.291169935145118 210.079980362813 57.487177176193 33.8706281664765 17617.5721544991 728.567287445864 2513.57169036115 325.954309684019 3846.94488474854 11362.905414692 0 1114.94116118484 4649.69089142255 0
6912.25127294936 42655.2800784891 166.852302266841 170.500705819418 229.331695659948 1.18965665208061 87.4602183794307 16.6068717289973 7.47962390744186 16317.4817290548 674.802594649732 875.203394366197 301.900480164479 1339.47212804097 6203.15709006138 0 368.507203143731 1956.81144419131 0
100.255873173948 45395.9145685438 45.0145242726294 44.0935224603895 183.829305003736 0.61086533256737 63.9523722592162 205.483139307122 5.18977550339703 4199.97120669047 173.688042970653 931.435884318191 77.7064344260365 1425.53424053493 2651.13153129289 0 340.443862875416 1129.74201763028 39.2594360103161
53.3664051266433 1862.32642473115 2.63859804554922 9.46915023320928 802.123759466117 0.132042955850719 9.19143587934683 3.14059763894738 1.20686872140313 379.177614777888 15.6807307974254 38.2113165203324 7.01541487037394 58.4812556534957 400.068321433858 0 16.9274533820467 120.487288869464 1.51966350888718
494.464014220448 75049.7089590813 105.774202307235 87.5622313082162 195.961099913475 1.42914885890385 186.699715538317 49.8859005504872 12.1648790580267 12549.7805765003 518.990897978337 1539.87407669859 232.191758809082 2356.73035514709 9646.38984649364 0 679.844255048559 3441.74147125845 38.688682364389
41.9564035206228 14365.2858440397 20.4889589853952 29.8976627611887 25.9104052968272 0.180231022607083 23.3827939381105 8.13740777053381 2.03124638111253 1375.01163165438 56.863027771117 294.747728970709 25.439996117112 451.102418364759 821.503971356559 0 68.7423977179152 520.056502067949 0.292208276063715
38.2532438694574 24961.47465492 9.25083401126895 14.8744507921893 2699.14488693986 25.9771104955703 336.375191029899 9.87422271353467 75.0025396171125 1484.28135365214 61.3818311713655 512.160916683063 27.4616672356293 783.84667768077 1386.32740865809 0 56.5794265755297 696.104840956936 9.74377921718733
1.6210804703029 289.564386874224 0 0 49.7366838682048 0.0061285918336411 6.19832844776583 0.155037617261047 0.0363221209340462 42.1207503545049 1.74188591718804 5.94129809518448 0.779303753364752 9.09297570611651 30.2112423836852 0 1.13241453228785 7.56795708596311 0.05807941341428
1083.29025014982 123099.131415319 326.979839549691 970.520179412097 740.195124239375 2.74824191691668 351.401539186171 38.0227841041734 17.9531020215655 29146.1903612371 1205.32844506865 2525.75478252573 539.252870702154 3865.59073609333 12028.282088137 0 1988.01885164633 9193.83067133279 4.17286329045896
80.9483174518442 690.638525395447 11.6499367122168 13.0987790340261 18.5875859331503 0.456470183723456 9.95567492099333 7.44751231009216 4.56152613196097 1067.18878963785 44.1331435932575 14.1705594382203 19.7447629093487 21.6876094499035 383.964885319556 0 59.1417525303098 221.054040137942 5.43152168755384
179.497344295238 11513.269322561 531.473926234671 1693.13249607603 2996.82214496242 29.1173985135663 37.1432635422047 125.929793530691 84.06935159064 3913.77314122334 161.852442332774 236.229896341463 72.4112954565944 361.542658536585 1026.73774053926 0 631.502823008469 808.192281722222 34.4233812922827
5963.54643587797 209000.355698333 317.440750782469 9885.3849403755 61374.511627998 4.9171146467214 7651.53056460767 50.1442046424716 34.8597001302309 73173.9829672817 3026.0792925697 4288.28085044431 1353.84006920837 6563.08317970099 35874.3442680251 0 1346.38437209534 10436.290812144 606.060831244595
1519.67659525667 89402.2267809003 252.843488670519 6418.81441551944 526.144195761518 1.09807994593802 214.076821794522 78.8377227871381 3.1704367066544 20072.3555825343 830.083823762354 1834.35983068363 371.371875208483 2807.43182877856 8517.21621376513 0 624.372318826888 5926.11624056271 219.617341368187
296.549147620192 5577.51520223023 13.3108722157842 44.3699822486803 1723.16255190118 16.2045293789774 209.023950605262 5.13258653975585 93.6445800011432 1270.26722560501 52.5313669088097 114.439765209341 23.5020508504389 175.146573726983 986.866707913945 0 240.896908491994 923.303045243701 0.245453748512422
188.655269877551 947.200800293504 5.15531787032632 86.8993512919795 22.0296115917722 6.03183683801513 8.33653307444017 4.99941737319626 35.5346091206727 451.229100206582 18.6603896763489 19.4347183757284 8.34848687306872 29.7442443073086 445.97918180805 0 34.2706816149138 104.478901303832 4.46689259833701
11472.410016 92957.41602 1231.68168 28226.97234 83003.5901979156 29551.998042 4378.89721124871 41956.9051666667 381005.1296058 45300.60108 1873.38730666667 1907.3054 838.136266666667 2919.0728 20588.4398768399 0 2108.1231 16168.84164 5.86395063564563
6360.42259038304 205328.447190016 4658.92922275296 19783.5864662153 7454.38706059296 2.80788733198478 9.05578082864953 77.1783670657055 8901.04247703861 71925.0620682251 2974.43069401819 4212.94042871064 1330.73296080932 6447.77695982488 26228.4150623018 0 3567.91248619524 6852.46969025224 96.2719339849183
3375.15558560138 35689.8914886094 2127.99875088965 9136.26300235451 40036.6300205807 84.0297051760521 8275.29659711148 29233.5396191936 576.505009732068 3909.9299549995 161.693508982725 732.287166276146 72.3401901362022 1120.74319553952 5568.24775109391 0 269.806174073986 1327.87038059164 50.1843532241841
3164.681376 206871.80031 33.41772 593.72838 40950.4774008084 267.126717953844 805.430379927975 33.542125 6173.04649604751 11144.77245 460.887377777777 4244.60703333333 206.196777777778 6496.24173333332 20978.0553937774 0 706.8924 4422.55968 296.581919088522
31372.236288 225529.30764 0 55156.21965 95966.2736104606 10.215198 5061.09838533988 114.236075 11017.9912840647 57257.07372 2367.84220444444 4627.4228 1059.35084444444 7082.12960000001 47671.0467919985 0 1781.7165 6094.72584 140.256428555952
2836.8069932823 11735.1584277787 255.529755500904 370.60555301444 233.455872949691 2.09770954747227 349.791120673922 31.9162729721677 2034.41112384734 16129.740949516 667.03865366558 240.782629266957 298.426964310111 368.510477559419 4074.93915463658 0 1254.91371821432 1707.29527674071 52.075673877819
0 0 328.518883473609 55.7608455199628 1342.26264228143 8.76081725784825 69.7537422218403 0 202.454223562232 0 0 0 0 0 735.110026577521 0 0 95.8188958369923 3.91063146335834
0.380639900708953 1.80647023784501 0.991711089762034 0.0286341557440247 0.111131222144912 0.0277098708670839 0.20508774128361 0.000841881828610114 0.60651898629893 0.835892368881284 0.034567977383706 0.0370652561904235 0.0154653954403846 0.0567272452384905 0.478521421753507 0 0.270131588844801 0.324333245576095 0.00649015367519293
2710.57248 124853.89896 2002.67622 5996.33118 1092.22875 385.207591016472 2984.50309581427 102.306925 8664.03686822645 44179.68177 1827.03216 2561.7592 817.397400000001 3920.6944 18077.1541707337 0 1544.1543 12399.61464 0
2158.81360845594 85730.8214619336 1392.88687005757 7523.8115207201 1870.06367815042 462.80633068275 12141.4436861462 12855.038962428 8983.78724356749 7206.00873169697 298.001460639566 1759.02973341687 133.323115189709 2692.14141018446 5783.78169389908 0 845.001230765482 10312.0864191392 71.9960371340132
1493.11277876202 13471.8011244034 137.775910559943 197.34112776873 168.928681300189 215.961510096669 365.244673416076 0.381482422945205 4244.4200056254 13577.5909101054 561.495562082821 276.415160106992 251.207954959062 423.044980303609 3536.50971408306 0 146.950833575343 2221.53781763666 35.9920124655207
2608.485984 64214.15427 350.88606 1254.79557 21772.665 155.41160682138 1224.10369889347 44.9524166666666 3562.49091115535 7962.39234 329.281386666666 1317.54956666667 147.317466666666 2016.46946666666 10804.1866093601 0 247.2192 5546.47464 21.1831731819985
2249.423136 34446.38022 2873.92392 10527.40395 57346.3610480389 379.971346053917 1158.35787333346 31087.5210166667 8780.77941556517 17084.35638 706.516373333334 706.772733333333 316.088933333333 1081.69413333333 6154.66975291422 0 386.28 4194.12168 169.610649020435
25595.548704 190912.17537 873.63468 19051.53642 140485.723471312 1608.018678 5120.74441181859 82937.5347583333 30308.8924635 42015.14793 1737.51877333333 3917.14656666667 777.349933333332 5995.07346666668 49679.8215651117 0 845.9532 10375.65396 176.470178551956
6192.074016 67754.41344 2503.94202 26183.63853 150766.965 5178.047238 6209.93677777778 111392.680825 71957.1485493 15306.34644 632.98752 1390.1888 283.1928 2127.6416 10100.3836509964 0 2876.8203 8785.72548 269.492570512708
34.5503712134427 2286.98158841156 34.8413187705776 37.2669764768248 55.4461932386477 18.4534374350005 48.6975699534542 77.0242383253122 374.283721854809 3021.9607675055 124.971916666 46.9244146409948 55.9112871640996 71.8163868431608 520.565403132243 0 27.9484600272996 556.495321865315 6.61418761966616
8768.877984 507270.19014 37661.77044 137341.49373 224505.6975 15473.705184 41071.6155777778 102735.309133333 258561.5487882 57823.97544 2391.28618666667 10408.1978 1069.83946666667 15929.4296 76032.9706243123 0 2187.3105 8292.2994 8.50666236963887
2453.596128 60651.12816 14751.5364 47964.60522 302.36625 2529.624888 676.956549943991 23.2338333333334 33529.9989948 45828.85041 1895.23283555555 1244.4432 847.909755555556 1904.5824 13784.6871869093 0 920.3121 3485.96388 55.2942009204066
2696.491584 134757.51786 0 23864.75028 3981.825 2963.587662 949.612059892351 52631.3271499999 42817.7512203 40469.05233 1673.58064000001 2764.9622 748.7446 4231.6904 15361.936940334 0 1233.1989 4290.06564 140.618033851283
353.607548683526 3912.8185058166 69.4624340688057 181.843132170787 57.1610583450401 33.0217876728044 98.7400569690861 2.53939353688766 754.532547122654 2263.37081331964 93.6007481327844 80.2834263783564 41.876114628323 122.871337873768 1353.5473052524 0 125.365075112549 912.682639804751 18.3944791963748
3.63387033837038 50.8875825842696 1.6044917316568 1.38683240396528 103.128281122092 1.19194891960361 5.3692232380384 0.088804292662087 23.4260810539088 86.6051665895456 3.58152024283486 1.04411423220974 1.60233924647533 1.59798501872659 18.5449653634039 0 1.89232661484576 12.2019442512323 0.240056842189157
2890.103904 93344.454 10388.13696 51324.26166 46157.23125 3925.200006 22512.3072897047 329541.630016667 56389.7675817 17947.59309 742.215164444444 1915.24666666666 332.060244444444 2931.22666666667 11028.147367386 0 1682.2494 3842.32716 124.003791799282
854.130828704283 13246.3469772662 3250.99560603913 13.5547963504671 234.538113266296 152.932983394014 692.878896924238 277.160619855717 3005.68288278301 9039.16507395304 373.810870246587 271.789279454343 167.239548444127 415.96521091314 2284.02472861008 0 321.499191697208 1946.39481421081 48.9704786510992
199178.677753793 1245880.43677285 52083.3168354305 466592.951684009 1350837.04825415 5055.80562732439 242550.86454561 1570226.32444234 95285.2011172164 80764.5812169 3339.98529098522 25563.0436661443 1494.27872845411 39123.4594370961 177402.903296772 0 5731.06473859102 68508.7308655684 520.239173151546
23052.4592881652 193471.819238924 16688.2255314756 114639.583736912 225142.13239546 9241.80523616963 68484.172982333 333890.310357906 26683.4474710976 17144.6662021902 709.010460666941 3969.66548105026 317.204765088514 6075.45206490412 26479.5743904747 0 1333.38806469446 7519.92834951007 77.7944608008526
434.521990850379 11973.6739812797 184.7339802129 357.474664615769 26067.1001598702 171.304037181456 564.156369273957 44.4694619656568 3832.52321887685 8810.11214903798 364.338482864068 245.67650457733 163.001689369843 376.000404607862 4288.40667748347 0 603.578589975296 3459.78215906302 54.1094251820632
2735.214048 58624.8705 207.66726 25399.28475 57286.4781244559 3.174444 3661.69865699637 0 6631.43828284476 36784.19115 1521.19475555556 1202.86833333334 680.568555555557 1840.95333333333 15340.6887321449 0 1151.1144 5692.67496 78.175714277088
1.27136654085323 12.2172368609866 1.78466378131863 1.22943510004205 0.618012476052522 0.42311137067614 2.25170194551187 0 9.74194439295429 80.0847322773703 3.31187042399888 0.25067394120578 1.48170039530863 0.383648829098156 27.136559817035 0 1.62760678099154 21.682321767394 0.00448931922539611
1489.054752 139971.14712 13763.3685662883 24511.7809017573 4490.9325 6789.688038 6320.15366666667 39747.3125166667 86231.5670244 22946.63553 948.948462222221 2871.93573333334 424.550822222221 4395.41013333333 22070.5983358379 0 1183.9482 10412.20404 191.818189357346
3502.62288 23245.04574 0 184.73616 22339.5850031185 148.019892261517 443.574649936625 0 3420.60009672329 8374.6845 346.331555555555 476.943133333333 154.945555555556 729.946933333333 6872.24583271908 0 116.8497 3577.33908 1.57822358486832
11666.022336 61800.85863 0 61576.57611 25108.4475 4131.742356 5482.21988888889 123640.823091667 50062.1458827 23410.46421 968.129902222221 1268.03343333334 433.132422222224 1940.68653333334 20026.2814278701 0 991.7739 4230.67176 66.5777197287411
12771.372672 102246.32754 26225.74926 103095.33066 134760.638774043 16386.764814 13322.4417327008 107310.9968 278658.9028398 27675.11124 1144.49258666667 2097.8958 512.035466666668 3210.7656 19427.0861491762 0 1470.7611 4705.8228 4.24222600152798
185.514462040608 22478.9801061789 50.8933250523926 0 59.0110013116688 70.1680956565766 212.525279007358 2.65068688931024 1621.51850756464 7339.2980979037 303.513586324704 461.224956315301 135.789189570965 705.890742332709 3150.7083580172 0 258.34499535814 1141.36912722364 105.27011280025
4584.62559977259 27779.7478137756 1005.96955400394 16550.0942223287 184891.625631466 205.175751324269 12747.311536373 93083.4271776917 17692.8534316583 6681.78320147695 276.322334298384 569.986401132886 123.624073271611 872.346819715867 5737.01625048866 0 243.625678605038 2382.75620499308 113.792350205843
5375.382048 71624.79324 10328.46246 52337.36592 57558.02625 5376.938364 20042.4901151227 381556.787641667 73092.5695626 14378.68908 594.624639999999 1469.60146666667 266.0296 2249.18026666667 25771.1709885082 0 963.7686 8283.16188 214.476739037835
380.20325513054 4352.61541414349 29.6309222054385 287.403007794719 5964.15603009217 0.828902686558716 119.206220394799 3.7168766575867 6.07075420148513 3837.55274418368 158.700379867399 89.3072036526163 71.0010916735178 136.681954041766 2149.22037078957 0 200.777302349016 617.40784108582 23.271448844432
63.364032 21207.40461 2468.23590873703 59.97726 171.93375 110.496083704635 502.24175039073 1.19383333333333 2171.6452529401 6751.28412 279.196515555556 435.1347 124.909955555556 665.960399999999 1625.24767885907 0 0 511.70112 0.667874460144736
5438.74608 94642.16958 12409.0019572027 263.15604 662.29875 1.587222 985.62028861964 51.4037083333333 5712.20265543164 37892.22633 1567.01708444445 1941.87326666667 701.069044444444 2971.97786666666 27643.4851184688 0 1695.7692 5793.18768 231.282213135754
1964.284992 122713.8066 0 32019.48792 441.59625 2.604672 1248.72694845947 71.079 7261.79270838969 52863.58539 2186.15134222223 2517.84866666667 978.064022222224 3853.49066666667 16608.8091431788 0 2213.3844 5528.1996 127.610357128776
9670.055328 95666.68188 116.96202 38443.71888 62382.88125 3248.71785 1157.84754487933 216341.976833333 50299.0716039 9302.34186 384.694435555555 1962.89426666667 172.108755555556 3004.14986666667 14318.9414401801 0 561.0717 4184.98416 498.954166845462
23.1598661261935 4056.87014598612 17.3185989348903 19.9637283315549 31.174043638488 11.774969264492 33.9938106223295 26.1381103835732 263.996779910596 1483.00600651834 61.3290897269894 83.239085893624 27.4380711980504 127.394884704328 454.411548181568 0 49.639851806325 219.959171090132 8.5670919564513
397.785312 21662.74341 6947.6841046896 260.3664 288.97875 178.90227013436 1425.44199951363 2.29583333333334 4130.02983252085 12201.27111 504.578435555555 444.477366666667 225.743755555556 680.259066666666 4012.623663997 0 376.623 4057.05888 145.610252439001
43784.546112 118547.45658 13297.86558 63861.36876 155874.67875 23305.058532 2695.29851370091 73525.4767333333 286742.7555573 66662.48862 2756.79918222221 2432.36326666666 1233.36662222222 3722.65786666667 38279.9160116194 0 4646.9484 22820.9562 365.586428531088
0 16.6848461250877 0 11048.3195845158 15721.2288500589 125.017701219069 164.920708641722 557986.732835522 360.957970676625 1669.01409563093 69.0213760272413 0.342340595027965 30.8795294052675 0.52394184973311 315.844387711975 0 98.5764911386972 544.491467595436 39.3118585559486
482.270688 3915.91368 2825.13441742438 0 532.24875 146.266226461729 122.32834827737 55.0999999999999 847.255303285869 166462.9596 6884.00568888889 80.3469333333333 3079.84088888889 122.968533333333 28449.9995740139 0 1905.3261 13486.97952 255.220714257552
630.014897908836 417.882790796506 496.745455634248 2239.66007459616 77.45625 26.7393968898213 33.1265294700352 0 77.2034547456117 11968.3549517342 494.946285782486 8.57414219949664 221.434420255777 13.1224633862426 2829.14996625864 0 0 1918.8792 7.95854171001946
2274.064704 21480.60789 2188.83420850115 38.59002 13274.3300729089 0 485.977958132743 367609.691975 0 82857.84003 3426.55112888889 440.7403 1533.00748888889 674.539600000002 16485.6733742466 0 0 2046.80448 78.8552684862156
989.182944 876.52719 1284.31872317133 5858.4879957422 167.34375 0 53.2568558877344 0 0 102570.55893 4241.76232888888 17.9846333333333 1897.72548888889 27.5249333333333 21370.5200216476 0 100.4328 2590.48692 8.62232142762
590.152441355779 1891.55487147332 0 11.1197911582314 0 58.5401794272505 77.2249671927503 3.73800600783624 169.020420012993 84194.635768842 3481.8337544843 38.811027406153 1557.74042759472 59.399094891335 13980.4568752168 0 15.9897291782126 1043.31144987932 4.87248211145493
0.875879307036729 1.67782299943391 1.95612561358794 12.6984141510701 12.6788216677039 0.100823997550098 0.464176183035781 0 0.291104581161802 45.765353224054 1.98723728294097 0.0344256650418937 0 0 0 0 0 0 0.0204142918644094
7881.781536 90270.9171 245.85894 430.45695 20568.1725 61436.927538 13579.8514222222 457760.257533334 913970.9012721 468428.31441 19371.6559466666 1852.18366666667 8666.70086666667 2834.71066666666 126050.157881929 0 6946.2801 12568.65876 217.081591686121
323.473176580002 619.641006478433 741.517480668197 3317.6236945417 76.1175 37.2355625952206 171.426066597402 0 107.508560630318 17746.8028631864 733.911569056138 12.7138284207843 328.345292168479 19.458127013628 3893.11400600496 0 0 1078.22736 7.53925316417469
153.091537418043 1773.47399863139 10.3622682522814 27.5725142673559 29.4589548378479 0.0978031370278388 13.1561275167691 0.377306460678364 0.28238258681077 26761.5137180752 1106.71114535746 36.3882375304136 495.132396994155 55.691088807786 4339.40010610641 0 28.2977597406723 884.726024975166 3.40827815276165
633.184911531144 13109.4867618824 160.50377509182 258.442425818612 167.500322372493 1.9840268511039 58.0336673387143 1.13851525263704 14.1795877094048 117974.71953112 4878.79491238663 268.981173990327 2182.72801312817 411.667491062119 19758.6151770545 0 378.246251290728 5368.48817349185 0
390.744864 0 1963.04843440192 34508.4522394351 11362.2052801483 90.3540555545051 415.974387528659 202496.1366 260.875189811782 0 0 0 0 0 35902.088659726 0 1215.8163 2745.82476 36.1138595273626
33.9593645546844 1634.94754114151 0 1.15006281040092 25.3025267395324 16.7677279711043 17.214043921706 10.5140967070003 48.412704779316 18869.2157728257 780.328482907763 33.5459440187647 349.111792906125 51.3410451915558 5311.66638552724 0 196.353522870785 386.015309774615 11.4786887363775
763.888608 1889.91031295609 71.6094 47.73384 188.5725 114.219948990415 535.052753672648 0 660.044132448571 72487.7841502836 2997.70182907107 38.7772842635955 1090.68247620118 59.3474520397884 5401.85329076907 0 250.1163 2645.31204 47.1372859427309
502.344153813909 962.283922144076 1121.89916831811 7282.93734108091 7325.25043960531 57.9885053449047 76.2824586403457 0 167.427596314455 1958.38776 80.9883022222222 19.7441947035585 36.2334222222222 30.2178883974543 172.51886280753 0 42.4908 941.16456 11.7082343308595
179.44577302915 343.743987009021 400.76123508383 116.920212099487 308.295 0 27.2493760609223 0 0 12175.50285 503.5128 7.05295812545796 225.267 10.7943375106909 1558.87744089918 0 193.14 3175.2882 54.7666637544249
2288.1456 21173.2542 162.31464 80.20215 151.27875 103.633439009522 81.2904331284152 1.19383333333333 601.311812774589 73671.45534 3046.65205333333 434.434 1363.04413333333 664.887999999998 17504.8118028899 0 1480.4181 13208.28516 96.6288321364696
170.197218974102 2864.51546481675 435.023820579985 1763.48850738372 42.4987196667684 19.5916992798173 90.196782629768 0 56.5662297833939 23988.9200275833 992.051699290972 58.7742866395191 443.834814416194 89.9522548768662 5385.989396436 0 29.8046576486552 415.32930580694 11.7082896894292
5583.075264 25601.42403 250.6329 334.98927 128.9025 0.651168 136.680217530542 0 1.880088 151607.55771 6269.66679111111 525.291433333334 2804.99131111111 803.942533333332 23116.8815197448 0 1126.9719 9461.90196 35.795822837621
1891.55969088665 6306.44238 21.48282 4.02948 27040.26375 54.4798884370822 116.197747489226 396272.555858333 157.297324948242 65232.35019 2697.65640888889 129.395933333334 1206.90668888889 198.036533333333 10140.9550652811 0 98.5014 1891.46664 10.9401465994611
50.6937340013736 471.126094160584 12.0774261495536 315.13935961839 25.258655241243 14.6951486031318 66.4871191247573 0 42.4286398394343 5343.90510891526 220.994948420075 9.66659124087592 98.8711092265083 14.7944233576642 937.679876514542 0 19.9205056962569 544.129196322118 3.52067914331037
1048.26330315289 2008.03953850999 2558.33076591223 15315.9480161776 20.46375 122.946508567927 555.531858059511 0 354.97790954171 0 0 41.2010662429513 0 63.0569765076938 0 586.62200547882 0 584.80128 24.4320796819734
0 150.584614199193 133.67088 470.749660936021 53.35875 0 11.9371885367555 0 0 4720.97045185884 204.995435032842 3.08970343750995 0 0 75.3313315068495 0 46.3536 2905.73136 1.83218269483074
5023.359648 46512.85842 140.83182 232.62498 682.95375 2.401182 231.126555099906 29.2948333333333 6.9328245 245571.5178 10155.5068444444 954.353399999998 4543.48044444443 1460.6088 43412.4144113492 0 816.0165 27143.00316 279.938035683396
0 0 31.03074 51.76332 121.635 57.1420006115181 44.0022662532105 0 164.983521373452 0 0 0 0 0 15944.7591024658 0 249.1506 3344.33232 44.909442767618
1467.933408 4917.65904 93.09222 0 241.93125 119.779704098398 89.8865678317533 11.6444666666667 345.83453781351 108342.64917 4480.46469333333 100.9008 2004.51873333333 154.4256 18895.743890441 0 635.4306 4975.37964 2.65863589128619
1.87781225511404 0 1.5143500050208 6.89792003487022 0.144601593010932 0.0780536894643264 0.36178985389679 0.00042597526096488 0.225360897522001 111.997599392994 4.63161362272971 0 2.07214137545551 0 20.2520023733853 0 1.94110200496523 3.48263562798531 0.118902708786424
0 859.517263428749 0 53.54559 128.1375 52.0165254949611 68.1359093603873 0 150.184968218295 24616.9689741254 1018.02439935161 17.6356227197425 147.633481069447 26.9907832234222 85.8491504645297 0 75.3246 1928.01672 19.5442334211176
1182.795264 12272.66626844 1395.02320711533 9077.03069692407 211.5225 74.914916002837 94.853265876496 9729.28249999999 438.595881918344 97337.5564194514 4025.35371078459 251.8112448517 1800.90626170241 385.389437675129 9540.1490875564 0 223.0767 5948.52552 19.7319726889997
668.84256 0 792.321521512937 62.7669 5098.60584952206 39.6080772875713 182.348712404463 0.183666666666667 114.358615305782 0 0 0 0 0 16099.4825950685 0 192.1743 1398.04056 8.01962696960903
577.316736 10142.67177 107.4141 467.88462 187.425 176.549121210068 140.306215859749 21601.6611333334 509.74231565064 61148.08098 2528.75317333333 208.1079 1131.34093333333 318.5028 10275.4806247476 0 340.8921 8890.80696 35.7467009478223
0 45.53388 746.750952987197 3155.5594381618 76.30875 39.3035210647499 32.0613196156385 0 113.479283858518 7369.72236 304.771768888889 0.934266666666671 136.352088888889 1.42986666666667 772.616968767123 0 133.2666 1763.54136 3.73104371372607
140.80896 661.271989651887 0 9.2988 53.35875 2931.599034 182.943438138977 0 61764.811773 18939.1333314019 783.21989413911 13.5680152346363 350.405383722191 20.7654339055573 15013.8574246417 0 3109.554 1228.99644 8.04578278106035
108.23420466484 1149.15886674601 0 29138.5857018558 0 73.2209965442034 337.096757912981 0 211.407681198705 44700.7843309851 1848.58213726182 23.5785051461733 427.000205280981 36.0861837002373 714.796386728939 0 0 1234.90363108495 1.63020174773782
81.8399727512444 3913.3166865096 228.128107019623 1195.18695224061 1699.71364957609 9.42074227108731 43.3714621024058 0 27.2000843023059 6783.38534146618 280.524048069242 80.2936480773519 0 55.7648 741.606144862209 0 4.8285 785.82672 16.8528175372887
969.232961020473 1694.81095730317 1975.93138542552 12826.9855943497 28.87875 101.844840525292 468.875966889018 0 294.052015046066 48540.16379672 2007.35806043075 34.7742249004428 462.998453327365 53.2208916558225 0 0 81.1188 1398.04056 20.6209865695365
717.489444794875 807.976638164889 941.996740793445 6119.72946462469 48.5775 48.5530563202191 223.529843143168 0 140.18504986573 19970.4015 825.867555555556 16.5781093217369 369.485555555555 25.3722911897112 2328.89051736925 0 150.6492 2531.09304 20.0500986733424
700.840301771108 5691.735 1765.71245549748 121.34934 10234.3521500487 80.6749517896956 371.413473957224 0 232.929150020248 6338.99196 262.146346666667 116.783333333333 117.281866666667 178.733333333333 1367.18756992584 0 65.6676 1160.46504 16.3346232246313
285.700881464044 547.284889627846 638.063723582216 4142.06396590217 4179.66064273418 32.8875277008726 43.3845313184726 0 94.9546755677157 2499.52122 103.366648888889 11.2292216158527 13.7060362224123 17.1859815339524 0 0 52.1478 447.73848 6.65888682752201
1027.905408 2436.06258 105.02712 84.38661 744.345 4.88376 195.090101916095 19.1931666666666 36.599871 149391.48735 6178.02213333334 49.9832666666667 2763.99033333333 76.4978666666665 24692.1318970764 0 2327.337 26672.42088 159.225535696716
820.212192 5031.49374 355.66002 184.65867 212.09625 94.9856579419628 75.5188622287154 0 274.247806508902 88217.63811 3648.20332444444 103.236466666667 1632.17264444444 158.000266666667 13549.460589559 0 254.9448 4372.30332 54.9983444099288
1281.361536 16608.48273 2985.80878601384 17212.688753144 230.265 136.720841033662 120.522529762 13.678575 804.013332249279 164775.13857 6814.20656 340.773766666667 3048.6134 521.543866666667 34549.523631961 0 350.5491 5066.75484 2.94701721448085
86.7941650816709 166.261772850153 0 0 1285.46198463404 0 47.4789586377019 0 0 1700.70516 70.3319466666667 3.41136824524515 28.9214082569184 5.22099515655902 24.7278291313535 0 0 132.49404 2.02292873443881
375.423767978618 719.156883132357 0 0 5434.45993731959 43.2156859499108 198.957516453711 0 124.774701100478 3478.7151 143.8608 14.7557006785817 64.3620000000001 22.5831502892978 563.959789619517 0 0 1398.04056 8.75007585038247
1.21862042023471 51.9897906045983 5.00037950505594 31.0903007430453 0.538544128249289 0.253332738811273 0.187669950976714 0.0931653893138943 0.731436191959997 307.386897323466 12.711855868413 1.06672939729398 5.68716750777691 1.63259683981455 69.5173692883524 0 3.37296843032803 17.9051217743421 0.166319942305515
1443.29184 0 0 26.96652 225.2925 72.145871746942 335.209869973541 0 208.303521857592 96489.24957 3990.27233777778 0 1785.21117777778 0 15896.2089300056 0 527.2722 1991.97936 1.60626503004409
0 828.313672345004 859.533820395627 5592.16094306864 131.77125 44.3026946734977 212.853915927066 1.23975 127.913172366128 24993.1844821123 1033.58263346839 16.9953857131479 246.907060930823 26.0109199925501 304.074611363166 0 60.8391 1845.77904 14.7183817196256
0 1823.88476898187 0 0 15091.2032172068 119.971835603185 552.329505626001 0 346.38927044253 0 0 37.4225685028553 0 0 0 0 96.616709265734 391.37061955711 24.2912414407633
1009.88884101335 1934.52991834728 2255.4128324669 14641.2715161838 14.34375 116.250069175263 535.195139040256 0 335.643582079558 2615.47839 108.162008888889 39.6927917933034 48.390688888889 60.748608418922 0 0 17.3826 493.42608 23.537678519664
239.034965514054 4658.00709205859 0 0 5769.79078461355 0 211.2340983657 114593.513822849 0 54242.2781488258 2243.16660145943 95.5732469802104 1003.57212529842 146.271942431252 8518.28570583431 0 312.043006502791 1240.93624615023 1.02152924421326
0 10279.27341 33.41772 90.43083 278.8425 6322.597092 115.886708093164 0.275500000000001 111736.919994 142923.65409 5910.54760888888 210.9107 2644.32468888889 322.7924 25435.0839292625 0 1038.1275 6697.80216 0
10574.752896 3244.28895 632.5497 1362.04173 47612.835 36718.183278 17352.0244444445 1150835.91058333 522884.4775875 134652.04263 5568.47859555555 66.5665 2491.28615555555 101.878 25740.2822402702 0 1114.4178 2636.17452 51.5868615703428
0 0 709.462308478177 4605.55608241623 0 0.122094 171.51249938479 35910.7132916666 0.3525165 0 0 0 0 0 9586.73587068495 0 121.6782 3929.1336 6.58986261898279
536.838393169153 6385.13507082442 1486.71669939961 14910.4014422034 9805.78056512864 0 99.6868765005224 51079.5133466181 0 86675.6293344681 3584.43420001829 131.010554313306 1603.64292414318 200.507661546439 13712.5219460827 0 116.704854223176 2405.72971912463 50.1991989311632
258.876678459106 642.79666600227 578.156485061464 3862.24045200391 31.101486380245 29.7997468201905 137.1928615264 0 86.0394650837851 4836.02225082632 199.991666412025 13.1889375227937 89.4744338527993 20.1852670179021 394.187652134719 0 2.05018552517296 638.226995749498 0.66346542168532
1302.48288 9562.1148 47.7396 5078.95091214397 131.38875 57.5311231079963 48.2086854331646 0 166.107017208872 17689.91049 731.558808888888 196.196 327.292688888889 300.272 3664.12273657347 0 573.6258 8374.53708 124.264145446277
0 0 1309.23952253731 0 243.84375 80.084997652128 97.2476892352644 49.5808166666666 492.566408389249 0 0 0 0 0 28239.420930411 0 335.0979 3504.23892 0
733.226145600045 1269.69255482161 1480.29805808268 6779.07748269268 264.3075 76.2985601460367 351.265326512328 0 220.293391794194 36364.577604918 1503.84181386558 26.0516220204531 239.92301551231 39.8712137216124 0 0 0 54.82512 67.2283638721647
28.8251012946724 46.684337074468 115.824592418592 528.987909431715 8.11866489666418 5.96991233136276 27.4844400774061 0 17.2366586430032 6599.35097073546 272.913384062634 0.957871808510642 122.09894026058 1.46599361702128 1134.15940834582 0 33.9192922487111 538.520967293879 0.504511003727646
404.82576 10563.86016 102.64014 373.81176 281.32875 2174.575536 168.3218398931 0 32794.7361588 225910.33542 9342.42691555556 216.749866666667 4179.71595555557 331.729066666667 40088.4871294126 0 1837.7271 6245.49492 25.8349243010308
22863.85488 273362.64858 322.2423 1378.46961 210730.3425 123982.956972 44420.9685111111 2182562.47258333 1728826.5676143 370689.30423 15329.7002844444 5608.86993333333 6858.36704444445 8584.20453333332 125613.284531192 0 4076.2197 10645.2108 93.695892846804
8663.271264 29016.46503 756.67266 3530.4444 11110.095 17729.758116 9959.00157777778 580966.433458333 248711.9755554 220782.45168 9130.36544 595.361433333334 4084.84160000001 911.182533333335 50301.7936072661 0 3579.8499 6382.55772 76.3725843426238
2770.416288 6818.69853 231.53706 3625.19241321798 385.1775 77.9958259299525 98.8101612410472 3.65037499999999 225.193830748736 70875.59913 2931.03059555555 139.906433333334 1311.31615555556 214.122533333333 12841.2009573879 0 124.5753 4765.21668 15.1659050153938
799.226310267016 553.209702094597 644.971292155199 0 181.87875 0 39.1340471238214 0 0 30841.3071312607 1275.42928621803 11.3507872455319 570.615342883988 17.3720340261287 2836.01773622958 0 29.9367 2709.27468 74.3172818276244
302.305742522393 550.697801835527 641.413200389923 1351.48855316559 4174.82178132965 33.0601687823596 152.203278274989 1.11648034917501 95.4531343765188 15756.7727492725 651.614710594882 11.2992479371742 191.394439379553 17.2931546850659 232.458964816647 0 0 249.95486483233 6.69384224995019
570.276288 45.53388 861.668290120418 28.36134 146.88 42.0751144776253 200.523723383119 0 121.481580526085 61431.53184 2540.47516444445 0.934266666666671 1136.58524444444 1.42986666666667 10928.8541583637 0 329.3037 4737.80412 8.51913917366631
1224.64349860742 2345.911145021 0 12458.164097423 17763.3249705128 140.970853074577 649.005336918342 0 407.018786573168 67187.9720515049 2778.53032854203 48.1335345407627 698.834492392845 73.6669080084399 121.125217877412 0 0 228.438 28.5430077061689
7.99239867671016 15.3101348698343 17.84964622399 115.873029128514 22.95 0.920018977644646 4.2356076702015 0 2.65632930310145 491.232448169492 21.3304468735031 0.314134193507279 0 0 0 0 33.7995 1082.79612 0.186280413262735
0 0 0 0 0 0 0 0 0 0 0 0 0 0 0 0 0 0 0
0 0 0 0 0 0 0 0 0 0 0 0 0 0 0 0 0 0 0
0 0 0 0 0 0 0 0 0 0 0 0 0 0 0 0 0 0 0
1269.48874625224 0 311.750087078167 0 17.9646895884066 0.11526289279637 74.7399814569563 0 0.332793352240499 0 0 0 0 0 1110.76590592424 0 39.771581809032 573.108454572052 2.39272641811487
0 0 0 0 0 0 0 0 0 0 0 0 0 0 0 0 0 0 0
0 0 0 0 0 0 0 0 0 0 0 0 0 0 0 0 0 0 0
0 0 0 0 0 0 0 0 0 0 0 0 0 0 0 0 0 0 0
0 0 0 0 0 0 0 0 0 0 0 0 0 0 0 0 0 0 0
0 0 0 0 0 0 0 0 0 0 0 0 0 0 0 0 0 0 0
0 0 0 0 0 0 0 0 0 0 0 0 0 0 0 0 0 0 0
0 0 0 0 0 0 0 0 0 0 0 0 0 0 0 0 0 0 0
0 0 0 0 0 0 0 0 0 0 0 0 0 0 0 0 0 0 0
0 0 0 0 0 0 0 0 0 0 0 0 0 0 0 0 0 0 0
0 0 0 0 0 0 0 0 0 0 0 0 0 0 0 0 0 0 0
0 0 0 0 0 0 0 0 0 0 0 0 0 0 0 0 0 0 0
0 0 0 0 0 0 0 0 0 0 0 0 0 0 0 0 0 0 0
0 0 0 0 0 0 0 0 0 0 0 0 0 0 0 0 0 0 0
0 0 0 0 0 0 0 0 0 0 0 0 0 0 0 0 0 0 0
0 0 0 0 0 0 0 0 0 0 0 0 0 0 0 0 0 0 0
0 0 0 0 0 0 0 0 0 0 0 0 0 0 0 0 0 0 0
0 0 0 0 0 0 0 0 0 0 0 0 0 0 0 0 0 0 0
0 0 0 0 0 0 0 0 0 0 0 0 0 0 0 0 0 0 0
0 0 0 0 0 0 0 0 0 0 0 0 0 0 0 0 0 0 0
561.285727643931 1025.87645372114 561.777570378929 4842.85373866357 40.9985229488107 64.6105809033614 297.455898954461 26467.3685570919 186.547216431764 33853.4998233101 1412.08184398191 21.0489897814523 129.430471925986 32.2148375076772 0 0 44.9399426011055 974.183128830773 1.43849833903079
25.6021051377127 80.059332364855 0 0 4.57641965115078 4.06843300730213 3.66872526080383 0.387569081776586 26.9688663083913 50.1522306687996 2.07402440797697 1.64266180663875 0.708174230825719 2.51404384392663 0 0 3.9568882237589 119.060310653318 0.633754032906228
0 0 0 0 0 0 0 0 0 0 0 0 0 0 0 0 0 0 0
0 0 0 0 0 0 0 0 0 0 0 0 0 0 0 0 0 0 0
0 0 0 0 0 0 0 0 0 0 0 0 0 0 0 0 0 0 0
144.329184 12521.817 0 0 592.68375 494.811509578242 1188.07634942195 1.92850000000001 3618.97365510031 76712.11002 3172.3970488889 256.923333333333 1419.30128888889 393.213333333333 12445.648583374 0 1256.3757 5085.02988 101.168571417408
531.553824 0 105.02712 127.16109 46533.42 0.895356 9609.30656881414 431130.501 2.585121 0 0 0 0 0 29295.2954761644 0 751.3146 2298.08628 24.82027963437
837.813312 204.90246 83.5443 280.82376 16910.13375 429.67582550158 7768.2929204643 201709.432575 3130.74305975817 123082.09389 5090.00823111111 4.2042 2277.22291111111 6.43439999999999 24681.9963502045 0 1641.69 4226.103 143.130535698492
2759.855616 887.91066 307.92042 77.49 101208.3525 29678.20254 43746.2523333333 1081855.79355833 320024.225472 129279.36042 5346.29358222223 18.2182 2391.88262222222 27.8824 30282.5148329217 0 1616.5818 3970.25244 35.2075219140031
4495.326048 25726.6422 0 406.12509 430.50375 560.333692547588 297.541731736025 6.49720833333332 4095.11230333836 64227.38805 2656.09662222223 527.860666666666 1188.31322222222 807.874666666667 14025.9860829424 0 1417.6476 11198.03076 196.844620113935
647.721216 0 153.221731141273 429.143219547505 15527.01375 251.455356209725 608.92013315885 146127.638175 1832.57336069233 0 0 0 0 0 11278.1596734246 0 623.8422 3074.77548 36.213749996004
101.073173030821 249.095779192855 9.68748050540859 9.37839247444435 21.9647889931373 3.74540260127009 12.4132672266405 0.0333763512733202 73.6106249805176 9192.08235853935 380.134700241868 5.11096096592788 170.068771875084 7.82217002977173 2157.24247377568 0 94.0037907012798 296.674616017834 4.86089398903337
35.20224 1427.01084670303 36.8300872309518 10.5048077887491 107.29125 100.134029578221 242.482910460048 0 729.763556719689 93708.2761192742 3875.2663502509 29.2794874288425 854.168551827955 44.811363377609 523.134297449406 0 54.0792 1932.58548 9.4050100300585
3023.872416 68.30082 83.5443 193.725 43663.33125 29620.370682 917.658762792038 530119.079008333 450039.6256986 134703.57915 5570.60986666666 1.4014 2492.23966666667 2.1448 37723.1816765022 0 5585.6088 2183.86728 0
1.33458595097705 106.83554893236 0.262382221537989 0.0761393764914172 0.427317153633835 0.00314979077823109 0.33355284143382 0.0440399490856307 0.0273396290046956 136.437151826649 5.64230103566206 2.19205769819176 2.52431363691347 3.35487751611366 25.8754630271173 0 3.18672398253736 7.24102514664 0.0941337487858753
0.100658087511637 8.80792629013804 0 0.160273793057588 0.10426885224099 0.105546156979249 0.0939767722078741 0.0247753973267722 0.7692064250256 84.3777667308122 3.48940705840155 0.180721518467852 0.669799064538186 0.276588777515234 2.52339937785969 0 0.157396641840671 0.762067628674028 0.00991333984266092
