432.51900694224 21929.5141489441 602.13426165654 1449.41310382143 0 0 3191.2368446251 226723.552921889 0 5006.90754906228 207.058556055407 449.95098343373 92.6360953424289 688.636270350124 1456.15534240325 0 150.128421248846 2442.22332875415 8.99619015054408
24.0820518259436 1964.61285348857 15.3518762828508 13.0398761227683 0 0.347919356414053 614.84056479657 43681.758552633 1.00453186729352 1145.83382281881 47.3854758665842 40.3100351193278 21.1998264831358 61.693280522288 291.954068731231 0 63.0389857516628 678.780326737493 7.17656941538103
1047.60350350802 15036.2299716201 2235.53470798106 8869.67044712062 7781.92932895297 3.79443706612288 6705.50167965821 3053573.9447702 10.955507019345 12351.2986176027 510.78276003896 308.514197665978 228.519513318621 472.171579245035 3213.16180278943 0 101.854253866037 2427.3102055726 9.58760972055132
0 0 0 0 0 0 0 0 0 0 0 0 0 0 0 0 0 0 0
530.10432 1918.9278 0 4.75272 39.1935 2.52190034493041 1322.72399210611 0 917.1747893686 35736.02928 1477.84846222222 39.3726666666666 661.175822222224 60.2586666666666 4237.49817863015 0 237.7188 1290.79818 12.3420934331096
1285.502976 0 71.08641 46.1904975 160.4715 4.0317662252804 630.390955002492 1.92375 1174.9648392318 17208.2659092478 711.640599805691 0 318.38146517115 0 2674.0416944173 0 235.01745 7105.78008 7.85288875557822
0 20841.68805 449.44956 1215.6566625 217.967625 6.54307941173866 1279.23575719617 0 2379.61325210454 35457.12576 1466.31452444444 427.630907407408 656.015644444445 654.476074074075 8165.80100131357 0 1780.18965 12153.95118 48.23839285182
112.647168 0 0 0 160.656375 2.3226077870623 472.858521398673 15.39 844.695275991771 2110.21782328164 87.2671706376745 0 39.0425302555109 0 978.607466198647 0 118.8594 2415.45402 11.3667625185966
0 14306.67282 488.43243 1730.36138625 500.6415 12.6467173849847 2319.38298607532 1089439.516575 4599.40868682405 5953.98384 246.224497777778 293.545103703704 110.158577777778 449.261837037036 4669.76404872961 0 223.3116 1563.44202 19.5581926721928
0 93078.65901 488.43243 6730.44561 0 15.9116416282683 8101.62256941212 2.936925 5620.33851583383 91880.52048 3799.68028444444 1909.79307037037 1699.94204444444 2922.8801037037 23176.4049757628 0 3384.79155 10262.48454 138.819374984682
1142.36522355264 29653.3726475301 0 9878.17187430387 0 272.294112526732 3921.19424202172 0 5351.55814619532 28424.3019118541 1175.47505183189 608.429539034067 525.89673688735 931.182870929259 5880.60017031172 0 1527.66609301036 9568.43079148329 59.3266346678498
1374.95808 1673.73147 151.34526 307.8871425 305.78325 16.00788 811.751992517214 3.591 1605.12743360865 16370.424 676.991999999999 34.3417148148148 302.88 52.5589481481482 2655.72080579471 0 331.3656 4119.47802 30.014999996688
0 0 1586.19659302056 658.03699992624 0 12.2049836775585 2238.36989673431 659060.7957 4438.75720791845 11088.9037024289 458.576949217365 0 83.99872 0 19.8459019811584 0 0 438.78618 59.7307697747911
5112.193536 237829.77939 201.79368 2906.36254125 163827.372031522 4043.40444 3899.13515544193 7.015275 11674.33929 103279.18608 4271.06730666667 4879.80455925926 1910.83626666667 7468.3921925926 27443.2602174066 0 2382.5907 12294.53316 224.040535689564
0 6503.1698125912 29.2743194836258 139.247317958065 103.610704614301 0.0494818226419723 343.096468783984 1.89377122684902 627.880817616218 15325.8042421065 633.792189223211 133.432397669095 283.552801616454 204.214219010044 3964.28302760414 0 321.639392001814 726.581095393492 8.57200528641786
7106.71104 41129.01918 385.24248 2394.3312225 344.607 1.5504 1467.93937722338 0 12.837844 46952.80128 1941.71335111112 843.887488888893 868.70471111111 1291.54408888889 11076.6619247739 0 3066.9327 8575.50078 183.305892836916
1543.928832 9562.65687 506.506240551873 223.299545115961 182.471625 3.45620219436755 686.901466939764 5.861025 1256.96541737133 16479.56016 681.505279999999 196.207122222222 304.8992 300.289022222222 3310.55251816101 0 702.351 5887.40292 16.9145345066281
434.022912 47802.62364 0 6839.11023481655 105279.225608428 12.816614964764 6722.24980878347 104693.2965 4661.19771717236 6584.54832 272.301226666666 980.816874074076 121.825066666667 1501.11034074074 3923.2675817902 0 961.6806 1635.86304 62.7240722296155
1358.39232 16481.45766 236.19033 497.550375 249.951 7.17466692260076 1404.43821298473 48.3075 2609.31152047874 26689.85424 1103.74769777778 338.167459259259 493.806577777777 517.554992592591 6223.75957857761 0 857.2284 10386.02628 252.983571400656
540.043776 1535.14224 0 192.782205 177.84975 3.20985070368756 653.580799279849 6.091875 1167.37132336628 18450.0405972261 762.993669803377 31.4981333333333 341.356356810785 48.2069333333331 1690.24889701475 0 256.62825 4698.84618 15.708898795657
1305.381888 22344.84816 2312.36147642756 386.3070225 146212.436578159 17.792456622713 9332.05362403769 227501.69175 6536.53463377026 13193.34912 545.605404444445 458.47282962963 244.098844444444 701.678696296298 4474.28652772376 0 413.30655 2100.20958 38.1250580400624
0 3752.56992 665.0019 5442.161445 552.4065 5.89152 1162.9657416096 50.7014999999999 143.830266 20893.51152 864.042382222222 76.995437037037 386.564622222222 117.839170370371 5386.23117667105 0 577.18845 5082.25158 66.99776784975
149.09184 31.98213 0 60.22587375 0 5.22097959448781 2738.37742470985 1613021.06925 1898.78671038615 14502.98304 599.764764444444 0.656211111111111 268.329244444445 1.00431111111111 2311.609590152 0 0 477.12672 25.5512943233707
208.728576 4690.7124 504.4842 6201.75935518345 95482.4562818907 11.6222080110456 6095.78939483514 271144.675125 4226.81102604115 3383.22096 139.91168 96.2442962962964 62.5951999999999 147.298962962963 879.050169863015 0 248.5242 1367.47926 56.8786857338401
7100.084736 172703.502 3221.81955 8249.53374 49539.289875 2.05428 2342.36796137643 101.17215 4365.49745072528 81912.7512 3387.46737777778 3543.54 1515.52177777778 5423.27999999999 23890.6170199287 0 1340.77005 3237.6456 58.4446263699291
135.839232 0 279.75942 174.06837 22854.432375 8.52306041291272 22970.4435756656 1831049.450775 3099.70065022723 7743.67247557672 320.236318655255 0 143.270786352429 0 1734.95756445345 0 422.31105 1644.38316 26.4636318482114
0 0 275.88959315436 229.821396161536 0 7.32413364456786 3841.47110036926 975739.906164173 2663.67017486147 6654.38109824489 275.189131843072 0 123.117088905969 0 725.181146075455 0 0 712.986155297286 57.5613939877494
0 0 0 0 0 0 0 0 0 0 0 0 0 0 0 0 0 0 0
914.425854370969 9080.17064392186 0 57.1584752221897 15.1309259249332 0.58507306312922 143.803545002451 10.5015446700395 1.68925506952505 2426.57569768391 100.350017490471 186.307443166745 44.8956757207084 285.137865066387 1513.50458014562 0 146.831878660616 463.99604644949 7.42099768818923
11936.5994023926 73184.3978650944 27.5174982459973 79.5171766150258 161.780894097833 4.90168098165761 217.250803498164 40.8891952246934 14.1524024421389 18525.2835676992 766.105311204149 1501.60152056949 342.748476580982 2298.15537413833 11313.2250648555 0 443.024269712287 5312.65692992912 122.699476097252
596.879160518216 25411.9114414013 34.091934441168 108.261911298155 342.923060092267 0.508455398078569 140.398138323618 25.8574017333049 9.99297635308666 11972.8608848321 495.132626750796 521.403003565399 221.517787492734 797.99141005214 3668.54490581686 0 1000.88225133644 3692.04686723485 43.178625897406
1661.65479661999 195444.811307334 487.977973685069 1071.7056714257 279.270913608585 2.36216010853749 438.700205355371 143.585630502783 16.3801490856536 29354.5414894511 1213.94471835467 4010.14744136451 543.107712196393 6137.40847169874 19225.2124554167 0 1931.46736483271 7141.7295517333 148.864397543705
1185.18140076406 135079.602748552 92.2828242454419 169.615924328094 235.270005357801 0.797251012897343 265.251059275067 57.8370992594321 12.2678443904893 14748.5234517716 609.918984912168 2771.57075554613 272.872149375764 4241.80459290378 9587.72703224859 0 1915.74420153718 3466.89416083721 114.559654946272
630.563641728029 56062.3826271045 117.303644885301 212.946353853584 220.39501096421 1.10837576280802 135.655785051239 31.1499771672505 19.8335270349358 9377.94056338818 387.820788141425 1150.29106551904 173.507456974786 1760.48542694822 6163.31310832198 0 551.031755683135 1796.16976365877 81.743325266627
348.106243262169 52708.1370405705 27.3586325578087 36.6116405210928 95.165554458891 0.775702009609355 82.4337306397465 11.4462632613294 2.23964942970545 3637.89436001414 150.443591355648 1081.46846917292 67.30708036402 1655.15454023269 2889.88306059693 0 298.20730756958 833.708976792193 22.7247634860621
130.038994310376 1327.23013036059 3.58827002560864 2.73986465325913 656.687572800619 0.046740869327688 9.33571832845066 0.209278314610578 0.134952804088276 350.083757047154 14.4775665462829 27.2321811756774 6.47713024014784 41.6780235376002 334.233810634268 0 38.2893847235975 106.719769426708 1.57148903094312
1072.0312241082 79397.2540546243 129.414747734923 201.417967763245 93.8257375704308 0.486105054048929 187.323380604702 47.065735327503 4.86106642627535 6640.83314525238 274.628861944608 1629.07724727391 122.86642930165 2493.25308973389 7949.35277379822 0 1088.26035302715 2338.32867438283 32.9376620129258
167.916183760895 18162.7308983349 5.01483144135485 9.22042309648323 26.1787804929336 0 34.1772565235364 8.74466570339356 0 1030.92723588359 42.6335622874094 372.663916493632 19.0738640125888 570.350769298946 1125.8945255382 0 61.7838245773952 467.216428312386 11.9279193099978
121.352948054815 19399.9974144187 6.44745833766234 16.1225758116513 2552.36494044272 0 354.663094766403 7.0034133342531 0 950.050644491917 39.2889448627521 398.050219258956 17.577512910094 609.203732172546 1077.62344225552 0 45.024347554636 643.243661182983 14.3238274076781
4.31966242967781 196.66801281532 0 0 43.3506770129509 0.00274892291155638 6.02378015228695 0.121157566215887 0.0363000328252901 21.5945698172698 0.893034353278395 4.03524515751625 0.399535363668937 6.17581976155334 19.5520171238665 0 2.12929634608494 8.37273857302318 0.0520722391578136
2361.94429610391 168085.217653701 145.999939434951 233.183115200924 528.437574281462 8.93646011079028 501.160006021802 39.054398189077 52.9264397784819 27923.0227587198 1154.74486326507 3448.78178651291 516.622241009825 5278.2554414963 19961.5986252735 0 2546.87376731216 7816.45947011203 184.790322385153
161.702281200323 784.076452521491 4.62737600718076 17.648077360391 11.8774464692097 0 14.2736143750546 3.22450257509811 0 722.153013991232 29.8643341948842 16.0877239916537 13.3610286989307 24.6217713838296 367.79026391828 0 55.906318351811 174.130688628859 4.05601980831998
112.092013164576 9183.58572233907 900.635840005563 1185.97995181949 2684.50529647115 0.196701800744078 40.3637771170176 10.3412310002614 0.567928238422851 3144.35197194639 130.033353454494 188.429319461845 58.1757274743233 288.385332083463 1189.53320417216 0 630.831092013779 715.493665448036 11.1132620845588
5779.77856363485 185210.760086162 869.028149200919 5402.4979835123 57735.5763321638 1.75190107317241 8046.31177829318 143.424514187589 14.6851191729751 58729.9638947325 2428.75295820211 3800.16461273447 1086.60175597386 5816.03615055867 24125.4534045324 0 1706.23388530853 10034.7711699515 112.276749211987
1463.39227691383 97014.1971958796 190.195443857361 5656.44376893594 378.91428283932 4.02822978404072 343.586990789811 276.601811566571 54.8906685954101 25810.8847395678 1067.39828373471 1990.54266040006 477.544183945407 3046.46489084205 9264.19855431105 0 1086.0854636547 5227.7066723791 90.7230058323511
243.139200416285 4771.34382084559 15.8563895766005 23.4167704328605 1463.81422926515 0.198851709908375 203.403861449462 3.75319685672679 3.17881043391367 1255.05241986846 51.9021650161037 97.8986962460045 23.2205517053045 149.830971677201 771.571261642902 0 165.971148727047 574.261882996497 3.63409310584422
125.293722360864 759.733124493303 1.40808665559309 77.0171657701642 13.1960343112749 0.229799085623977 7.29653868332914 2.26923728002018 0.663488536433934 290.655859696337 12.0199508435177 15.5882462416252 5.37761555747281 23.8573359062634 247.675377223389 0 23.2036698320419 68.1936612564204 2.37193674646947
15982.645248 77609.9688 1740.47049 18831.3162975 397728.398043788 28608.3684 5680.8537947278 0 404836.24501 55016.75088 2275.19459555556 1592.40562962963 1017.90115555556 2437.1282962963 20285.6546648152 0 1238.11875 12141.171 116.828149981398
8457.64972726866 170022.211354319 7240.93307069848 20482.9621656656 749.040228757734 2.71293462027514 7.71406170547143 66.0978592961889 3570.68540315283 62759.2791166686 2595.38359469197 3488.52513032703 1161.15077159007 5339.08141824275 22028.1379955771 0 3108.04937008328 6576.88928757399 45.0497722761507
4858.311586357 33793.1207778406 2457.92370474999 8211.00385644199 53555.6171055014 438.995423526504 8566.64772197393 22415.0692365463 2817.08551318139 3795.91271689541 156.97837405045 693.36911999103 70.2306820943233 1061.18031151474 3955.29470612052 0 200.511058309896 1093.38706998429 20.856441998141
7587.11808 189003.72759 502.19109 1336.8510225 10200.6080228304 1364.23990298235 929.908393983671 0 9767.16064702114 20747.99664 858.024675555556 3877.98892962963 383.872355555554 5935.1438962963 13508.5573193019 0 539.36955 3084.28344 128.827628005402
30050.28864 265057.23273 0 42755.9146875 31269.7591933027 3.41088 7797.03613298248 113.1336 5791.12588397993 90934.67376 3760.56519111111 5438.45895185185 1682.44231111111 8323.39571851852 57549.7728562058 0 2241.22005 5895.92304 171.51428569536
3274.20195042611 13429.959383299 334.126688723794 933.841183171909 426.517466082605 0.960489719538588 526.785852585795 11.6530002738137 909.998840165553 16977.8839112785 702.11324916595 275.556648950264 314.119016040637 421.731055136667 4162.23055606728 0 1099.16518064078 1471.59208087122 30.9358774783234
33.0883326454446 0 178.315946011909 0 260.143653928555 32.2555296906806 60.2467822789916 0.170777099341384 230.866566873085 0 0 0 0 0 251.699095258861 0 0 191.452813110593 1.53244327402967
0.39407425014574 2.45363207644228 0.868442136857677 0.0927968870470317 0.0890008838407583 0.14773185391099 0.275933116696538 0.000401959493766102 1.05737981230798 1.1002709442052 0.045501242182815 0.0503437585658007 0.0203568376470195 0.0770495885342725 0.380315017046372 0 0.103291742670703 0.436604678714482 0.00459529684985155
7809.099264 133759.92837 3687.32088 6310.49824125 4201.46925 2356.589846394 4422.68371299646 43.5195 16860.6852196536 53682.86448 2220.03228444444 2744.4936037037 993.222044444446 4200.36383703703 16156.4870079339 0 1972.88595 14846.3091 285.142499968536
4567.5416393496 78730.9095251841 364.638398358768 3949.50682435941 29494.3221493597 404.134217005697 3895.98360540168 11768.1567629139 5791.97559388269 13574.7503771031 561.378093035088 1615.40515338751 251.155400386514 2472.32836662305 5740.67030504909 0 742.17055257242 10569.3567201754 30.1627437924446
1431.36002466161 17288.1916223667 84.2276634015588 362.195853365709 192.238609238013 3.79649091809164 495.952372758279 25.0789729633916 1061.69063533616 19629.6769535603 811.777035227964 354.720071290282 363.181586237128 542.888260955757 5152.67399238571 0 74.0232297739726 2373.2075563529 24.9891223925289
3823.377408 68591.00814 282.05253 1591.1215425 5974.975125 777.357143076921 1439.79855860242 56.72925 5580.79410862628 12538.53216 518.525724444444 1407.35409629629 231.983644444445 2153.91256296296 7476.06405212233 0 307.9539 5244.13386 18.7751976221601
2332.459008 42365.66154 2015.64369 12246.57126 14961.3755332044 1996.79985227056 1356.67908021333 8666.92125 14291.947180752 22676.0688 937.759288888889 869.260985185187 419.544888888889 1330.37745185185 7351.19979030963 0 687.9438 4145.03838 94.8669122020199
20816.534016 200890.41924 2089.02321 15405.42205125 82991.9914033374 4802.44152 1834.51430041811 66946.5470250001 50096.572756 34984.2024 1446.75697777778 4121.88072592592 647.265777777776 6308.41285925925 26087.4480055846 0 1385.79255 7548.82632 227.256428546352
7726.270464 68068.63335 1368.98667 5654.62288125 125346.544125 2478.43068 26619.358142963 79331.78205 32380.147776 25889.5224 1070.65031111111 1396.63598148148 478.999111111111 2137.50881481481 10362.2085896791 0 2968.78365 8392.3182 82.177257557674
105.891937112693 2242.36864654461 20.7751993754045 41.133920944233 53.2723045859172 62.2019889256756 42.2706722514798 0.995166305319887 445.206132829293 3185.99044814516 131.75529512679 46.0090438338459 58.946108355789 70.4154397137383 462.576197136631 0 23.3407409417178 350.575272147841 2.95518382350297
15373.02528 503324.10123 39164.02569 134214.80774625 257821.683375 16755.21156 31335.8222281481 110460.147525 222635.757778 54483.19632 2253.12967111111 10327.2317296296 1008.02951111111 15805.5134962963 54837.7993953689 0 2614.00635 6782.01552 581.508770249352
4827.262464 59550.72606 0 33135.59253375 1390.075125 2734.67304 815.626986073413 16.215075 31985.059534 51609.27744 2134.27996444445 1221.86508888889 954.857244444444 1870.02728888889 10133.2417088084 0 646.5231 3092.80356 82.4075737280614
4525.765632 122182.39731 0 15251.99830875 2538.33375 1981.4112 1190.80476646792 11.435625 38941.8528 42405.46128 1753.66001777777 2506.94518148148 784.571377777777 3836.80321481482 14480.3709521186 0 1157.9787 3927.77532 83.6164670607218
390.965422597599 3206.27919230121 45.7626119923714 93.8269496144166 27.2576638279113 136.864978281107 93.7006249070062 1.76677723568223 979.600954128727 2655.50496638717 109.817291122355 65.7866136905955 49.1312469499476 100.684407766226 813.631124393527 0 156.500349030239 445.553070062617 6.50238323253129
4.85178857763268 54.0949751003211 0.860152757929477 1.83111755853036 30.0400913296762 0.552424153087604 7.33193279489084 0 10.8571204466302 131.872741059039 5.45354174791325 1.10992368913858 2.43986446606159 1.69870438737293 23.2723259130679 0 2.23192879198956 10.1119027526269 0.159469055196197
4777.565184 84027.71622 15244.59528 48554.8271775 64998.72225 2802.348 3406.32304879179 337855.759425 45706.920676 22033.37808 911.181084444444 1724.08532592593 407.654044444443 2638.66005925926 10373.6539744943 0 1707.2532 3075.76332 58.8812771183863
869.320569844034 14828.3827995769 2598.94476473384 31.846483898678 116.489661062478 66.1599102258833 878.093422926898 2.07051194362207 1300.28006568125 9431.18059127477 390.022507104782 304.24957790151 174.492485807655 465.644708636478 2251.92623770332 0 140.573054729723 1810.87528982778 22.3352735039468
200265.569987391 1144835.9395051 53276.1438290569 483422.422151106 1382111.74941091 6745.66387148076 234644.153389386 1284517.18815701 96417.4935919358 146117.014369606 6042.60768029637 23489.8070861001 2703.40715135211 35950.4340218834 140719.119784109 0 5497.30645568056 70130.1620914914 581.784910551557
24065.3892770546 177602.267929225 36207.7675097524 134656.558197036 331682.02511792 2961.94994371911 84184.5297020675 266040.713310405 58212.9639265582 23952.8483095924 990.559968563282 3644.05315010882 443.167427795966 5577.11231365306 26486.986422068 0 1152.42460986885 5822.08099780978 30.608553277136
2667.98936679 15624.7659741039 143.772484671454 281.906362673253 6801.12379372675 870.308791493594 614.035312559543 34.0694084056404 6229.1707728378 11725.0371698641 484.883981239622 320.589811895512 216.932637664635 490.652938885037 2864.88434396523 0 411.952743047826 3568.22923103953 36.4908127821134
11986.983936 72716.70291 538.88085 23731.51914 50316.6681324727 6.55044 1615.15440049173 16854.798825 3275.45355948218 42526.72368 1758.67477333333 1492.00532962963 786.814933333332 2283.4686962963 14664.1010952599 0 1634.31675 7663.84794 158.11473212541
5.96190873233961 17.7359794170403 1.20594805981029 1.64026969267791 0.899632278865472 2.66580798206779 1.88287790874263 0 19.0769270698011 106.722017756927 4.41344416279613 0.36390780601229 1.97453436381478 0.556949809001825 15.7323045406994 0 1.23806931171441 13.2802558250549 0.182213561990951
5413.690368 144815.08464 7605.99972867559 30388.5098818348 911.988375 4284.95676 5442.58535407407 36247.4172 68784.840668 31079.55312 1285.28184888889 2971.32391111111 575.023288888889 4547.52071111109 17064.8213982661 0 875.2374 8468.99928 161.017010854311
1895.122944 22248.90177 0 232.88328 4667.44559930257 622.934346008764 429.705376157678 17.677125 4458.60648482624 5165.77824 213.628586666667 456.504196296296 95.5754666666667 698.665762962963 5504.22851110526 0 524.96235 2330.25282 8.28181544561461
13815.84384 54582.8352 12190.17276 44376.5922075 126606.652125 7844.2488 8578.82266222222 75545.931825 76728.868614 17413.28064 720.118897777778 1119.93362962963 322.174577777778 1714.02429629629 17689.690543967 0 1095.84765 3446.38854 39.8392479854524
12314.985984 89123.5356 24958.20924 100214.44295625 61188.2867563185 7403.00496 3766.21591884327 115318.180575 98888.524648 28702.81008 1186.99264 1828.64162962963 531.0496 2798.6802962963 16465.2604841434 0 1366.8831 2611.41678 142.000890289871
1132.91274528615 21376.0474210922 69.1866539958592 144.890586344266 79.50456547862 404.572051155725 274.878119853048 8.38907527198112 2898.86709219052 8585.68604341012 355.057435647379 438.594922519504 158.84943412755 671.256165134746 3038.348355703 0 253.929873612636 865.452566438346 32.7607207453427
4958.7892277038 21182.107589042 763.731520248352 16863.52218768 86795.8365049708 1032.87421612945 8298.80296487861 54404.8068905156 36763.7811872238 8311.63790086788 343.724289962456 434.615654325725 153.77908888706 665.166016410602 4398.39928551562 0 163.916831917774 2608.2604777379 49.0713115116987
17138.935296 91746.07026 13930.64325 68621.9991975 46742.500875 3472.58592 13134.8159935511 350903.828925 40283.048208 18832.05072 778.791537777777 1882.45094074074 348.424177777778 2881.03380740741 19272.1356401276 0 1100.3499 6219.6876 76.7339425078567
1001.1100649241 4697.92133853953 58.976759174022 108.866215690078 1692.62130994818 0.58775164427521 153.753633682533 2.16720707934522 4.54062719593724 5183.81440286566 214.374464596935 96.3922096957148 95.9091655988843 147.525339913922 2036.22877261079 0 144.842754677047 671.006287374001 43.5446532173615
301.496832 21950.40189 2117.93107182824 20.9416725 37.159875 53.9150086905039 715.575555748812 0 1059.62373289115 8767.27152 362.566826666666 450.379559259259 162.209066666667 689.292192592594 2537.98449047851 0 409.70475 541.02762 14.207708515824
2693.592576 131297.30436 13248.6931043962 326.6009775 388.052625 8.06208 1613.95546879714 32.3489249999999 3311.45399942138 53925.38928 2230.06179555556 2693.96534814815 997.709155555555 4123.03188148149 20275.2837075324 0 1472.23575 6505.11162 112.164177344599
7719.64416 131809.01844 0 45733.12246125 2070.045375 4.41864 1726.76425240241 51.35985 3591.90667410324 76843.98288 3177.85059555555 2704.46472592593 1421.74115555556 4139.10085925926 21004.2827882454 0 2557.278 5048.1711 212.784910690806
10482.812928 97172.37165 552.63951 25393.78296 40494.2805 3468.90372 901.193747923822 148808.6973 46473.5136 13823.9136 571.682133333333 1993.7880925926 255.765333333333 3051.43192592592 11350.0521349597 0 374.5872 2769.039 104.553689624247
112.450762851315 5577.2735259663 29.0451802552107 75.6737669221734 29.1800494226075 78.9149412206715 54.0113921017522 4.86073529824284 565.275613687519 1902.78095959517 78.6887063767103 114.434806482399 35.2046041716564 175.138984546489 484.356151349651 0 59.8504284621424 231.290815246427 4.12088534478214
1421.342208 36672.8424 4514.29089788161 102.480525 82.269375 797.508216712135 1489.5834716937 0 5708.10604603414 17522.4168 724.632177777778 752.455407407408 324.193777777778 1151.61007407407 3647.26414531807 0 940.0698 1618.8228 4.3622127997309
34890.803712 108621.97419 17617.96413 83607.69666375 270424.797 22019.12964 18265.7008303754 39712.7492999999 292408.253672 78638.6664 3252.06897777778 2228.71167037037 1454.94577777778 3410.97530370371 33846.9090124526 0 4147.4727 23579.4321 312.477589251234
0 0 0 6263.7611787904 16160.7929706568 108.299848649389 215.212602813687 429536.706110048 1212.66057338032 0 0 0 0 0 317.465126775238 0 131.108491335451 543.019869034367 17.4262195295767
808.409088 6833.51511 2449.19132625298 43.665615 205.026375 197.878679612384 386.612875867726 0.470250000000001 2215.7947347401 147067.03872 6081.89553777777 140.210440740741 2720.98417777778 214.587807407407 24877.665367431 0 2029.6143 11749.24548 302.82991068087
808.409088 0 410.82866161791 1910.72377455133 36.2355 33.0362364860563 67.2993215356684 0 369.915027390344 10217.5094914505 422.540808083898 0 189.040874858862 0 3449.03816199808 0 114.355689390226 1205.59698 5.31576651875842
1060.20864 24476.99016 1497.90320660572 72.6275025 16708.4032027786 61.7884064952766 681.137591778762 389203.1136 1214.36430281893 68234.35248 2821.80295111111 502.220237037037 1262.44871111111 768.632770370371 17216.2913994821 0 86.4432 1145.95614 18.0167088786404
3680.911872 213.2142 1215.37810210934 5399.07150354421 63.412125 0.23256 181.953197823013 1.71 502.382355693382 120522.69936 4984.16554666666 4.37474074074074 2229.86986666666 6.69540740740739 19345.7278558829 0 94.54725 2517.69546 14.471517855546
662.867907986156 2999.19803524978 18.9842641999851 50.7206820258271 0 76.2290040872595 151.675624485134 0.648853176111844 853.555281539984 78740.054834692 3256.26185385595 61.53771106407 1456.8216320073 94.181591758397 12407.2158371864 0 46.5916939736771 661.280732398809 3.87736907307431
0 0 0 0 0 0 0 0 0 0 0 0 0 0 0 0 0 0 0
28413.591552 101287.40571 165.10392 360.909675 16428.547125 78981.252 9212.41919481481 274722.388425 1029425.151698 410655.1176 16982.4696888888 2078.22058888889 7597.80088888888 3180.65328888889 123496.037534817 0 7891.5438 11459.5614 64.1888557682897
0 0 612.714511474687 2849.67504330581 13.68075 49.2706166599983 299.724826454946 0 551.69545474755 52623.707112342 2176.23127692957 0 973.625876164607 0 7493.51881482924 0 279.1395 656.04924 7.92799429530497
503.402601806631 1489.84070711679 8.88818153661778 111.923483250513 17.4416187400129 0.120188186823765 41.847630114059 3.47971312954835 115.934204160072 22090.8306029803 913.557009370851 30.5686339776516 408.717011424424 46.7843628908715 3669.7000501749 0 23.9426240448481 694.831461936006 3.41948244467588
899.477631333961 12489.3120368287 113.716473799253 278.758076016845 137.83143929583 0.293205938586783 220.530070269676 1.02406485903472 578.691208733165 102616.181707303 4243.64903965776 256.256394702315 1898.56958595012 392.192604079867 18285.117157941 0 522.222016701994 3809.81448154775 19.3715896443305
1056.895488 0 1340.14898154531 25174.8315646622 16081.1731933326 107.766285113902 655.567827095662 123166.2555 1206.68612862395 0 0 0 0 0 32320.9631736986 0 301.65075 2343.033 17.3403653440138
239.888775600253 1928.76332603597 0 0 16.5608551750064 18.6466508307906 37.786022570467 0.0997026411870713 208.79122704311 17660.2779612667 730.333368124969 39.5744725335187 326.744437951542 60.5675243969536 3211.72714908746 0 87.0567207339621 309.352870841622 3.00037936267746
2686.966272 0 45.8622 11.584755 42.336375 112.519935664776 678.11917993693 1.3338 1254.23893937125 34476.7081165551 1425.76976511072 0 637.876291679569 0 4883.01639411777 0 80.14005 2232.27144 17.9368691398174
172.283904 0 650.588055765402 6320.91370339529 7871.64943795494 52.3161669894854 106.240134826072 48.09375 585.797245792254 0 0 0 0 0 1169.4635309589 0 90.045 988.33392 8.41804510601141
109.334016 0 434.607639463406 23.3098334585747 90.219 0.54264 58.0754021690443 48032.703 154.365978136461 12271.75488 507.493262222222 0 227.047822222222 0 1723.31498958904 0 81.0405 2901.10086 4.43661169355849
1679.768064 15127.54749 77.96574 154.760445 123.311625 136.783925216291 272.245545058579 0 1530.97336787308 89515.90368 3701.89255111111 310.387855555556 1656.19271111111 475.039155555555 18531.2859879452 0 2191.6953 9891.85932 21.9908007059142
165.466691852696 2116.97265930192 372.241546090911 1738.00970764272 46.68419963395 29.9333052814893 182.09138303725 0 335.170728292829 25830.4266708382 1068.20643208411 43.4361620364984 477.905742090948 66.4777225173983 4710.2268288018 0 59.623961320725 420.733991468092 4.81648271522317
13554.104832 32664.41544 174.27636 194.04464625 183.02625 0.50388 406.858751712283 0.5985 1097.10555587629 146133.31824 6043.28192 670.210281481481 2703.7088 1025.73641481482 32554.0297240308 0 937.36845 8558.46054 32.4677016055957
4963.101696 5735.46198 0 62.45371125 24810.040125 66.1751319719829 9691.50904398086 300027.51135 740.979553355227 63129.20544 2610.68174222222 117.680525925926 1167.99502222222 180.106459259259 11192.8609588891 0 95.4477 1593.26244 10.6480516041699
167.635877142857 703.76249080292 8.62747857615041 0 18.588352211753 17.2182517721683 103.825002093437 0 191.979024954708 4947.75074206731 204.612151180301 14.439837685861 91.5415962810336 22.099731603136 843.554665867894 0 36.2144838384272 285.184830504808 2.7462657466265
665.943552 0 1315.92835350172 12831.7917232139 17.193375 105.818615755251 643.719693256749 0 1184.87758622364 0 0 0 0 0 1929.25755616438 0 106.712131885412 370.62522 17.02697142668
0 106.6071 82.55196 437.007373726037 92.4375 6.46288005796768 23.7976162693416 0 127.018825714437 9066.89250504852 374.957526498874 2.18737037037037 167.75255191491 3.3477037037037 1695.16150535046 0 117.0585 2590.11648 1.88449314566602
4963.101696 55915.42395 126.12105 272.31600375 367.16175 1.5504 689.70445714136 15.8004000000001 1840.34963065646 232896.56544 9631.33952 1147.27575925926 4308.97280000002 1755.87059259259 59433.5523837116 0 779.7897 26544.43386 116.308124987166
1709.586432 74.62497 0 4.75272 166.3875 70.21305263355 146.11270046191 0 786.193163953825 55538.1792 2296.75804444444 1.53115925925926 1027.54844444444 2.34339259259259 8577.01537603301 0 117.0585 2551.77594 11.2977818925222
2819.492352 7387.87203 0 0 226.471875 169.136405564175 336.713630984626 0.624149999999999 1893.86276258749 121080.5064 5007.23342222223 151.584766666666 2240.19022222222 231.995866666667 21654.8031325051 0 1134.567 5912.96328 15.471957306065
1.36265455375368 0 1.38344511642241 6.43426742507489 0.025154960147505 0.111247885801398 0.67674722838155 0 1.24567048491469 116.377943697208 4.81276091929325 0 2.1531850113968 0 22.46261349304 0 1.43403450616298 3.62277347958014 0.0179005797732237
19.878912 0 0 48.5668575 99.8325 52.629847266867 104.177752507176 2.1375 589.309602547794 16277.4583663539 673.147445316912 0 138.561991111111 0 276.074538966759 0 72.036 2078.90928 89.0462788412515
897.864192 6513.69381 952.925521513471 9175.74769757932 70.437375 75.8025677104118 147.225238761401 8943.9156 846.258141132971 63086.7012738049 2608.92400030419 133.64832962963 1167.20862463978 204.544696296296 8270.33176218075 0 135.96795 4421.94228 12.1223336779524
808.409088 4807.98021 529.023907985842 16.4859975 6408.31353827329 42.5407488907196 258.785447450798 0.470250000000001 476.339437083224 57284.35776 2368.97052444444 98.6504037037041 1059.85564444444 150.981437037037 9262.22698214297 0 270.135 1367.47926 6.84511048138441
1649.949696 8613.85368 77.96574 450.617265 35.86575 169.290394063981 334.514880189693 36662.4855 1895.5870104493 54810.6048 2266.66951111111 176.739525925926 1014.08711111111 270.494459259259 9204.97274211297 0 1105.7526 8686.26234 27.2400341089868
202.102272 74.62497 551.790589104417 2038.93296756868 44.73975 44.9141410550743 97.764539254352 0 499.972308329195 11532.05424 476.903253333334 1.53115925925926 213.362133333333 2.3433925925926 2056.84127297429 0 198.099 1580.48226 26.6926514960588
1633.383936 0 9.17244 12.47589 25.51275 9494.92092 497.396107705907 0 127551.96698 25288.4462363711 1045.79305914455 0 467.878204991643 0 15828.9406503786 0 4550.8743 1209.85704 13.1565794900613
307.122870480037 0 6446.46024401304 33649.2730059342 0 75.3114287948538 455.540388382916 25980.1662634589 840.96605510602 33410.6996102146 1381.68543163686 0 469.484327153588 0 601.71587731805 0 83.3679922291683 731.150440595106 4.58101768530904
0 1982.89206 224.900765816209 2185.06675607396 2776.72330149679 18.4726938104937 110.015907476401 0 204.741532214895 7921.62998287259 327.595676530119 40.6850888888889 62.1016177777777 62.2672888888887 148.218438272218 0 18.2378015634711 715.69008 2.9100208253747
0 0 1157.02259323328 11241.2761038198 48.622125 93.0404219102766 565.986914732348 0 1041.7969442093 28775.7170632331 1190.00767763085 0 532.398500131213 0 550.463063602219 0 93.8260409352526 928.69308 14.970868727452
0 0 540.442710665252 5259.09262464321 42.336375 43.4589766117822 264.371244077634 0 486.621063222169 0 0 0 0 0 5788.16040328768 0 204.40215 1316.35854 33.1045809907812
0 6129.90825 1325.00665625305 0 15903.9092340155 106.548635309884 648.16057504703 0 1193.05179830926 11519.928 476.401777777778 125.773796296296 213.137777777778 192.492962962963 2570.81067967724 0 107.15355 869.05224 17.1444367895459
0 0 344.159875787813 3343.75163476787 4129.76067956108 27.6751553817157 54.2006779353854 0.141075 309.885657386559 0 0 0 0 0 0 0 27.9088401408842 170.4024 4.45313026021151
2514.682368 4722.69453 128.41416 233.25458625 295.8 0.69768 603.848629877124 0 1624.5431054954 160648.42752 6643.54816 96.9005074074072 2972.2624 148.303274074074 27562.3259091612 0 2390.69475 26250.48972 152.75491069743
2524.621824 5863.3905 197.20746 22.278375 105.009 111.533300081366 220.591591969765 0 1248.8663402064 89746.30224 3711.42058666667 120.30537037037 1660.45546666667 184.123703703704 15167.7981856258 0 265.63275 3863.87442 41.0176406308335
11910.78144 14797.06548 1697.21706905767 17097.3937650016 97.614 138.417437049862 288.252549857323 1.71855 1541.67081381975 132200.26848 5467.08650666666 303.607007407407 2445.92426666667 464.661274074074 35618.3926521899 0 714.05685 4306.92066 6.72162073187289
0 0 0 10.69362 1983.39150205401 7.33466860243179 80.8552735331926 0 144.152604493545 1988.70336 82.2419911111111 0 36.7943111111113 0 160.854549041096 0 0 127.8018 2.13869553249314
0 0 0 0 6491.87168742365 43.3249495841737 263.55592593645 1.539 485.120328972075 6111.62496 252.74368 0 113.0752 0 1190.42928459373 0 43.690778800665 549.54774 6.97129397665053
5.33240050434574 69.3566486517173 3.9762876909062 38.6323897762337 1.37264522669924 0.325255161761915 0.627833041962957 0 3.67851798995292 295.414090054872 12.2167254589391 1.42306355063551 5.46565071227355 2.17795540416943 66.1768538235301 0 7.19270818680659 18.9954619946329 0.265855042913063
1533.989376 95.94639 98.60373 186.247215 96.135 111.353646831594 677.390597768213 0 1246.85471770095 79111.58976 3271.62652444444 1.96863333333334 1463.69564444444 3.01293333333333 13057.1232371101 0 0 2061.86904 222.175695703471
0 85.28568 490.29927281219 4763.59712543024 28.8405 39.4267592279856 239.842311064132 0 441.471313655494 16620.060010772 687.315592241996 1.7498962962963 307.498680306792 2.67816296296296 890.892142017376 0 39.7596727241489 941.47326 6.34404729290929
0 0 0 0 11991.8140901347 80.361876632618 488.86032203572 0 899.832092200983 966.64143962704 41.9738027292872 0 0 0 55.0552707347449 0 81.2563421328671 334.283962237762 12.930800194767
139.152384 0 1146.06479811546 11134.8135324501 55.09275 92.5856254947227 560.626631633923 0.12825 1035.76362677783 2619.26784 108.31872 0 48.4607999999999 0 627.083255545129 0 92.9374441703341 225.78318 14.8290843636802
1437.11894073763 10583.5780781496 0 0.869411529845265 26664.3488007377 32.9949895179797 363.727258490801 114713.18102447 648.470153467746 49149.1898059897 2032.54407492051 217.154440001142 909.341542310581 332.348253827922 9375.80195546669 0 36.8969771202625 1069.80876695867 13.5372899756179
2839.371264 17771.40357 82.55196 196.940835 177.11025 7110.56076 312.191961276304 0 105520.195804 139815.5472 5782.01315555555 364.634640740741 2586.81955555555 558.062207407408 25221.7340915894 0 453.8268 5721.26058 150.610982126238
6768.769536 2686.49892 692.51922 1598.32488375 48922.362 28496.08068 17586.735554074 1106261.342325 448430.49101 130757.24592 5407.41091555555 55.1217333333333 2419.22595555555 84.3621333333332 26182.2313315969 0 877.93875 2875.5405 15.223694567058
2640.582144 9104.24634 755.768704048416 7342.81657291838 0 0.3876 369.70340904085 27808.8749999999 333.17175061043 37191.17808 1538.02552888889 186.80142962963 688.098488888889 285.893896296296 6479.6159812648 0 108.054 2228.01138 10.6004958541355
657.790883528019 6354.11274446237 1162.45133058485 0 13538.6309080522 0.148703059371039 183.692216751365 42743.1021453947 507.760071553856 73400.7476448552 3035.45705044572 130.37403650629 1358.03559191098 199.5334904372 12427.4147942548 0 199.631078948566 1597.60207975836 76.0608233843187
0 0 388.988963017041 3779.29727577194 7.06482849890682 31.2800263790956 190.283806323704 0 350.2503022606 0 0 0 0 0 1536.42150501296 0 56.0133914100385 951.442149993112 4.77705580648579
1023.763968 14125.44075 0 1856.96776141587 152.337 64.2566961697801 134.31652486801 5.06587500000001 718.93280299697 28145.00304 1163.92476444445 289.826574074074 520.729244444446 443.570740740741 5474.24621625069 0 107.15355 6057.80532 10.2208631165596
1378.271232 0 1270.14675642371 24.5062125 202.99275 102.137149954344 236.886437491846 1.51335 1143.65529011998 0 0 0 0 0 39241.0876142466 0 443.0214 3616.79094 80.3973214197
13.252608 0 1074.75047454933 4998.55894996349 25.8825 86.4246196964094 525.741423507931 0 967.718147183353 26729.5692841942 1105.39009672842 0 392.711964444443 0 739.280070349159 0 43.2216 136.32192 38.3273557877487
0 160.307591329787 87.3886642408931 393.223256902003 9.99928287357334 6.78883322252553 41.298079816911 0 76.0162686363793 5947.23860898075 245.945551585657 3.28920001970055 110.033779814627 5.03402040977148 1016.97573987962 0 21.5377101088441 621.471662265897 4.99855829164498
1547.241984 10447.4958 41.27598 93.1236075 244.589625 4401.5856 369.157590388099 0.55575 62787.351702 224626.46976 9289.33319111111 214.362296296296 4155.96231111112 328.074962962963 43953.8894663914 0 1531.66545 5968.34406 29.2002373518125
20024.690688 320716.79964 525.12219 2278.70645625 148644.121875 127142.99388 56638.7907607407 2673746.95410001 1750945.729486 314142.37344 12991.2257422222 6580.48502222222 5812.15502222224 10071.2318222222 106088.176313334 0 6451.72425 10824.81246 55.206160708194
13650.18624 24050.56176 548.05329 1427.52400875 0 19261.5882 2072.54772592593 505349.63955 262324.046744 193001.23584 7981.48494222222 493.470755555556 3570.84302222222 755.241955555555 41550.2918828747 0 2620.3095 4064.09724 32.2681022585384
2325.832704 9424.06764 188.03502 2816.33662127859 300.237 80.8903542900613 157.690352529001 5.8482 891.456978959499 50311.76976 2080.62207999999 193.363540740741 930.8512 295.937007407407 8261.17769055358 0 329.5647 4038.53688 12.5917362803426
1948.133376 0 511.50562064538 0 133.8495 2.48064 91.7327888991927 0.192375 237.372878113591 12721.3946400244 526.087925403725 0 235.36690366545 0 3318.79580127675 0 221.569351900269 3033.16272 30.3740369187146
0 0 491.952832364768 1817.82521884855 5906.57985826284 39.5597280043305 240.651191612328 0 442.960198400717 12235.107244557 505.977714670503 0 123.995451774006 0 287.777367745969 0 39.8937642684078 147.760811722556 6.36544291918265
868.045824 31.98213 834.636459200615 6.237945 15.15975 67.1161728041277 408.283569593911 0 751.516623621852 48213.93024 1993.86680888889 0.656211111111111 892.037688888888 1.00431111111111 10315.4269829837 0 297.1485 2500.65522 10.7994717984893
626.185728 0 0 7636.29786462895 19708.6564751342 132.030880388813 803.175105039008 0 1478.382888923 40834.7595558185 1688.70430852693 0 755.510790329334 0 2834.64091681439 0 74.73735 421.74594 21.2447121120859
0 0 53.1557902410013 350.011875833692 0 0.95529902657133 5.81131015524985 0 10.6967228464191 281.387317724966 12.2184868975491 0 0 0 0 0 0.963365424749736 549.54774 0.153714439687878
0 0 0 0 0 0 0 0 0 0 0 0 0 0 0 0 0 0 0
0 0 0 0 0 0 0 0 0 0 0 0 0 0 0 0 0 0 0
0 0 0 0 0 0 0 0 0 0 0 0 0 0 0 0 0 0 0
536.0237360985 0 236.00040312061 0 20.8346766394859 0.242417988817762 113.59237461223 0 102.982391705191 0 0 0 0 0 428.327029955342 0 7.22559675706567 357.932320004776 1.92430092458921
0 0 0 0 0 0 0 0 0 0 0 0 0 0 0 0 0 0 0
0 0 0 0 0 0 0 0 0 0 0 0 0 0 0 0 0 0 0
0 0 0 0 0 0 0 0 0 0 0 0 0 0 0 0 0 0 0
0 0 0 0 0 0 0 0 0 0 0 0 0 0 0 0 0 0 0
0 0 0 0 0 0 0 0 0 0 0 0 0 0 0 0 0 0 0
0 0 0 0 0 0 0 0 0 0 0 0 0 0 0 0 0 0 0
0 0 0 0 0 0 0 0 0 0 0 0 0 0 0 0 0 0 0
0 0 0 0 0 0 0 0 0 0 0 0 0 0 0 0 0 0 0
0 0 0 0 0 0 0 0 0 0 0 0 0 0 0 0 0 0 0
0 0 0 0 0 0 0 0 0 0 0 0 0 0 0 0 0 0 0
0 0 0 0 0 0 0 0 0 0 0 0 0 0 0 0 0 0 0
0 0 0 0 0 0 0 0 0 0 0 0 0 0 0 0 0 0 0
0 0 0 0 0 0 0 0 0 0 0 0 0 0 0 0 0 0 0
0 0 0 0 0 0 0 0 0 0 0 0 0 0 0 0 0 0 0
0 0 0 0 0 0 0 0 0 0 0 0 0 0 0 0 0 0 0
0 0 0 0 0 0 0 0 0 0 0 0 0 0 0 0 0 0 0
0 0 0 0 0 0 0 0 0 0 0 0 0 0 0 0 0 0 0
0 0 0 0 0 0 0 0 0 0 0 0 0 0 0 0 0 0 0
0 0 0 0 0 0 0 0 0 0 0 0 0 0 0 0 0 0 0
55.6063627605938 0 444.343725380848 1295.42687087278 15.0206332298223 61.6047395284854 374.216580991766 25647.3794868417 689.322679154171 19025.7940151881 786.803710272271 0 122.686074748932 0 53.4608318993062 0 42.5904019600198 1070.85725114983 14.8320706553059
0.814524518939004 0 0 0 4.29509522396532 2.78941464733847 5.55789465668561 0 31.2337755575988 0 0 0 0 0 34.8791295564946 0 6.56736502219011 73.3122514604189 0.448836749171312
0 0 0 0 0 0 0 0 0 0 0 0 0 0 0 0 0 0 0
0 0 0 0 0 0 0 0 0 0 0 0 0 0 0 0 0 0 0
0 0 0 0 0 0 0 0 0 0 0 0 0 0 0 0 0 0 0
0 11939.9952 997.50285 0 364.758375 98.6366377486606 2152.77294395485 3.526875 1708.30735006494 73424.3832 3036.43448888888 244.985481481481 1358.47288888889 374.942814814815 11732.6196614749 0 537.56865 4213.19934 30.014999996688
669.256704 0 61.91397 100.8467775 51667.570875 0 1311.99828525074 425800.11465 0 0 0 0 0 0 27307.3307178082 0 1071.5355 1201.33692 36.437615166603
1202.674176 0 293.51808 398.11456125 18590.2905 102.612680845128 7775.03370125269 130785.139125 1778.58479552855 0 0 0 0 0 44447.5904350684 0 530.36505 3080.02338 63.245892850164
4300.471296 2270.73123 0 313.2339525 134630.596875 17366.30172 65998.0355377778 1023965.72415 249399.00954 106080.34752 4386.90816 46.5909888888889 1962.6624 71.306088888889 26906.5609016926 0 2099.8494 2402.67384 33.0816970727654
2633.95584 30180.47001 153.63837 0 279.90075 106.350330760889 481.392684478097 20.199375 1811.22152215988 56653.79328 2342.89379555555 619.244551851852 1048.18915555556 947.734918518517 11813.7799141002 0 502.4511 10143.20286 83.5128734062477
248.4864 1503.16011 233.838608123507 507.577016335731 13229.655 57.9096350749495 1227.48930479279 148888.0755 983.691552727504 41314.09968 1708.52721777777 30.8419222222222 764.379377777779 47.2026222222221 6592.93469976355 0 480.8403 1567.70208 106.124464274004
91.1138655864829 327.826530466424 10.6955438382287 21.2320296760444 19.8775934145876 6.49210200016121 26.2287714994724 0.266723083020413 127.593141924737 7685.45605205296 317.828802943126 6.72636287230002 142.193685945202 10.2944934269367 2235.958189397 0 115.960511218937 244.372849869571 3.34959125478561
49.69728 1548.51976060386 79.6191866224367 50.8118939943794 100.20225 20.8170787745447 459.393338978225 0 363.208772231825 51344.9354114182 2123.34821102049 31.7726140405087 708.229211909947 48.627017692367 702.730450201078 0 0 1375.99938 12.7585515041967
4625.160192 138.58923 116.94861 261.77090625 31093.017 34368.53076 1965.03985598401 478464.972524999 577357.075614 123190.47216 5094.49016888888 2.84358148148148 2279.22808888889 4.35201481481483 29323.9849106999 0 6087.94245 1401.55974 70.213660706538
1.7429051472558 97.1118411797457 0.190333904571297 0.492693182780387 0.310219668561752 0.00147816268405599 0.599432897980969 0.0112204823119302 0.0090483333296678 129.281930813641 5.34639987977024 1.99254612505817 2.39193017876845 3.04953113245666 25.2552829675615 0 3.52892194156394 4.80221197752291 0.0697377383637675
0.167368741587977 8.96946125899067 0 0.170158574610985 0.045638889812475 0.0205912981288778 0.0996351901695711 0 0.359269434153006 50.7880516721356 2.10031851817781 0.184035901887408 0.575623109983468 0.281661340351158 2.18878211277944 0 0.199973590238064 0.966384138848253 0.0126201731069399
