4360.54335029123 15306.4376679905 0 0 290.719086343885 0 0 875528.326865558 0 6572.5687713499 271.805817470197 331.506019344127 121.603425144423 507.359861773429 2770.79447880464 0 550.958961469808 5131.91404240063 26.5302108262253
0 1978.95564108717 7.22463362278613 52.660932285553 0 1.83547698205678 0 7179.41905330126 26.4245539206522 2232.96181922387 92.343196970341 42.8601168518357 41.313497793736 65.5961029140982 509.064088731541 0 108.096762300663 1298.61981245015 8.36986157868645
0 19177.3423696015 0 0 285.59640862411 1.50695848811119 3.12924068890183 3581774.67877418 13.5607211081575 11747.2306547689 485.801783474469 415.341869117002 217.34325395093 635.668075411837 3843.0222870319 0 283.495840979349 4511.40528886385 94.8333194828248
0 0 0 0 0 0 0 0 0 0 0 0 0 0 0 0 0 0 0
414.144 0 119.2 13.53 243.25 36.1851616280981 108.966675898809 3.33333333333334 356.037110439094 0 0 0 0 0 9275.82410958901 0 717.75 2414.72 106.440243508698
799.528 285.3 0 456.0225 500.25 43.8359854171729 114.367766025184 104.166666666667 430.356379161892 19203.3713228085 794.147345149446 6.17901234567902 355.294224893151 9.45679012345681 3116.70211306749 0 862.75 10461.5 44.4686061418173
2208.768 18734.7 280.12 1603.2025 3972.75 182.175795549026 385.978875998069 427.055555555556 3172.00290199246 35220.8325 1456.54271604938 405.755144032922 651.643827160496 620.995884773662 8738.32580221428 0 1376.05 17259.76 207.14285712
0 0 0 157.9525 389 34.8171616008744 93.7217730086392 46.8611111111112 341.585639117156 3591.66948251952 148.531980986555 0 66.4518434504511 0 1745.57399570615 0 279.85 2826.32 106.368166921968
0 18791.76 26.82 112.6475 652 280.915815197477 11.5234567901235 2037182.04444444 2832.23924577782 11347.2975 469.262716049382 406.990946502058 209.943827160494 622.887242798354 11337.1827584913 0 443.7 4205.18 9.83897871914997
4118.432 128613.24 274.16 525.62 0 287.124340641047 832.985118156126 57.8722222222222 2880.53343080906 107451.96 4443.63061728395 2785.49876543211 1988.03950617284 4263.12098765432 26327.8902007881 0 5945 17314.64 327.97619044
451.364622967831 31995.8232918433 0 0 0 60.4948510284665 696.896473760511 0 1188.94128786012 32420.6696546798 1340.74315917908 692.96385254281 599.836169485253 1060.56006203355 8270.5578315698 0 913.107022602473 17912.2779396186 86.3530228222585
0 2358.48 256.28 523.2625 3479 29.3705645273242 196.406032964141 230.822222222222 577.237173422639 20273.5575 838.404444444444 51.0798353909465 375.094444444444 78.1761316872426 2540.08602739726 0 477.05 5419.4 118.244047606
0 0 1770.93425131066 1412.04 216 249.98795532188 0 894692.811111112 2520.41949840615 30288.5611206863 1261.77816623306 0 147.077530864197 0 124.475178082192 0 100.05 1166.2 153.702622060873
14506.544 241592.04 324.82 3765.645 227512.630342622 0 1058.89749935402 1195.66666666667 0 175241.01 7247.01827160494 5232.38765432098 3242.24938271605 8008.00987654319 47188.1317470444 0 6791.8 22679.16 532.529761846
1718.15755661371 11389.8562310233 12.01942147526 160.650031034755 385.838613780925 7.36895403869131 93.7093503544296 6.87253405842938 176.638045235275 28330.763404818 1171.60680621067 246.680905247116 524.166119341274 377.537609229352 6857.03331015893 0 172.355087459587 1121.40300788938 16.042743220071
18176.32 30393.96 53.64 610.285 6840.75 9.894 411.320205690101 727.333333333334 102.98975 109430.895 4525.4686419753 658.270781893004 2024.65308641975 1007.4633744856 4790.9095890411 0 1351.4 13713.14 237.35119045
943.328 9357.84 448.092825988079 345.739289493213 549.25 47.0263838742951 136.580797137799 188.305555555556 469.733895273392 20147.2425 833.18074074074 202.671604938272 372.757407407408 310.182716049383 3881.92431600675 0 1405.05 9302.16 135.310379654603
0 85019.4 0 9836.88671217544 162970.028958124 283.165967750002 801.826310912732 176334.888888889 2856.09547067753 19494.615 806.191604938271 1841.34567901235 360.682716049383 2818.12345679012 9327.76078063424 0 888.85 3093.86 173.067018980752
799.528 9319.8 110.26 268.755 552.75 128.788309027277 366.800410950563 0 1296.95302722527 39010.2825 1613.25382716049 201.847736625515 721.754938271607 308.921810699589 7176.66890598611 0 1174.5 20113.52 839.791666574
253.088 0 0 454.075 960 75.7102482750763 150.842558438625 368 633.925503287204 5028.05346126557 207.933036361739 0 93.027329795985 0 5414.46175073688 0 565.5 6503.28 28.0805153337638
931.824 30584.16 2507.25292270127 813.452266236564 202892.556296218 362.687940165339 1770.36057216966 853038.822222222 3638.11797274052 16484.1075 681.693333333333 662.390123456789 304.983333333333 1013.76790123457 4693.19867142053 0 1516.7 4692.24 83.9005044219178
431.4 4450.68 587.06 1282.07 1753.25 32.487 440.58676923833 1027.15555555556 360.64935 29789.2875 1231.92345679012 96.3925925925926 551.151234567901 147.525925925926 4193.34410958904 0 842.45 9212.98 210.595238072
0 0 0 0 0 97.9085763286929 494.423831115859 2143567.96111112 987.130298026906 0 0 0 0 0 1525.3594520548 0 569.85 480.2 60.1981198837783
0 4640.88 0 7336.68078782456 121312.284403036 209.085944420302 599.873943533879 233718.677777778 2108.0387272301 8820.9975 364.78864197531 100.511934156379 163.203086419753 153.830452674897 1740.96790392194 0 568.4 1804.18 128.554425160584
23617.712 247697.46 1034.06 3283.895 0 52.173 1070.48572128876 144.183333333333 1395.59714560158 151620.105 6270.18567901234 5364.61851851852 2805.22345679012 8210.38518518517 57711.9034565585 0 5473.75 6462.12 130.336006738546
0 0 0 172.9175 212.75 169.086221670467 0 1960391.96666667 1704.75497293996 30383.4411143004 1256.49442964046 0 453.696790123457 0 836.241157234258 0 300.15 5151.86 148.332900372437
0 57.6474336213668 0 0 3846.04158222047 111.845837130375 4470.13152288422 1335027.99722622 1127.64804350669 17183.1222525707 726.646371309889 1.24852507551047 52.0700563300026 1.91082958609594 267.959600500167 0 376.193452212621 1401.37213453784 3.91736154327118
0 0 0 0 0 0 0 0 0 0 0 0 0 0 0 0 0 0 0
298.705681257898 10349.942615209 0 23.892723858249 306.940825782933 0.326889036280224 204.55679850349 98.6509757249818 0.943811972397316 5710.07502326774 236.137751236747 224.158511028552 105.645860061251 343.067771124618 2519.93042826863 0 227.985154594959 667.622784685257 25.909624425804
0 83522.1463028963 392.800183658328 99.6771714937637 697.08344415359 306.216812703849 76.5170109115017 526.564045582856 1776.01286479162 30874.0239206574 1276.7822752846 1808.91823744552 571.220657759915 2768.49424552101 11988.9441024808 0 406.313232638549 7101.06115094417 185.367683259585
0 31074.5305811011 128.937232011131 123.468216532539 241.000128289263 11.2980167861566 58.5613746336889 607.156905218266 68.6232505331407 27108.0751842185 1121.04304904469 673.010543627071 501.544359009643 1030.02213070597 6814.8762587834 0 1244.72023171015 4054.49616188131 3.23408128741289
327.640781769434 213582.228666197 1072.06961021109 1154.79824805722 1362.32186439249 21.6092778255076 160.177568079226 1552.37632600251 163.997620140283 63577.3404243326 2629.21417603781 4625.75263843699 1176.28626281897 7079.57346861685 29208.9669061592 0 1463.50293079245 7499.73051220783 296.702621485767
0 206866.664868245 173.293871467037 132.142168561487 382.463242396275 0 102.165688964156 1036.32425634841 0 42547.4454746829 1759.53171443797 4480.30731205864 787.19832090922 6856.97382824559 23154.4493027972 0 626.568729385334 4602.97867164638 122.77485453179
377.795183615378 42266.1645702942 233.147042003498 312.951464399446 475.299418286055 9.22813339672474 66.9041271744644 11.2150808266199 69.6012047971911 30779.5701248058 1272.87617827934 915.39836202015 569.473105852429 1400.98930131356 11680.3618583282 0 929.027245699855 2244.01210742991 98.0936281693773
204.458174033815 39996.7108575253 90.1882758141213 99.7464821767243 511.805567277672 0.921950776812522 107.878944518638 292.366614295782 7.73637353598849 11708.0527824585 484.181599041183 866.246653260438 216.618398323162 1325.76410868631 3588.76740011713 0 334.575307240711 1058.9739083476 103.129612552162
17.9437043692764 7091.27654848254 1.11864026482787 7.48305874909732 1072.70049291612 0.0495116756881115 3.7302040664492 0.197902877986467 0.531122424095246 597.610876723074 24.7139464838851 153.582493304233 11.0567925633377 235.053326415669 565.56358830543 0 204.752460553813 164.452804274056 3.30764819508556
1418.79086535404 146158.307150527 166.660656354701 176.508292803386 302.795517843672 7.06675907392017 84.1182097367152 783.088413048636 62.7069066757659 23741.1114151198 981.803678337521 3165.48890398405 439.249944009483 4844.684316587 15712.2268764007 0 827.272413085925 5500.01034028257 84.6522699401453
120.785627557009 17670.7328025939 19.5761329721291 45.6605188366587 80.6267623127902 0.375116573127961 19.2613746346632 117.870033543474 3.54210603898604 2846.32796095039 117.708695812627 382.711798613469 52.6617888951839 585.728746729105 1922.44355951856 0 135.633753286217 729.120837645299 20.4870646916665
365.440592755455 39791.3428445007 22.4460682680152 10.4730852525697 19612.8536543521 90.1828218495146 1692.01635321114 155.791128530567 260.380794457667 2513.02835032706 103.925230583191 861.798803670928 46.4951932061782 1318.95681041344 2861.90436543755 0 49.2665654372561 698.683816852634 43.3172725592893
7.39739894837317 438.318614324415 0 0 88.0094208336065 0.00507898015371628 9.16050830700882 2.383008435733 0.0566931286725556 31.1594144656621 1.28858448125336 9.49308142043982 0.576500856261251 14.5288718642496 54.6244876652647 0 1.80876425572298 7.29699036100703 0.105960282723694
670.543093563379 142381.63556406 367.492668893916 174.099940919012 1965.64837906569 5.99449293691788 167.140242549225 93.6672973999632 17.3076291168854 77054.0402835755 3186.53743114157 3083.69395004662 1425.62756597443 4719.49963183957 25565.340042358 0 2337.14893780493 7911.16991193608 604.60004882446
170.247045488811 4725.71988956557 11.911914363373 20.0579579795063 66.9770088770835 0.565773264593207 6.07489086593095 65.2924789185324 5.69804236292599 2413.01286798995 99.7891323722739 102.349392007874 44.6447408727345 156.642625930133 784.927822264015 0 115.986438608298 250.181640964422 6.48625427620787
133.203588070104 29920.8277681903 866.777772833393 2272.37260815631 7131.49073586185 108.119449431695 22.1317111265426 379.20120375423 312.168410368961 7781.16072069211 321.786629266462 648.023708982063 143.964381074261 991.780541618904 2728.52247889325 0 1046.26191647863 714.094422308646 26.2333904836984
9573.7596524767 372403.105928157 1009.59922700105 0 117691.783407786 9.4366515254796 13601.4441129873 79.094828444713 67.422282090102 163496.82866492 6761.34259146381 8065.48681773322 3024.96254623771 12343.9818229444 86793.1829530089 0 4174.34793108599 12824.3251595533 312.653225685904
0 107193.936989957 375.270498261125 7137.77760659881 578.926803339075 10.7549958234472 124.311364296497 946.89583203575 80.4372943835928 42670.6483165404 1764.6267161505 2321.60063106513 789.47777785803 3553.13902776402 18575.1334375762 0 6525.70690268795 6883.59710382337 300.298999065556
44.9254029956779 13269.0792263589 30.3586731859889 16.498614504936 2423.04753894778 41.2609273650728 276.409187929358 71.6591683591836 119.130814794254 1767.24764098114 73.0837829834527 287.381017719821 32.6970129484959 439.827891255509 1449.77740204414 0 122.310815527176 594.031621971483 10.2399158676722
435.349904589815 4997.99568064513 2.40073919188486 6.72674851396803 426.75504345162 16.8307137914089 3.68299507192198 29.5115355112552 99.1519605401104 650.143133252007 26.8863958603969 108.246326723998 12.0287264520069 165.667704836329 678.312907930695 0 53.4650939029081 133.628754237819 3.10221633255952
24480.512 141984.3 947.64 23370 88193.876764435 18935.841 34376.8033226313 0 235436.97875 98778.33 4084.9362962963 3075.08847736626 1827.56296296297 4706.329218107 32453.0292362544 0 2585.35 11662 413.641470608403
8633.59762637434 242519.683610412 888.024121624697 38778.2341231649 9596.32841220148 24.5815604677473 11.1701706413795 0 10109.7344887485 177343.089004915 7333.94886483182 5252.47851068667 3281.14133133075 8038.75832005191 64804.7728432973 0 5418.55311319498 7497.84593425923 240.607789737595
6287.96489933498 65857.6836722303 878.856133900781 17609.3777495771 60928.8690729055 743.21004433913 10542.8174243722 64604.1866588398 4750.27824855829 14589.3699793001 603.337259989498 1426.3422378848 269.927546124059 2182.97333510442 11933.0733591426 0 556.427815152662 1602.51770292503 133.406486718613
2087.976 355807.14 935.72 4937.835 29304.5309946213 1833.560334618 1138.16213040834 18.6722222222222 15234.0801916245 46062.87 1904.91061728395 7706.05226337448 852.239506172841 11793.8781893004 34876.6140889472 0 1510.9 5186.16 7.96919779478398
7264.776 291976.02 0 174341.43 51796.3507586983 17.085 9435.77177087324 91.1222222222222 15373.9874026481 205430.295 8495.48345679013 6323.60123456789 3800.8012345679 9678.0790123457 53468.5723100019 0 2556.35 7772.38 255.476190448
1748.84026971197 18107.9080061318 193.715694402062 209.125013695975 278.063866680548 4.98595513177215 304.161025790289 8.11570563487534 2181.27380872849 20290.7835781856 839.116821663445 392.180116103428 375.413155466274 600.2197181523 5937.94406012067 0 994.529393392186 2566.76622123935 67.6904282762002
0 0 531.207109237325 2335.7613656909 430.85751615509 47.6792764661549 74.4558679597197 0 396.059713601834 3576.27808365519 147.895476159316 0 66.1670770395123 0 579.429205820493 0 0 363.311101980442 2.4363847582598
0.0115376279644329 0 0.0586557410518085 0.00144420934186226 0.00245838480449114 0.00528843566049936 0.00824824953829096 0.000101923084763314 0.0438696778155667 0 0 0 0 0 0.0410304976767401 0 0.00544452734188672 0.0183747752595981 0.000223452161146261
15668.448 200870.22 2017.46 2841.3 1237.5 2902.89895226419 5991.92842754778 21717.5222222222 29806.8018980254 96483.6075 3990.03901234567 4350.43662551441 1785.10679012346 6658.21069958848 29050.788673297 0 3092.85 15606.5 0
2119.0783244922 128933.125097328 3175.73299001059 13208.3104100563 8911.98715652973 1078.22562995081 12418.253062657 17621.5124751815 18339.9381003796 22461.7002855189 928.894169124389 2792.42681999078 415.578715766796 4273.72416406181 15492.2727034647 0 805.835875971109 15374.6060505982 185.527941901031
298.620085785236 17806.832006923 188.229640304011 0 391.748504402137 6.17798856196854 338.446045481159 5.33579777761056 2270.54985210542 32096.5584876589 1327.33967817066 385.659427999332 593.839575245097 590.240003691286 5851.02815887992 0 1105.33214124464 3312.1286913989 3.8307721290142
6833.376 81500.7 1993.62 3645.31 24342 875.310379299068 1364.93407737409 15.1055555555556 7262.20055976377 15010.4325 620.750123456789 1765.1378600823 277.717901234568 2701.48971193416 15742.1491086508 0 526.35 4431.56 21.9142859218564
1288.448 42490.68 417.2 27663.0075 21809.4083300433 2593.93728288987 899.269800864573 63263.9055555556 21547.1822038187 38673.4425 1599.32395061728 920.260905349794 715.522839506172 1408.43127572017 9386.93217489213 0 1203.5 7847.84 253.3820993316
27017.144 384146.94 315.88 49050.0425 137309.151180323 3383.9775 13221.6521966287 133264.916666667 66507.3225 108904.5825 4503.70320987653 8319.83415637861 2014.91543209877 12733.2526748971 86432.4346556579 0 3153.75 10214.54 371.13095234
8628 88842.42 977.44 7352.6325 159165.75 0 41331.0316049383 148880.355555556 0 38189.235 1579.29975308642 1924.14444444444 706.564197530862 2944.84444444444 21220.5708087821 0 1599.35 12492.06 106.381903987191
0 1843.61127307341 32.1740887287931 18.0016545661547 90.2122100076522 78.8710754177364 28.6217711988566 134.819801912441 656.783353286659 4460.07186887587 184.444396470978 39.9288356710605 82.5187281432124 61.1098663816831 814.370956366446 0 153.072845704474 411.47324511469 5.62824262146973
30790.456 975402.66 32785.96 165898.4025 432236 24067.818 54272.5540740741 117929.938888889 314625.9378 178904.145 7398.50567901233 21125.2193415637 3310.02345679012 32331.504526749 197446.129765435 0 6275.6 7463.68 453.47004279893
2421.592 117258.3 14062.62 85849.49 0 0 601.293787275654 15.6722222222222 0 89304.705 3693.15851851853 2539.57407407407 1652.28518518519 3886.74074074074 25315.3925314318 0 1480.45 2421.58 7.54986405416198
7897.496 227631.36 295.02 38793.4825 10896.75 3017.772 771.559041933739 0 49150.9061 94252.0425 3897.75358024691 4930.02798353909 1743.81913580247 7545.25761316872 44905.6398048414 0 1621.1 5542.88 248.831318746243
507.038262221035 7411.91130102722 34.5534071978436 44.5026498184754 87.2514555355885 218.118555442549 76.3372182148345 4.98612035260692 1810.88836703695 5600.160678486 231.592289732361 160.526783856029 103.6122623519 245.68135151592 2147.97690238108 0 168.915563151121 791.702789528646 41.2103207814375
7.45239161600581 58.5545395154705 1.00065647400417 1.71422670356592 38.2862748528128 0.00151551583340895 7.13567943723952 0.0119689431287744 11.539650698929 179.1707004809 7.40952896882607 1.26817112710004 3.31495517536106 1.94089726944782 50.3225875349554 0 1.91742468922965 12.2718746030306 0.0197914722256283
7184.248 162069.42 13490.46 74125.0275 81785.25 3393.9072 53450.8301911327 321583.272222222 66702.4768 48441.8025 2003.29037037037 3510.09094650206 896.253703703703 5372.08724279836 22710.0780709326 0 2083.65 3560.34 91.6791524920494
0 23198.9675664621 7110.5303042496 245.154008179958 785.089809134288 163.736958241967 1012.09135292996 1435.66772324472 3218.01982636335 22646.4626993866 936.534941048752 502.442015422982 418.9971269156 768.972195432577 3961.1939128763 0 403.774096796183 3369.13912747103 49.7539654493306
198601.498543559 2018047.9695116 83385.1516778084 654009.465691538 3468020.46185495 7081.26049442888 466995.77876443 1914328.5133847 94491.6547657371 156484.226142041 6471.33936325366 43706.7764380817 2895.2177667421 66891.8896135276 266476.195585001 0 11429.8552958016 89910.7809280276 1057.47861727328
11989.621710234 385422.204139967 21958.4385137043 132966.598440872 298231.666795907 3179.97008545815 114311.752525371 707940.925916362 49161.1674578754 37218.1619259841 1539.1414344916 8347.4537598306 688.597734801618 12775.523636424 51014.0344670721 0 2845.35895260536 8248.69820913621 131.572946664287
1393.76361879108 5981.93644897337 73.6818353154435 0 7909.00281810798 899.386799337484 317.618786961366 45.3629554335796 7467.01960229096 10868.7185157679 449.47128342105 129.556463965208 201.089322063729 198.282220574124 3458.34099545438 0 1068.38661207393 3032.74434158365 7.31667276291232
6890.896 60502.62 223.5 71048.5925 21818.8022679578 668.711778810668 9405.88229376155 32789.9111111112 13142.5903195012 79999.5 3308.34567901234 1310.36255144033 1480.12345679012 2005.46995884773 18752.8873409645 0 1639.95 6503.28 94.077380942
0 13.3417409291428 0.33613609979526 0.655405471009139 0.808087257530025 2.04157491932672 0.734949976226437 0.0132184393270996 16.946373341859 72.2046937860143 2.98599474610928 0.2889547210446 1.33590661145417 0.442236396244084 26.9933580727336 0 0.311778922261858 8.63259260822765 0.203536120162571
3410.936 230807.7 18280.8986233945 43453.9281136968 33584.5 7071.099 0 29328.8833333334 88109.688 51620.73 2134.75358024691 4998.82098765432 955.069135802469 7650.54320987654 40099.8102458247 0 2347.55 10200.82 456.804149085445
3238.376 31268.88 0 390.73 8117.19123503018 6703.13527893511 599.280700203715 207731.522222222 62315.287923761 23368.275 966.385185185185 677.21975308642 432.351851851852 1036.46419753087 8197.29971101522 0 229.1 3676.96 108.630574876248
35023.928 83250.54 0 45162.73 211989 9858.453 8050.37037037037 149245.961111111 90109.52745 52968.09 2190.47308641975 1803.03580246913 979.9975308642 2759.49135802469 39003.3044248452 0 1963.3 6530.72 435.288292683429
15858.264 192596.52 0 155719.1275 125025.462327236 22214.172 41728.1885711497 139823.7 232063.91215 44841.825 1854.41481481481 4171.24526748972 829.648148148145 6383.96378600823 49670.94859073 0 1783.5 3608.36 11.0257922713002
130.191200010225 46522.2412352369 86.2469576665472 281.669933182933 191.276487167033 556.309317260477 200.523865051138 16.5302958356767 4621.62606283363 17466.6007337415 722.323927830893 1007.57624585064 323.161087961779 1542.06474389927 4768.74710865041 0 323.889904264022 1196.34073700087 69.0261565516754
8406.72296165367 36593.0587624334 1235.63995118103 25314.5107338566 93880.8140213055 1385.31646695636 15369.0584997066 145895.406889328 11507.4741861931 16822.3511043005 695.681255342111 792.530535784204 311.241401106688 1212.94383698441 10708.0297057786 0 361.96753124071 3773.26293817026 70.7889082137113
2041.96 112769.58 13523.24 190364.435 142380.25 8437.644 45850.6506153903 622927.294444444 102336.5645 49220.745 2035.50320987654 2442.35761316872 910.665432098765 3737.95390946502 36601.202431976 0 5051.8 8554.42 264.063178179952
355.359661873901 21538.9001449742 13.6821180529513 625.488823132343 2666.8117687836 0.561288232205805 108.876530649532 10.488003376555 8.71284016041577 7326.15742822983 302.970159456602 466.488362804567 135.546065383661 713.946225591007 3528.31848048355 0 363.02445678789 764.251353342655 64.9509592649128
0 39751.8 7663.17169523093 10.455 707.75 177.991769675651 1081.6083699222 5 3498.17811382144 14399.91 595.502222222223 860.942386831276 266.422222222222 1317.64609053498 4045.38532557703 0 76.85 946.68 37.5132763200542
11923.896 117924 26481.3316364226 113621.344314994 854.5 11.883 839.380351295466 110.111111111111 6073.90946433217 120041.355 4964.25975308642 2553.99176954733 2220.96419753086 3908.80658436214 39689.0961155939 0 2082.2 7923.3 167.038853330767
3278.64 197960.16 35.76 145066.2 5085.25 0.663 2514.00487345747 111.988888888889 10259.4425719086 135009.6825 5583.2686419753 4287.41069958848 2497.90308641975 6561.75144032922 33393.7882754738 0 1938.65 5199.88 277.053571398
9490.8 155450.46 149 73163.885 132280 2199.732 14675.996902517 358792.188888888 33602.67785 24336.69 1006.43358024691 3366.7378600823 450.269135802469 5152.68971193416 28592.4586826797 0 1059.95 6551.3 425.714438937472
67.1533907701874 4724.56386103986 21.0965935183026 19.2612296261755 51.0151053081527 94.7347592994293 34.3684096159286 6.79718404531834 786.807872435339 4552.22440251807 188.255325745351 102.324354803064 84.2237028823856 156.604307251044 1075.96674009267 0 89.6847414315692 333.988411409031 12.9522436843444
0 21245.34 10917.890323621 177.12 350.5 987.587406029069 1517.36949146364 0 8203.6672519911 36631.35 1514.87407407407 460.130452674898 677.740740740738 704.215637860082 12482.6955301182 0 275.5 4157.16 9.38890499060077
54390.912 133044.9 0 64085.255 68632.75 7694.625 4425.64333042693 166664.1 116651.8065 119809.7775 4954.68296296296 2881.47942386831 2216.67962962963 4410.01646090535 51920.1123287671 0 4966.25 36090.46 559.285714224
0 0 0 2919.60257993583 14317.709734109 2.27277522302952 183.949188296831 521529.393189958 18.733658098041 0 0 0 0 0 994.383348076352 0 512.436711822594 774.94069551669 35.968307829606
557.944 0 902.413020927744 391.755 1477.75 1.326 296.613099109739 5580.39591392176 910.0577 0 0 0 0 0 74798.1 0 2833.3 13582.8 331.428571392
125.67819856307 1320.05928498824 121.982208197399 936.861071963203 179.742133307075 0 90.7845549313353 839.722447983208 0 33445.020641031 1383.10476343269 28.5897743391887 618.788361972511 43.755778509128 4420.81239023882 0 226.190100439834 1426.81755311933 156.095516466237
4929.464 40056.12 475.79659842285 76.875 17132.7428774362 8.517 795.316482881231 503667.638888888 62.26195 147093.8175 6083.00296296296 867.533333333333 2721.47962962963 1327.73333333333 27045.9325276788 0 324.8 1323.98 29.8377048076948
0 133.14 305.603424268845 1718.35760950186 578 2.346 100.560603485377 1631.93864003654 6.7735 172693.6575 7141.6735802469 2.8835390946502 3195.11913580247 4.41316872427983 27055.7228523175 0 300.15 1811.04 150.178571412
0 2651.82720681318 40.7334131064475 74.6067316817548 209.647222657765 2.99759647457851 92.6030642904181 1364.41476087635 21.3171414682654 149796.154496274 6194.75697298626 57.4331337171612 2771.47734681957 87.8996611934975 22752.8347380183 0 137.748647845713 1429.97517185605 33.5933533313596
0 0 0 0 0 0 0 0 0 0 0 0 0 0 0 0 0 0 0
18021.016 131618.4 661.56 1538.6275 29843.75 78021.075 18920.7264197531 817183.666666666 1138925.0704 793173.99 32801.3767901235 2850.58436213991 14675.0345679012 4362.73251028807 217817.018427472 0 14578.3 12348 373.829237178924
216.410605804698 2273.06591619436 210.046323668033 2984.81885961691 133.5 0 345.116772496679 1445.95360017555 0 57590.395636073 2381.62659210637 49.2299416708975 1065.51785282127 75.344925714101 13709.3826330218 0 417.6 734.02 40.791273357678
140.893802080421 1046.91406206308 19.9266199107992 38.165706397503 134.650737864214 1.39641191243499 34.4794162344659 359.873430629734 12.487170163162 37208.670823124 1538.74893392428 22.67400951403 688.422133654436 34.7018806947992 6388.2805948394 0 68.8914844143225 933.361187328732 26.8847684410945
391.601442416475 8708.19622718534 58.3283268063831 157.88390473817 391.03977483999 0 137.369794669778 2165.88091954766 0 186271.811637731 7703.19243437129 188.601654386168 3446.3375114069 288.649085434174 37142.5449738673 0 170.287397052191 5143.22403832309 0
2197.264 1065.12 417.642768406204 34264.0906643984 14601.5757365368 0.51 747.934195472819 215958.55 1.4725 173872.5975 7190.42814814815 23.0683127572017 3216.93148148148 35.3053497942387 27199.1105348095 0 1335.45 4486.44 38.274150332541
103.3683959503 1900.44017973216 16.830995525784 23.083058278063 63.3087781674547 0.188540010892859 26.4808309696833 387.22423227452 0.544363070666144 32979.7029017188 1363.86174401105 41.1596331328056 610.179211905113 62.9935643950632 6385.6775977965 0 76.237529459073 589.631157595224 17.427185337982
0 6276.96185106644 56.62 124.9475 528.25 0.612 995.098376930666 4066.76443227384 36.0096 159033.09878522 6576.74691949356 135.946108556242 982.79209495645 208.061376931231 993.701308851492 0 423.4 2840.04 36.374465819529
290.300719469689 3049.16974110204 281.76344988296 5920.22144046273 10090.229508048 0 209.700822534277 1939.65249018141 0 2252.6175 93.1560493827162 66.0387573583612 0 45.3925925925925 -210.098125886145 0 394.4 775.18 17.6696821101143
1.25078296138308 8.07550303080391 0.0307658858942859 27.2328841758824 0.847223325905982 0.000921427958411077 0.174731511615645 2.80329358265924 0.0026603973897261 117.667095561708 4.86607325250168 0.17489881852403 2.17703645939348 0.267677312666147 17.9472998553282 0 0.252618379354297 2.75768934180539 0.0576521909811583
101.119466620544 1062.1069710712 339.525708413597 259.993462785521 343.75 2.397 42.0824319120833 0 6.92075 10020.99 414.413827160493 23.0030567356491 185.404938271605 35.2054774415728 1567.75635484681 0 965.7 4616.78 6.15482053779714
1507.024 0 187.74 41.82 503 2.346 152.152316509492 2331.21977775094 6.7735 0 0 0 0 0 62690.7156164383 0 1755.95 14337.4 231.83198672166
94.7433968771916 0 91.9571484580332 1313.62671117246 40.3264454729158 0 151.090262993563 633.030693195642 0 0 0 0 0 0 17061.7752662188 0 146.995494643982 284.323844164874 5.76672943804802
6816.12 31173.78 378.46 107.01 1274 0 376.062057661139 5823.9172288795 0 209935.53 8681.79555555556 675.160082304526 3884.15555555556 1033.31193415638 37345.1459110528 0 1365.9 14255.08 51.5653971678029
217.313080475416 0 0 35.7725 0 1.02 13389.1856643708 272875.516666666 2.945 0 0 0 0 0 28286.1791321174 0 134.85 1502.34 13.2271565064833
0 156.098569859168 20.0103414760677 61.6516109015244 65.0348532934588 0 121.257187249046 501.475302454686 0 8775.1017715406 362.890643426146 3.38077458921359 162.353939309343 5.17417249817704 1240.95391933737 0 92.6777746837761 455.522516211721 19.3792256875099
596.281936343092 6320.09937787153 641.326259374891 12277.4816851123 143.75 3.06 950.909483403568 3985.9413351376 8.835 12442.0275 514.534814814815 136.880378835564 230.198148148148 209.491249126957 2415.25998074977 0 107.3 370.44 36.2937862587212
0 307.35613082099 98.34 177.165300969472 232.25 0.816 20.9428827961716 74.5259202279836 2.356 5768.25010592518 238.543557314734 6.65670286317221 106.722195593872 10.1878809054744 575.595346246738 0 326.25 3052.7 95.6193861012662
6476.752 70183.8 327.8 567.3375 1565.5 55.539 548.724114991897 6189.61493757006 926.9217 353324.1075 14611.5698765432 1520.03703703704 6537.08209876545 2326.37037037037 77510.2188403081 0 2988.45 28126 364.226190436
0 0 0 78.72 542.75 0 89.0840177822834 1296.97912878968 0 55641.7575 2301.04148148148 0 1029.46481481481 0 10158.3180709326 0 462.55 4280.64 72.6967780455077
0 7455.84 536.4 0 1174.75 10.098 283.512641675207 3375.69659036806 71.8425 198798.7575 8221.23901234567 161.478189300411 3678.10679012346 247.137448559671 32309.6705348095 0 1711 7991.9 171.229076237202
0 0.774444983034416 0.392238491753938 1.98950575789861 0.41698982064954 0 0.440304320189559 1.78237441552493 0 186.839661900145 7.72667564316619 0.0167728885777036 3.45684368323729 0.0256703949061357 44.655216484819 0 1.29045079980611 3.63117789626757 0.0939898226505267
0 2102.14534101431 35.76 163.8975 515 2.295 137.632793894448 1620.56011689309 220.7355 53259.9521250265 2202.54292185871 45.5281528725516 443.661610945376 69.679450749999 336.909314141019 0 175.45 3299.66 69.9166139600311
580.952 25425.4523359564 328.270090126916 6985.74224678188 930.25 2.856 141.218400729821 36.5 21.0025 149541.398606973 6184.22165032081 550.663105076577 2766.7639402669 842.773103873439 6451.2795331061 0 160.95 6805.12 82.7290195399973
546.44 0 136.809998787102 15.99 5585.634558821 0 226.63466186581 983.463251494636 0 0 0 0 0 0 27636.2975342466 0 268.25 1694.42 87.9842607240328
0 0 214.56 655.0775 875 20.961 388.263585187248 37445.9111111112 166.7459 0 0 0 0 0 24172.5526027398 0 419.05 11209.24 239.931646900307
0 0 100.171306634934 1406.52959230591 74 0 74.5519172355554 689.576751136044 0 3221.0325 133.204444444444 0 59.5944444444444 0 861.646049915559 0 0 562.52 0.893198609640672
0 2317.79556411843 44.7 0 71.75 12311.349 351.908019339319 1474.40723849269 148296.7305 58723.6659483225 2428.49250927689 50.1986940254041 1086.48523351795 76.8275716752436 36755.1342644823 0 3781.6 1468.04 13.4314302881031
0 3493.86299755355 42.2774464800331 28391.5260442827 404.903342424865 5.18148137093454 532.9808503553 0 44.9893034916632 109928.628732196 4546.05221115022 75.669900441621 899.983731953061 115.810476999564 1755.64285374875 0 170.542221593248 916.722219020174 82.667420666379
50.6372897272867 531.86809832892 49.1481298163748 1209.37698366453 2048.8109444504 0 82.37065000268 338.334487406686 0 13475.4095738019 557.269895891962 11.5191712087179 151.251155766486 17.6297405512046 105.828054499602 0 0 836.92 3.08213088149903
474.292742962208 4981.72750968899 564.644568747917 9723.08111405078 438 0 756.369495205956 3370.66707990084 0 124210.291513447 5219.65272857872 107.893991535847 342.598994058074 165.128466566351 -272.249115818651 0 313.2 2250.08 94.4639298728005
183.710000157921 1929.59554024761 178.307389375587 3843.23325624659 112.75 0 294.932536715686 1227.46357614434 0 22863.015 945.49037037037 41.7910783924189 423.003703703703 63.9599721250608 3519.1095053483 0 0 1378.86 1.58991549206157
370.226132495103 0 359.338387170406 250.74915185244 12765.8950422014 0 596.304544768813 2480.17640402744 0 0 0 0 0 0 7438.54318017216 0 0 624.26 161.492821286186
158.9906548803 1669.95622630425 154.31499963231 3242.36152626498 5510.89227197945 0 114.848048480788 1062.30056962138 0 4273.6575 176.735308641975 36.1678238313267 79.06975308642 55.3537523572352 504.628606489676 0 72.5 644.84 9.67725583093891
977.84 4983.24 426.14 884.78 2549.75 49.725 380.352168587182 5976.6669682984 418.99445 183619.905 7593.52395061729 107.926748971193 3397.27283950617 165.178600823046 33011.6837080127 0 4413.8 27179.32 375.44642853
0 627.66 205.62 167.3825 970.25 1.224 192.290611967835 2335.74221033114 3.534 130651.815 5403.05086419752 13.5938271604938 2417.27530864197 20.8049382716049 20854.3346819291 0 726.45 5110.7 56.5373572401647
0.0550949994028795 0.645120865840734 0 1.13828940965571 1.90477036984269 0.000185872716395932 0.0878617214896936 0.368118801026592 0.000536661911554922 30.7647924374322 1.27226505323271 0.0139719936715213 0.535831808297288 0.0213837105941765 1.06120309614188 0 0.0524057797616309 0.327105609497952 0.00820293191837054
1944.176 15235.02 1070.21999852924 13428.2361050599 861.5 0 272.16603366101 4267.39116737442 0 274229.865 11340.6607407407 329.959259259259 5073.70740740741 504.992592592592 58692.8012460124 0 978.75 4623.64 5.50392912895126
58.9851804314231 619.550057173453 0 0 2001.58582028293 0 94.0655150422629 394.111155895898 0 0 0 13.4181824466909 0 0 0 62.3976581490926 0 150.92 3.59024045594832
206.765407761406 2171.75770698885 0 0 7045.06673029133 0 329.735273025268 1381.50893590761 0 10231.515 423.12 47.035813821618 189.3 71.9868798948239 1301.22013750623 0 0 3656.38 12.585153192821
3.21336213821283 85.8093438226354 2.06875854555181 25.4889793732606 1.41144091263906 0.00958340870338794 0.547046982117962 7.85704022992734 0.188348431183579 680.534573475991 28.1432210898543 1.8584542406403 12.5910185108466 2.84430758907188 145.85012955868 0 10.3014730957251 26.1877096370463 0.399372514919363
0 114.12 56.62 81.8975 505.75 4.131 453.416920821693 1910.03766905626 33.7776 127178.1525 5259.39901234567 2.47160493827161 2353.00679012346 3.78271604938271 23021.9141377369 0 1439.85 2016.84 161.270182839163
0 1648.33195942705 152.31677435991 3232.97117967211 486.5 0 254.308636867429 1095.32817052326 0 41762.1367716071 1727.05560328088 35.69948660034 651.740897630023 54.6369764952258 758.445820768781 0 334.95 644.84 9.55194502372669
0 3665.00685715422 0 0 11954.3878160847 0 556.453435295411 2331.401752151 0 0 0 79.3765251221666 0 0 0 0 0 58.3349542707893 21.2384063846503
476.097692303643 5000.68577106079 462.096437479885 9709.25518503633 212.25 1.071 759.247904463763 3211.78245567028 3.09225 5452.5975 225.48987654321 108.304588560273 0 116.507654320988 -10.1580700717868 0 925.1 1310.26 28.9785533144115
0 8480.13985918491 24.5072751188468 53.8886901058296 30610.822065525 0 265.554810038635 149625.438756655 0 64133.7914034844 2652.22597226729 183.662421601782 1186.58152899933 281.089740153776 10848.6607926289 0 136.282066816215 1003.40021384245 1.44114570019795
851.296 22177.32 104.3 95.6325 596 9486.612 236.201795903156 3757.09989355638 135069.8396 217072.3275 8976.93481481481 480.315226337448 4016.19814814814 735.107818930041 47553.1322274348 0 862.75 6441.54 228.72023807
14017.624 0 596 475.7025 46361.75 30024.414 25298.9629629629 843862.994444444 538853.51805 0 0 0 0 0 72340.0421917809 0 1342.7 3231.06 26.1341696493355
0 0 155.752079451503 3371.57146730781 0 1.326 270.353017521412 1072.19339089058 3.8285 0 0 0 0 0 19739.6630136986 0 261 6990.34 80.8785803010216
1886.5626196685 0 372.186559910003 0 0 0.6358281771508 112.974771163876 120668.424083091 1.83579802128343 0 0 0 0 0 27988.1931374103 0 814.876624622978 1749.97560262096 56.1523209659825
128.793684033683 1352.78274514083 125.006072333401 2788.13619722799 55.6518479480468 0 208.990695853918 898.539727789478 0 5604.49514210243 231.771539652377 29.2984973124667 103.692457119008 44.8404574252737 588.265137335482 0 0 549.865176464588 1.11464304256062
0 0 32.78 1527.45032552455 534.25 0.6732 96.0490544106367 1408.95980135612 13.2308 0 0 0 0 0 12602.3424657534 0 1173.05 7964.46 12.1199582783759
0 2092.2 502.401189423147 73.185 691.5 6.426 160.797363102462 2455.62881622152 56.50215 130525.5 5397.82716049383 45.3127572016461 2414.93827160494 69.3497942386831 24623.0353161944 0 961.35 4239.48 0
369.337758991114 3879.33423320274 358.476139278889 5094.04936281269 26 0 588.994494378902 2467.74071126592 0 98016.6818172201 4064.60961102821 84.0184161232912 421.310239723793 128.587625875007 -289.456024321987 0 47.85 116.62 3.19642819834793
0 0 19.6783047014085 281.919988817565 26.1311162978138 0 33.1242586507023 135.464953784781 0 7007.37415072876 289.787011078647 0 129.648045937767 0 1076.29098754422 0 31.6592991234846 909.841336937906 0.175465759505765
0 25068.36 405.28 272.3425 443 3217.182 218.577779089201 3514.33922279782 46031.559 320713.785 13262.9837037037 542.929218106996 5933.73703703703 830.936625514403 72502.8814261587 0 1074.45 7923.3 111.614441387442
20103.24 542621.58 357.6 841.935 139752.75 136163.574 45741.5046913581 3631196.65555556 1915467.7358 554712.3225 22939.8948148148 11752.0695473251 10263.0981481481 17986.1843621399 175130.541707638 0 6224.85 13953.24 0
6097.12 38876.88 435.08 724.88 16262.25 20058.912 0 772482.733333334 292691.2988 318882.2175 13187.24 841.993415637861 5899.85 1288.64526748971 70090.3436216926 0 3636.6 10303.72 140.595014969499
1748.608 209.22 417.2 2392.70217915857 525.5 6.069 123.93899043317 1601.52954661009 52.1854 85073.1525 3518.16444444445 4.53127572016461 1573.99444444444 6.93497942386831 22201.3816550948 0 95.7 6606.18 64.4144775753927
3593.28335597107 1492.37063736068 257.104916744582 0 628 1.428 96.5008920009404 890.41535595222 4.123 57368.4733815449 2372.44909059893 32.3216845165807 1061.41192297782 49.4673533260756 10091.7696152425 0 126.15 3292.8 72.0034678287121
122.213183321093 1283.6645435367 118.61909338921 824.768859874498 4168.6260241488 0 194.897191972119 816.570850374716 0 32522.9235103083 1344.97182437612 27.8015389492595 287.071956580623 42.5494082620034 293.050194313805 0 0 290.023549508392 7.43872802965725
0 114.12 190.638902871703 87.9673153171824 476.5 0.765 336.398283826417 1312.35340436862 2.20875 69220.62 2862.58962962963 2.47160493827161 1280.6962962963 3.78271604938271 13474.2267292175 0 334.95 3724.98 35.2587374099599
1417.99637036062 4744.00868545677 0 6229.47469039746 15421.5105961421 8.466 731.023608288393 3017.78157383352 62.4185 120194.199011104 4970.58055288766 102.745489784248 826.468677782398 157.24884150796 671.976231958981 0 66.7 404.74 27.4911311986672
1.31140850588629 13.7743617779419 1.27284212557028 26.7440906379285 87 0 2.09134422637591 8.76221312414976 0 332.368776534875 14.4322195260241 0.298324400559944 0 0 -0.876987417010091 0 0 349.86 0.0798212676077443
0 0 0 0 0 0 0 0 0 0 0 0 0 0 0 0 0 0 0
0 0 0 0 0 0 0 0 0 0 0 0 0 0 0 0 0 0 0
0 0 0 0 0 0 0 0 0 0 0 0 0 0 0 0 0 0 0
0 0 40.8179822979933 1.47526443103771 52.3123785114685 0.249383349411815 67.0660169838239 286.371893707416 2.39720321257673 336.024688377418 13.8961596739342 0 6.2170141479385 0 144.933088002723 0 14.1806218292993 572.788253108906 10.7159435022893
0 0 0 0 0 0 0 0 0 0 0 0 0 0 0 0 0 0 0
0 0 0 0 0 0 0 0 0 0 0 0 0 0 0 0 0 0 0
0 0 0 0 0 0 0 0 0 0 0 0 0 0 0 0 0 0 0
0 0 0 0 0 0 0 0 0 0 0 0 0 0 0 0 0 0 0
0 0 0 0 0 0 0 0 0 0 0 0 0 0 0 0 0 0 0
0 0 0 0 0 0 0 0 0 0 0 0 0 0 0 0 0 0 0
0 0 0 0 0 0 0 0 0 0 0 0 0 0 0 0 0 0 0
0 0 0 0 0 0 0 0 0 0 0 0 0 0 0 0 0 0 0
0 0 0 0 0 0 0 0 0 0 0 0 0 0 0 0 0 0 0
0 0 0 0 0 0 0 0 0 0 0 0 0 0 0 0 0 0 0
0 0 0 0 0 0 0 0 0 0 0 0 0 0 0 0 0 0 0
0 0 0 0 0 0 0 0 0 0 0 0 0 0 0 0 0 0 0
0 0 0 0 0 0 0 0 0 0 0 0 0 0 0 0 0 0 0
0 0 0 0 0 0 0 0 0 0 0 0 0 0 0 0 0 0 0
0 0 0 0 0 0 0 0 0 0 0 0 0 0 0 0 0 0 0
0 0 0 0 0 0 0 0 0 0 0 0 0 0 0 0 0 0 0
0 0 0 0 0 0 0 0 0 0 0 0 0 0 0 0 0 0 0
0 0 0 0 0 0 0 0 0 0 0 0 0 0 0 0 0 0 0
0 0 0 0 0 0 0 0 0 0 0 0 0 0 0 0 0 0 0
295.452553921181 3172.08493191078 184.335518102867 620.098489907601 124.167287940675 2.73041424435897 482.411933194121 25751.6544350592 24.1424978308284 77993.3627465212 3356.68243036237 68.7008480750758 0 100.163956883878 -87.4320448025375 0 234.461843201015 1766.85438553357 54.0726552254579
7.59266186415729 79.7494227809697 0 0 10.0070869538424 0.150671103716029 5.48461416508708 50.7305855762988 0.435025882787946 35.9762017008689 1.48778069168365 1.72720879048156 0.457841664201056 2.64344042659115 -5.08083644800738 0 6.3416836137302 128.753410981697 2.78702520675834
0 0 0 0 0 0 0 0 0 0 0 0 0 0 0 0 0 0 0
0 0 0 0 0 0 0 0 0 0 0 0 0 0 0 0 0 0 0
0 0 0 0 0 0 0 0 0 0 0 0 0 0 0 0 0 0 0
0 15273.06 423.16 428.1425 2448.25 10.149 1942.27961893563 352.366666666666 275.25985 119746.62 4952.07111111112 330.783127572017 2215.51111111111 506.253497942387 18559.7997973353 0 1834.25 4822.58 163.124999982
0 0 56.62 55.145 71493 4.182 26583.1728977504 499430.822222222 31.51615 0 0 0 0 0 63498.8810958904 0 1389.1 1975.68 135.109398281788
0 0.15252059852848 0.00410592741602137 0.00349114056601173 0.0191380308082339 0.245787001570724 0.00448401039017386 0.000300825778243178 2.06512000537353 4.98654588856128 0.206216508148407 0.00330328307493105 0.0922593708463165 0.00505557409669767 1.26031885706249 0 0.0546611920967786 0.0991504312601618 0.00219160218103993
747.76 1160.22 140.06 465.965 13419 16.0497 399.519177824764 373055.033333334 315.4343 194819.835 8056.69234567902 25.1279835390946 3604.49012345679 38.4576131687243 32380.4343479076 0 3487.25 5817.28 140.684523794
5941.816 228.24 157.94 216.5825 111936 27460.44 87602.0760493827 1182076.56666667 470668.6135 238019.565 9843.19901234568 4.94320987654322 4403.75679012346 7.56543209876543 54966.4603640458 0 1534.1 3052.7 89.3686596902789
1345.968 29956.5 122.18 206.1275 914 5.967 281.904607181159 53.1222222222222 17.22825 90736.275 3752.36049382716 648.796296296296 1678.77160493827 992.962962962966 16019.0630136986 0 1252.8 11984.42 8.10966864230468
0 0 120.135848844397 54.6824845461727 18452 0.357 7297.58037832279 165791.25 1.03075 0 0 0 0 0 26892.3698630137 0 919.3 2524.48 14.672619046
23.4746084062313 1086.7209190562 10.8911111593479 10.9885707670379 54.4707838604413 0 13.373915395908 0.950907977807846 0 16112.7936447231 666.337805002999 23.5361443223129 298.113411058489 36.0213517500334 3488.6122428078 0 211.003096261404 352.672209367108 7.00696388994337
0 726.433579539192 68.5031452831484 0 239.5 2.04 363.58670566276 6.75 5.89 61874.6459183112 2558.79996080305 15.7330601342042 714.305947965138 24.0789691564444 1121.68751690696 0 108.75 3642.66 25.8873699067806
7531.27974463976 304.164904061086 0 229.995223730798 61999.1361809517 28165.586158867 1498.98647670246 549841.759389486 427510.696727222 236614.710905227 9785.10186206247 6.58758744239652 4377.76465893464 10.0821018598916 46902.2509876224 0 6117.33072772304 1672.98693156417 0
0 0.0105523363333744 0.00165331031931944 0.000844583487445034 0.0127501746599269 3.66785846381457e-05 0.00361675939064304 0.000143837586816258 0.00010590042329347 2.94162248797929 0.121649560902153 0.000228541943496942 0.0544248957240916 0.00034977648095636 0.573582046385441 0 0.0994256770640694 0.0721719475609258 9.86951510125103e-05
0.18081550182763 2.10705112960762 0.053610340423658 0.1103088144625 0.308197912537985 0.0009078345884529 0.06358605649751 0.06540802395737 0.00262114986568019 40.6403089575903 1.68066288581266 0.0456344021830435 0.751913131698659 0.0698420620823404 6.90359771952047 0 0.422037037037037 1.28478099264544 0.0254971720460827
0.317429414605355 0.323854697644471 0.019081647997973 0.00822846825236014 0.0713388242027508 0.000248108601169717 0.0255812581568443 0.000337838509218024 0.000716352774945897 12.5269736277298 0.518047726203307 0.0070140279528613 0.231769792423629 0.0107347560677158 2.80469171202675 0 0.336831750460554 0.361888894850745 0.017271249709084
0 0.079987984563523 0 0.0259514876861929 0.0216466698859626 7.95661379592139e-05 0.00530382447101512 0 0.00287211470599161 9.88433761107286 0.408762625085059 0.00173237554897998 0.133935463818143 0.0026513479930443 0.417737632056777 0 0.0177742282976115 0.173532186768693 0.00406658844754667
