25253.1761121841 125041.049085969 0 0 797.930217433594 15.5249110290874 0 1654893.07223094 69.4054846006258 34085.1950308522 1795.18394169033 1368.67647135 944.951228639882 2149.65489415248 16323.365658819 0 1628.96957252004 45261.2826814732 176.460788589345
223.705174033913 19316.0995454364 22.3214592511908 35.0484725902684 0 0.921660939106572 0 0 10.7786748431016 4055.80914594138 213.609558131159 224.565121719003 112.440073530961 352.703888073015 1469.76505560904 0 633.586035668417 12624.2978329079 0
0 148209.217939769 0 0 0 10.1265446144509 2.63877268842496 11254622.9930581 45.2716112175453 67942.6557471123 3578.37367345588 1723.77825871361 1883.58892965634 2707.38077832401 24103.0670350501 0 619.420223335498 32125.210340692 56.1069042876355
0 0 0 0 0 0 0 0 0 0 0 0 0 0 0 0 0 0 0
0 755 364 60.9 479.5 76.0240808973133 2075.48929944652 7.56388888888892 770.732051476619 148937.88 7844.19423868313 8.96090534979423 4129.03703703704 14.0740740740741 32986.5956089323 0 3200.4 13640 245.849501034523
2592 0 0 60.9 793.1 96.7775662679355 527.634290988808 0 978.814242436178 6446.42370952679 339.517386190674 0 178.715597758406 0 6293.08603252207 0 2654.4 71640 579.327044435385
6969.6 119441 855.4 3254.8875 4038.3 404.247083389851 1669.11697014502 0 5150.49841668946 89224.59 4699.24115226337 1417.61522633745 2473.59259259259 2226.51851851852 26273.9615687746 0 8845.2 106840 1205
0 906 0 155.15 1120 136.741937850768 1290.2346750766 0.291666666666667 1386.20617598115 43824.1367714819 2308.1102079479 10.7530864197531 1214.94601538323 16.8888888888889 7583.81743063966 0 520.8 25800 437.31334517876
0 188297 81.9 62.7125 849.1 773.072589811397 9571.87101147444 7561353.52777777 7846.81395959557 33906.6 1785.77777777778 2234.84979423868 939.999999999999 3510.07407407407 52229.362056671 0 638.4 23440 285.628993069711
25612.8 828688 837.2 4160.775 0 627.589596691371 17188.4858399216 184.683333333333 6407.50554066162 304091.97 16015.7810699589 9835.48971193415 8430.40740740742 15447.7037037037 111229.060536686 0 29870.4 117280 0
0 321258.24047282 0 0 0 27.2084539616373 9443.54374948276 19.3721196759616 827.990598989435 69027.8056359893 3635.52586674904 3768.0522304363 1913.67277455804 5918.1348464258 71511.9969820824 0 2300.37718256581 102945.706992448 584.02646510781
0 15704 782.6 1302.4625 2031.4 23.375 1011.45288713967 187.833333333333 507.221259701005 64045.8 3373.13580246914 186.38683127572 1775.55555555556 292.740740740741 12520.2591105273 0 3578.4 34880 100
0 0 5293.70721384531 0 199.5 585.628630348783 7248.77144557712 3485947.59722222 5944.22693589582 43537.7767823786 2293.02832698711 0 568.177777777776 0 895.081172941652 0 0 4440 745.853009911865
41126.4 2374626 991.9 30024.0625 458336.250931203 3196.068 4404.17937201844 1677.2 97260.736 471804.06 24848.7670781893 28183.8395061728 13079.9259259259 44265.7777777778 194523.778419966 0 16590 108760 1725
0 45615.8693687127 30.9401668023441 248.023837127808 695.103747392029 1.30900705702225 331.315390226744 20.7278895244462 75.650397547564 54426.6654210223 2866.51948669014 1106.85699601234 1508.88220864849 1738.43900177369 30690.5616135685 0 1063.44573317016 7464.04023958296 67.363493070459
9849.6 351679 163.8 583.2625 10336.9 36.72 1501.62889917339 0 496.324 141026.34 7427.51275720165 4173.98971193416 3909.7037037037 6555.70370370371 42008.4730343404 0 27661.2 74240 665
1094.4 79124 1576.46648640634 783 1012.2 133.125206735766 762.180197627728 128.333333333333 1351.24274790689 42571.62 2242.14320987654 939.102880658437 1180.22222222222 1474.96296296296 8710.40435353724 0 8803.2 55080 169.547441831651
0 526688 0 5802.17396693602 348632.985193818 666.415754084283 18378.3637813984 562835 6764.22953156147 27627.6 1455.07818930041 6251.12757201646 765.925925925926 9818.07407407409 41121.912854194 0 4846.8 14400 848.74299219357
3840 99056 336.7 854.05 1804.6 298.979455736558 1551.72345792968 196.525 3062.41520463064 75661.95 3984.93004115226 1175.67078189301 2097.59259259259 1846.51851851852 28342.2625633326 0 5594.4 128760 0
0 0 0 526.35 2019.5 91.9323713931385 557.27575720022 231.991666666667 933.128692820936 6312.17787593397 332.446986139084 0 174.993871499294 0 7489.77500362998 0 2184 40480 807.08450092522
1958.4 180143 7562.42629974835 91.35 433591.743538115 827.550560361927 22829.5348145396 2602259.13888889 8399.77432249064 49792.47 2622.44773662551 2138.07201646091 1380.40740740741 3358.07407407407 27577.2767123288 0 2520 27640 1333.13974724826
5299.2 45904 1792.7 3241.8375 4117.4 79.39 2639.60373261997 2101.4 1138.968 97701.24 5145.68559670782 544.823045267489 2708.59259259259 855.703703703702 22088.272621505 0 7190.4 51440 540
0 0 0 0 0 231.865732269483 6394.37580815348 7930761.41666669 2353.47532521869 32148.48 1693.18189300411 0 891.259259259258 0 6132.22593357102 0 1453.2 3280 295.302765859682
0 104492 0 10913.0645661279 327226.920336864 629.955237158181 17243.931574821 1119090 6399.74926783232 20155.59 1061.54567901235 1240.18930041152 558.777777777777 1947.85185185185 6410.32546443985 0 3544.8 11720 796.353051668735
17875.2 1913472 3157.7 24606.1375 54868.1 39.355 2924.39695453309 600.522222222222 1154.32122604362 363616.89 19150.8131687243 22710.5185185185 10080.6296296296 35669.3333333332 188864.562281854 0 20571.6 46000 3326.63805984715
0 0 0 213.875 526.4 357.246584061428 4421.91297244496 6842907.59444445 3626.11159647368 24528.9439399129 1291.87954558267 0 680.021214262652 0 4595.20218444533 0 0 31120 131.464606604158
0 0 0 329.010145665987 0 274.908844534296 7581.41553618824 4200665.88515652 2790.36999544154 18875.5440556109 994.128786666176 0 364.013799784198 0 753.855745211441 0 1723.01478767534 8108.02014146984 12.6698649593878
0 0 0 0 0 0 0 0 0 0 0 0 0 0 0 0 0 0 0
1579.67694841752 91451.2905803505 0 10990.0837144697 100.833732907863 0.531358348534538 1212.93210146883 251.863723435372 7.01997982132234 9437.30337953517 497.039710773744 1006.62091864264 261.63240126592 1581.00736705297 8906.70847620125 0 958.743883215409 4280.4427115344 45.3591577747949
0 704512.897129186 1210.83114298459 3563.89393151542 1939.6746335708 390.700620778613 324.936452001555 1954.68947667974 4617.29422628906 99847.8456027174 5258.74206898715 8219.52757433227 2768.10340366048 12909.6598412016 61705.6793221023 0 3063.87826605676 58880.6537524516 730.425303345045
1448.66829894701 230324.245579568 394.602535932045 1055.0631100838 670.824311084477 2.06407480333686 193.999681554628 1335.15885055021 753.728641716882 79286.6983397539 4175.83667983528 2974.89947106723 2198.08227422888 4672.40238394945 20371.1198463268 0 3897.45889335959 27335.9822694024 322.292973581456
0 1832201.22906896 3273.49503694447 4379.63608920624 6260.90899053204 14.3540159358081 663.608782834856 4144.09020642307 2539.56292824024 155223.678826845 8175.25190475881 21735.0694089054 4303.29959645716 34137.2846743773 107318.205050494 0 14562.856125894 71505.282308836 2083.40572406264
0 1408988.69658609 530.626813865585 1827.2647917627 1285.4356070803 3.73636632248548 425.07907202318 2806.94239794055 1672.46506229238 72043.6106930026 3794.36095056531 16641.7363574195 1997.2805899566 26137.6525108495 71184.6140710085 0 5274.87010233244 35739.9362035586 1036.13519867245
645.511957567867 521786.229684351 682.062591633136 1305.50536888565 1375.35255102978 8.78294772159073 151.62803397975 126.577775987631 661.015116398171 57559.3463131786 3031.51013517987 4715.27994600434 1595.73019808497 7405.85874412622 29571.4705662767 0 2891.47902094047 12251.4024056746 493.510670923447
774.287168475605 549454.064178167 280.410248861131 499.884676624147 539.974304724841 1.35355489254082 135.363923644233 958.704035291786 490.068824602923 23568.5755141769 1241.29928707375 4865.71509558684 653.396712832496 7642.13346815475 18540.6131143338 0 3104.34557386582 10803.6222439011 404.3122633304
100.268556973309 33131.4895843837 3.58898548519645 32.9269698566306 2756.58743913293 0.305179364485822 15.0292567841347 5.71349988160583 4.32750866741739 1515.7275768946 79.8296680877274 530.752813863826 42.0208432069545 833.60487872068 1926.15653370962 0 592.553879417951 972.657225847856 1.56412985990005
0 1049547.43882118 532.831830628699 771.402323270573 2139.58591001593 10.3997027792054 404.177495728352 2698.63696932915 149.951479131695 59126.439593533 3114.04510936666 15856.5239661521 1639.17506379056 24904.3912579748 59989.9316747275 0 3747.56348384777 45059.552545868 0
207.016973034503 200501.18262529 62.7308091956499 102.155564373779 165.5499461613 1.16187804765494 59.6901894365728 370.75224342983 225.629985611315 8053.83165957791 424.175635529287 1707.54594679578 223.278115765168 2681.88617131645 8352.45298044634 0 921.536621083235 5599.63943453984 62.8240562666555
156.170860977948 255718.861812461 72.4436196868009 113.205053751199 38159.9943704752 94.6073618314202 4092.79920152496 436.670376403973 1109.74709327291 7025.22001912752 370.001173640457 2970.53698756949 194.761692944143 4665.55063030433 11734.9513024844 0 320.544845637584 7946.992393736 198.438385310702
11.5389065545184 3766.48781704477 0 0 194.940865709517 0.0544455495867625 15.2816892681094 7.16945903783494 5.03527255727258 118.598323930659 6.24628394935093 33.8819985890547 3.28792696686839 53.2153548448068 195.699513297957 0 12.4788736614876 70.1502545348932 0
0 1507885.91129946 1120.96016573071 1696.48919656277 3072.53564657317 22.0044249565871 715.426635023524 457.542017432585 300.549745534309 136504.048431728 7189.33470964592 18113.0971958995 3784.33123715808 28448.5843444208 80109.624165381 0 15658.4123150508 68712.702466666 2522.09699169567
320.457438436386 9086.99750291326 39.2954335316177 194.383578379302 150.966466765809 1.10938398283793 21.6061600920494 176.477271494905 36.839408287303 5343.56082988491 281.432292952176 459.555071252805 148.140691785429 721.781099281099 2417.27883335493 0 602.77904435536 1519.61103618998 185.204204260519
0 179922.804987727 2492.18899151471 5490.51766565766 15209.4157831649 98.9646173939772 68.7447696303896 1003.85383820894 1156.98221170832 16649.0162226793 876.863005795992 2798.84866655803 461.564275076786 4395.89549466289 11741.6809973012 0 8639.7419388378 5360.1012589562 98.1708811734455
39764.2279292904 2672198.19583374 3090.90370324003 38464.4524085771 260005.731345284 9.62369284891581 20740.2562411784 268.277977573572 5895.72220345826 369672.082907506 19469.7253844694 32428.2339776035 10248.4990513073 50932.0597949044 251843.9109642 0 34698.5947087986 107402.15403876 1628.62494366267
0 973862.017847206 1145.83820949377 18722.3524678177 2449.77131236091 21.8304863826891 409.405773078436 2935.6362786542 1794.61065081648 105668.10840503 5565.28109009796 11559.0517919636 2929.45980725664 18154.7449499496 49434.8880288183 0 5632.65522762137 47368.507875462 550.33554484425
405.57751462517 46267.2825395271 91.8281096509022 220.649829189739 5064.00853964146 39.5396626407405 395.553601085111 188.299623906749 470.321250988946 4785.89741878571 252.061523632318 1095.34217526858 132.680468512283 1720.35372648383 4674.81715321675 0 1075.94289707888 6538.96868722908 35.4425058061942
701.075594661101 24558.7983961855 6.7706082523844 27.7661232694554 177.571554106421 18.2726844832134 17.244954177299 90.2314836204089 214.513217789638 1218.24075101172 64.1617638200244 532.309591043879 33.7735516374692 836.049966186024 2447.77099835584 0 440.530226882952 666.949745008056 11.5418934705342
66566.4 1227630 2893.8 48761.6875 71070.6633664454 28688.18 46116.8120165 114093.991666667 599769.292 233076.48 12275.5687242798 14570.4320987654 6461.62962962964 22884.4444444445 137300.5246763 0 17732.4 128120 2238.48493553693
51223.4139926851 2411297.52944736 2711.68427632598 64468.9612265133 255442.898734317 23.7139879832843 108.815109299402 989.427219708312 59985.6095727312 343697.792373819 18101.7229652176 28619.9103056832 9528.4081810441 44950.6742803382 215353.574080063 0 24585.7507799881 61757.3644464536 1126.78958028335
21214.39209832 500425.777601464 2612.558995753 37295.4371200383 213166.306110422 2164.4326182822 25839.498634597 167219.227698267 9676.28699937925 23862.1638457549 1256.76186717162 5023.43299979825 661.535925601787 7889.8465484776 48874.2667233149 0 2195.21679558011 13385.634328238 1399.55278239134
6086.4 2832760 2857.4 24021.0625 38150.710037926 6620.54663059574 842.58376652588 122.577777777778 95452.3391232062 60403.98 3181.33004115226 33621.316872428 1674.59259259259 52805.9259259259 162299.732782886 0 9786 42600 34.4888439075161
3878.4 2486517 0 0 95696.8946799488 53.805 24523.9391146111 771.263888888892 94286.8469196078 334984.65 17642.8230452675 29511.8456790123 9286.85185185185 46351.5555555556 324063.642034154 0 14212.8 57240 1405
4736.03962915179 179882.759319758 569.012079945393 1027.67559848405 657.586340724294 1.71584935416605 290.856463006946 69.101709284707 12811.5659101499 54997.4817522653 2896.58298817735 1980.95497333635 1524.70707316951 3111.30471127913 20747.4799690957 0 3014.97133577365 12426.9835578625 607.322149613655
0 0 1832.33863266524 10373.6842459206 1023.96033031391 169.473868972507 241.847479773794 0 2444.07712323045 4121.07375078272 217.046885406708 0 114.249418276553 0 3338.33567904792 0 0 1233.0981701802 20.1376972333113
0 0.467193001173584 0.69781776475266 0.0143906445195022 0.0565492990329894 0.0645965554001483 0.0921038637390592 0 0.931281182490094 0.862843196224497 0.0454438429546004 0.00480944348575455 0.0239207884143802 0.0075537527996696 0.456384724354604 0 0.0882246795909872 0.210984129921806 0.000336687057848233
25747.2 1658735 6160.7 17382.9625 4832.8 8868.13170396996 12922.6739079388 1308.10555555555 127892.270087868 191446.71 10083.0304526749 19687.109053498 5307.51851851852 30920.7407407407 135713.060236442 0 14658 131200 1510
6719.60792796288 1212582.72887808 9546.00965185504 69021.2359152413 12854.0734749893 1370.91449429666 38193.6487164997 55698.6966510625 36109.892196992 34756.9199479557 1830.5620518442 10210.5654742521 963.573603695986 16036.8008826371 49811.9589006518 0 7065.44829627653 111140.911503432 599.25894473779
1413.71412640583 136506.749309961 568.756234357675 630.347234822986 1315.5109951687 2.69266650166324 448.423140905516 34.6607680579756 17076.5552894237 75477.8478899095 3975.23383283172 1657.17189397539 2092.48869000475 2602.76825597973 32572.8217428185 0 1812.34863297957 22911.2100427689 16.2317069186286
10924.8 909322 6087.9 9087.5125 180700.8 3043.99794153581 4341.3862992944 101.558333333333 43889.4084524544 38113.53 2007.34650205762 10792.5144032922 1056.62962962963 16950.8148148148 146898.956727341 0 5502 47800 15.8700028506208
12076.8 583313 1274 178078.4875 48162.561577121 8896.65734824402 1082.33236706848 91979.8833333331 128303.654303135 89412.96 4709.16213991769 6923.19547325105 2478.81481481481 10873.6296296296 54251.1018202288 0 7476 49720 1057.14345906929
101760 2985874 964.6 113593.3625 495684.547427471 0 19708.6458079738 386947.711111111 0 203125.65 10698.1316872428 35438.5884773663 5631.29629629629 55660.1481481483 357126.029423906 0 13885.2 72720 1015
46982.4 872025 2984.8 48396.65 745851.4 0 112370.311111111 603100.516666667 0 89726.91 4725.69711934156 10349.8456790123 2487.51851851852 16255.5555555556 200276.037155189 0 16598.4 88240 2349.7830444392
0 14690.3189605611 111.561042908417 160.973458433481 247.34132077302 278.235080035453 34.362578350768 21.1891819389206 4005.22251502056 10537.312372843 554.974496791947 198.228720961183 292.128188331252 311.339713289206 3263.81913415106 0 0 4533.27412453248 32.9016329574902
79257.6 7007004 100118.2 577674.2 1315797 28141.885 131799.585185185 383603.733333333 628355.98 291157.23 15334.5399176955 83164.3703703704 8071.81481481483 130618.666666667 628756.803677989 0 23368.8 62520 110.009126406251
5030.4 775083 42942.9 220203.1625 1295 0 816.104355166456 47.95 0 211162.77 11121.4271604938 9199.26543209873 5854.11111111112 14448.4444444444 92147.5413023082 0 14893.2 30480 788.285852449805
64684.8 1943219 900.9 59410.85 8803.2 4923.285 978.96759601018 151054.633333333 115816.256 227927.7 12004.3950617284 23063.5781893004 6318.88888888889 36223.8518518518 143379.380896979 0 15178.8 34440 4293.63532926266
1632.84446555363 41419.0539162898 95.0013936067242 188.268176908293 218.635685871345 560.755935440781 77.5737139800104 9.29975655414449 8072.14462908243 8717.12787441909 459.109826528901 612.063978894646 241.666820086766 961.312885336251 5133.4752305398 0 881.551393306122 7997.67531809064 64.74731297213
4.84581542262427 503.53268356523 2.70342447867 9.056557446796 83.2127850091251 5.25893568369449 20.8950404829301 0.209642685633191 160.03663100184 347.815894674761 18.3186133516214 12.1655718984418 9.64257522117451 19.107350582168 187.998017054481 0 15.5690749418299 81.0790731519816 3.78308946594009
18182.4 1128423 41195.7 151533.3375 74473.7 5457.0255 61727.972156352 1410327.8 166064.776 97701.24 5145.68559670782 13392.9691358025 2708.59259259259 21035.1111111111 99773.490260837 0 8920.8 33200 764.33293262591
0 111092.9282554 17400.5468538305 136.569598287113 827.123711256115 576.495203973902 2421.43707730789 0 17543.5403248528 37813.3389995922 1991.53617552481 1297.52990960041 1048.30736964534 2037.91149980867 12945.7038189971 0 2884.9435725938 24012.6552474171 190.188197736329
1098468.23459778 16696368.3373153 254630.53161963 2541886.75737882 7432947.87095854 18127.4223233638 1165695.10082199 6340483.75753239 388724.735640309 308849.743365314 16266.3613684105 197969.761745115 8562.30818670689 310932.989744337 1168429.16903899 0 56407.776531385 630607.806008456 6395.2021555967
92985.4095454507 2773824.81813665 66783.5318306954 551401.890999248 1219143.50806058 0 330306.788745095 1989157.08842962 0 76314.6710948164 4019.30726641844 34872.1594543478 2115.68812057616 54770.5099122248 177462.220878861 0 13156.9446447767 66122.4621354472 639.07018816476
4758.42117949224 117462.692356892 223.739421778787 704.103042987917 22385.2426609079 3533.27705137069 531.571335525708 299.466610688531 50955.3576822582 36989.4961661563 1948.14638638844 1392.41947028233 1025.46779671766 2186.94584999567 14202.2112624341 0 5146.69512990221 28559.9683888176 338.059432448083
13632 714381 682.5 121673.85 59916.7443563817 97.92 13010.9988641612 852.775 46494.5101870925 198290.82 10443.4930041152 8478.80864197528 5497.25925925925 13316.8888888889 73684.2062675924 0 10810.8 52800 1230
9.07608434767699 86.0710992477555 1.22905308874793 3.37055780738491 2.81854963140751 5.80197631770042 0.820630271949996 0.0808371589487651 83.6735342952306 210.686584947712 11.0963476572559 3.94849562076261 5.84090972998911 6.20154076831602 53.7589266034354 0 6.80706326075776 90.4907219188036 2.96361787332278
6086.4 1775458 60148.1138537839 158213.319760882 16139.2 11493.19 0 117553.002777778 210302.66 99898.89 5261.4304526749 21072.4650205761 2769.51851851852 33096.5925925926 118884.709251267 0 9080.4 75160 3034.02060181246
17990.4 204605 0 1423.9 88494.1745098425 3089.12874475579 426.702585554556 237216.816666667 44550.0473999094 42885.57 2258.67818930041 2428.40534979424 1188.92592592593 3814.07407407408 41462.4068305498 0 5560.8 30040 1791.11474374981
65932.8 708341 0 214991.8625 539104.3 1927.46 54479.0716049384 573427.361111111 39956.98 82945.59 4368.54156378601 8407.12139917697 2299.51851851852 13204.2962962963 180845.867742541 0 15027.6 50760 50.558346021174
103372.8 1614492 0 501740.6 118104.278218381 13161.06 69895.128623234 409173.994444445 308091.792 106994.16 5635.12098765432 19162 2966.22222222222 30096 174818.574291612 0 9954 39480 3609.28938147421
924.55530182616 342097.615250333 284.830448453214 750.744723681746 565.166530855886 1760.29865836933 228.528171377644 13.342649212552 25386.2480809456 34695.635126776 1827.33433005028 4019.44799511359 961.874591352994 6312.97917028173 23537.1002182132 0 1685.38726895393 9807.34877457956 143.612469817093
34264.204752542 314341.548126542 3752.27567833268 77497.3617900682 610669.192174597 4526.87755253041 66256.6374594316 640470.452654892 65284.6243074792 29551.6323721982 1556.41227334294 3373.90515202017 819.266291219594 5299.08409639909 43122.4399499706 0 1504.61289815179 19546.9844390764 537.90528367485
26918.4 869156 41295.8 366466.8375 303973.6 16453.195 80206.3119529848 2126790.59444445 355972.872 75913.11 3998.15802469136 10315.7942386831 2104.55555555555 16202.0740740741 130862.026871833 0 10105.2 68720 1210.97134846608
1036.17482933785 47592.820634121 42.8691287169889 0 5190.47262822005 2.10223611977543 129.655206234447 25.9903522330815 24.0917852716632 16264.4843923893 856.610653823806 2024.2791609745 450.903816037171 3179.35004846513 15127.6329918573 0 1461.23595757954 5711.26530612244 82.7925889519665
0 279652 17422.7420944958 0 182 580.407094460593 2299.60018917116 0 17662.5845216243 16702.14 879.660905349794 3319.11934156379 463.037037037038 5213.03703703705 13213.8657158942 0 0 4120 243.406223045244
7987.2 1099733 83946.0804596378 453290.689211306 2340.8 4.845 969.24378916128 271.677777777778 42381.2997467499 184979.34 9742.40987654321 13052.4547325103 5128.22222222223 20500.2962962963 137613.774741978 0 15086.4 58440 2050.08018439732
2457.6 1436614 109.2 252031.75 2043.3 3.655 1361.85713488435 104.027777777778 62445.4487987522 255178.56 13439.6312757202 17050.8106995885 7074.37037037036 26780.1481481482 119366.104860199 0 19647.6 40320 0
33254.4 1297090 455 125846.5875 423758.3 6062.625 39346.5630614682 1046038.175 126384.7 42885.57 2258.67818930041 15394.8353909465 1188.92592592593 24179.2592592593 159192.040157628 0 4494 36800 1718.70445543934
217.496338275351 58076.5753537011 64.569225425495 109.450718908247 158.416804080364 283.241122978717 36.8699973442899 18.389739472567 4089.06965590718 8222.7209389225 433.070621224064 537.883750918354 227.960269758311 844.804789042836 3630.63026200973 0 866.848386683975 2527.00072515432 86.7347460140365
4204.8 235409 37020.5704361688 602.475 1300.6 3388.70025440315 4842.24060011736 39.8611111111111 48870.3351111643 72585.24 3822.88724279836 2794.01028806585 2012.2962962963 4388.29629629629 32336.7349971852 0 7375.2 31440 452.677487976936
77932.8 1125252 0 349539.175 286696.9 12160.78 107749.010035996 314329.069444445 282627.848 296494.38 15615.6345679012 13355.3333333333 8219.77777777776 20976 186608.72854194 0 29114.4 191040 2315
0 0 0 24788.1584962866 52283.9866099958 0 1211.4667580413 2156340.17735812 0 0 0 0 0 0 1555.05394044948 0 763.653679312249 5049.46514484016 223.239037569724
998.4 47716 2626.34935109633 539.444025474793 4095.7 2.295 1746.72427876936 14681.0561232813 10.26 771375.15 40626.4444444444 566.329218106996 21385 889.481481481482 184668.401050854 0 22335.6 122240 2595
844.343715156351 8131.27795667236 355.549638810714 6120.22447461418 719.6 0 531.08610756154 2530.07644115472 0 66364.8126720364 3495.27253384615 96.5080955531246 1839.84604506834 151.576434806745 18073.7827054986 0 2259.6 7920 489.451987419617
17203.2 182861 1231.7629554771 115.275 44181.370730863 2.975 2586.68324913543 1534174.52222222 86.74 383772.48 20212.3588477366 2170.33127572016 10639.4074074074 3408.74074074074 90197.1708012761 0 1167.6 13920 188.642973116044
5836.8 6795 1054.47257585175 14372.523029722 760.2 1.275 714.687838100568 6021.91289591286 5.7 617853.6 32540.8395061728 80.6481481481479 17128.8888888889 126.666666666667 138111.352974292 0 966 19440 0
1629.40878794871 15903.6891016615 126.60194646801 291.749664137439 9366.10938581598 3.07461869993738 1299.81464998632 6197.79203457227 13.7453541879553 508757.517998484 26795.0154223387 219.413602697056 14104.3946287323 344.612868529932 104087.82106964 0 227.883503642416 8124.78425684808 63.8579089175815
0 0 0 0 0 0 0 0 0 0 0 0 0 0 0 0 0 0 0
56716.8 1090220 2020.2 4691.475 80331.3 128220.205 0 2271062.07222222 2810735.992 2247505.26 118370.610699589 12939.5473251029 62308.0740740742 20322.962962963 726646.211296678 0 86553.6 115720 1753.79802177382
1041.74430868014 10032.303647918 438.674210556244 7459.84355610553 57.4 47.736 910.516239758536 5324.72076957139 1452.672 81880.358267267 4312.43841111077 119.070891959455 2269.98686896448 187.01375453563 51708.573060263 0 2352 4000 67.182412769193
248.966148597176 10106.6390132481 65.5553226919646 101.569991368673 349.062187872356 0.412517010346198 167.464583679184 1120.77265633658 1.84419369331242 115511.238807355 6083.69471860218 175.584979532387 3202.34303878635 275.775260620328 26693.0819518878 0 232.495800316441 7601.23255829096 145.237717200469
10219.8180341186 181463.512846865 176.835971770918 1384.35613830219 1094.13561129163 3.44716084484159 848.275498173108 6944.55013893605 15.4108367181153 553160.603296608 29133.6174346361 1991.17313254054 15335.3909592472 3127.35343893853 131636.236543386 0 851.651502843221 40081.6937449228 270.365556458164
921.6 46961 1068.96278318766 138939.816530632 38341.988457687 1.7 2233.32679554129 605248.291666667 7.6 646360.26 34042.2156378601 557.368312757201 17919.1851851852 875.407407407406 129097.462037906 0 4872 39840 353.710328090535
397.844698325482 32974.6690459849 51.8544977895582 59.5653289543689 118.431321524963 0.75735540228106 168.565614749982 1183.75807671216 3.38582415137414 106291.443849941 5598.1106449818 204.990299422694 2946.74067051679 321.959505867103 24869.7799356582 0 812.84644926625 4028.17757054552 30.5552283097387
0 38666.9199805192 172.9 253.025 491.4 1.19 3427.12223205293 11749.4463414135 5.32 382409.972443077 20140.5989037373 458.927960415233 4374.42968225513 720.796153671686 3587.93876671494 0 3301.2 21840 252.870108571943
2217.95740402012 21359.5812042107 933.972669827798 25060.5101478281 33833.3086001756 0.765 1395.07921157466 6646.11067112268 3.42 14567.28 767.22304526749 253.511503949902 403.851851851852 398.167321932795 0 0 756 7760 143.036759193008
1864.15581770739 6858.26968128468 1036.98586308826 830.981977697146 689.5 0 284.19431237389 0 0 41001.87 2159.46831275721 81.3990801024574 1136.7037037037 127.846086774009 4958.39959061853 0 4006.8 35120 465.927149015882
0 0 573.3 1609.1375 2438.1 2.89 1017.17108575583 8662.7146570398 27.392 0 0 0 0 0 219481.701369863 0 17278.8 103320 184.637970603231
2111.46895246234 19628.375672321 251.734627266944 2192.16882774782 364.386887809776 0 531.468433814352 1800.5307273971 0 138094.43380381 7273.09642139428 162.067095236921 3828.42183455672 254.543956698171 33129.6864432472 0 930.038693608021 4776.56372184624 38.552846806066
2188.8 333710 1155.7 1444.5625 2677.5 16.575 2174.9926782161 18531.2259695786 74.1 758189.25 39931.975308642 3960.72016460906 21019.4444444444 6220.74074074073 177915.964346031 0 7022.4 110880 1007.91692118263
12086.4379664148 61457 0 7.25 126406 0 69122.2456055612 1207760.75 0 262964.52 13849.6987654321 729.417695473254 7290.22222222221 1145.62962962963 56937.6837997596 0 865.2 13080 194.631526415715
0 0 62.3535438870288 1316.86173764526 82.6939449555891 0 450.816532029708 1535.82175669443 0 0 0 0 0 0 11497.9029666067 0 147.090411220683 4979.14746057592 33.0537629669917
4014.36501115594 38659.5140572635 1881.53246743012 45543.9278589447 28 0 3508.67722964277 12038.3221269046 0 31771.74 1673.33991769548 458.840061372421 880.814814814816 720.658098688257 3547.77216132572 0 0 4080 258.887641562814
0 1408.79582476237 300.3 847.85282930259 263.9 5.185 58.0522550868624 444.068564808774 23.18 11498.1275393226 605.578284044318 16.7206437654051 318.765074851601 26.2615851562275 1780.75651315299 0 1411.2 24840 9.4341545001325
15456 563532 1001 2102.1375 5985 70.38 3259.34568703864 23434.1681441282 900.104 1139952.45 60038.5102880658 6688.41975308642 31603.1481481482 10504.8888888889 331418.799099267 0 10550.4 211280 2915
1382.4 4077 0 210.975 534.1 2.04 889.034492188908 4238.13056511081 9.12 209593.02 11038.7522633745 48.3888888888889 5810.59259259258 75.9999999999999 44703.1942953651 0 1696.8 32800 91.1522525161635
1593.6 59041 1638 3243.65 1683.5 4.59 1475.86338893943 9977.74422913555 20.52 532208.04 28030.0971193416 700.742798353909 14754.5185185185 1100.59259259259 118610.103809345 0 6232.8 50000 603.30418604806
0.399525729191368 0 0.434374703631164 4.84687140197714 0.339127341712118 0.000544225752904909 0.59240526477932 2.02764712591543 0.00548707612046478 190.089764050273 10.0115634249379 0.150127570064729 5.26989961267885 0.235791637024741 60.9938495379642 0 4.47289542328669 11.5888072089163 0.315585521120913
0 15161.6409014712 109.2 317.55 900.2 2.72 504.95720562438 4247.75726668819 12.16 130885.096913649 6893.39826201048 179.949707371725 1861.41302514295 282.630539247439 915.55777501301 0 1419.6 11520 593.016860459795
1804.8 200366.539891595 851.284676715387 22986.0871522227 1718.5 13.005 716.02654519636 0 58.14 364344.690694013 19189.1446530376 2378.10013143624 10100.8066055686 3735.06427072878 50143.8545639237 0 1066.8 47800 130.373195321108
0 0 329.922473046729 106.922371226866 12839.6923943125 0 693.08642605896 2398.58126217333 0 0 0 0 0 0 75331.5643835617 0 1444.8 12320 50.527218680015
2956.8 81993 655.2 1816.85 2772.7 1.615 2035.12157092425 128859.5 7.22 238915.95 12583.1193415638 973.154320987655 6623.51851851853 1528.44444444445 51294.1541752674 0 4586.4 73800 368.894830783708
0 906 412.959729065637 3823.81266056786 580.3 0 363.844344263302 2938.60425551112 0 22227.66 1170.67654320988 10.7530864197531 616.222222222224 16.8888888888889 1686.36712328767 0 0 13280 5.54607497178555
3072 11589.8667142747 136.5 84.825 242.9 12934.025 1056.67823558092 3607.62879775591 332538.564 94592.6750364686 4981.96507525615 137.557216746153 2622.41317425753 216.048533305095 142453.570202726 0 29526 7400 77.612803286703
0 16880.4084741346 130.299635476032 74751.3442977268 513.115437966408 2.39490822383277 2114.38686845072 0 41.843688681477 241785.097812541 12734.2303466423 273.83434481764 3085.34466836232 430.08654846215 2979.95677014476 0 290.991741757887 8351.0010967978 189.0676787549
309.682548768667 27897.3338969279 130.406037712132 3499.07651154876 5325.65638240192 0 270.67197533427 927.963940290912 0 28736.1270446185 1513.46160026894 331.10644842646 462.455500562306 520.038600972899 370.038427177127 0 0 15560 19.9715233819248
3356.47743514927 28995.6339808107 1586.3680084359 34509.0204542643 458.5 2.04 2636.9318722294 9032.71267938452 9.12 236652.814932295 12463.9255470808 344.141896237512 2033.12932806865 540.512186053867 0 0 1226.4 7120 234.172417319878
1045.68402640803 10070.2442867138 440.33320936209 11815.0939723739 393.4 0 913.959672990108 3133.39280273657 0 74280.57 3912.17613168724 119.521199870925 2059.2962962963 187.721011967194 13872.9734227459 0 0 8600 80.9137025230395
2965.05229736696 98452 1248.57123285212 291.45 45638.9568062647 0 2597.94597341306 8960.61429362113 0 18711.42 985.484773662552 1168.50205761317 518.740740740742 1835.25925925926 25872.2144888704 0 0 9400 191.217140006584
766.275098074728 7379.45424579635 322.675267736983 8658.07649710639 11825.1467098535 0 481.981510435576 2296.14378396054 0 8665.02 456.365432098765 87.5848887810841 240.222222222222 137.561570439176 0 0 210 4520 49.4173181505878
4435.2 27029 1301.3 2324.7125 4593.4 23.97 2164.34840804964 17978.0977188383 330.332 548219.49 28873.3810699589 320.800411522634 15198.4074074074 503.85185185185 122339.424807656 0 21142.8 229240 1720
902.4 0 627.9 763.7875 1192.1 7.055 1114.89313987481 9340.84090817773 31.54 0 0 0 0 0 177331.268493151 0 2746.8 34200 17.6291189530264
7296 161872 3131.87205708796 49733.2972233257 1388.8 0 1567.9107667724 12694.155402288 0 769491.45 40527.2345679012 1921.21810699589 21332.7777777778 3017.48148148148 228321.411972228 0 7560 38840 23.4847750206047
326.89289463261 3148.074582194 0 0 4937.40206686082 1.2495 294.425452667507 979.53475183704 38.024 0 0 37.3637064438854 0 0 0 0 0 1600 21.0814239113521
1421.20133194539 14592.5862266779 0 0 21551.9761600153 3.485 1245.37322995721 4267.38063056839 15.58 26497.38 1395.55226337449 173.19574037877 734.592592592593 272.022701306725 7149.33863647305 0 0 18640 91.653713598736
8.72915930320627 267.114737114737 6.43065918704842 105.637188006616 4.11678553395607 0 3.2252833234571 26.8423517137156 0 1923.33856530863 101.297542928844 9.76335148289962 53.3211307353176 15.334402788297 509.673122979661 0 47.2350889926786 184.197172431204 0
0 1812 172.9 336.4 494.9 5.185 2032.44115660273 7024.62335308797 23.18 444364.83 23403.6098765432 21.5061728395062 12319.2222222222 33.7777777777778 101740.852017264 0 4460.4 18600 953.150746965025
0 12315.5663192772 459.28072203938 12323.4967865728 788.9 0.68 958.087305161208 3272.77251485115 3.04 105254.338982051 5543.48886555526 146.170363067757 1972.00385348507 229.576414094939 0 0 1150.8 16600 70.3382745155165
0 27631.3753539721 0 0 44010.700255051 0 2536.76891382466 8696.98487984613 0 0 0 331.740746704554 0 0 0 0 0 470.858636939804 187.175416348227
3472.13543965941 33437.6840335163 1462.10184230977 39231.3600173311 66.5 0 3034.75207698182 10404.2558956621 0 15383.55 810.213991769548 396.863472504193 426.481481481483 623.317141659858 0 0 420 4440 223.919088738085
0 60489.7781012658 73.3153852889216 113.274859904303 141916.263271695 0 17686.2230791695 438826.508342504 0 201627.783171004 10619.2427011076 615.718085196014 5589.77061046356 967.052055738403 45346.5522061507 0 725.097217143181 9852.11456943752 7.6343837536937
2976 209437 318.5 1052.3375 1313.2 12580.595 1523.53820253537 12651.2753121873 348001.32 613772.25 32325.8847736625 2485.75514403292 17015.7407407407 3904.14814814815 150843.283993244 0 3906 76320 0
77088 33522 1820 4725.1875 144464.6 62407 75563.9308641976 3293698.50833333 1735688.4 592423.65 31201.5061728395 397.864197530864 16423.8888888889 624.888888888889 166162.767573654 0 6568.8 16880 498.408957944177
1324.8 0 460.634115802044 12394.6112733013 0 1.53 963.563088411524 3277.85320857361 19.112 0 0 0 0 0 55182.610958904 0 0 35800 64.3592001309565
2834.97016180026 120653.642394822 1155.33735171241 0 0 0 706.276911576296 189029.145047063 0 412509.904051702 21725.8887581997 1455.4317301209 11436.1012253838 2285.91344064913 79254.4070302174 0 2907.45519434629 15379.0994978613 586.34152607444
816.631187713334 11136.2640544843 343.880008367534 9768.54824033406 140.812099169354 0 720.383074986752 2447.03583630407 0 17802.7346243032 937.626535121646 93.3405665024777 493.549059677024 146.60148676853 3649.00253317252 0 0 7268.25532455568 4.61833000525206
4032 0 100.1 7134.61509040095 1397.9 1.02 692.220662575872 5934.39529114873 4.56 0 0 0 0 0 91691.2931506849 0 4594.8 59360 687.357742677905
0 10117 1237.88664033608 1026.87115307971 1043 1.785 658.479550287024 5543.08977165989 112.184 403425.75 21247.4485596707 120.076131687243 11184.2592592593 188.592592592593 87602.1708388067 0 3872.4 35480 0
2313.02901340106 22275.1487246268 974.006930484652 16563.4066218863 121.1 0 2021.65777358807 6930.99280478413 0 181802.427641593 9575.08966479711 264.378144866186 1523.68768210042 415.234560478695 0 0 193.2 680 13.0809739529058
0 0 75.8904826194005 1299.47663164109 16.9178767043468 0 157.518986084133 540.033517754263 0 0 0 0 0 0 11626.5779201581 0 340.91117585363 7296.11933341104 62.580220800472
2073.6 248697 1237.6 2460.65 1785.7 4196.96 1584.4775306116 13172.8535047218 103751.928 1180075.26 62151.6806584362 2951.72222222222 32715.4814814814 4636.00000000002 289253.281741414 0 8484 54680 971.359784209835
60115.2 3795989 1092 1592.1 387354.8 186894.43 146490.785185185 9941381.78055554 4817726.768 1531134.15 80641.0946502057 45053.6399176955 42447.9629629631 70761.6296296298 735420.55747795 0 55582.8 76000 1400
31987.2 272706 1328.6 7190.55 45154.9 27186.145 0 2602293.20555555 669802.788 974186.85 51308.0411522634 3236.67901234568 27007.5925925926 5083.55555555556 293298.328617002 0 14254.8 36400 842.533827196305
3148.8 78822 1274 9653.98953784406 1528.8 8.16 720.630526200672 5848.15133385037 76.84 255869.25 13476.0082304527 935.518518518521 7093.51851851851 1469.33333333333 60559.8191780822 0 3049.2 54760 265.131255471282
687.99912742848 6625.63365919423 653.713580936628 287.211193987228 1089.9 2.975 284.148049673814 1658.10757236477 13.3 54076.2397951418 2848.06342517228 78.6379815926496 1499.16728328506 123.509481996262 21085.5912673382 0 630 21400 933.890871499395
1264.01527831634 9546.73254375415 532.271594599809 4878.12318629894 19283.723723782 0 1107.65980670072 3787.62252803126 0 99350.6976534102 5232.55850118204 144.476360835793 794.768323396178 226.915799797204 187.754714507677 0 0 2613.49529622212 81.516736368837
1152 0 690.973002634721 0 546.7 0 1443.43438539372 4916.93514663014 0 277029.48 14590.4658436214 0 7680.14814814816 0 61863.1443047475 0 1856.4 33200 205.821660718354
8816.32076875459 35904.8239931109 0 26698.1920900786 56643.7913182309 0 3258.66585369792 11171.9153856047 0 293043.348293112 15433.8771598282 426.145336957997 4907.07784231013 669.307486749183 651.003312157783 0 520.8 3320 240.44055987191
0 0 0 21.75 238 2.55 0 0 11.4 1381.38 72.7539094650206 0 38.2962962962962 0 106.4 0 336 7960 55
0 0 0 0 0 0 0 0 0 0 0 0 0 0 0 0 0 0 0
0 0 0 0 0 0 0 0 0 0 0 0 0 0 0 0 0 0 0
0 0 0 0 0 0 0 0 0 0 0 0 0 0 0 0 0 0 0
0 16.6263021655407 156.08089058293 3.57364253779319 127.327023104496 0.640791075742226 328.258503013228 1110.66512540758 2.86471304449466 855.682247672015 45.0666932907348 0.692858905426116 23.7222638899712 1.08821008337879 536.958882060461 0 96.6115775734435 3981.98979194265 21.4262236494571
0 0 0 0 0 0 0 0 0 0 0 0 0 0 0 0 0 0 0
0 0 0 0 0 0 0 0 0 0 0 0 0 0 0 0 0 0 0
0 0 0 0 0 0 0 0 0 0 0 0 0 0 0 0 0 0 0
0 0 0 0 0 0 0 0 0 0 0 0 0 0 0 0 0 0 0
0 0 0 0 0 0 0 0 0 0 0 0 0 0 0 0 0 0 0
0 0 0 0 0 0 0 0 0 0 0 0 0 0 0 0 0 0 0
0 0 0 0 0 0 0 0 0 0 0 0 0 0 0 0 0 0 0
0 0 0 0 0 0 0 0 0 0 0 0 0 0 0 0 0 0 0
0 0 0 0 0 0 0 0 0 0 0 0 0 0 0 0 0 0 0
0 0 0 0 0 0 0 0 0 0 0 0 0 0 0 0 0 0 0
0 0 0 0 0 0 0 0 0 0 0 0 0 0 0 0 0 0 0
0 0 0 0 0 0 0 0 0 0 0 0 0 0 0 0 0 0 0
0 0 0 0 0 0 0 0 0 0 0 0 0 0 0 0 0 0 0
0 0 0 0 0 0 0 0 0 0 0 0 0 0 0 0 0 0 0
0 0 0 0 0 0 0 0 0 0 0 0 0 0 0 0 0 0 0
0 0 0 0 0 0 0 0 0 0 0 0 0 0 0 0 0 0 0
0 0 0 0 0 0 0 0 0 0 0 0 0 0 0 0 0 0 0
0 0 0 0 0 0 0 0 0 0 0 0 0 0 0 0 0 0 0
0 0 0 0 0 0 0 0 0 0 0 0 0 0 0 0 0 0 0
2014.11257210782 14966.6660422409 593.538647271653 1579.84227337616 419.989335203918 1.49137980260405 1771.24518474474 46218.2139622492 32.2778834822418 167222.173658273 9007.47707018086 230.212134080654 479.497286007503 361.573133665137 0 0 650.409421841542 15135.0257205444 11.3904987535036
60.8448944580566 200.70223058257 0 0 26.6100558659218 2.87376429901569 21.8027088007395 182.321762179953 35.6781697259909 0 0 6.95454325397634 0 10.9228647203669 0 0 23.472625698324 1091.1838254855 3.92390606823488
0 0 0 0 0 0 0 0 0 0 0 0 0 0 0 0 0 0 0
0 0 0 0 0 0 0 0 0 0 0 0 0 0 0 0 0 0 0
0 0 0 0 0 0 0 0 0 0 0 0 0 0 0 0 0 0 0
0 134994 1292.2 3089.5875 1646.4 2.38 5945.49568317584 202.980555555555 56.588 276778.32 14577.2378600823 1602.20987654321 7673.18518518519 2516.44444444444 57091.6563708011 0 6098.4 31640 0
1132.8 16610 172.9 176.175 161763 0 19415.0949731677 1915957.08888889 0 392751.45 20685.2592592593 197.139917695473 10888.3333333333 309.62962962963 84850.2064177144 0 7854 16400 357.94879847365
0 4832 427.7 1053.425 64493.8 2.295 21631.0831138 1024810.61666667 10.26 536038.23 28231.8238683127 57.3497942386831 14860.7037037037 90.0740740740741 131714.544642522 0 14313.6 28280 0
7680 10268 482.3 665.55 331751.7 45732.635 181868.128395062 4733084.65 1072017.676 660174.06 34769.7547325103 121.868312757201 18302.1481481481 191.407407407407 233483.788628261 0 7450.8 24440 425.455744763935
10963.2 358323 373.1 2074.95 1792 3.4 860.893733525568 169.302777777778 15.2 339254.37 17867.6987654321 4252.84567901235 9405.22222222221 6679.55555555557 97297.6287483582 0 6703.2 70760 1304.40394083471
2726.4 17667 336.557050620695 317.538856017674 48939.1 0 12725.2407872481 822867.286111108 0 199358.25 10499.7119341564 209.685185185185 5526.85185185186 329.333333333333 45942.1483205105 0 4208.4 12560 0
109.427057935399 6164.03571428572 33.1045953195522 51.7820139792373 213.779290544339 329.987940030089 37.6181506932637 12.2727506152614 1475.24020248746 45204.6559548017 2380.81878030162 88.6681577165664 1253.21844707265 139.262961832679 15840.856171133 0 1216.72120336016 2238.5012073221 50.29681132386
0 15360.84265111 220.420623800491 360.406064942701 716.1 0 1402.29349641962 0 0 321662.578942905 16941.1821125955 182.313982900238 2838.73632422461 286.343890479363 4109.3492256287 0 462 15520 131.739797458972
19852.8 0 0 136.3 128850.4 70715.75 4352.16717367192 2338351.71111111 1665185.336 0 0 0 0 0 431326.652054795 0 33709.2 11880 0
23.2867840960534 205.235535701419 2.1224933420882 3.88751412129838 6.43794336798574 0.0477898587666244 2.33016956955016 0.468514387297651 0.213648780368438 1475.46576907548 77.7091770418381 4.61131199938318 40.9046564070403 7.24256580385327 436.771255380667 0 50.2386440290868 95.3587523501512 1.68179056024339
0 5.61647195392529 0 0.72712997669942 0.884591226826055 0 0.31309451308303 0 0 560.469329617993 29.5185501925236 0.309240946021547 9.58453354015919 0.485696457126838 31.1385885761558 0 3.41582413129369 16.1199473204336 0.204564921373513
