8340.89372577081 49383.2792549303 0 187.966773678292 344.219465892015 6.46450612709965 0 823125.143395321 28.9001450387984 10300.6634781199 542.510777712704 543.597166075922 285.56751987615 853.778327430379 4027.76413685587 0 253.875573224745 6972.05585959673 0
48.9479764073176 3740.72047651493 0 19.9196605012382 0 0.319006285206516 0.94364575365081 0 3.24878552494001 1479.87869652722 77.9415951485863 46.0445427820539 41.0269969485465 72.3179500870835 474.615226248131 0 122.704144638722 1158.41952718174 0
0 52580.8046880295 2209.33345559079 820.39533498165 10841.637957221 3.96052232017694 1.2626772364644 7046904.28477401 17.7058644902028 14358.7710727045 756.241389518091 657.227476674724 398.07131379561 1032.24705865789 6019.03069182997 0 190.333441270171 5498.83309707882 207.315818761998
0 0 0 0 0 0 0 0 0 0 0 0 0 0 0 0 0 0 0
840.8064 951.3 36.4455 49.48125 558.1548 108.836811569259 624.335622773409 2.2939 2325.90136352584 45532.29408 2398.07467983539 11.2907407407407 1262.30162962963 17.7333333333333 5823.4439890411 0 412.1208 3338.88 11.9688808174794
668.4672 0 0 70.035 362.9745 142.34969917507 367.304192872409 15.225 3053.76675574795 13382.2045526649 704.808016959107 0 370.997749096194 0 2578.14233863985 0 689.976 12547.44 58.6084957845162
966.144 48744.612 325.98475 722.274 3863.1789 527.372916896036 1166.64773617585 996.273250000001 10602.8772328746 26421.02736 1391.5309563786 578.537555555555 732.475851851852 908.655999999999 8014.17131139049 0 3537.5256 26107.2 236.43
349.9008 0 18.22275 26.567625 496.4274 124.709934212375 333.311872109958 18.5136 2687.29049710551 2428.85476837774 127.921846213379 0 67.3356656897205 0 1454.48272037628 0 305.8272 4502.16 78.17600782744
0 51902.928 0 1002.414 1715.3262 930.244974799725 1368.14587950283 3193735.73505 19931.5527430201 5704.34592 300.433962139917 616.022814814814 158.142814814815 967.530666666669 12463.5898595609 0 296.5032 6411.36 13.1036011545723
5796.864 243266.436 281.44025 4340.875875 0 895.332132827644 4704.78368120524 35.65695 19193.8913952916 84096.40512 4429.15218436214 2887.26822222222 2331.42281481482 4534.768 28044.8462711954 0 6306.7536 25716.48 395.16
869.640993400747 123137.936185709 0 8370.02714781707 0 28.1714125114056 2674.06736083756 0 6638.63404490699 24508.5693732544 1290.80646693808 1448.8208263668 679.456365747645 2275.53029904682 9257.37901573412 0 1243.94254521273 23911.6009844751 0
287.232 11035.08 192.35125 384.202875 752.031 19.904892 667.45754970813 255.3131 3480.8608472731 23483.46 1236.81646090535 130.972592592593 651.037037037037 205.706666666666 3134.92295890411 0 770.1624 8737.92 0
0 0 1687.21942650328 1879.34497824274 172.1412 822.909512282576 1211.89142976467 2705223.86785 17648.0084171698 18644.3099960789 985.209099614313 0 148.483792592592 0 71.2022969863014 0 229.3704 1820.4 91.0216169933176
5979.648 591670.548 123.50975 5888.344875 321872.581873484 0 3333.49964198415 226.2841 0 115880.2008 6103.1270452675 7022.38911111112 3212.57185185185 11029.424 49584.8635124038 0 4837.2912 32438.64 493.95
0 20345.6363550296 47.0440513719522 111.935102106829 307.8846325647 0.879239902218751 280.467562753748 0 1287.05039694724 21646.2702137184 1140.05616367997 483.387723021387 600.104227521938 759.212864630607 7163.80207023719 0 643.249600451884 2405.58255288657 20.6219774210636
0 96157.404 133.6335 0 735.0777 3.065202 1096.05603194009 1.67475 13.703256 55882.09536 2943.17342551441 1141.26807407407 1549.23140740741 1792.48533333333 17378.9585462188 0 7170.156 25228.08 223.11
1018.368 21727.692 427.358853673446 138.39525 349.9335 161.999799830244 423.054127528823 1.87775 3473.99560513185 20135.99952 1060.5138962963 257.880518518518 558.234666666667 405.029333333334 4365.37129337587 0 2480.184 12716.16 151.121190646254
109.6704 146728.512 0 6605.70996083045 227173.335605906 883.55594759688 4606.87296542087 325597.79 18891.5343337918 11186.6664 589.174386831275 1741.48385185186 310.13037037037 2735.18933333333 8043.93216408331 0 1186.0128 3676.32 139.429194775824
1410.048 26750.556 166.0295 147.987 509.4684 421.043418739958 1088.24504764154 19.894 9029.04193588535 29375.6736 1547.14495473251 317.49562962963 814.388148148149 498.661333333333 7208.77366620379 0 1381.8168 26897.52 580.53
287.232 0 0 0 641.1825 150.65071029437 407.454890372357 59.7834999999999 3230.62069225427 2934.07817403585 154.53072857367 0 81.3420833582162 0 2248.50077648072 0 667.5984 8160.72 16.6657002231366
1530.1632 74962.44 2232.55996982327 167.1705 270291.46799073 1043.31859311598 5438.0765367466 1542790.662 22373.3869488438 18838.00464 992.151677366254 889.71037037037 522.250074074074 1397.38666666666 7188.86159204354 0 965.9664 6287.04 146.807930766557
3645.2352 19140.156 368.5045 1209.702375 2706.4422 9.384816 934.9812469773 523.882099999999 133.3142496 29939.27664 1576.82854979424 227.169703703704 830.013037037038 356.794666666667 7954.76365306815 0 762.7032 12245.52 244.2
0 0 182.2275 0 0 306.850249697189 1599.391743024 3686328.28794998 6580.23293855106 12091.84704 636.848039506174 0 335.224888888889 0 2924.65547457309 0 415.8504 941.28 98.3252383918767
120.1152 22260.42 0 5700.04853916955 195319.79302988 755.221651796254 3936.43242991613 560587.5856 16195.3082780958 5328.61056 280.644898765432 264.203333333333 147.726222222223 414.96 1576.94503584162 0 622.8432 3250.08 83.5462217620143
6982.3488 520056.684 2184.70525 9933.85575 116599.1463 5.449248 1834.57120531363 180.7715 8928.41217760979 99108.74064 5219.81521646091 6172.42214814816 2747.61303703704 9694.45866666667 38243.0405668606 0 3136.5936 10336.32 553.366397865624
214.1184 0 210.574 101.094 12161.1672 449.41435359997 660.825046179306 3332217.95025 9627.9778815501 8738.06844785951 460.212715367767 0 242.24736013012 0 2644.27016328414 0 259.2072 5683.2 46.2891407501312
0 0 0 78.1216925846067 0 389.386222578788 2029.59296873442 2175272.07232152 8350.17097153882 7583.69884022629 399.414888612696 0 189.509651042586 0 184.471642542421 0 636.423112977284 1285.22244206332 5.49301000018565
0 0 0 0 0 0 0 0 0 0 0 0 0 0 0 0 0 0 0
553.624326582844 23612.6081389578 0 0 24.3505067385626 0.128392602783994 878.583026840657 18.1800078846755 0.573990459504915 5992.11490715882 315.590051585685 276.755040148834 166.120696641046 434.673817363497 2020.84085521472 0 193.683828521915 1046.50754331523 0.489567038375067
443.505149750289 210559.551430993 71.0224600516049 112.782845941248 1121.53326478888 127.662661134373 273.200120001896 118.827931952713 1156.9211410479 32902.0185645022 1732.86892807064 2399.62798815704 912.149771744497 3768.87610539475 14507.5596867648 0 1296.18784227666 11344.6150237835 401.651832489446
493.255257757063 94769.4258700686 72.599411347855 69.7696305526491 342.144832112622 0 187.170513834049 66.5705295769035 0 21448.2400671474 1129.62639970845 1231.50554709337 594.614194968487 1934.21307511335 7373.43370370327 0 774.646753543232 7307.69518881385 2.72757705339635
1727.00603069053 534833.489136583 487.510728832525 724.111756118555 1378.88833443319 6.12470003638137 550.312414394749 302.944941651877 89.2773995136144 51734.9831128087 2724.75515612187 6342.19955207426 1434.26011826725 9961.11249969874 43378.5022771653 0 2235.67790204574 11817.1546250988 334.908098421533
1415.12966975793 414284.264861637 112.265566561854 964.810285292679 297.784360529413 0.270736957240197 340.210494514678 127.076917968427 48.7645037099696 23353.4123544261 1229.96716915925 4842.67233625357 647.431698051722 7605.94231457508 19136.010384983 0 2152.98982849486 9037.30008051031 0
10254.6147767445 147841.266509153 141.532061020531 167.497305852409 521.257454135318 1.10617197474162 141.635981181264 36.7099269798887 10.7686266103747 21630.045051759 1139.20162404261 1511.02461878099 599.654413850207 2373.22810389483 10446.5956692392 0 711.600116415481 3803.32642214055 0
148.733794231171 143656.49646772 38.1834611186547 43.3168072950981 417.833196784962 0.567997589931063 103.566594751767 454.225886889427 7.47186693867688 5567.37662865259 293.220124222635 1213.41083636237 154.345585547753 1905.79336870692 4464.71027112319 0 657.408838655975 2195.80567080715 75.8113247179412
79.1713010687336 6116.62605294581 2.23818439732456 9.3023494838438 1823.18012151593 0.122776783510318 14.8849164038005 6.94237372819946 1.73756311672301 502.62834832292 26.4722070309679 157.959926439363 13.9344743331252 248.093202490297 673.745954424858 0 32.6874961860211 234.183263108774 2.93452263817492
733.558111036362 227103.625790173 89.7227107565103 86.0198071794806 445.408052979804 1.3288577109106 302.347717470959 110.274095953708 17.5141212923713 16635.674779157 876.160344562911 3611.41255067911 461.194407354543 5672.11523459132 16245.2655851049 0 1312.80269940411 6689.48779642069 74.7091797463742
62.2440849633717 47614.4121035507 17.3797098030477 29.3710101651244 58.8928270982002 0.167583231546937 37.866872774268 17.9879540190747 2.92444300710258 1822.68097695609 95.9961536876739 422.008658101801 50.5305786583947 662.810383792495 1383.47614042953 0 132.743940420802 1010.79980965588 0.564264257288748
56.7502922495428 78135.8584941417 7.84699753006595 14.6124347213242 6134.99755478566 24.1541553730742 544.737151465423 21.8272291562345 107.983282844332 1967.5261833948 103.62479680954 753.936690027189 54.5461536217466 1184.13937078897 2334.6824356002 0 109.256823732057 1352.97345181134 18.8155736628517
2.40494089242896 715.939109668449 0 0 113.048556745143 0.00569851521373646 10.0377788627787 0.34271473289284 0.0522939873549596 55.8342116087424 2.94065150533036 9.53976882041482 1.54790391582222 14.9832419590441 50.8780656793939 0 2.18673151062481 14.7093432185872 0.112153350053744
1607.10653707901 414675.747738249 277.359856441293 953.424295492914 1682.41997650644 2.55538283502779 569.071318520115 84.050364861857 25.8475900072794 38635.4598748014 2034.83527332865 4960.63710982205 1071.09920435293 7791.21879016828 20256.5560965144 0 3838.93295490326 17869.4473689656 8.057942906603
120.090225241493 2317.09930664123 9.88203058176483 12.8680417339687 42.2484894386427 0.424437188374441 16.1225504793414 16.4629219486248 6.56735850577743 1414.63872807633 74.5055654115285 128.608432574666 39.2183352029325 201.993496856651 646.626524184881 0 114.204763506805 429.648280151491 10.4884556736751
266.291841328123 39483.564793021 450.821469867217 1663.30766890938 6811.60045184399 27.074072302088 60.1510340764449 278.371122541527 121.037029115217 5187.99964189871 273.239265264632 599.183773382274 143.828035349601 941.083125128534 1729.10565991418 0 1219.45372718877 1570.83047953785 66.4727362958809
8847.17134668962 695045.106085316 269.268347513094 9711.25214332281 139500.65466505 4.57205396975849 12391.1426147493 110.845083946516 50.1884986594836 96997.5989236563 5108.62654042775 8472.60000975105 2689.08539895587 13307.137558369 60415.1666685323 0 2599.91464956342 20284.3358836619 1170.32436391181
2254.50398925421 298813.081240336 214.473876482263 6305.7458689046 1195.89480730736 1.02102170411781 346.683112217849 174.272860897884 4.56456761840905 26607.4117780116 1401.34736828098 3545.98021604808 737.643027355466 5569.34665390789 14343.6499706333 0 1205.68447773468 11518.2045491987 424.088659240536
439.943102635426 18292.7897467456 11.2909150972815 43.5883971955193 3916.64711796833 15.0673694225579 338.500324866821 11.3457176141971 134.822756945619 1683.83441598625 88.6834445661215 345.335293001513 46.6813054398574 542.386545150482 1661.95976134922 0 465.180237087988 1794.56374197027 0.473979652352151
279.878008163266 3463.32187555927 4.3729858892589 85.3686039114974 50.0720112885929 5.60855004236495 13.500458420146 11.0513436670654 51.1601842688124 598.137992626292 31.5024666370749 116.189050064909 16.5823088445528 182.487509171982 751.063389432993 0 66.1778679460405 203.068807198897 8.62572363911982
17019.8016 310732.632 1044.771 27729.74925 188662.277955733 27478.173618 7091.33151619224 92746.8430000001 548543.8877856 60049.34208 3162.65212839506 3688.00755555555 1664.76088888889 5792.416 34672.5229961344 0 4070.8584 31426.32 11.3234908838755
9435.9537734009 686356.494989642 3951.92542198471 19435.0951056993 16943.3832953713 2.61084260693322 14.6652321111733 170.604811408402 12815.0832267042 95342.0606634494 5021.43338525034 8145.69844565524 2643.1885539583 12793.7031844504 44170.6768380645 0 6889.76204230805 13318.6971627838 185.904424267252
5007.18492068819 118180.512889381 1805.06978309991 8975.32612019922 91000.9049408964 78.1328837601888 13401.2900358081 64621.5086319015 830.010608239038 5182.90521050641 272.970954010457 1200.5691412909 143.686801327058 1885.62409332486 9377.35930225374 0 521.005025798041 2580.89481164555 96.9077165815316
4694.9376 691518.996 28.3465 583.26975 93078.0262804258 248.380983360592 1304.34069623964 74.1457500000001 8887.51006561679 14773.2312 778.069991769547 8207.46525925925 409.561481481482 12890.7146666666 35328.6656204166 0 1365.0336 8595.84 572.709912785858
46542.0288 753886.224 0 54184.633125 218125.694841659 9.498342 8196.11074548968 252.52185 15862.9144463275 75898.54272 3997.39080164608 8947.68622222223 2104.1517037037 14053.312 80281.7248918747 0 3440.556 11845.92 270.84
4208.52219680268 39842.5187474813 216.752495810797 364.07727091527 530.631466516239 1.95050185993036 566.463353318093 70.551761306897 2928.9993769483 21381.1805770253 1126.09454021063 465.79353329036 592.755090230332 731.579280759143 6862.51228321197 0 2423.28166275869 3318.35816664861 100.559921982057
0 0 278.665346719784 54.7786084037575 3050.88402927967 8.14602306431504 112.961525865328 0 291.479085875676 0 0 0 0 0 1237.98206438506 0 0 186.236920965971 7.55156420593904
0.564695262989638 5.49579340028696 0.84121652841485 0.0281297600466367 0.252594730804671 0.0257653185255341 0.332125896815563 0.00186100193692762 0.873222581292857 1.10803798634748 0.0583576534643099 0.0320608882007606 0.0307183765746678 0.0503551033968319 0.805867035051806 0 0.521633412941685 0.63038531696034 0.0125327105465831
4021.248 417354.336 1698.76525 5890.70475 2482.5717 358.175479366194 4833.2033940312 226.15215 12473.8595318439 58563.47952 3084.39537777778 4953.47377777778 1623.568 7779.968 30443.3238962657 0 2981.8152 24100.32 0
3202.69056423691 288499.324834757 1181.51291177516 7391.27825544996 4250.54473669012 430.328693441855 19662.2569816133 28416.4019169461 12934.2132131498 9552.10467510067 503.086014516407 2520.85151092474 264.815062394773 3959.27080016652 9740.33510970025 0 1631.72651458162 20042.927928356 139.026830343091
2215.09545296174 45563.3925166894 116.868082223666 193.864929041096 383.964955614076 200.806316405675 591.489349661662 0.843276934931505 6110.81182473741 17998.1144122872 947.916711182024 545.057207904267 498.965615766546 856.071481530468 5955.75551722756 0 283.76712690411 4317.85776022674 69.5018171824677
3869.7984 214651.332 297.63825 1232.692125 49487.9868 144.505529149704 1982.35416824854 99.3684999999998 5129.01917259718 10554.74784 555.892780246913 2547.64274074075 292.611555555555 4001.34933333334 18195.0847615688 0 477.3888 10780.32 40.9054378732004
3337.1136 115145.352 2437.799 10341.961875 130344.905346837 353.306690190484 1875.88319568172 68719.7833000001 12641.9370872653 22646.59488 1192.74081975309 1366.63125925926 627.836444444444 2146.44266666667 10364.9392483393 0 745.92 8151.84 327.52401193767
37972.0704 638170.092 741.0585 18715.94025 319315.785584206 1495.175262 8292.70350092079 183335.60315 43636.571832 55694.22768 2933.27889382716 7574.28051851852 1544.02311111111 11896.2293333334 83664.6567668231 0 1633.5648 20166.48 340.77
9186.2016 226485.504 2123.96275 25722.409125 342684.4428 4814.675502 10056.5777777778 246236.45235 103598.7469776 20289.70944 1068.60942222222 2688.09955555556 562.496 4221.952 17009.8262182023 0 5555.2392 17076.24 520.399446564721
51.2569253050611 7644.82588132127 29.554064206959 36.6105121215419 126.025935690667 17.1584593693865 78.8624614630838 170.264105771743 538.866886473476 4005.83549785157 210.977568187218 58.0792685151409 111.054643284213 91.2197925702788 876.672347155281 0 53.9694400527165 1081.6235604768 12.7722243704199
13008.9984 1695673.224 31946.5055 134922.199125 510288.2442 14387.831136 66512.7377777777 227099.1044 372258.3928224 76650.01344 4036.96892839506 20125.5195555556 2124.98488888889 31609.312 128045.395290073 0 4223.772 16117.2 16.4266583707704
3640.0128 202741.056 12512.955 47119.70025 687.2607 2352.107352 1096.28591084047 51.3590000000002 48274.0902336 60749.57616 3199.53174650205 2406.28266666668 1684.17362962963 3779.328 23214.4779469319 0 1777.1544 6775.44 106.775008685671
4000.3584 450459.576 0 23444.3685 9050.454 2755.616598 1537.83329537223 116342.9337 61645.9304496 53644.76208 2825.33854814816 5346.39155555555 1487.20533333333 8397.088 25870.6883578908 0 2381.3496 8338.32 271.53827229451
524.591634579176 12260.1759858769 58.9213413521749 178.63993336561 129.923723203079 30.7044692396252 159.902926265726 5.61339623943587 1086.32190146012 3000.26765611558 158.016766873607 237.26138818418 83.17706867538 372.644752050469 2279.47820954187 0 242.084282975956 1773.92155452818 35.5203736245053
5.39099911116607 115.945259804513 1.36100622278867 1.36240310687646 234.404516621037 1.10830338138581 8.69509836119579 0.196304225884613 33.7271930962897 114.801639502462 6.04632185698219 3.01952269355273 3.18267066389182 4.74248799630326 31.231154078287 0 3.65414794590906 23.7161209936488 0.463558040140557
4287.5904 312026.4 8811.712 50420.17575 104912.6715 3649.747374 36457.1777970927 728460.445300001 81185.9472144 23790.87984 1253.0075127572 3703.36296296296 659.559703703703 5816.53333333334 18572.2519767311 0 3248.4816 7468.08 239.455597983657
1267.1389206554 44202.2804435594 2757.64914382513 13.3160262250524 533.091335094686 142.200844208469 1122.07108813642 612.670843891585 4327.36686689302 11982.0908045972 631.067446755651 508.831086858857 332.18209305331 799.174428040087 3846.47406021072 0 620.826025346333 3783.08029972947 94.5636829229019
295489.925272201 4165272.12332993 44179.547278376 458373.834648925 3070373.14967884 4701.01224996829 392794.922341069 3471026.61192518 137184.805683191 107059.505830327 5638.56259287772 49361.3691315432 2968.0338187995 77527.3857312871 298760.191686872 0 11066.8836331413 133155.939486042 1004.59978274832
34199.2905526789 645746.272879961 14155.7468620832 112620.187275422 511734.823280035 8593.25750029808 110905.543291227 738073.317633265 38416.9158836854 22726.5400696254 1196.95133756004 8158.91491913046 630.052782214903 12814.4610899776 44593.6485461619 0 2574.81833182379 14615.9929047815 150.223786390637
644.6316044141 39938.2921076073 156.700151000875 351.17768542877 59248.9853045521 159.282701238897 913.613553480092 98.3009159240835 5517.7923422879 11678.4639847597 615.076164008246 468.985275750551 323.76458110439 736.592258584104 7222.0080798392 0 1165.53107029712 6724.55230138586 104.487165880341
4057.8048 195967.8 176.15325 24951.871875 130208.794984057 2.951676 5929.87636760546 0 9547.46971791571 48760.2024 2568.08072427984 2325.8925925926 1351.78962962963 3653.06666666667 25834.9047340964 0 2222.8416 11064.48 150.96
1.88612560534554 52.4178264762313 1.51383672725574 1.20777838418765 1.40470600439232 0.393419344663779 3.64648088342003 0 14.0257535572585 106.158315105275 5.5910990792746 2.05462464578498 2.94304991355544 3.22701092472314 45.7000627498025 0 3.14296481846643 42.1425107237979 0.0086690302293077
2209.0752 467887.392 11674.7440299425 24080.0015633794 10207.6254 6313.218702 10235.0666666667 87862.4803 124150.0319808 30417.48528 1602.01463045267 5553.23792592593 843.270518518516 8721.96266666667 37168.592322462 0 2286.2448 20237.52 370.407538110231
5196.288 77702.184 0 181.482 50776.5626188528 137.63253140106 718.339514067409 0 4924.73494400908 11101.272 584.676872427983 922.227703703703 307.762962962963 1448.45866666667 11573.3927920435 0 225.6408 6953.04 3.04760416421994
17307.0336 206584.308 0 60491.893875 57070.0242 3841.795524 8878.08888888889 273311.29315 72075.8908464 31032.32496 1634.39673415638 2451.89725925925 860.315851851848 3850.97066666667 33725.8047471571 0 1915.1496 8222.88 128.563872593824
18946.8672 341783.064 22245.92825 101279.28825 306303.004837001 15236.816406 21574.8044254264 237213.7824 401193.1232736 36685.43424 1932.13218765432 4056.53733333333 1017.03822222223 6371.232 32716.7136162132 0 2840.0904 9146.4 8.1918846935097
275.218487960105 77564.0878605135 43.170139632436 0 134.128534746052 65.2440187683958 344.170492319608 5.85941312373843 2334.54617048356 9728.78972024697 512.391584148513 955.298694905099 269.713340088129 1500.40024641811 5306.03623445758 0 498.873094484684 2218.40452327238 203.280217843603
6801.48443174422 93899.8016991633 853.311236151735 16258.5613972741 420247.789082344 190.777452985724 20643.419492102 205763.365340161 25472.902733525 8857.2044432989 466.487317161785 934.755960508529 245.550193080431 1468.13565324417 9661.57849085143 0 470.449586271797 4631.20739551619 219.736952145875
7974.6048 239423.184 8761.09325 51415.434 130826.0079 4999.609356 32457.4738706441 843441.320050001 105233.4448032 19060.03008 1003.84521481481 2841.65362962963 528.405333333333 4463.12533333334 43400.6425004316 0 1861.0704 16099.44 414.161978877382
564.047480953976 13551.8577560084 25.1343579483119 282.340353185869 13556.1758236919 0.770734076975648 193.046510760808 8.21625366413903 8.74023694882749 5086.96379278879 267.917953953576 580.909996353232 141.026996667949 912.382175673047 3619.45310940187 0 387.707894191203 1200.01524020568 44.9379701873102
94.0032 70890.876 2093.67512765725 58.92075 390.7953 102.741972567467 813.346964195513 2.639 3126.57924362175 8949.33312 471.339509465021 841.386 248.104296296296 1321.488 2737.04262473259 0 0 994.56 1.28968861283559
8068.608 316364.328 10525.9058361805 258.5205 1505.3661 1.475838 1596.14621638808 113.62925 8224.02012191177 50228.98608 2645.43797201646 3754.84874074075 1392.50903703704 5897.39733333334 46553.7641121411 0 3274.5888 11259.84 446.613928863151
2914.0992 410200.56 0 31455.459 1003.7223 2.421888 2022.22987604773 157.122 10455.0088569006 70074.64464 3690.66031934157 4868.56740740741 1942.69451851852 7646.61333333333 27970.5174554326 0 4274.1216 10744.8 246.42
14345.9328 319789.008 99.21275 37766.526 141792.6195 3020.73765 1875.05675284102 478229.633 72416.9995248 12330.95136 649.44107983539 3795.49540740741 341.85362962963 5961.23733333333 24114.2033750422 0 1083.4488 8134.08 963.497701601002
34.3586331033005 13740.5913457249 14.6904595737791 19.6120637403486 70.8567674230103 10.948655631896 55.0507054612624 57.7789808478987 380.083649175187 1965.83561517975 103.53575871223 142.650717271312 54.4992856337398 224.048428504196 765.26414571888 0 95.8562655570415 427.520254791316 16.543349986697
590.1312 72412.956 5893.35620364237 255.78 656.8317 166.347724861773 2308.40809637836 5.075 5946.12104919811 16173.69936 851.829227983538 859.451185185186 448.386962962963 1349.86133333333 6757.5681837493 0 727.272 7885.44 281.178418533924
64956.2112 396273.528 11279.88225 62736.4395 354293.9757 21669.615828 4364.85589263306 162530.0012 412831.6752336 88366.12512 4654.02790452676 4703.27096296296 2449.79318518519 7386.99733333333 64466.3352902233 0 8973.4176 44355.6 705.96
0 55.9646056902425 0 10853.7014888536 35733.4283980161 116.244529203696 267.078070674853 1233444.35679431 519.681424675345 2212.40327888567 116.521875119202 0.702050865233209 61.3349342650849 1.10264705354654 531.906344611493 0 190.354603578174 1058.29245402417 75.9125544612429
715.4688 13089.888 2396.41342268473 0 1209.7701 136.001929867924 198.102588303433 121.8 1219.81748248967 220659.1296 11621.577218107 155.360592592593 6117.38074074074 244.010666666667 47911.9967501595 0 3679.2504 26213.76 492.84
934.653534218023 1396.87423565825 421.363128847097 2200.20806786208 176.0535 24.8629479852724 53.6462015709073 0 111.152002757689 15864.9515348009 835.568234395928 16.5791494189401 439.827480275606 26.0393529335362 4764.50706568406 0 0 3729.6 15.3682184762161
3373.6704 71804.124 1856.67331258021 37.91025 30171.7714127764 0 787.008839081366 812610.898049999 0 109834.27728 5784.70302551441 852.225111111111 3044.95940740741 1338.512 27763.1473095891 0 0 3978.24 152.272242610874
1467.4944 2930.004 1089.42024430082 5755.28969771422 380.3625 0 86.2459204659667 0 0 135964.96368 7160.9424329218 34.7754814814814 3769.38607407408 54.6186666666667 35989.6063675737 0 193.9392 5034.96 16.65
875.515907435555 6307.37785714284 0 10.9239140782083 0 54.4320966604259 125.06067561579 8.26296064890117 243.343490952492 111606.300226694 5878.03114452129 94.4088461905951 3094.08558254418 148.279335922771 23544.1692232204 0 30.8767184131002 2027.81622911432 9.40893097488224
1.2994037007499 5.60852892610593 1.65927881092937 12.474729348951 28.8182158376517 0.0937486293009683 0.751702320705719 0 0.419111519227858 60.6654058808186 3.35485363872894 0.0665662210045275 0 0 0 0 0 0 0.0394207015356231
11692.9536 301752.36 208.54925 422.874375 46750.2462 57125.564202 21991.6622222222 1011891.0956 1315869.8205072 620936.84016 32703.2262320987 3581.42296296296 17214.3662222222 5625.01333333333 212278.201941077 0 13413.5064 24428.88 419.192039164283
479.886029233198 2071.29983902249 628.990405861353 3259.1831687571 173.0106 34.6225406587139 277.613063315631 0 154.783122944838 23524.7173448279 1238.98938445308 24.5837374947345 652.180823324607 38.6114269722123 6556.30468880861 0 0 2095.68 14.5585578358748
227.117718932655 6119.52889380529 8.78976893137217 27.0868195715894 66.958471466732 0.0909397589907975 21.305469662784 0.83404586044691 0.406554216664742 35474.3922491748 1868.34956494454 71.7368674992905 983.464243369267 112.670533569495 7307.88495235395 0 54.6439498440569 1719.5841107389 6.58150264054184
939.356382429143 43691.8491199613 136.146938230384 253.889916962728 380.718379792538 1.84479689664047 93.9816475120879 2.51671792688188 20.4147544610786 156384.333121884 8236.3807306441 483.233812259995 4335.47666632958 758.971131081141 33275.0341063406 0 730.406554216577 10434.3793459511 0
579.6864 0 1665.15107690692 33900.5797745128 25825.6242367606 84.0134200769959 673.642732839934 447623.0388 375.589407403041 0 0 0 0 0 60461.8903671233 0 2347.7832 5336.88 69.7371080605333
50.380142130269 5468.39825137992 0 1.12980425141012 57.5111548950314 15.5910453064654 27.8769942051919 23.2416874575795 69.701143723022 25012.5597830973 1317.35041042137 49.4094463089954 693.428600806672 77.6028961546563 8945.25646438902 0 379.165423474619 750.272710932197 22.1657437692437
1133.2608 6317.48203567148 60.7425 46.893 428.6142 106.204513973544 866.482192182425 0 950.284251810507 96087.9909600878 5060.7197114378 74.980607378381 2166.38463313072 117.765178982348 9097.1381788197 0 482.9832 5141.52 91.0237245891105
745.248628745716 3216.66660565068 951.648250530835 7154.64711691553 16649.8633521382 53.919136548771 123.534345976268 0 241.050257512153 2595.98976 136.724437860082 38.177807940503 71.9691851851852 59.9623895093088 290.535090261494 0 82.0512 1829.28 22.6090042276029
266.215333191136 1149.04736373595 339.944746389155 114.860641967653 700.7364 0 44.1285442282143 0 0 16139.5416 850.030222222223 13.6377545283026 447.44 21.4195731282639 2625.27001759533 0 372.96 6171.6 105.756316227111
3394.56 70776.72 137.683 78.789375 343.8477 96.3609169737659 131.644426118891 2.639 865.725665930138 97657.03584 5143.35747160494 840.031111111111 2707.36711111111 1319.36 29479.4551413023 0 2858.7384 25672.08 186.593606904807
252.494715214246 9551.88360000001 369.007901498682 1732.42434668455 96.5970898778782 18.2168431900055 146.067664177762 0 81.4400048494364 31799.1115023438 1674.78150784695 79.3242511407894 881.573640890071 124.587342779105 9070.42215544145 0 57.5538216663686 807.248407788028 22.6091111269098
8282.7264 85578.948 212.59875 329.088375 292.9878 0.605472 221.344481830837 0 2.706816 200967.18096 10584.4503967078 1015.71503703704 5571.45659259259 1595.29066666666 38930.6140186902 0 2176.2216 18390.48 69.1229682457921
2806.208164505 21080.808 18.22275 3.9585 61460.9289 50.6567383713221 188.174489861095 875970.91295 226.465418601205 86470.36944 4554.18308477367 250.202814814815 2397.23674074074 392.970666666666 17078.1516135788 0 190.2096 3676.32 21.1258003323251
75.2062813186813 1575.96258421559 10.2446474609375 309.588124286358 57.411437560096 13.6639101046664 107.671447975316 0 61.0857157620379 7083.746755625 373.083633853012 23.7300390625001 196.384242309388 37.2706009615385 1579.12533809983 0 38.4671834134616 1057.58833104396 6.79855282921159
1555.14259160374 6712.35752537514 2170.09787190541 15046.1548939414 46.5129 114.318683405265 899.646733699612 0 511.071761105892 0 0 79.667285375981 0 125.126115263309 0 1162.92771669662 0 1136.64 47.179188356603
0 503.365471118006 113.386 462.457322735251 121.2813 0 19.3314794117497 0 0 6258.00017780347 346.073258108846 5.97431833515633 0 0 126.863780821918 0 89.5104 5647.68 3.53800796282218
7452.3648 155480.472 119.46025 228.52725 1552.3137 2.232678 374.294016356123 64.7569999999999 9.981384 325523.4528 17144.5249053498 1845.35866666666 9024.55703703701 2898.336 73109.85902766 0 1575.756 52756.08 540.57
0 0 26.32175 50.8515 276.4692 53.1320356563238 71.25873077443 0 237.531453522389 0 0 0 0 0 26852.2058958904 0 481.1184 6500.16 86.7216825953144
2177.7408 16438.464 78.96525 0 549.8955 111.374110828335 145.565292035228 25.7404 497.907789585495 143616.30192 7563.91972345678 195.104000000001 3981.50577777778 306.432 31821.8922118221 0 1227.0384 9670.32 5.13391758373983
2.78581326674313 0 1.28454372163398 6.77641195837522 0.32867091493779 0.072576237572093 0.585894500237716 0.000941629524238155 0.32445847385171 148.461212384617 7.81908932002604 0.0858915247511336 4.11582227771406 0.134901958506947 34.1059362540075 0 3.74833490613976 6.76897109423772 0.229605230785327
0 2873.1442089267 0 52.602375 291.249 48.3662430040867 110.34155362006 0 216.225556959446 32631.6374542022 1718.62861561511 34.1006269039755 293.239243962558 53.5587343336838 144.576600339126 0 145.4544 3747.36 37.7405886794261
1754.7264 41024.3534569583 1183.32505450685 8917.13720226281 480.7782 69.6577289149187 153.608527735216 21506.835 631.458926768685 129028.226630827 6795.60144111783 486.90774617789 3577.07741362972 764.741442906261 16066.3479410573 0 430.7688 11561.76 38.1031196795142
992.256 0 672.084810381034 61.66125 11588.8311779725 36.8285630919523 295.301558549738 0.406 164.645340881669 0 0 0 0 0 27112.7722082192 0 371.0952 2717.28 15.4861762188849
856.4736 33904.332 91.11375 459.64275 426.006 164.159709195327 227.216543902427 47751.0404000002 733.890464637934 81056.36448 4269.04067160494 402.401999999999 2247.14311111111 632.016 17304.7030464252 0 658.2744 17280.48 69.028112182722
0 152.208 633.429686072287 3099.97370280122 173.4453 36.5453792356446 51.9211653694551 0 163.379342465235 9769.11936 514.515647736625 1.80651851851853 270.831407407407 2.83733333333334 1301.14665205479 0 257.3424 3427.68 7.20477406867984
208.896 2210.46146300149 0 9.135 121.2813 2725.872786 296.264677148141 0 88924.550736 25105.2407474166 1322.23169036404 26.2354118534093 695.998015211537 41.2055607525419 25284.495567931 0 6004.656 2388.72 15.5366839927275
160.569983740142 3840.99476389061 0 28625.3043819044 0 68.0826809972417 545.905680830739 0 304.369632693551 59254.2400220097 3120.77604567887 48.3421125581867 848.135642819064 75.9265326975883 1203.77232586197 0 0 2400.201420962 3.14797578908246
121.413033288819 13081.206921533 193.509113896213 1174.13352354261 3863.34914233058 8.75963755030926 70.2371855909405 0 39.1607325778531 8991.88569508844 473.580649625938 155.257559052888 0 110.656 1248.92202933427 0 9.324 1527.36 32.5433717997347
1437.89776321999 5665.31528148275 1676.07900889003 12601.0359836091 65.6397 94.6978341726404 759.313306702863 0 423.35502336004 64343.62527113 3388.82153182107 67.2402039921983 919.637709725775 105.608035661684 0 0 156.6432 2717.28 39.8198361386713
1064.42569464237 2700.85721097788 799.046452388176 6011.9293521042 110.4138 45.1458242977476 361.991648814847 0 201.828390978165 26472.264 1394.22946502058 32.0557958024927 733.896296296296 50.3471052328474 3922.03151389819 0 290.9088 4919.52 38.7174319252092
1039.72599242816 19026 1497.7613110577 119.21175 23262.080416346 75.0135516641029 601.479310052185 0 335.354701557166 8402.80896 442.555417283951 225.814814814815 232.952888888889 354.666666666667 2302.44946882098 0 126.8064 2255.52 31.5427207131134
423.849244638358 1829.43202908417 541.236007140023 4069.10077951094 9500.12277854404 30.5796310201097 70.258350313316 0 136.708938678137 3313.30272 174.503558847737 21.7130692139143 27.223822607644 34.1027309812109 0 0 100.6992 870.24 12.858540082151
1524.9408 8143.128 89.089 82.900125 1691.8524 4.54104 315.935387718372 42.427 52.693872 198029.6136 10429.7359012346 96.6487407407408 5490.01777777778 151.797333333333 41583.4573258773 0 4494.168 51841.44 307.47
1216.8192 16818.984 301.68775 181.405875 482.0823 88.3199977355092 122.29775259711 0 394.84234281757 116939.09136 6158.8962238683 199.620296296296 3241.9277037037 313.525333333334 22818.3381881779 0 492.3072 8498.16 106.203699561926
1900.9536 55517.868 2532.70506643605 16909.4842087119 523.3788 127.126396048843 195.178185849393 30.23685 1157.56079074259 218421.79632 11503.7423407407 658.927629629629 6055.35466666666 1034.91733333333 58184.0663887409 0 676.9224 9847.92 5.69079186307372
128.762785471185 555.770163271307 0 0 2921.7794756623 0 76.8890018424323 0 0 2254.41216 118.734380246914 6.5962964626674 57.4455863951469 10.360199266279 41.6435742256413 0 0 257.52 3.90634514279565
556.956911233925 2403.95571095215 0 0 12352.2077634135 40.1830062341276 322.198407212488 0 179.641674929041 4611.2976 242.865777777778 28.5319464780656 127.84 44.8125175453429 949.751845766329 0 0 2717.28 16.8966981957065
1.80787452236953 51.0456974749882 4.24155979642142 30.5426396188453 1.22407912444427 0.235555002754342 0.303918948950144 0.205944544799135 1.05306942407823 407.464371514398 21.4601528872433 1.87729197652011 11.2962228363662 2.94849072776064 117.072619377662 0 6.51331834821964 34.801014138663 0.321169543797813
2141.184 0 0 26.4915 512.0766 67.0830035541742 542.849991859985 0 299.900486477484 127903.73232 6736.37707325104 0 3545.90281481482 0 26770.44365547 0 1018.1808 3871.68 3.10175316180672
0 2768.83866343673 729.097480014933 5493.65404298749 299.5083 41.1937336437786 344.702697857597 2.7405 184.160220995716 33130.3393079593 1744.89402377093 32.8626505853077 490.422899682987 51.6143582097599 512.085132146896 0 117.4824 3587.52 28.4217026341374
0 6096.44659444965 0 0 34301.4171948747 111.552759420505 894.460737855872 0 498.706453879907 0 0 79.2080448815004 0 0 0 0 186.570197202797 760.681476301476 46.9072248563051
1498.21246696464 6466.6338518001 1913.14846900156 14383.3629393405 32.6025 108.092169584016 866.712775773694 0 483.23558166972 3467.01264 182.599084773663 76.7508528182201 96.116740740741 120.545541510133 0 0 33.5664 959.04 45.4520688705734
354.618400391735 15583.8408090826 0 0 13114.3950539687 0 342.079511523401 253311.977924193 0 71902.2052269279 3786.91347016407 141.439057289343 1993.36037565878 222.145385042275 14345.4510778849 0 602.565805660562 2411.92662031143 1.97260819593981
0 34360.956 28.3465 88.837875 633.7926 5878.906068 187.670782337108 0.609000000000001 160870.811808 189456.01584 9978.18545514403 407.821555555555 5252.33007407407 640.528 42834.6459334209 0 2004.66 13018.08 0
15688.0896 10844.82 536.55875 1338.049125 108221.1732 34141.468662 28100.4444444445 2543953.0655 752811.6078 178491.37488 9400.70460576132 128.714444444445 4948.35496296296 202.16 43348.6234625634 0 2151.9792 5123.76 99.6160085606196
0 0 601.799683738946 4524.42840074765 0 0.113526 277.753035440956 79381.5767499998 0.507528 0 0 0 0 0 16144.8036821918 0 234.9648 7636.8 12.725251955302
796.422280084047 21331.3788300836 1261.1038371119 14647.7520943055 22287.9624139159 0 161.43623724781 112912.608450419 0 114895.043152146 6051.24119899728 249.072864334414 3185.26011345925 391.195956842112 23092.9461073631 0 225.36109781027 4675.85951238995 96.9363841536322
384.05441403298 2147.86134719016 490.419837253854 3794.2064061014 70.691849043098 27.7085365170192 222.17467453668 0 123.873457370203 6410.50996064093 337.625896785158 19.6744483546798 177.719953136041 30.9008557396119 663.84245310437 0 3.95897894516158 1240.48006948396 1.28117460753371
1932.288 31963.68 40.495 4989.4842971604 298.6389 53.493851310944 78.0707456407525 0 239.148982331279 23449.30224 1235.01745514403 379.368888888888 650.090074074074 595.84 6170.66570388441 0 1107.6912 16277.04 239.958349853772
0 0 1110.55925196584 0 554.2425 74.464997816891 157.486136413384 109.5997 709.16182396279 0 0 0 0 0 47557.3660493151 0 647.0856 6810.96 0
1087.77175054249 4244.25426483066 1255.6592401708 6659.66283868861 600.7554 70.9442752235078 568.850731194053 0 317.162642175682 48203.9731953249 2538.78549110813 50.3739877451762 476.550733400045 79.1178131290482 0 0 0 106.56 129.820288870919
42.7632471687305 143.514657963446 98.2479298106996 519.669694224924 18.4532477415943 5.55097111512677 44.5092147002527 0 24.8161061617432 8747.93434303088 460.732327961035 2.62762349623233 242.520874474263 4.12696778742343 1910.0120457106 0 65.4993229630283 1046.68798307848 0.974228145236749
600.576 35312.256 87.06425 367.227 639.4437 2021.973744 272.585975535387 0 47215.5114816 299461.08192 15771.883509465 419.112296296296 8302.02429629633 658.261333333334 67512.1087459561 0 3548.7144 12138.96 49.888129690254
33919.488 913780.728 273.34125 1354.187625 478977.6726 115282.398588 71936.7911111111 4824611.78149999 2489040.6270576 491376.45648 25879.5973794239 10845.4339259259 13622.5357037037 17033.9306666666 211542.473474498 0 7871.3208 20690.4 180.93
12852.3264 96994.548 641.84575 3468.255 25252.5924 16485.564564 16127.9377777778 1284241.58975 358077.6829728 292663.68768 15413.881362963 1151.20392592593 8113.57866666668 1808.09066666667 84712.1057267033 0 6912.8136 12405.36 147.478093919271
4110.0288 22793.148 196.40075 3561.33401027511 875.4858 72.5224346366225 160.016455451089 8.06924999999999 324.217943081371 93950.91888 4948.16534650206 270.526148148149 2604.62162962963 424.890666666666 21625.5742618878 0 240.5592 9261.84 29.2858855501989
1185.68576395663 1849.23714685448 547.095335441118 0 413.3997 0 63.3749750993059 0 0 40882.4642050294 2153.17950128108 21.9481311818366 1133.39339104268 34.4719213051118 4776.07292077916 0 57.8088 5265.84 143.509233889869
448.483252698961 1839.10257415498 544.077192724487 1327.68184423449 9489.12433121045 30.7401569379835 246.483041740873 2.46800919291318 137.426583958044 20886.7832730728 1100.05584217569 21.8270506534918 380.160112027005 34.2817511985957 391.478851796317 0 0 485.820922900545 12.9260402082267
846.0288 152.208 730.908038785962 27.86175 333.8496 39.1224748651604 324.734774709505 0 174.900475867776 81432.09984 4288.82973497943 1.80651851851853 2257.5597037037 2.83733333333334 18405.0345433665 0 635.8968 9208.56 16.4507515095847
1816.81001184226 7841.77503786969 0 12238.7113423194 40374.9927565066 131.078161630747 1051.02078853173 0 585.996487290402 89062.6927942364 4690.71442200033 93.0720581307677 1388.07062408721 146.17976523868 203.984222572913 0 0 444 55.1175321283391
11.8570587693428 51.1778264507163 15.1409191497305 113.831905309178 52.164 0.855456242371338 6.85928367643968 0 3.82439261295421 651.165428662469 36.0100567373523 0.607416766666312 0 0 0 0 65.268 2104.56 0.359713901512561
0 0 0 0 0 0 0 0 0 0 0 0 0 0 0 0 0 0 0
0 0 0 0 0 0 0 0 0 0 0 0 0 0 0 0 0 0 0
0 0 0 0 0 0 0 0 0 0 0 0 0 0 0 0 0 0 0
1883.33981826944 0 264.44125581761 0 40.8326826880019 0.107174268740485 121.036407217743 0 0.479132024957459 0 0 0 0 0 1870.61558072712 0 76.8002959070962 1113.91341996512 4.62043722169718
0 0 0 0 0 0 0 0 0 0 0 0 0 0 0 0 0 0 0
0 0 0 0 0 0 0 0 0 0 0 0 0 0 0 0 0 0 0
0 0 0 0 0 0 0 0 0 0 0 0 0 0 0 0 0 0 0
0 0 0 0 0 0 0 0 0 0 0 0 0 0 0 0 0 0 0
0 0 0 0 0 0 0 0 0 0 0 0 0 0 0 0 0 0 0
0 0 0 0 0 0 0 0 0 0 0 0 0 0 0 0 0 0 0
0 0 0 0 0 0 0 0 0 0 0 0 0 0 0 0 0 0 0
0 0 0 0 0 0 0 0 0 0 0 0 0 0 0 0 0 0 0
0 0 0 0 0 0 0 0 0 0 0 0 0 0 0 0 0 0 0
0 0 0 0 0 0 0 0 0 0 0 0 0 0 0 0 0 0 0
0 0 0 0 0 0 0 0 0 0 0 0 0 0 0 0 0 0 0
0 0 0 0 0 0 0 0 0 0 0 0 0 0 0 0 0 0 0
0 0 0 0 0 0 0 0 0 0 0 0 0 0 0 0 0 0 0
0 0 0 0 0 0 0 0 0 0 0 0 0 0 0 0 0 0 0
0 0 0 0 0 0 0 0 0 0 0 0 0 0 0 0 0 0 0
0 0 0 0 0 0 0 0 0 0 0 0 0 0 0 0 0 0 0
0 0 0 0 0 0 0 0 0 0 0 0 0 0 0 0 0 0 0
0 0 0 0 0 0 0 0 0 0 0 0 0 0 0 0 0 0 0
0 0 0 0 0 0 0 0 0 0 0 0 0 0 0 0 0 0 0
832.690926500037 3429.09257836951 476.526462569748 4757.5460169798 93.1872309848263 60.0765050504939 481.709957820989 58506.8147051505 268.577316696326 44875.3513867319 2383.87632575757 42.6573267490907 257.083240592555 66.9979598079864 0 0 86.7805788159278 1893.45603271287 2.77778989636597
37.9817971444972 268.243657051779 0 0 10.4019326659098 3.78292893661426 5.94125548308313 0.856731654453505 38.8278414762578 66.4805407369181 3.50136764826431 1.83612184098325 1.4066218213971 2.88382856310571 0 0 7.64088760449994 231.409738879141 1.22380089126431
0 0 0 0 0 0 0 0 0 0 0 0 0 0 0 0 0 0 0
0 0 0 0 0 0 0 0 0 0 0 0 0 0 0 0 0 0 0
0 0 0 0 0 0 0 0 0 0 0 0 0 0 0 0 0 0 0
214.1184 41857.2 0 0 1347.1353 460.087894870997 1924.0102824647 4.26300000000001 5210.33898051794 101687.65152 5355.64015144034 496.792592592593 2819.10874074074 780.266666666667 20959.4335117283 0 2426.1048 9883.44 195.36
788.5824 0 89.089 124.921125 105767.7264 0.832524 15561.6300709541 953025.318 3.721872 0 0 0 0 0 49335.540339726 0 1450.8144 4466.64 47.9288158509687
1242.9312 684.936 70.86625 275.877 38435.7393 399.523135992698 12580.2314501446 445884.00885 4507.41954953298 163154.54064 8592.95101893004 8.12933333333333 4523.16859259259 12.768 41566.3882820792 0 3170.16 8214 276.39
4094.3616 2968.056 261.19275 76.125 230040.6318 27595.52166 70844.1333333332 2391470.70155 460747.951104 171369.48192 9025.61190452676 35.2271111111111 4750.91318518519 55.328 50998.093988966 0 3121.6752 7716.72 67.9869388759218
6669.0048 85997.52 0 398.971125 978.5097 521.01202991267 481.848958276963 14.36225 5895.84929241244 85138.2168 4484.02186008231 1020.68296296296 2360.30518518519 1603.09333333333 23620.8439256896 0 2737.5264 21764.88 380.113749227473
960.9216 0 129.969962097836 421.583786140841 35291.9889 233.809366300271 986.105478799757 323018.98965 2638.40782659948 0 0 0 0 0 18993.2920109589 0 1204.6608 5976.24 69.93
149.946292859817 1021.35154639175 8.21738186047895 9.21319043898666 49.9246733349897 3.48256733100552 20.102457047191 0.0737793028147079 105.979303876874 12184.7941266978 641.743335464307 25.8524373138664 337.801681061973 40.6040576869911 3632.96295045476 0 181.524561354195 576.62704765371 9.38655391089329
52.224 4770.12868121441 31.2410322335628 10.3197637491099 243.8667 93.1070801341354 392.684875238947 0 1050.6612836983 124217.343572903 6542.2239849197 56.6154590976176 1696.60525878136 88.9207210626184 880.998563605837 0 104.4288 3756.24 18.1613986807377
4486.0416 228.312 70.86625 190.3125 99244.1835 27541.748178 1486.08706525027 1171842.17465 647934.8091552 178559.6904 9404.30261728394 2.70977777777778 4950.24888888889 4.256 63528.7516679302 0 10786.0032 4244.64 0
1.97991425272442 353.624590315142 0.222565083519361 0.0747981679624356 0.971266753906552 0.00292875282888154 0.540166544832098 0.0973514663998153 0.039361639042414 180.857670916788 9.52533163643207 0.672222273539801 5.01395629941608 1.0557980140097 43.5762783489282 0 6.15367389731353 14.0739069905539 0.181775514916921
0.149330496076606 31.1217495622545 0 0.157450541960367 0.236996967681873 0.0981394091210559 0.15218910479008 0.0547666677749701 1.10744829952752 111.849054042728 5.89081639488978 0.0596754585682733 1.33039856453438 0.0937267822289296 4.24959945875706 0 0.303938342864743 1.48118100811278 0.0191430010775955
