0 50852.8054491471 0 606.816206952265 702.219924236257 30.0676552055165 0 2861485.43755333 915.000017234539 15604.3412702779 821.842528514298 640.540280075983 432.602525586794 1006.03800590579 14966.8819680643 0 2702.64370235556 32022.5640833909 54.7302521020965
0 15067.2893700535 21.7384812923647 56.4314650581783 0 11.9061567189882 0 85075.6135513816 202.515012942896 3149.90593926364 165.897849634798 174.460577743911 87.3255231402682 274.009265618451 1334.82565486545 0 479.918779300666 8775.02065354792 0
0 88473.6331684479 0 1409.32200481222 686.540438838816 37.9021554316277 0 11833490.8842503 1218.45106690355 23413.8863318094 1233.15218579156 1063.7277369396 649.1082311969 1670.69982104865 9449.38022325667 0 708.936021208136 13393.2201952486 105.220995996252
0 0 0 0 0 0 0 0 0 0 0 0 0 0 0 0 0 0 0
0 0 364 0 594.3 10.2299880625237 1186.02925898388 8.06944444444446 1222.96424481352 0 0 0 0 0 47230.6684931507 0 1764 6560 421.831551698055
0 14609.5425357044 0 339.3 2660 45.2847612193057 90.3711202475084 408.333333333333 2429.01909160517 45539.5443109963 2398.45653178743 173.396990551311 1262.50262935052 272.338786537535 4933.10644411424 0 4048.8 58000 7.2123814062201
5184 37146 855.4 3177.3125 6160 78.7684502994759 89.430849115826 556.597222222222 4819.1115311159 122189.34 6435.41399176954 440.876543209877 3387.48148148147 692.444444444444 29153.7397635578 0 11474.4 112760 1245
0 7819.10276170755 0 442.975 1642.9 20.0529584006483 33.6353333130102 69496.8166666667 1583.31968623633 10940.8437264906 576.227507237716 92.8029665801009 303.315375263258 145.757127763006 3864.2990709075 0 2469.6 15920 93.78986716294
0 0 81.9 274.05 1411.9 78.4768123821447 4959.33692764164 6565947.675 9283.44372487299 0 0 0 0 0 21133.1534246575 0 1310.4 22480 30.5787144273943
5107.2 690372 837.2 3547.425 0 115.752284244921 8925.4750677156 16548.7583333333 9448.1327837993 308550.06 16250.5777777778 8193.85185185183 8553.99999999999 12869.3333333333 86930.1577031336 0 16346.4 94400 1970
0 352989.66950181 0 0 0 339.919081260169 5429.17781743572 628.07323582106 10344.2041983487 76943.0326821995 4052.40153594582 4134.43297891883 2133.10832467033 6493.57556275656 34697.6353017612 0 5557.76871714732 128138.750431271 0
0 9060 782.6 894.65 2401 12.41 41.98419565403 0 2467.48422301099 45962.28 2420.72098765432 107.530864197531 1274.22222222222 168.888888888889 6964.09863013698 0 3427.2 22160 205
0 50844.7770780408 5469.98246579689 71.775 158.2 81.2046446237201 5107.80765739912 4996258.36111111 9606.13365501754 73602.54461778 3961.95231581595 603.463887321472 0 425.599999999999 0 0 0 4520 609.881342323905
30144 1544579 991.9 16221.5125 540880.327226847 7341.45 378.159792123675 1868.66944444445 32820.6 482541.15 25414.2633744856 18332.2201646091 13377.5925925926 28792.7407407407 180574.606642897 0 23158.8 120160 3040
1352.66239638644 20702.1638625629 41.2833161144614 462.015547439995 682.388931068451 72.6619485618125 25.8710602365318 35.9698274642342 2211.20282682222 84685.6805607746 4460.18788204712 498.82757779069 2347.75942521893 783.462831707995 28416.4346323811 0 2122.82173902597 6031.04682732276 147.984814187443
4972.8 275424 163.8 2208.7125 3616.9 146.795 79.9697225584152 1946.7 656.26 142156.56 7487.03868312757 3268.93827160494 3941.03703703703 5134.22222222221 39040.7935447551 0 8601.6 74960 1290
0 46810 1471.20934528294 2035.66556578895 1263.5 16.301986285928 101.011305577836 230.533333333333 1928.44953426646 59587.71 3138.33909465021 555.576131687243 1651.96296296296 872.592592592594 13705.4640645525 0 6888 67320 377.434835158475
3360 547677 0 34427.0420365432 393737.831818925 92.1242023448985 10658.453082927 1180054.16666667 10897.866799216 47783.19 2516.62386831276 6500.24074074074 1324.7037037037 10209.3333333334 30646.3247138301 0 4636.8 16120 691.8918547944
0 21744 336.7 746.025 3736.6 47.3464275361943 201.742117016704 84.7 5063.33286685379 78927.03 4156.8938271605 258.074074074074 2188.11111111111 405.333333333335 18717.8245074123 0 8181.6 112600 2400
0 38398.9215571163 0 1131.3625 2046.1 80.4323682072487 177.593082370554 753.491666666669 3188.48878225518 53730.890078667 2829.87469940083 455.747154447011 1489.59307845514 715.800352793927 6978.34913659414 0 2788.8 30880 118.269418021691
0 188297 7491.40818892017 0 471820.20247865 109.997880812247 12632.8316061779 3638022.38333333 13012.2402449685 30201.99 1590.66502057613 2234.84979423868 837.296296296297 3510.07407407407 18619.6705573278 0 5821.2 20040 612.860988907105
1171.2 50887 1792.7 5525.5875 4360.3 71.655 264.274793530819 0 968.152 91296.66 4808.37201646091 603.965020576132 2531.03703703704 948.592592592593 19460.098780259 0 3645.6 49320 0
0 0 0 0 5056.8 33.8111309122455 3881.16516160356 5471954.05555555 3999.70031363762 11113.83 585.338271604938 0 308.11111111111 0 2404.78176018015 0 1066.8 1760 253.935941740778
0 46961 0 24158.0329634568 276828.538475577 64.6450983101561 7454.1830050762 830321.041666669 7647.21596143424 13562.64 714.311111111111 557.368312757201 375.999999999999 875.407407407406 4471.79493338337 0 5166 8280 485.512122055915
96211.2 1633065 3157.7 14813.925 0 8.33 181.746748788664 230.397222222222 7693.58750284099 443799.72 23373.8469135803 19382.4382716049 12303.5555555555 30442.2222222222 175753.472696566 0 29828.4 30200 2566.99969293955
0 25998.4136370428 0 85.55 458.5 41.522297107058 4759.8538287826 5978330.05 4911.89558826339 57098.8612044489 3007.25750960941 308.568640856081 1093.24338453405 484.640528922066 1811.01374818068 0 0 12240 506.179281842175
0 24715.5573954875 0 1242.80494173905 0 42.7938359144353 33694.9459835616 3233336.86806003 4486.59629995144 32879.7115594771 1731.69407261882 278.893917991849 261.195271915715 438.033157075602 0 0 2285.13249868806 6315.20460946956 14.6233372605187
0 0 0 0 0 0 0 0 0 0 0 0 0 0 0 0 0 0 0
323.490805396639 59558.7479961687 0 50.9871140696383 144.296653537459 1.16541000552496 528.743404168132 219.27542493954 11.0553310164145 10823.2947124347 570.036487875683 694.130348969738 300.056538540835 1090.20702341056 5311.97007782783 0 882.969463009503 3353.32489737238 142.612148914172
5654.23106669563 704614.926394205 1216.57587418833 192.833306116784 1907.6485601178 6.83406565766287 1407.74901575803 1701.95433733426 30.5522935283752 80891.2358528494 4260.34375027281 8265.22672294493 2242.56521449153 12981.4353122717 40816.2199216751 0 2151.74904482584 40237.7819296592 439.39957032853
1242.54883653392 320762.690694873 397.916470033035 140.757485388609 1220.68529422442 11.8194309725197 1173.05926330164 1471.02292667425 117.555894289759 73802.3635299668 3886.99016531567 4277.26285304233 2046.03887497328 6717.90537653492 30706.0697607419 0 3849.38271318111 21758.5973064218 26.7395423631661
5986.23674337682 1907254.34449987 3273.7232190342 840.777763087504 3179.28889540821 32.3624928108738 3247.29755841457 5379.50325156125 428.166222625235 157869.846032559 8314.61906608577 22621.3066222044 4376.65986181469 35529.2163710395 125119.327837368 0 10744.5274881123 20625.6554459298 2148.50577561768
2646.99378601117 1832906.23414531 529.524088347405 40.2402498245408 704.36103586093 0 1857.06662297775 2399.18657961625 0 87689.1890303305 4618.37533464632 22171.2140483189 2431.02633966574 34822.2971505169 62039.9921345396 0 3481.69921284992 19873.938734256 0
1969.93925312218 418530.859500416 720.259039422797 983.544612633776 1571.6193601587 11.2681958435453 909.715504801224 752.958359008282 180.369305689309 80334.6699476707 4231.03078390823 3959.54017988842 2227.13541761222 6218.8874467134 27618.6371850365 0 4744.27036793592 10136.3276384197 229.630815716128
0 459773.737803467 271.150894615889 424.369448109753 2359.30675160361 0.577937964038588 546.197870174368 692.724300418906 2.58372266276075 28352.9205925804 1493.27905273097 4240.56210127834 786.034145476858 6660.26286400549 11132.9330580886 0 9554.81438456488 6255.32855194708 480.653651770147
455.200403951869 42181.9913492577 3.57521983937197 8.66303268770901 3937.67772782432 0.143943580118709 83.6202778218304 0.952812419614531 1.78639063288968 2300.17316120919 121.144500372441 664.951100228969 63.7681976823578 1044.37784743195 2360.15991006755 0 1219.25428198508 836.15978964016 1.98237643507033
9773.07444878957 839620.00949048 494.969721177814 258.677898198779 763.480850060152 8.55663582288692 1678.17151394068 2337.02892105686 127.219476900661 71670.1381049915 3774.69106186283 11008.0567619969 1986.92672868091 17289.3474746403 55426.1846277462 0 3392.61680302129 39844.372503538 296.316136181568
88.5907905720518 222726.64345362 55.8254111754638 97.4106759645125 263.821864253277 2.68299642138488 235.299759833041 385.979916899675 11.9945722367795 8790.35512893649 462.966527107693 1683.18031256925 243.696915090287 2643.61729919028 5972.72191785788 0 1043.3956534491 3615.77942581008 50.6299345544025
112.598809283711 374532.223546456 64.6023321904622 29.510695672587 16538.3499938532 0 2281.35467365247 446.213176825298 0 8740.69554536956 460.351078174814 3312.53729961261 242.320191722183 5202.69922602763 10012.6952227672 0 473.822456500615 3540.31892128333 134.927455447908
32.4319210461955 3891.38105835198 0 1.37321852067856 236.660612631612 0.013268254138645 30.7430396671119 6.03456785366819 0.162958403837024 95.3303261448157 5.02081535682492 42.914931879325 2.64286323536205 67.4025566141406 199.101115127297 0 4.31455893370754 37.8121261552184 0
8951.74575071616 607243.775447598 1122.05077591622 1847.94480252307 2556.30678575623 13.3465088429938 4765.39099399816 1876.95883584128 142.132853609964 165065.064965468 8693.57366715559 7387.2929320011 4576.13447138728 11602.545041306 59228.7078512686 0 12056.6513662151 47008.9954195668 4990.51616029754
60.5555326756397 10007.9935373863 35.4773769632528 67.0419045657909 117.593552855726 1.39999625601378 118.690512536075 212.269630822702 22.0354855014133 6070.3386472978 319.709904854217 462.006894481295 168.289310295338 725.631953674412 3523.26325796966 0 541.267638855089 1424.52685374118 163.59044247492
716.374716063624 175866.958376266 2862.55623665995 727.975889706528 24327.2174085607 11.2872122625125 710.085794135932 1092.65212742232 50.460478350056 16472.1411274879 867.547426692364 2391.89498845845 456.660728584954 3756.73059036873 11319.7510424306 0 2193.89756794485 4041.65859476888 465.245417356147
44443.3107716398 2746142.99577843 3094.18765553495 40535.2750400973 519278.487853924 9.33748937469126 46987.962034854 435.664741176817 194.104695090922 370174.330242098 19496.1775244381 32697.0639363084 10262.4229627144 51354.2864120207 233070.196641817 0 30048.4069838103 81430.5796074848 2231.9302333529
2225.7619288143 1077439.73986064 1145.85965677913 3351.31775885063 2011.90010555358 13.8460540246597 2326.31036341716 3401.94650881566 181.57468407423 127695.145798921 6725.39133082667 12780.7464381826 3540.12012560937 20073.5489407965 78699.238365688 0 26493.2826138822 34417.7625845745 2845.55860430092
0 64556.4010620993 98.4018801649529 0 8974.24428590522 0.10662005916774 1226.54550680065 244.367600448944 3.244594741732 3938.0432442014 207.40711582473 1102.69690697486 109.175223984396 1731.90513058739 8528.47733214562 0 637.038633437107 2667.30371143095 37.2922858106211
1509.7333220173 22185.4056997641 7.45365301126163 8.66390027746043 3254.21785996409 0.648020466786356 70.4708562633856 92.3443348624643 9.1432317023013 1693.24062098906 89.1788464013766 336.723906691088 46.9420756941043 528.861428649149 2336.87927729317 0 289.148811490126 693.07001795332 0
43776 1114984 2893.8 94023.8 316835.887916941 33535.22 230196.247632724 227144.827777778 693495.152 288394.47 15189.0320987654 13233.4650205761 7995.22222222221 20784.5925925926 105085.713417151 0 16212 119680 5293.9599803388
36073.4205194258 1616219.2569601 2711.54597316222 188987.257531732 22805.9634598721 16.318471230182 164.409288937345 0 30416.9895381621 492290.270575162 25927.7257350879 19181.7091651654 13647.8695693656 30126.9553822575 223417.162747001 0 27851.7907496312 32436.9611952882 1831.64383216046
12387.7692514512 528082.577676333 2637.49196810784 52239.9844872661 115197.293233139 711.270635574052 36288.964011901 408371.314428702 6739.27872247366 38224.4517777956 2013.18848107819 5039.55103821135 1059.70473804887 7915.16167654779 32279.9291128408 0 3132.27230995112 7735.02400584812 952.00575370447
21926.4 3588515 2857.4 2235.175 37093.4988428563 2266.34583290783 1876.92148045714 180.638888888889 38259.6406799437 88533.9 4662.86419753086 42591.183127572 2454.44444444444 66894.0740740741 155727.251641959 0 7123.2 28800 54.797316157214
28742.4 2273909 0 61394.45 95515.6307419174 519.69 4646.9313454874 3395.56388888889 49451.2031642384 516698.91 27213.2691358024 26988.4547325103 14324.5555555556 42388.2962962964 196811.538149747 0 17077.2 28160 2230
5494.94792581339 328632.904145689 584.374201069507 1085.11467984352 582.250491071677 1.28939535582525 753.14164877214 138.100141803323 7231.59412207136 72642.7747017679 3825.91745496555 3883.10052113972 2013.89134326832 6098.83066925274 29366.0300638678 0 0 6917.22685007428 302.606277817655
0 0 1265.63640865097 17429.570383711 642.237610436598 37.2144971960115 54.5640137927464 0 628.397087685898 0 0 0 0 0 851.788641071545 0 0 0 12.4167815733004
0 0 5.58659063346895 0.0392997131931166 0.200965583173996 0.16426689374881 0.146058889926278 0.00533513915445082 2.77378025803406 0 0 0 0 0 4.60805861861232 0 0.685812619502868 4.22944550669216 0.0340885707244862
13228.8 1085992 6160.7 13201.525 2812.6 2403.32472182027 13395.1568488155 440.941666666667 55387.3988755754 181839.84 9577.06008230452 12889.366255144 5041.18518518517 20244.1481481482 88376.6106961906 0 12902.4 85960 1445
16457.5374300644 711229.827342436 8844.55261762204 22864.3473666621 12459.4639937291 2500.31274781357 44454.5553092176 41994.8855229136 55658.3177730834 37522.1550272686 1976.20022715427 5437.45300351674 1040.23481344731 8540.10988382423 32334.6731670713 0 5974.09982462375 80982.6236646324 1352.28617760598
3366.57550513683 112443.221826141 579.502515563432 0 942.225902544129 1.9278948658666 779.191926447096 28.3950126171755 7284.17586112763 99416.4349816252 5236.02072564267 1353.91328863849 2756.14331377159 2126.46771395804 22125.2568743842 0 3363.43504291189 27042.8691592148 375.429817191903
36384 640089 6087.9 40589.85 71679.3 815.088815458573 681.536558778636 1638.7 13763.4383488166 89726.91 4725.69711934156 7597.05555555556 2487.51851851852 11932 69068.2452242448 0 9828 20760 359.718148688938
0 337183 1274 123302.5625 36892.4635023416 2252.87938586474 1855.38580822014 155684.569444445 38041.7028753171 99773.31 5254.81646090535 4001.94032921811 2766.03703703704 6285.48148148149 31699.1036967535 0 15246 28560 1886.68317061856
74323.2 2989498 964.6 184573.7625 848259.476829149 7187.345 56870.0144463124 246180.083333333 143592.636 249025.14 13115.5456790123 35481.6008230453 6903.77777777778 55727.7037037036 243390.029949334 0 23713.2 59040 0
15955.2 585125 2984.8 118863.025 369569.9 0 151308.069135802 500789.391666667 0 106743 5621.89300411523 6944.70164609056 2959.25925925925 10907.4074074074 50488.3873146933 0 9097.2 58760 742.68299291655
371.06808227089 14150.5791954745 101.463928745946 51.7354537781529 119.501960523004 68.8064375802257 69.690854369686 13.8754090592747 1153.15202643784 9894.76233130469 521.132956050933 127.444632951584 274.314634655979 200.165623281019 3150.41410047535 0 370.473421882635 2061.48934594939 22.5921651490737
90912 8704395 100118.2 600170.5875 959527.1 26211.45 144423.249382716 229255.288888889 532469.748 470485.47 24779.3201646091 103310.277777777 13043.3703703704 162260 418978.851191593 0 63873.6 63400 2495.36825457548
10752 785653 42942.9 295319.6875 0 5754.245 1418.22127168078 77.7583333333331 104658.488 205511.67 10823.7975308642 9324.71810699591 5697.44444444444 14645.4814814815 67083.8422968661 0 7686 18080 41.042455070043
38112 2157941 900.9 115079.975 9127.3 0 2053.30702302559 106.341666666667 0 239920.59 12636.0312757202 25612.0596707819 6651.37037037036 40226.5185185186 144711.597147682 0 10710 18720 1929.7517475329
2506.31034970468 43576.4424941282 107.135348957659 191.774408941656 213.981533680615 226.025927328794 189.877969440091 46.9369779302804 3805.32509855136 17689.7377236825 931.675264452038 848.300795088226 490.41642217921 1332.34843591354 7015.44231146736 0 2067.52427813026 3836.24551373354 183.915382971593
109.056029903122 797.942632461003 3.50584970079844 4.14519081248007 96.8510508120169 2.98009194077738 4.84574737021244 0.069939328234293 90.6882880801271 497.936143256588 26.2250800546203 8.39541320712186 13.8043913179497 13.185907310382 193.058494247861 0 40.237321957428 98.0533282067132 0.138072856377
11692.8 1643484 41195.7 200289.95 310930.2 10130.385 303061.913068358 1172859.41111111 178658.216 106177.89 5592.13004115226 19506.0987654321 2943.5925925926 30636.4444444445 80557.3088384312 0 8668.8 20960 140.981349290636
4118.77748802418 49784.1398763524 26493.1866829104 346.838425083895 1148.15478648461 405.284131599553 650.320278075912 76.595331209992 12333.3523969119 74738.8966273025 3936.31507531474 586.893964478777 2072.00258444268 921.780646850709 14306.3752706226 0 2391.98913850962 16212.3708276763 258.984592999719
592686.016084186 11455787.588241 254611.008972259 2188687.75237312 9584338.67012293 19976.0530216607 2146489.28401758 7143028.98840643 428139.823181883 346819.055327614 18266.1122587914 135812.511868209 9614.93962850763 213308.285000815 792836.100942243 0 84663.791617671 470626.866761504 6140.51829884535
57661.1999747568 2744408.48525689 67390.683263704 399270.201796428 1144316.3671526 4857.78866352599 512147.226443036 4487959.83925197 100937.960404145 120396.293826945 6340.97863079641 35022.4868862621 3337.77247489657 55006.6154539686 170236.813946046 0 12718.4443398251 40365.5914711364 2896.09830365144
1728.00414062355 95578.9744719855 222.554881109521 1292.59141250999 18143.8110547212 1069.96330233231 841.990082811468 117.649738432682 17817.6638492232 41461.9743507036 2183.70088473273 1118.55743067696 1149.45927606016 1756.81580386462 9542.49588853644 0 7872.27973303092 11504.3753927383 273.957079291207
14150.4 155530 682.5 43204.2 69210.840515352 1273.50958035869 13379.6301380822 2247.525 38754.6444846408 219765 11574.4855967079 1845.94650205761 6092.59259259258 2899.25925925926 64437.589041096 0 9878.4 36280 1375
25.5493697789061 139.526146556101 1.20341234465861 2.20815007232045 3.59866576143106 2.47821323640592 2.10352255238008 0.0409815902628135 41.7071124703232 333.698721846681 17.575096351349 1.44424072999016 9.25120178773101 2.26833676076525 81.254457272333 0 2.36053959913806 85.4621129379816 2.41510707095867
13440 1288030 47363.0773344572 361165.68455825 112186.9 12519.82 8.39506172839508 138835.705555555 234637.996 147556.5 7771.4403292181 15287.3045267489 4090.74074074075 24010.3703703704 78745.084631263 0 17203.2 37520 1453.6902560293
3340.8 129105 0 1087.5 144610.697495187 770.019119464742 1129.00447462328 365177.05 13002.3998332016 43890.21 2311.5901234568 1532.31481481482 1216.77777777778 2406.66666666667 28174.6860574217 0 621.6 11120 763.627849141065
40416 631482 0 143088.9 623268.1 0 53057.7185185184 715790.541666669 0 151198.32 7963.24609053498 7494.90123456789 4191.7037037037 11771.5555555556 96334.3483580409 0 10710 40600 635.778259546375
86073.6 1973570 0 990430.8375 375199.702668692 10305.06 110060.864963734 554242.947222222 334783.308 159549.39 8403.07654320988 23423.8065843621 4423.22222222223 36789.6296296295 139052.810283355 0 9500.4 26640 64.7410107651
417.2765287819 215123.646457399 275.467708453676 142.230870388724 576.200206735943 560.434219185171 539.337489781752 103.760710914915 9440.58749687995 57606.6547847818 3034.0017567901 2897.58278384536 1597.04174106796 4550.96813811763 28590.4013980464 0 2660.13787098461 5076.24348629768 159.022770352093
21389.9774919454 231553.895839868 3681.65126751417 1100.58525500138 330205.890291965 1537.22082031743 61474.9595553044 946729.545636196 25957.2252590082 57546.4633834511 3030.83162274807 2440.52330749638 1595.37304183976 3833.10664139502 28724.5843913874 0 1461.43142935637 21514.5353280552 1167.53687972536
16819.2 901017 41295.8 551610.45 402283.7 15061.49 185272.512260065 1744458.91666667 347054.372 130603.2 6878.55144032921 10693.9444444444 3620.74074074074 16796 87095.3781947834 0 24242.4 46560 1661.41819741112
973.20488249915 48774.4434628501 45.7891713268305 7990.81346981296 5231.5076045292 3.85559917903119 258.403836483699 113.34776705584 84.9470524506467 25145.5274562289 1324.35349288441 1548.41885463606 697.11489234707 2431.95980842955 13622.538828773 0 4301.2814332353 3865.58873644736 721.29102409813
0 71423 14671.275416407 119.625 195.3 225.244203120379 632.506831113752 2.91666666666667 6854.4902596633 30767.1 1620.42798353909 847.701646090535 852.962962962963 1331.40740740741 8396.37560517921 0 0 5600 310.435956717188
7123.2 602490 88132.4981958312 1205569.37878035 1768.9 3.485 2114.25400079168 74.7638888888892 20459.6893482582 330526.56 17408.0263374486 7150.80246913578 9163.25925925925 11231.1111111111 95430.9566522799 0 10231.2 27720 1272.94586720253
15436.8 958548 109.2 471347.5125 0 5.44 5636.83617835852 248.752777777778 30643.8900165506 454474.02 23936.0362139918 11376.7654320987 12599.4814814815 17868.4444444444 113793.671908426 0 14548.8 25480 2490
48940.8 1112417 455 400695.5375 420812.7 29155.425 65291.19260833 1414385.11666667 538439.808 65678.34 3459.11769547325 13202.9979423868 1820.81481481481 20736.7407407407 91497.8304372303 0 3318 31640 669.53312248698
652.74298923155 26020.8759723422 66.7964387062826 123.752733065845 155.362566950443 85.9359005326183 73.5822154886156 21.2050397804826 1450.79825682457 11769.0051597414 619.844746474675 251.446839218579 326.274673666983 394.924541964426 2804.22140024605 0 187.679062599838 1849.23242687916 13.3397163659121
0 61608 36213.9248104591 904.8 891.1 1059.45322910951 1544.77440235757 0 17848.5671504779 113147.58 5959.20658436214 731.209876543211 3136.81481481483 1148.44444444444 29486.2971664477 0 2108.4 14440 75.487786072501
133747.2 909473 0 352942.6875 344458.1 13088.725 14503.2098765432 1084989.79166667 322590.612 326382.42 17189.7646090535 10794.3065843621 9048.37037037036 16953.6296296296 301960.544492399 0 19462.8 159960 4695
0 0 0 14946.1761632523 45645.2832059588 219.237984384038 1982.90742839296 3081411.80920425 5472.72235293274 4448.51997602469 234.292678038654 0 123.327280749565 0 777.508021217977 0 1597.19633213556 3459.02923854538 152.11144508078
0 35032 2468.93916819138 271.875 3797.5 317.419631977935 1581.48026402878 4778.7588014952 7599.46828229541 632232.51 33298.141563786 415.786008230453 17527.5185185185 653.037037037036 133398.096528429 0 23914.8 65560 2055
870.863422519147 6141.05434802295 367.148970934943 8000.69254119305 525 58.8829243524286 314.783377500814 746.219184264484 1462.26314057195 204125.810325721 10750.8076879001 72.8866314709615 5364.57017272274 114.476362631774 11722.8910615034 0 1294.86588091294 8360 310.323311141456
9292.8 272555 1305.00545618395 500.25 43534.0859552726 1.785 2957.97320760664 909577.763888892 3325.57729128342 292978.14 15430.4427983539 3234.88683127572 8122.2962962963 5080.74074074074 71288.8984800149 0 1478.4 9080 143.326402133176
0 0 960.240258093098 8521.33441223495 942.9 5.78 627.692830274052 1932.82160332861 1956.13553398163 0 0 0 0 0 173845.939726028 0 1839.6 21000 185
0 10429.2243984331 124.885140492141 275.356295688131 743.06658592824 93.8598834782638 463.01136948082 1431.07546140045 2274.61904639306 410819.036034434 21636.8348710393 178.315570235324 11389.2249258955 280.06394957741 92357.9469383066 0 593.6847448011 10210.3895083684 688.561149421335
0 0 0 0 0 0 0 0 0 0 0 0 0 0 0 0 0 0 0
69100.8 923063 2020.2 3206.3125 93868.6 112282.535 91466.251851852 4176920.84444445 2557202.84 2147606.37 113109.180246914 10955.6028806585 59538.5555555557 17206.962962963 671598.267517358 0 66704.4 56080 1946.80035103268
892.175691931008 6291.34175400832 376.134051236304 8085.07868777078 89.6 59.5402195475514 849.945997317456 764.481088351967 1486.27114654375 85742.8123674472 4515.86443140736 74.6703549415592 2377.06651877217 117.277893869176 22680.1342559541 0 0 1320 41.3101263508253
920.615819790168 1030.0560332335 60.7795986229685 48.9075396611744 277.273083920489 0.657361766483234 148.573355138851 13.8633807835251 463.581401759008 92634.2502397909 4878.81962624754 28.9802783124461 2568.11934034683 45.5166713334398 19898.9793168116 0 299.419496374203 4336.47847665088 84.3753388073145
6910.86109882315 41612.1667505573 178.520343106201 209.322139047064 929.619311760384 160.274455292111 781.97765758392 2438.79156597831 4877.37165908541 445801.000804805 23479.2494838265 475.401731628953 12359.037495842 746.669998700811 135055.96081549 0 3066.4899070015 24121.1433494666 298.529001849834
0 8758 1130.9693195093 130112.031205871 37273.3741802037 179.027028698404 2615.0167661816 698606.027777778 4468.95744133749 439027.68 23122.5152263375 103.946502057613 12171.2592592593 163.259259259259 95296.0648526928 0 4359.6 15640 334.212326255153
3374.61810005928 10372.8685612789 49.7841315046591 86.0691042744011 136.610441975022 26.3707592712389 135.149994382759 36.4561419864538 641.618089227584 72999.1056415007 3844.68453493552 124.786263030758 2023.769982924 195.990364897907 16594.594302191 0 896.53213601957 1862.05582770673 17.5749954349519
5395.2 30389.1499551109 172.9 75.4 1157.1 287.597897386196 4105.50521274264 3692.68295065564 7179.15486271216 504958.962506351 26594.9547856042 360.681187295965 5716.00619805733 566.488937107783 2700.79027038641 0 3351.6 11360 369.54084095654
2332.90610148258 16450.9184650293 983.534331904206 31206.835039868 32562.7569058511 155.688776013902 1408.13386577481 1999.00379668971 3886.37692955386 0 0 195.251818916967 0 306.664165646854 0 0 0 5160 108.019806735901
548.659704169387 3868.97528906184 968.410490910908 156.6 812.7 6.885 219.360586395731 36.4777777777778 656.333287079338 35601.93 1875.06666666666 45.9198958489747 987 72.1221785549912 4120.81417346711 0 2721.6 36360 275.404415192917
806.4 0 573.3 652.5 2092.3 140.542506321474 720.434231724152 1787.8832718907 3464.71064764205 0 0 0 0 0 137672.490410959 0 15397.2 86640 385.623852135453
950.263932141183 7379.3311555737 400.623583194018 8701.66513338824 205.580310534065 63.4167952114308 905.284724548404 1047.03280432689 1583.04006342718 159275.764178156 8388.66533972513 62.9542453630817 4415.63643442476 98.8764726253685 36922.3917340415 0 677.205728818097 2695.00239019447 239.790539537262
15993.6 6040 1155.7 204.8125 1970.5 396.495165616709 1992.23632639963 6042.45455936753 12065.8920987673 621621 32739.2592592593 71.6872427983542 17233.3333333333 112.592592592593 147419.006943141 0 7140 77480 1371.26297254943
3121.41909133661 0 0 784.8125 93093 106.610181732962 497.647351146944 897300.055555554 2504.64564796202 0 0 0 0 0 110163.391501457 0 3864 11400 67.1860739344265
0 1323.66579366887 63.1008594184357 43.4765435034531 149.482520246237 39.5396611314388 576.511163242548 616.767908784545 987.007739144152 18197.9372959467 958.440894235786 15.4190213779126 504.505348757763 24.217245975872 3724.91493385581 0 346.245741424236 1864.5186787865 27.4333620134549
4784.86694933487 34345.3734738389 2208.36118135395 64226.1240398511 226.1 320.002787255731 4565.67189356532 4100.02236793709 7977.16658212262 34848.45 1835.38271604938 407.63661046676 966.111111111112 640.237523672248 6567.02341979611 0 1991.53043863629 840 221.552167400002
0 479.735167874487 300.3 616.513413706221 282.8 1.445 36.1463566751691 60.2386013345453 85.6588415666686 6226.82563002003 344.349276482933 5.69385620170984 0 0 0 0 1117.2 11920 3.15003081611377
18566.4 273461 1001 3519.5125 5271 10.115 2664.22021577705 136.927777777778 7772.86037294429 924519.96 48692.2074074074 3245.63991769547 25630.6666666667 5097.62962962964 227249.315668981 0 12885.6 150320 995
0 0 0 1003.4 1521.1 106.525005648502 550.550010631592 2254.1932617724 2659.12761968125 145672.8 7672.2304526749 0 4038.51851851852 0 30413.7481703885 0 2133.6 38840 578.90905637067
5971.2 0 1638 479.95 2108.4 226.627628910968 1116.08363890951 226.488888888889 5503.30160086994 0 0 0 0 0 144961.619178082 0 13969.2 36000 22.4258524598546
0 14.0567272727273 1.68254978900956 25.4130185114565 1.08811791578675 0.186263148139628 2.66560835810954 2.86540858945893 4.62722756069178 728.480002154893 38.3672618134439 0.104633364483224 20.1958085454041 0.164338051220494 205.851322722101 0 14.084230487437 14.3038974845207 0.87629995737999
0 11784.6055589909 109.2 156.6 1425.2 117.052561162382 595.419915980464 2350.32664699375 3272.23177861654 157998.370485585 8458.87620841874 139.868523177187 721.261430374434 219.678690822494 265.854246575343 0 1134 7560 66.5246075692
2188.8 168130.451477197 753.330377976218 24116.3201950207 1369.2 120.77859222162 608.082804441428 91.875 2990.41981103491 334605.039064951 17622.8298648244 1995.49809550376 9276.32781585454 3134.14626251336 30061.4590723465 0 394.8 17240 827.736920509655
0 59947 577.125428815035 295.305907300703 22026.8321045584 91.3561923606169 1360.47956814938 1499.94909572227 2280.47652150906 222653.34 11726.6074074074 711.495884773662 6172.66666666667 1117.48148148148 51344.359241884 0 1176 3520 63.384647856956
2496 0 655.2 2396.85 1015.7 416.115447078801 2192.10919529371 189703.072222222 10325.9893172943 0 0 0 0 0 79718.0136986302 0 2872.8 47760 1656.05488175033
0 0 274.819525079573 5831.71174017939 486.5 44.6926151059951 233.87849063188 558.562376744809 1096.57287230997 6655.74 350.541563786008 0 184.518518518519 0 1451.24488647026 0 0 4520 4.49530647048385
14016 12247.313089734 136.5 67.425 1015 13114.905 1666.31754533883 1488.21024295206 312197.76 166914.961755081 8791.00321119934 145.360282630996 4627.4195599021 228.304094878534 110984.913985213 0 20470.8 2200 80.418147825571
0 14932.1219225398 127.050707720588 61969.2416561794 477.622387584842 178.26654855058 2536.58582306074 38115.2123161764 4440.77410236045 255891.554248227 13477.1829407107 222.846821263313 2937.6569131899 350.005110778661 5100.50891677505 0 2144.80171712411 4233.52234162896 254.808414380605
249.972972756852 31962.7306091191 105.386582253899 3338.94613450906 3592.22729817881 16.682191426538 238.140906049996 217.695042523657 416.428759698832 30930.6274943389 1629.04057711811 379.357620807003 857.496471031555 595.822302254855 4196.23475246333 0 440.042346287367 11120 26.5744187857513
3458.25691835814 24386.5377002864 1776.47312870368 46344.2531271435 85.4 234.530166144545 3294.56591570217 2963.28630858012 5794.53338281374 330803.366859352 17504.4215545491 289.437690253584 2181.95991434438 454.593295369578 0 0 1926.57626489116 5720 500.126566485785
1517.47557674403 10700.7594389781 639.755422048663 20436.3806344788 538.3 103.480220444847 1461.64832257314 1314.86688840975 2547.71518382483 63543.48 3346.67983539094 127.004625832583 1761.62962962963 199.474544361624 10456.6193244012 0 1058.4 17320 85.4646738161335
3719.04350564416 0 1567.91864332724 541.575 52567.1201220858 262.219014739052 3596.40118390509 4503.68002532395 6491.26849037019 0 0 0 0 0 24734.6792528112 0 1293.6 3480 1057.20168461422
788.553968238859 5560.63402145876 332.447971150374 10532.895596933 11260.2931695174 54.1549222195408 475.968384223688 858.661874817677 1341.29622095671 0 0 65.9977684121027 0 0 0 0 790.207502295006 2880 36.5121627466521
12134.4 30804 1301.3 1500.3875 7221.9 115.855 2055.81760684654 4795.32412504139 7529.26747794949 420253.47 22133.7234567901 365.604938271605 11650.7777777778 574.222222222221 93636.0830925126 0 27930 195920 2440
0 1661 627.9 967.875 1866.9 11755.6236183017 1282.79660515946 3746.33445038437 266201.932589587 451334.52 23770.6864197531 19.7139917695473 12512.4444444445 30.962962962963 97648.3653968849 0 5350.8 30960 469.694139651355
10694.4 0 3120.64010911154 57493.9105161776 1162.7 2069.37845117905 2487.50671739006 3547.62783111731 47360.3623961437 0 0 0 0 0 335225.224657534 0 4779.6 22760 28.4198357533215
267.715699508599 1887.84672543201 0 75.4 7240.75204130866 18.8122182960761 269.266031725578 229.398302576786 572.481623441373 2009.28 105.823868312757 22.4063785715433 26.6860285846441 35.1916485486468 0 0 487.2 1400 12.3959546004477
1484.29982731474 10466.8145114344 0 478.5 20755.0722980479 99.05620427904 1414.04289363076 1271.85615758062 2472.687864184 41378.61 2179.31028806584 124.227992252737 1147.14814814815 195.113540070889 3575.56553393959 0 668.186934821834 4640 68.7270612318155
4.39919052390212 345.579044117647 7.70428493730695 125.24109198442 6.26762927261999 0.631648534785421 3.32535035806494 10.7523467426177 15.7675097462219 2151.49017801346 113.313730925648 7.98808735774679 59.6462272045162 12.5461578707206 508.100962011161 0 44.1164916894051 206.212055807912 3.56217006126515
0 1661 172.9 93.525 1022.7 156.298389792346 2197.6975579947 1965.35871231178 3849.8456082068 383709.69 20209.0518518519 19.7139917695473 10637.6666666667 30.962962962963 80026.3271157816 0 5082 9920 745.817194469425
0 8900.27189535043 532.111504349594 16858.8032041444 658.7 84.2307036244602 1210.93987366641 1399.96176691258 2102.60669848776 117544.23031497 6388.52932388554 105.635091445919 225.269960238257 165.911372098757 0 0 1701.32427008262 3760 118.440849492778
0 16753.2974450345 0 0 32127.9554726634 154.313166782748 2202.8447230637 1981.34132835871 3852.03832071566 0 0 193.526645070922 0 0 0 0 332.28852087646 1766.93102370816 107.065383128125
4350.74756993563 30680.1004504423 1834.23996437793 58113.9297606846 275.1 292.73140483291 4144.8119645602 4488.22806607902 7269.16921910093 0 0 364.134405640521 0 571.912591178224 0 1429.20178343951 1810.84370957361 3160 291.451276312609
0 0 71.7126504823408 24.4858735948338 15975.4725802454 80.7941159047852 1119.37082459796 472084.378125249 2458.67584086718 0 0 0 0 0 56115.4134853363 0 912.563178665393 3782.64530016742 295.004743531446
14016 110532 318.5 1024.7875 2720.9 12104.085 1886.6798747651 4631.95654955926 296797.416 497422.38 26198.0213991769 1311.87654320987 13790.1481481481 2060.44444444444 138685.401838994 0 7022.4 38440 1660
19334.4 0 1820 577.825 66252.9 63751.19 38566.024691358 2996264.46388889 1257964.904 0 0 0 0 0 224708.419178082 0 3511.2 9480 1265.0846059247
0 0 463.107858094311 15948.5717788191 0 0.51 1046.47975640534 1531.1282658169 1195.34133844453 0 0 0 0 0 83609.994520548 0 2074.8 24280 278.287107189686
2166.02457811869 0 1160.88676733469 0 734.819249091641 138.388853466781 712.242227564892 241691.955693716 4211.36275647931 0 0 0 0 0 119825.18928561 0 3445.76985512454 7265.97227829364 410.341552834715
624.224487205805 6759.83379965475 263.167991884472 8715.18438091162 284.65604470492 41.9436026519642 602.138469552444 663.367142135181 1042.44407641292 6693.03033162845 352.505554441163 52.2442658373553 185.552326441777 82.0552877904729 635.177846803279 0 259.811208958547 2383.67438290424 4.3047188019118
0 2265 100.1 5707.93763842461 1641.5 88.0955726137655 444.368235832372 1364.21686246574 2117.51924038637 47280.87 2490.16790123457 26.8827160493827 1310.77777777778 42.2222222222223 11628.5775942954 0 6510 39320 206.817222498052
0 19026 1380.27689238434 187.619039789605 1745.8 158.890442949014 760.3484838876 2335.03306478956 3776.78583820659 403990.86 21277.2115226337 225.814814814815 11199.9259259259 354.666666666668 94805.0754738225 0 6249.6 30520 0
2934.05908006542 20690.0597786856 1236.97556247364 26589.0437852588 287.7 195.807309448742 2795.18013497658 2514.11543612291 4887.8347531723 274676.985892238 14851.1253547354 245.565122328989 779.340623138509 385.686667446679 0 0 0 3120 20.2335851072012
0 0 60.2943758826602 669.114636817973 131.192230809695 9.5443110394725 139.931554309671 123.827014367759 238.249610421371 20498.9976643871 1079.63212164538 0 568.298142677941 0 4401.18336973457 0 172.303160280014 4111.09294703192 0.986253425627705
1708.8 168969 1237.6 232.3625 1586.9 4510.1 1248.75519270198 252781.776508381 94265.748 954910.32 50292.7934156379 2005.45061728395 26473.1851851852 3149.77777777778 221111.579057985 0 14641.2 37360 740.12110870481
28358.4 3056542 1092 1161.45 449057 211081.945 137204.009876543 13254765.5138889 4689792.54 1474811.52 77674.7193415637 36277.329218107 40886.5185185186 56977.4814814813 569217.957290297 0 48636 48440 0
19545.6 191166 1328.6 6099.7875 41580 30620.91 34.0740740740741 3392558.30277778 688591.552 928161.78 48884.0131687243 2268.9012345679 25731.6296296296 3563.55555555557 247710.001726403 0 14557.2 40400 897.450288508755
0 3171 1274 15306.7872727833 1490.3 119.010390167426 609.606840979088 1761.17443222638 2823.05617778904 161621.46 8512.2074074074 37.6358024691358 4480.66666666667 59.1111111111109 71581.9626946894 0 5275.2 20400 654.963927801375
584.355130770533 4120.6881857861 610.359393878709 299.577363489203 1399.3 5.185 249.58223444546 30.45 700.250728642096 56159.625045565 2957.79023596298 48.9074129918471 1556.92542286254 76.8143983614774 14163.3404224346 0 2057.61700942271 16120 329.029775457355
1061.43973737698 6739.16934524083 447.494402922686 4684.2005688906 14876.1930975821 70.8362215777646 1011.19820270447 909.518845883025 1768.24729672232 113970.619262603 6016.79102212209 88.8368542831165 811.027775224025 139.527918093345 0 0 441.786483960272 513.735590403988 49.1475054312738
1132.8 755 561.766695492018 292.950448689357 947.8 88.9249784063923 1296.44027328755 1141.77382600179 2219.78740785283 179516.61 9454.7012345679 8.96090534979423 4976.77777777776 14.0740740740741 37398.4818915369 0 3116.4 26080 61.6978257995615
2915.89640711836 20561.9823341759 0 13235.4249631763 40736.5639981597 194.595205661766 2777.87716280243 2498.55233559515 4857.57764463475 280233.098457694 14759.1926003657 244.045003312174 5705.51668066183 383.299155603967 1854.26541385757 0 310.8 4960 405.013820812877
18.8975787888423 133.259768854024 7.96706627706928 252.419279383298 833 1.26114844887729 43.7808702133088 16.1928213583613 31.4813846055395 1729.67378611668 95.652576800815 1.58162672269717 0 0 0 0 7.86544407044349 2960 0.875008560031605
0 0 0 0 0 0 0 0 0 0 0 0 0 0 0 0 0 0 0
0 0 0 0 0 0 0 0 0 0 0 0 0 0 0 0 0 0 0
0 0 0 0 0 0 0 0 0 0 0 0 0 0 0 0 0 0 0
0 0 127.889930329372 10.9102132987297 66.130105128699 0.379001023915004 293.285168825927 259.932417195679 327.729676826762 0 0 0 0 0 3463.78126486903 0 73.3478452164921 1973.03474214576 28.1018086375991
0 0 0 0 0 0 0 0 0 0 0 0 0 0 0 0 0 0 0
0 0 0 0 0 0 0 0 0 0 0 0 0 0 0 0 0 0 0
0 0 0 0 0 0 0 0 0 0 0 0 0 0 0 0 0 0 0
0 0 0 0 0 0 0 0 0 0 0 0 0 0 0 0 0 0 0
0 0 0 0 0 0 0 0 0 0 0 0 0 0 0 0 0 0 0
0 0 0 0 0 0 0 0 0 0 0 0 0 0 0 0 0 0 0
0 0 0 0 0 0 0 0 0 0 0 0 0 0 0 0 0 0 0
0 0 0 0 0 0 0 0 0 0 0 0 0 0 0 0 0 0 0
0 0 0 0 0 0 0 0 0 0 0 0 0 0 0 0 0 0 0
0 0 0 0 0 0 0 0 0 0 0 0 0 0 0 0 0 0 0
0 0 0 0 0 0 0 0 0 0 0 0 0 0 0 0 0 0 0
0 0 0 0 0 0 0 0 0 0 0 0 0 0 0 0 0 0 0
0 0 0 0 0 0 0 0 0 0 0 0 0 0 0 0 0 0 0
0 0 0 0 0 0 0 0 0 0 0 0 0 0 0 0 0 0 0
0 0 0 0 0 0 0 0 0 0 0 0 0 0 0 0 0 0 0
0 0 0 0 0 0 0 0 0 0 0 0 0 0 0 0 0 0 0
0 0 0 0 0 0 0 0 0 0 0 0 0 0 0 0 0 0 0
0 0 0 0 0 0 0 0 0 0 0 0 0 0 0 0 0 0 0
0 0 0 0 0 0 0 0 0 0 0 0 0 0 0 0 0 0 0
2089.61792479315 12330.0870953447 560.053983050848 156.69076678618 240.598989569752 140.1257303422 2003.88989484963 27385.5956359554 3487.1020131704 202287.629978629 11067.2448325918 176.824958805881 157.931728970588 277.722782602118 0 0 595.576975228161 5729.74706649284 14.4102286181274
76.9187799951605 257.759984402488 0 27.1595580399709 19.3655368393502 5.552928263754 26.2112596647063 141.756752218364 133.533071687081 575.748930808203 30.3232894544603 6.43769232434374 15.9616120448441 10.11109425913 108.62949774528 0 41.4740675652938 568.975303333396 3.56154572366127
0 0 0 0 0 0 0 0 0 0 0 0 0 0 0 0 0 0 0
0 0 0 0 0 0 0 0 0 0 0 0 0 0 0 0 0 0 0
0 0 0 0 0 0 0 0 0 0 0 0 0 0 0 0 0 0 0
0 72178 1292.2 1010.65 4010.3 1517.28747975824 7316.53913565324 189.583333333333 23273.7158834147 243436.83 12821.2230452675 856.662551440331 6748.85185185185 1345.48148148148 51401.971777069 0 9206.4 30800 985
18470.4 0 172.9 438.625 137272.8 1.445 5119.32644910812 1074657.71388889 6.46 0 0 0 0 0 177257.298630137 0 7366.8 8720 428.973531614701
1689.6 5285 427.7 1613.85 47595.1 1947.4957974985 9971.73220118952 1352273.45555555 30419.9220748504 598263.12 31509.0567901235 62.7263374485597 16585.7777777778 98.5185185185185 131371.554888347 0 11163.6 24800 1240
27494.4 3171 482.3 1020.4375 416675 41031.285 181708.958024691 4025745.90833333 1082369.448 656595.03 34581.2559670782 37.6358024691358 18202.9259259259 59.1111111111109 165302.962131732 0 6778.8 14320 52.340901185719
0 94224 373.1 569.4875 1395.8 1911.02746148152 1408.92318450306 63.9527777777778 29817.2780504776 296494.38 15615.6345679012 1118.32098765432 8219.77777777776 1756.44444444444 60235.8372677801 0 10138.8 52800 776.71414061084
8160 0 346.638263667209 513.032861029131 38928.4 997.327354492106 19706.1961452394 631870.088888889 15524.8352018388 0 0 0 0 0 80197.5424657534 0 3284.4 10000 80
0 6240.47869387756 32.8705815496468 27.8466803952183 149.097586567501 230.540773622433 72.3774897367788 1.18231080360197 3773.98365291837 45176.1768114804 2379.31885340617 56.4284758025268 1252.42891362719 88.6270435107424 11894.225635413 0 1233.40535999367 922.302764360056 85.349106759182
0 5962.43244445204 219.463667208738 890.323529131283 1053.5 406.643464450058 2021.51851609793 57.9833333333333 6326.23221625496 195014.581008843 10270.9415013076 70.7666129659297 2721.3898046311 111.146643556133 5551.87746114566 0 2629.2 18200 167.199824076235
2304 1359 0 857.3125 269980.9 32377.095 7516.7616518248 993201.377777777 855976.304 649436.97 34204.258436214 16.1296296296296 18004.4814814815 25.3333333333333 159639.123813098 0 24595.2 6960 910
8.96858807972967 4.25486029122393 0.804422351731231 1.07601376169254 3.95371957490572 0.0107566482197953 1.57357966721654 0.538706052641603 0.0480885449826142 503.752985944463 26.5314389466601 0.298506676082572 13.9656529049741 0.468837121562525 119.446230401591 0 15.6872128899554 24.5281355600176 0.614133894901805
0 2.68080001942748 0 0.867294474124868 1.35996810461686 0.783426842479238 0.646850451787344 0 12.2235259422031 378.289687153447 19.923593544653 0.137273222039622 8.47328619072503 0.215602488806203 37.8980940954336 0 3.24881269436249 8.1550115620764 0.324334564188521
