39302.4 225992 0 0 2198 0 0 8274358.96388892 0 52931.97 2787.7975308642 3894.40946502058 1467.44444444444 6116.59259259258 28349.4703696754 0 8618.4 80800 415
0 53560 109.2 921.8375 0 15.141865157779 0 124376.7 337.534088469554 32964.75 1736.17283950617 922.97325102881 913.888888888889 1449.62962962963 9547.69787952711 0 3099.6 37480 240
0 194688 0 0 1484.7 4.66313484222097 17.8765432098766 23275243.95 64.9739115304464 65050.44 3426.04773662551 3354.96296296296 1803.40740740741 5269.33333333333 27036.1820979547 0 3049.2 48840 1020
0 0 0 0 0 0 0 0 0 0 0 0 0 0 0 0 0 0 0
1382.4 0 364 47.85 681.1 60.3086027134968 335.282079688643 11.6666666666667 918.805446294437 0 0 0 0 0 35147.709589041 0 4158 14080 616.6193417736
2668.8 1560 0 1612.7625 1400.7 73.0599756952882 351.900818539029 364.583333333333 1110.59710751456 57274.8930226408 3016.52867537386 26.8827160493827 1587.84423803278 42.2222222222223 11809.7259554979 0 4998 61000 257.611235608609
7372.8 102440 855.4 5669.8625 11123.7 303.626325915043 1187.62731076329 1494.69444444445 8185.81394062571 105047.67 5532.60411522634 1765.29835390946 2912.25925925927 2772.59259259259 33111.0350910114 0 7971.6 100640 1200
0 0 0 558.6125 1089.2 58.028602668124 288.374686180428 164.013888888889 881.511326753952 10712.3109752951 564.191245607846 0 296.979712409306 0 6614.28323159312 0 1621.2 16480 616.20179465043
0 102752 81.9 398.3875 1825.6 468.193025329129 35.4567901234568 7130137.15555554 7309.00450523309 33843.81 1782.470781893 1770.67489711935 938.259259259259 2781.03703703704 42958.5557515481 0 2570.4 24520 56.99822155171
13747.2 703248 837.2 1858.9 0 478.540567735079 2563.03113278808 202.552777777778 7433.63466015242 320480.16 16878.9069958848 12118.7283950618 8884.74074074075 19033.7777777778 99760.9514730719 0 34440 100960 1900
1536 178360 0 0 0 102.789442034033 2186.08101911769 0 3128.02380464352 98580.3 5191.98353909464 3073.59053497942 2732.96296296296 4827.40740740742 31949.2505160442 0 5392.8 106480 510
0 12896 782.6 1850.5625 9741.2 48.9509408788737 604.32625527428 807.877777777777 1489.64431851004 60466.77 3184.63703703704 222.230452674897 1676.33333333333 349.037037037036 9624.82739726027 0 2763.6 31600 685
0 0 5407.88647212314 4993.8 604.8 416.646592203133 0 3131424.83888889 6504.3083829836 90336.9553624459 4792.80078646666 0 657.303703703702 0 471.658082191782 0 579.6 6800 890.415189968135
48422.4 1321008 991.9 13317.525 637035.364959341 0 3258.14615185851 4184.83333333333 0 522663.96 27527.433744856 22764.2839506173 14489.9259259259 35753.7777777777 178804.03197598 0 39345.6 132240 3085
24172.8 262496 154.7 2394.675 4553.5 51.765 1215.29353362407 101.383333333333 1921.29549341358 356144.88 18757.2806584362 4523.46502057613 9873.48148148147 7104.59259259258 109512.175042222 0 4208.4 27560 391.716203855179
60672 166192 163.8 2158.325 19154.1 16.49 1265.60063289262 2545.66666666667 265.78 326382.42 17189.7646090535 2863.90534979424 9048.37037037036 4498.07407407408 18153.5890410959 0 7828.8 79960 1375
3148.8 51168 1368.33715318507 1222.73651162234 1537.9 78.3773064571585 420.248606577844 659.069444444445 1212.21650393133 60090.03 3164.79506172839 881.753086419753 1665.88888888889 1384.88888888889 14709.2858697692 0 8139.6 54240 783.86702705109
0 464880 0 34788.98959184 456316.081082749 471.943279583337 2467.15787973148 617172.111111111 7370.56895658717 58143.54 3062.27818930041 8011.04938271606 1611.92592592593 12582.2222222222 35344.5066616625 0 5149.2 18040 1002.59514455085
2668.8 50960 336.7 950.475 1547.7 214.647181712129 1128.61664907866 0 3346.97555412973 116349.87 6127.8633744856 878.168724279838 3225.5925925926 1379.25925925926 27193.6457121411 0 6804 117280 4865
844.8 0 0 1605.875 2688 126.183747125127 464.130949041924 1288 1635.93678267666 14996.3888769916 789.823161374049 0 415.748129991565 0 20516.3365483762 0 3276 37920 162.673330227341
3110.4 167232 7656.37637469179 2876.84338059273 568099.15762941 604.479900275565 5447.26329898356 2985635.87777778 9388.69154255619 49164.57 2589.37777777778 2881.82716049382 1363 4526.22222222223 17783.3453931319 0 8786.4 27360 486.044301532328
1440 24336 1792.7 4534.15 4909.1 54.145 1355.6515976564 3595.04444444445 930.708 88847.85 4679.39917695473 419.37037037037 2463.14814814815 658.666666666668 15889.3095890411 0 4880.4 53720 1220
0 0 0 0 0 163.180960547821 1521.3040957411 7502487.86388892 2547.43302716621 0 0 0 0 0 5779.85205479453 0 3301.2 2800 348.733935916921
0 25376 0 25946.79790816 339674.396328501 348.476574033837 1845.76598010424 818015.372222223 5440.09994123898 26309.01 1385.63127572017 437.292181069959 729.37037037037 686.814814814816 6596.82994933384 0 3292.8 10520 744.72908377108
78835.2 1354392 3157.7 11613.775 0 86.955 3293.80221935004 504.641666666667 3601.54102090731 452213.58 23816.9843621399 23339.5740740741 12536.8148148148 36657.3333333333 218680.43190092 0 31710 37680 755.04997015489
0 0 0 611.5375 595.7 281.810369450778 0 6861371.88333333 4399.36767210312 90619.939084048 4772.73077925446 0 2027.61481481481 0 3168.66307442041 0 1738.8 30040 859.307836735145
0 520 0 0 17765.3 307.516988554957 22690.1558782541 7708306.18055554 4800.67607415518 84545.2915337677 4553.33934369267 8.96090534979423 383.89135802469 14.0740740740741 1674.99835616438 0 3595.2 13480 37.4373826526961
0 0 0 0 0 0 0 0 0 0 0 0 0 0 0 0 0 0 0
15244.8 865280 0 1291.95 13140.4 8.33 9623.35382677088 5279.1660986689 37.24 260390.13 13714.1119341564 14910.9465020576 7218.85185185186 23419.2592592592 145991.97110152 0 20193.6 59520 2294.92395148354
0 495456 1301.3 382.4375 2117.5 553.679444810393 255.420208241122 1999.40081756558 4972.27362418704 99898.89 5261.4304526749 8537.95061728394 2769.51851851852 13409.7777777778 49284.0147870145 0 2553.6 44920 1165
0 196352 455 504.6 779.8 21.76 208.226417538308 2455.70903867387 204.648 93431.52 4920.80987654321 3383.6378600823 2590.22222222222 5314.37037037038 29840.7974479264 0 8332.8 27320 21.6506102079679
1094.4 1168648 3276 4086.825 3817.1 36.04 493.189831930808 5437.01880302954 423.508 189751.38 9993.74156378598 20138.7386831276 5260.51851851851 31630.0740740741 110753.255470069 0 8484 43760 1720
0 1264328 591.5 522.3625 1197 0 351.37278720338 4054.24625604861 0 141842.61 7470.5037037037 21787.5452674897 3932.33333333332 34219.7037037036 98067.5662225558 0 4057.2 30000 795
3916.8 717808 2211.3 3437.5875 4133.5 47.77 639.384606460432 121.916666666667 557.876 285129.39 15017.0683127572 12369.633744856 7904.70370370371 19427.8518518519 137465.415725277 0 16716 40640 1765
3360 1076712 1355.9 1736.7375 7055.3 7.565 1634.20214375976 5037.8852481345 98.292 171919.02 9054.55473251029 18554.4506172839 4766.14814814814 29141.7777777778 66948.7208857196 0 9542.4 30400 2941.35279450951
4627.2 2995512 263.9 2044.5 232038.647843426 6.375 886.692519778828 53.5111111111111 105.888 137698.47 7252.24197530865 51620.1913580247 3817.44444444443 81075.1111111112 165557.85092888 0 91635.6 74080 1480.31591981464
11347.2 1914848 1219.4 1495.675 2031.4 28.22 620.146982345248 6566.99698527356 387.732 169658.58 8935.50288065844 32997.6378600823 4703.48148148148 51826.3703703705 142649.495665228 0 11482.8 76840 1175
0 1247168 991.9 466.175 3523.8 21.42 868.491890828344 5080.46122423291 288.908 97198.92 5119.22962962963 21491.8353909465 2694.66666666667 33755.2592592593 101916.504860199 0 10752 49560 2851.38230286834
7180.8 1720888 1064.7 2876.075 4020.8 11.135 1055.55079430068 7347.61971826722 162.804 151198.32 7963.24609053498 29655.2201646091 4191.7037037037 46576.7407407409 129739.835316195 0 13994.4 75720 2113.811431198
14899.2 2657512 837.2 452.4 670753.011275031 1835.84656809693 63589.4409873632 6660.00537411756 8207.31406913919 91547.82 4821.6 45795.6028806585 2538 71926.9629629629 132453.504522424 0 3486 49760 3065.04037409829
28761.6 2791672 0 0 287037.635529608 9.86 32831.2835097331 9715.05522308132 170.416 108249.96 5701.26090534979 48107.5164609054 3001.03703703704 75558.074074074 241092.416888722 0 12205.2 49560 715
2323.2 808080 1164.8 639.0875 5712.7 10.37 533.795884417452 340.277777777778 46.36 238539.21 12563.2773662551 13925.2469135802 6613.07407407407 21871.1111111111 100548.049915556 0 14053.2 47880 3635.44028779678
12652.8 575328 809.9 1579.4125 4175.5 20.995 416.17867916184 5088.10318449465 327.4 160240.08 8439.45349794238 9914.34567901233 4442.37037037037 15571.5555555556 66221.4911615688 0 14960.4 32480 836.623312594285
1939.2 713544 11544.0240248533 35049.9997115425 87088.8751933613 785.917397775406 296.999665149246 5788.44724232356 3513.5130724077 101217.48 5330.87736625514 12296.1543209877 2806.07407407407 19312.4444444444 45091.6770876337 0 26434.8 18160 662.81150055523
36787.2 2344056 3549 0 379346.461102117 18.105 48176.3088235724 318.675 200.292 561342.6 29564.5432098765 40393.9691358025 15562.2222222222 63443.1111111111 378583.778720209 0 27837.6 86080 2085
0 586456 1146.6 25257.4524035805 1621.9 17.935 382.710041319582 3315.98558989004 207.696 127338.12 6706.58765432098 10106.109053498 3530.22222222222 15872.7407407408 70423.7021580034 0 37825.2 40160 1740.63436652803
2208 1068288 1365 859.125 99895.2187787533 1012.54065678885 12522.5810199257 3692.87446164425 4526.6523479972 77608.44 4087.44691358024 18409.2839506173 2151.55555555556 28913.7777777778 80885.4836554701 0 10432.8 51000 873.438655572545
70348.8 1322984 354.9 1151.6625 57845.9 1357.96061163826 548.597299603076 5000.29630061084 12386.9814687656 93871.05 4943.95884773663 22798.3353909465 2602.40740740741 35807.2592592592 124425.81519985 0 14994 37720 870
81715.2 776360 2893.8 82650 147582.4 31559.735 85495.2888888888 0 607579.3 294610.68 15516.424691358 13378.6316872428 8167.55555555557 21012.5925925926 122970.167761306 0 14977.2 68000 2290
28819.2 1326104 2711.8 137144.9875 26870.2 40.97 34.3703703703704 0 424.132 528942.96 27858.1333333334 22852.1008230453 14664 35891.7037037036 245560.937361606 0 31390.8 43720 1295
180057.6 3089216 23023 534253.225 1463525 520.625 278286.617283951 1939758.68333333 14807.796 373286.55 19660.0905349794 53234.9465020576 10348.7037037037 83611.2592592593 387896.474160254 0 27652.8 80160 4835
6969.6 1945528 2857.4 17463.075 38887.1 0.5355 0 65.3527777777778 16.296 137384.52 7235.70699588478 33526.3312757201 3808.74074074075 52656.7407407406 132153.551960968 0 8752.8 30240 0
24249.6 1596504 0 616573.35 3226.3 28.475 50.567901234568 318.927777777778 312.8 612704.82 32269.6658436214 27511.7716049382 16986.1481481482 43210.2222222223 202601.712741603 0 14809.2 45320 1480
11404.8 193440 1155.7 1444.925 1521.1 16.235 68.0296296296296 55.4944444444445 156.024 118233.57 6227.0732510288 3333.45679012346 3277.81481481483 5235.55555555554 43957.7853255772 0 11256 29240 275
0 0 0 205.5375 84 0 0 0 0 10674.3 562.189300411522 0 295.925925925925 0 2197.18296115594 0 0 2120 0
3148.8 0 0 513.3 562.8 3.23 3.75308641975309 29.1666666666667 14.44 0 0 0 0 0 12711.5205479452 0 2578.8 8760 95
52300.8 1098344 6160.7 10048.5 3465 965.583 4488.51358024692 76011.3277777777 29384.016 287766.57 15155.9621399177 18927.2242798354 7977.81481481481 29727.2592592593 110078.486995684 0 17917.2 91000 0
22540.8 2246608 30903.6 148857.725 79519.3 5726.62 121763.496296296 196540.108333333 150822.496 213486 11243.7860082305 38714.6954732511 5918.51851851853 60805.6296296298 187068.051491837 0 14876.4 285680 3425
1152 112528 664.3 0 1267.7 11.9 68.148148148148 21.5833333333333 115.324 110635.98 5826.9267489712 1939.13991769547 3067.18518518517 3045.62962962963 25622.8730343404 0 7400.4 22320 0
22809.6 445640 6087.9 12891.95 68157.6 5.78 5.92592592592592 52.8694444444445 25.84 44769.27 2357.88806584362 7679.49588477366 1241.14814814815 12061.4814814815 59649.7387877652 0 3049.2 25840 105
4300.8 232336 1274 97832.5875 0 0 8.09876543209876 221423.669444445 0 115345.23 6074.95144032922 4003.73251028806 3197.74074074074 6288.29629629631 35568.7173578534 0 6972 45760 700
90182.4 2100488 964.6 173469.6625 275512.3 5639.9625 35771.2197530864 466427.208333333 171631.8 324812.67 17107.0897119341 36196.6810699589 9004.85185185185 56850.8148148148 327507.515931695 0 18270 59560 2150
28800 485784 2984.8 26003.2125 445664.1 0 127172.404938272 521081.244444445 0 113901.06 5998.89053497942 8371.27777777775 3157.7037037037 13148 80408.4306999437 0 9265.2 72840 0
0 42016 409.5 265.35 1052.8 36.125 22.9135802469136 1966.72777777778 482.08 55443.57 2920.07736625514 724.041152263373 1537.07407407407 1137.18518518519 12861.43193845 0 3696 10000 45
102777.6 5333432 100118.2 586713.8625 1210260.8 40113.03 166992.474074074 412754.786111111 811937.904 533589.42 28102.8510288065 91908.4218106993 14792.8148148148 144352.148148148 748157.699680992 0 36355.2 43520 2450
8083.2 641160 42942.9 303614.05 0 0 3.85185185185185 54.8527777777778 0 266355.18 14028.2765432099 11048.7962962963 7384.22222222223 17353.3333333333 95924.4218427472 0 8576.4 14120 0
26361.6 1244672 900.9 137196.4625 30510.9 5029.62 11.5555555555556 0 126841.048 281110.83 14805.4205761317 21448.8230452675 7793.2962962963 33687.7037037037 170155.273334584 0 9391.2 32320 785
24960 597688 1556.1 2321.0875 3602.9 148.92 145.540740740741 257.366666666667 1878.6 246325.17 12973.3448559671 10299.6646090535 6828.92592592591 16176.7407407407 120031.609007319 0 14431.2 68080 2595
8371.2 107744 1028.3 2040.15 0 0.85 14.2222222222222 14.0972222222222 3.8 179830.56 9471.23621399177 1856.69958847737 4985.48148148148 2916.14814814815 64167.8054419215 0 3738 24080 0
23980.8 886184 41195.7 262149.4875 228998.7 5656.512 162521.027160494 1125541.45277778 172135.424 144479.79 7609.3975308642 15271.1748971194 4005.44444444444 23985.0370370371 86052.4325764684 0 12070.8 20760 485
0 133016 100.1 828.675 2305.1 0 35.5555555555556 5269.075 0 70827.12 3730.29135802469 2292.19958847737 1963.55555555555 3600.14814814814 15739.2135109777 0 2452.8 20600 105
664972.8 11068616 255418.8 2320102.5875 9740442.6 11838.545 1441347.18024691 6720839.45555555 244602.424 468162.24 24656.9613168724 190740.03909465 12978.962962963 299577.925925926 1012842.58449991 0 66418.8 525880 6145
51456 2709616 86213.4 604609.4 1073643.2 6814.28 452226.192592592 3185761.46388889 163116.792 142721.67 7516.80164609053 46693.4855967078 3956.70370370371 73337.1851851853 248532.04105836 0 21193.2 61840 980
4704 33072 227.5 0 1019.9 2.635 13.8271604938272 160.533333333333 11.78 32776.38 1726.25185185185 569.913580246913 908.666666666666 895.11111111111 13249.7649840495 0 6258 17880 20
23001.6 330824 682.5 251269.4125 0 0 23984.7111111111 114764.688888889 0 238602 12566.5843621399 5700.92798353909 6614.81481481482 8953.92592592591 71057.9491837117 0 9500.4 37920 545
0 20696 291.2 657.575 641.9 5.1 16.7901234567901 13.125 56.464 61094.67 3217.70699588478 356.644032921811 1693.74074074074 560.148148148149 29017.0010883843 0 512.4 14280 320
11385.6 1262040 0 171468.6625 94036.6 11785.165 0 102651.091666667 227379.84 153961.08 8108.75390946502 21748.1172839506 4268.2962962963 34157.7777777778 151945.149934321 0 13599.6 59480 2605
10809.6 170976 0 1381.85 0 9562.84 0 727060.327777777 140117.92 69696.9 3670.76543209877 2946.34567901235 1932.22222222222 4627.55555555557 31060.9932069808 0 1327.2 21440 605
116908.8 455208 0 159721.85 593569.2 16430.755 24770.3703703704 522360.863888889 232540.716 157979.64 8320.40164609053 7844.37654320986 4379.70370370371 12320.4444444444 147790.29881779 0 11373.6 38080 2445
52934.4 1053104 0 550713.9875 290349.5 37023.62 116205.195061728 489382.95 598874.612 133742.7 7043.9012345679 18147.6255144033 3707.77777777776 28502.8148148148 188211.856483393 0 10332 21040 0
1171.2 685568 709.8 2684.675 1443.4 4.25 41.4814814814816 155.925 58.176 140398.44 7394.44279835391 11814.0576131687 3892.2962962963 18555.2592592593 48698.5352598987 0 5056.8 18800 1040
46425.6 331032 6242.6 148116.05 434893.9 0 121004.266666667 844808.163888892 0 83008.38 4371.84855967079 5704.51234567901 2301.25925925926 8959.55555555555 67127.8179020453 0 3469.2 36400 0
6816 616616 41295.8 673240.075 398664.7 14062.74 129802.172839506 2180245.53055555 264094.36 146803.02 7731.75637860082 10625.841563786 4069.85185185185 16689.037037037 138688.316907487 0 29265.6 49880 835
17568 1744288 618.8 32762.3875 5180.7 13.855 116.938271604938 543.666666666667 333.012 323619.66 17044.2567901235 30058.4609053498 8971.77777777777 47210.0740740739 198008.642972415 0 31147.2 66000 5460
0 217360 0 36.975 1981.7 1.2495 12.8395061728395 17.5 38.024 42948.36 2261.98518518519 3745.65843621399 1190.66666666667 5882.96296296297 15328.6680427848 0 445.2 5520 200
39801.6 644800 682.5 1059.225 2392.6 19.805 81.916049382716 385.388888888888 273.304 358028.58 18856.4905349794 11111.5226337449 9925.7037037037 17451.8518518518 150388.882717208 0 12062.4 46200 270
10944 1082432 109.2 513039 14238.7 1.105 0 391.961111111111 4.94 402672.27 21207.7646090535 18653.0205761317 11163.3703703704 29296.5925925926 126534.867254644 0 11230.8 30320 1605
31680 849992 455 258750.325 370384 3666.22 43420.3061728396 1255772.66111111 86716.588 72585.24 3822.88724279836 14647.4958847737 2012.2962962963 23005.4814814815 108341.795008444 0 6140.4 38200 2425
3609.6 416000 1037.4 1096.925 2300.2 9.095 49.9753086419752 383.094444444445 111.584 218634.78 11514.9596707819 7168.72427983542 6061.25925925925 11259.2592592593 65652.6335147307 0 8366.4 31360 1170
0 116168 382.2 510.4 981.4 31.45 7.90123456790124 0 404.584 109254.6 5754.17283950617 2001.86625514403 3028.88888888888 3144.14814814815 47299.1027209609 0 1596 24240 30
181555.2 727480 0 226642.975 192171.7 12824.375 0 583324.35 301036.92 357337.89 18820.1135802469 12536.3065843621 9906.55555555555 19689.6296296296 196734.328767123 0 28770 210440 3240
0 0 0 19925.9953844357 77364.8568151263 7.31 1092.26157545158 3522564.675 93.296 0 0 0 0 0 7271.27397260275 0 5728.8 8720 402.108664666322
1862.4 0 2755.69076860486 1385.475 4137.7 2.21 912.655689568428 19531.3856987262 2348.536 0 0 0 0 0 283423 0 16413.6 79200 1920
419.528341799614 7218.30568772363 372.512307762833 3313.43416817602 503.3 0 279.349317717008 2939.15719907972 0 99755.5993998785 5253.88368686938 124.389527026102 2765.54604224209 195.367247958332 16751.9595793241 0 1310.4 8320 904.317051905355
16454.4 219024 1452.93592135837 271.875 47971.6800568215 14.195 2447.12763963456 1762836.73611111 160.676 438713.73 23105.9802469136 3774.33333333333 12162.5555555555 5927.99999999999 102481.738637643 0 1881.6 7720 172.852910629168
0 728 933.218510351172 6077.11837506755 1618.4 3.91 309.417241493468 5711.78524012789 17.48 515066.37 27127.2872427983 12.5452674897119 14279.2962962963 19.7037037037037 102518.835879152 0 1738.8 10560 870
0 21216 182 386.0625 858.9 7.31 416.905337246268 6987.30838918468 80.492 653706.69 34429.1341563786 365.604938271605 18122.8518518518 574.222222222221 126146.584124601 0 1167.6 12200 284.747617979934
0 0 0 0 0 0 0 0 0 0 0 0 0 0 0 0 0 0 0
60153.6 719680 2020.2 5441.4875 83562.5 130035.125 58217.6197530864 2860142.83333333 2939161.472 2365676.04 124594.376954733 12401.8930041152 65584.1481481482 19478.5185185185 825346.537061361 0 84453.6 72000 2165.63144320653
722.371980432926 12428.9618971721 641.41662596614 10556.0666986452 373.8 0 1061.89776152824 5060.83760061444 0 171765.868281155 9046.48860567535 214.182213762996 4761.90228994607 336.396404624315 51947.2333388007 0 2419.2 4280 236.308066374003
6681.6 81328 864.5 1917.625 5356.4 33.065 1507.24126507427 17894.6851164769 457.824 1576656.9 83038.6666666666 1401.48559670782 43710 2201.18518518519 343902.030850067 0 5670 77320 2212.70652496109
1536 55952 209.3 656.125 1286.6 0 496.675193534912 8907.73321022865 0 652827.63 34382.8362139918 964.193415637859 18098.4814814815 1514.37037037037 165379.153237005 0 1159.2 35240 0
7334.4 5824 1275.35207801895 121177.881617994 40884.4120623032 0.85 2301.33598607021 755854.925 3.8 518582.61 27312.4790123457 100.362139917696 14376.7777777778 157.62962962963 103062.156727341 0 7736.4 26160 221.726112295738
3360 101192 500.5 794.9625 1726.2 3.06 793.446040446796 13197.7446315631 13.68 957861.45 50448.2222222222 1743.79218106996 26555 2738.81481481482 235624.616926253 0 4300.8 33480 983.12260695829
0 34321.9785757576 172.9 441.8875 1479.1 1.02 3061.84115978666 14233.6755129584 92.928 474323.157474122 24981.4417872236 591.453848913518 4392.19288078794 928.942440084607 3765.30695376776 0 2452.8 16560 210.721043391558
969.014918953066 16672.6421174875 860.418588568771 20937.3685089535 28252.6426225343 0 645.233300105468 6788.78371563494 0 6718.53 353.848559670782 287.311476818844 0 202.666666666666 -796.098311762315 0 2284.8 4520 102.362296373337
6470.4 68432 145.6 149260.40174887 3676.4 2.38 833.210424385248 15205.5960514714 10.64 543886.98 28645.1983539094 1179.25514403292 15078.2962962963 1852.14814814815 105392.684105836 0 2268 24920 517.59958833522
337.533685520592 5807.52497325997 1036.80669347776 919.489075704891 962.5 3.995 129.484405883333 0 17.86 29888.04 1574.13004115226 100.078233849902 828.592592592592 157.183724347492 5940.50128759617 0 5594.4 26920 35.6555120849661
5030.4 0 573.3 147.9 1408.4 3.91 468.16097387536 8159.26922212829 17.48 0 0 0 0 0 237546.016438356 0 10172.4 83600 1343.02668184609
564.642879864038 0 501.364034996405 8294.66153756093 201.6 0 830.033592708204 3955.80946484465 0 0 0 0 0 0 115428.032973659 0 1520.4 2960 59.646286845803
22752 170456 1155.7 378.45 3567.2 0 1157.11402357274 20383.7103010782 0 626141.88 32977.362962963 2937.38477366255 17358.6666666667 4613.48148148149 141507.248039032 0 7912.8 83120 298.723680177476
725.384413269816 0 0 126.5125 0 1.7 41197.49435191 955064.308333331 7.6 0 0 0 0 0 107181.248563294 0 781.2 8760 76.626285977048
0 6864 491.4 1753.4125 1464.4 0 3000.40342723689 14114.7476261875 0 210472.08 11085.0502057613 118.283950617284 5834.96296296297 185.777777777778 37814.2684931507 0 4317.6 21360 902.824276080435
1990.37085844704 34557.8514878359 1958.4124027891 43420.3620571044 402.5 5.1 2925.87533354944 13950.7946729816 22.8 37108.89 1954.43456790123 595.518531297584 1028.77777777778 935.326464770486 9151.83981309742 0 621.6 2160 210.253658349585
0 1680.60134623465 300.3 626.560210745694 650.3 1.36 64.4396393728356 260.840720797943 6.08 17204.0576725349 906.095682823408 28.9609799891258 476.951809151695 45.4863612228751 2181.03079916855 0 1890 17800 553.93299540639
21619.2 383760 1001 2006.4375 4383.4 92.565 1688.38189228276 21663.6522814952 2392.056 1053804.57 55501.3119341564 6613.14814814815 29214.8518518519 10386.6666666667 293699.68962282 0 17312.4 164000 2110
0 0 0 278.4 1519.7 0 274.104670099334 4539.42695076388 0 165953.97 8740.39012345679 0 4600.77777777777 0 38491.6325764684 0 2679.6 24960 421.139955620446
0 40768 1638 0 3289.3 16.83 872.346589769868 11814.9380662882 185.4 592925.97 31227.9621399177 702.534979423866 16437.8148148148 1103.40740740741 122426.956727341 0 9912 46600 991.94775210428
0 2912 823.670120497117 4838.46182836586 802.9 0 931.638782103648 4289.87815576592 0 383207.37 20182.5958847736 50.1810699588477 10623.7407407407 78.8148148148147 116357.584462376 0 5140.8 14560 374.429525254077
0 11494.3804135377 109.2 579.6375 1442 3.825 423.485519675224 5671.96040912583 569.64 158850.131525017 8366.24830783541 198.077028731231 1982.76662894764 311.101464184069 1276.60794247167 0 1016.4 19240 405.034177468322
1939.2 139024.555359593 1002.43551011911 24705.6737995944 2604.7 4.76 434.518156091756 127.75 54.2 446013.747466183 23490.4543306759 2395.74208052796 12364.9355175161 3762.77286585791 24445.0193134789 0 932.4 39680 479.257768422523
1824 0 417.775499651889 56.55 15639.7767646988 0 697.337421125568 3442.12138023123 0 0 0 0 0 0 104718.734246575 0 1554 9880 509.70192425064
0 0 655.2 2316.7375 2450 34.935 1194.65718519153 131060.688888889 430.312 0 0 0 0 0 91594.0027397261 0 2427.6 65360 1389.94885116205
0 0 305.892245093255 4974.31197278921 207.2 0 229.39051457094 2413.51862897615 0 9606.87 505.97037037037 0 266.333333333333 0 3264.92662788517 0 0 3280 5.17439194607555
0 12673.5404136865 136.5 0 200.9 20518.915 1082.79390565944 5160.4253347244 382701.24 175145.896444373 9224.50643058665 218.39691556507 4855.60754123713 343.01605108268 139271.59137254 0 21907.2 8560 77.809665125873
0 41744.3696481223 282.1 219402.7625 2477.3 18.87 3583.41785989125 0 253.692 716418.557725425 37732.0150051517 719.36027943009 8788.67930984721 1129.83336654462 14536.1671099811 0 2158.8 11680 1046.44132160957
169.025723707216 2908.21673113605 150.083215211077 4277.06494222821 5736.67064446111 0 253.4481538544 1184.1707059234 0 40190.9971328356 2116.76162005474 50.1158747392271 675.956036864486 78.7124186489813 401.000890269146 0 0 4880 17.8551030396197
1583.17466357343 27239.729811128 1724.25019315639 34386.5063789601 1226.4 0 2327.29075447986 11797.3347796529 0 370462.615087487 19826.5878837486 469.408924214399 1531.10802415811 737.257644460729 -1031.59921378577 0 1814.4 13120 547.239317944195
613.218359358845 10550.8904408912 544.495719234174 13591.9224916038 315.7 0 907.484728355956 4296.12251650518 0 68189.94 3591.3975308642 181.818328070913 1890.44444444444 285.565410793352 13334.5174988981 0 0 8040 9.21054492054545
1235.80350206988 0 1097.30849773513 886.795780941554 35744.5061181638 0 1834.78321467327 8680.61741409604 0 0 0 0 0 0 28185.9328479458 0 0 3640 935.544619968035
530.705941185979 9131.20123741545 471.230368004706 11466.8883245956 15430.4983615425 0 353.378610710117 3718.05199367484 0 12746.37 671.320164609053 157.353519266162 353.370370370371 247.140774232042 1912.12548897797 0 420 3760 56.061344130246
3264 27248 1301.3 3129.1 7139.3 82.875 1170.31436488364 20918.3343890444 1081.276 547654.38 28843.6181069959 469.551440329218 15182.7407407407 737.481481481483 125087.006642897 0 25569.6 158480 2175
0 3432 627.9 591.9625 2716.7 2.04 591.663421439492 8175.09773615899 9.12 389674.74 20523.2164609053 59.141975308642 10803.037037037 92.8888888888889 79020.6983674235 0 4208.4 29800 327.526759220544
1211.04506969172 23228.9557993315 0 26509.5656938514 35120.9641635589 2.04 1780.25461043593 8484.41328117607 9.12 604235.960501457 31823.6317058541 400.293219793006 15769.3579664916 628.703931890736 26479.4405261199 0 1999.2 12560 312.929252605507
6489.6 83304 3268.12147201882 47490.1032983827 2412.2 0 837.433949726184 14935.8690858105 0 817902.54 43076.9283950617 1435.53703703704 22674.8888888889 2254.66666666667 222397.224094577 0 5670 26960 31.8848308195119
196.890727448422 3387.6554125152 0 0 5604.44029679221 0 289.432353976194 1379.38904563564 0 0 0 58.3778067485901 0 0 0 278.320489585881 0 880 20.7986343677888
690.176604488698 11875.0158531462 0 0 19726.1868448157 0 1014.57007084698 4835.28127567665 0 30515.94 1607.2 204.636332860286 846 321.40356297689 4930.54923898374 0 0 21320 72.9070943664565
3801.6 166296 2239.02698984508 31949.2734729889 1400.7 5.661 596.575839307652 9746.56125480471 172.272 719385.03 37888.2518518519 2865.6975308642 19943.6666666667 4500.88888888889 195873.525014074 0 21151.2 54120 820
0 624 172.9 289.6375 1416.1 6.885 1395.12898714367 6685.1318416969 87.168 379314.39 19977.5621399177 10.7530864197531 10515.8148148148 16.8888888888889 87234.0336273222 0 8341.2 11760 934.254852412725
0 9012.9612923456 465.128404924557 11433.678562255 1362.2 0 782.488113438244 3833.6485968314 0 124557.395458459 6560.13368688088 155.315948196285 2912.69307657158 243.940547798528 2873.88302456546 0 1940.4 3760 55.3354056607985
0 30636.2937126554 0 0 51171.0087466776 0 2617.48422628865 12474.517859754 0 0 0 527.940246591541 0 0 0 0 0 520 188.092646306259
1589.19952924721 27343.3922287236 1411.09985941844 34337.6098007382 594.3 1.785 2336.14739835004 11241.238594846 7.98 16262.61 856.511934156379 471.195287892098 0 520.177777777779 -38.4906928646053 0 5359.2 7640 167.875757150288
0 78936 127.4 324.4375 145909.072839209 0 1390.97743532953 891502.888888892 0 325628.94 17150.0806584362 1360.26543209877 9027.48148148147 2136.44444444444 69979.3538750234 0 1344 9960 14.2124335690609
2841.6 121264 318.5 338.2125 1668.8 15811.02 726.774756625096 13149.8496274473 348567.328 647427.69 34098.4345679012 2089.68312757201 17948.7777777778 3282.07407407407 180187.082229311 0 4998 37560 1325
46790.4 0 1820 1682.3625 129812.9 50040.69 77842.9629629628 2953520.48055555 1390589.724 0 0 0 0 0 274108.991780822 0 7778.4 18840 151.397948330098
0 0 475.618766110293 11923.8503112105 0 2.21 831.85543852742 3752.67686811704 9.88 0 0 0 0 0 74797.0136986302 0 1512 40760 468.537982485205
6566.4 0 1185.11248339428 0 0 1.105 362.469832977608 440387.966666667 4.94 0 0 0 0 0 110584.216438356 0 4922.4 10640 339.197586973779
1035.14723357535 17810.4991231256 919.139534648289 23742.3300917524 375.2 0 1548.34879161155 7572.34751174251 0 40248.39 2119.78436213992 306.919609374849 1115.81481481481 482.050546067502 5367.13901699488 0 0 7720 15.5479201636964
0 0 100.1 5401.95846831853 1495.9 1.122 295.535552032728 4931.35930474641 34.144 0 0 0 0 0 47752.4657534245 0 6795.6 46440 70.2121721031665
0 11440 1534.17812877538 258.825 1936.2 10.71 494.761117238344 8594.70085677532 145.812 389298 20503.3744855967 197.139917695473 10792.5925925926 309.62962962963 93300.9600300243 0 5569.2 24720 0
1232.83813849607 21211.9222004776 1094.67545887178 18015.5404294595 72.8 0 1812.29075193508 8637.09248943072 0 292339.031055849 15439.21480158 365.534667549384 1882.87619020776 574.111854428883 -1096.79918047933 0 277.2 680 18.5172392200589
0 0 258.706516891276 4292.44337424994 315 0 438.790651048256 2041.21878854521 0 89978.07 4738.92510288065 0 2494.48148148148 0 17557.7470444736 0 789.6 22840 4.3762107044962
0 137072 1237.6 963.1625 1240.4 5361.97 672.547012582156 12300.1872797924 118791.12 956542.86 50378.775308642 2362.09465020576 26518.4444444444 3709.92592592593 274726.017939576 0 6224.4 46200 646.59400535032
67104 2967016 1092 2977.575 391307.7 226939.29 140743.091358025 12709188.2944445 4943142.544 1654453.71 87136.0345679012 51129.133744856 45866.7777777777 80303.8518518519 663600.058322388 0 36061.2 81360 0
20352 212576 1328.6 2563.6 45534.3 33431.52 0 2703689.56666667 755332.384 951080.13 50091.0666666666 3663.21810699589 26367 5753.48148148148 265584.492925502 0 21067.2 60080 814.481466120075
5836.8 1144 1274 8461.99551165835 1471.4 10.115 381.350739794368 5605.35341313531 134.672 253734.39 13363.5703703704 19.7139917695473 7034.33333333332 30.962962962963 84124.8934509289 0 554.4 38520 373.159732202072
11994.2698947574 8160.17593509518 785.119041065669 0 1758.4 2.38 296.925821541355 3116.45374583277 10.64 171103.975472139 9011.62832863159 140.620315753955 4743.55249254748 220.859462630781 38239.4689124572 0 730.8 19200 417.123537812359
1196.50066740112 20586.7082443548 1062.41028422879 8555.17579917351 34234.4617605685 0 1758.87411859308 8382.51722210329 0 284504.357314587 14984.149368363 354.760661618255 3762.90328229597 557.190109177697 3256.85988989537 0 0 4960 126.392848584554
0 624 582.152354406879 311.103920024182 1334.2 1.275 1035.07164254282 4593.23691529018 5.7 206453.52 10873.4024691358 10.7530864197531 5723.55555555556 16.8888888888889 51056.1867517358 0 1940.4 21720 204.257513294031
4733.22849633588 25939.9002779971 0 22031.0690270154 43180.2296691978 14.11 2249.30341011813 10562.2355084173 161.08 358484.443933368 18880.4997745345 447.009598411987 3693.56841734764 702.077073051204 2546.23472508674 0 386.4 2360 159.258966961577
4.37744146610166 75.3172252842251 3.88686689351997 94.5827595731617 243.6 0 6.43490531192588 30.6677459345242 0 991.304380887059 54.8200586647428 1.29790485957898 0 0 -3.32305773396986 0 0 2040 0.462412860675198
0 0 0 0 0 0 0 0 0 0 0 0 0 0 0 0 0 0 0
0 0 0 0 0 0 0 0 0 0 0 0 0 0 0 0 0 0 0
0 0 0 0 0 0 0 0 0 0 0 0 0 0 0 0 0 0 0
0 0 1350.99970250574 56.55 1587.6 4.505 2236.64853987102 10863.6815842311 67.052 10862.67 572.110288065844 0 301.148148148148 0 5952.38018389941 0 890.4 36200 672.853152023075
0 0 0 0 0 0 0 0 0 0 0 0 0 0 0 0 0 0 0
0 0 0 0 0 0 0 0 0 0 0 0 0 0 0 0 0 0 0
0 0 0 0 0 0 0 0 0 0 0 0 0 0 0 0 0 0 0
0 0 0 0 0 0 0 0 0 0 0 0 0 0 0 0 0 0 0
0 0 0 0 0 0 0 0 0 0 0 0 0 0 0 0 0 0 0
0 0 0 0 0 0 0 0 0 0 0 0 0 0 0 0 0 0 0
0 0 0 0 0 0 0 0 0 0 0 0 0 0 0 0 0 0 0
0 0 0 0 0 0 0 0 0 0 0 0 0 0 0 0 0 0 0
0 0 0 0 0 0 0 0 0 0 0 0 0 0 0 0 0 0 0
0 0 0 0 0 0 0 0 0 0 0 0 0 0 0 0 0 0 0
0 0 0 0 0 0 0 0 0 0 0 0 0 0 0 0 0 0 0
0 0 0 0 0 0 0 0 0 0 0 0 0 0 0 0 0 0 0
0 0 0 0 0 0 0 0 0 0 0 0 0 0 0 0 0 0 0
0 0 0 0 0 0 0 0 0 0 0 0 0 0 0 0 0 0 0
0 0 0 0 0 0 0 0 0 0 0 0 0 0 0 0 0 0 0
0 0 0 0 0 0 0 0 0 0 0 0 0 0 0 0 0 0 0
0 0 0 0 0 0 0 0 0 0 0 0 0 0 0 0 0 0 0
0 0 0 0 0 0 0 0 0 0 0 0 0 0 0 0 0 0 0
0 0 0 0 0 0 0 0 0 0 0 0 0 0 0 0 0 0 0
2726.29878664596 47948.0538245979 1556.1 6062.45 961.1 12.58 4103.34498823004 249158.972222222 172.232 643054.531928597 35246.822839714 826.265330825115 0 1236.26666666667 -915.837686209549 0 3754.8 28480 865.94903072942
875.017600589568 15055.3464304703 0 0 967.4 8.67 582.643758146436 6130.2515798151 38.76 3704.61 195.112757201646 259.441412253476 70.6440255308132 407.480886294781 -664.691489032035 0 1268.4 25920 557.432850322065
0 0 0 0 0 0 0 0 0 0 0 0 0 0 0 0 0 0 0
0 0 0 0 0 0 0 0 0 0 0 0 0 0 0 0 0 0 0
0 0 0 0 0 0 0 0 0 0 0 0 0 0 0 0 0 0 0
0 83512 1292.2 1514.1625 6855.1 16.915 5976.2449813404 1233.28333333333 710.348 357149.52 18810.1925925926 1439.12139917696 9901.33333333333 2260.2962962963 70326.306924376 0 10626 28120 945
0 0 172.9 195.025 200180.4 6.97 81794.3781469244 1748007.87777778 81.332 0 0 0 0 0 240608.295890411 0 8047.2 11520 782.70272116707
0 60528 910 896.1 3889.2 29731.215 1001.35540337858 76.4166666666669 386792.98 1079422.89 56850.566255144 1043.04938271605 29925.074074074 1638.22222222222 346601.114730719 0 22982.4 41960 921.46321803432
2496 6344 427.7 1647.925 37573.2 26.7495 1229.28977792235 1305692.61666667 814.024 581058.66 30602.9399176955 109.323045267489 16108.8148148148 171.703703703704 122695.093113154 0 20202 33920 815
19833.6 1248 482.3 765.9625 313420.8 45767.4 269544.849382716 4137267.98333333 1214628.68 709903.74 37388.895473251 21.5061728395062 19680.8148148148 33.7777777777778 208277.470895102 0 8887.2 17800 517.721890676675
4492.8 163800 373.1 728.9875 2559.2 9.945 867.398791326644 185.927777777778 44.46 270624.9 14253.1522633745 2822.68518518518 7502.59259259258 4433.33333333335 60699.0136986302 0 7257.6 69880 46.9801493812939
0 0 366.857793451012 193.389274614513 51665.6 0.595 22454.0934717624 580269.375 2.66 0 0 0 0 0 101899.863013699 0 5325.6 14720 85
1286.4 97552 546 638 2503.9 0 675.570277958252 54.6388888888889 0 788956.35 41552.403292181 1681.0658436214 21872.4074074074 2640.2962962963 217016.39699756 0 20067.6 33760 666.40229960959
0 3972.08687024584 209.187457072701 0 670.6 3.4 1118.72832511618 23.625 15.2 184543.831716459 9719.47271932941 68.4490278566026 3192.30233480458 107.506624693264 4250.26893870728 0 630 21240 149.968211890311
25152 1664 0 813.8125 173686.1 46966.58 4614.61791082072 1925427.44722222 1103815.968 706073.55 37187.1687242798 28.6748971193416 19574.6296296296 45.0370370370371 177811.401238506 0 35456.4 9760 0
0 2808 245.7 145.3625 1737.4 2.975 541.579115400104 24.5 13.3 426972 22487.5720164609 48.3888888888889 11837.037037037 75.9999999999999 105770.784462376 0 28030.8 20480 27.8248448589796
3187.2 60840 864.5 2060.0875 4557 7.99 1033.16535591339 1208.9 35.72 640081.26 33711.5160493827 1048.42592592592 17745.1111111111 1646.66666666667 138137.408894727 0 12910.8 39560 780
6969.6 11648 383.28281062193 191.417428483121 1313.9 2.72 517.746144726632 7.77777777777777 12.16 245760.06 12943.5818930041 200.724279835391 6813.25925925926 315.259259259259 69904.9597297803 0 12835.2 13880 658.132566147315
0 3924.79984881175 0 823.6 543.9 1.19 146.44539341969 0 66.512 264547.895579319 13933.0912885227 67.6341537732481 5371.37246301323 106.226776534791 14204.2418558012 0 924 9080 211.403142968107
