6720 531440 6406.4 18968.9 0 0 31852.0234347694 2764778.01135358 0 69508.53 3660.84444444444 9158.04526748972 1927 14383.7037037037 25682.3024957778 0 3754.8 61480 225
729.6 105352 318.5 332.775 0 3.98882716982653 11966.5170706101 1038702.08864642 17.832403818048 31018.26 1633.65596707819 1815.47942386831 859.925925925925 2851.40740740741 10040.7936948771 0 3074.4 33320 350
11539.2 293800 16862.3 82294.75 56004.9 15.8161728301735 47448.6594946204 26398955.9944445 70.707596181952 121561.44 6402.34403292181 5062.91152263375 3370.07407407407 7951.85185185187 40176.6320135109 0 1806 43320 170
0 0 0 0 0 0 0 0 0 0 0 0 0 0 0 0 0 0 0
3072 18720 0 23.2 148.4 5.53048321256668 4924.28309220944 0 3114.34563452835 185042.13 9745.71687242798 322.592592592592 5129.96296296297 506.666666666666 27876.0712328768 0 2217.6 12120 115.135304402866
7449.6 0 282.1 225.475 607.6 8.84159259929912 2346.8414723905 8.75 3989.69385138131 89104.8681571262 4692.93569531638 0 2470.27351806723 0 17590.9873257707 0 2192.4 66720 73.2569998935375
0 203320 1783.6 5934.125 825.3 14.348858359076 4762.38357185972 0 8080.18082208674 183597.96 9669.65596707819 3503.71399176955 5089.92592592593 5502.96296296297 53718.1234753237 0 16606.8 114120 450
652.8 0 0 0 608.3 5.09343812952259 1760.37422457508 70 2868.23523256968 10926.7651905169 575.486025146163 0 302.925072967679 0 6437.69750140571 0 1108.8 22680 106.036765136041
0 139568 1938.3 8446.6125 1895.6 27.7340293530365 8634.68001703316 4955215.475 15617.6865426963 30829.89 1623.73497942387 2405.10699588477 854.703703703702 3777.48148148147 30719.7005817227 0 2083.2 14680 182.451905674438
0 908024 1938.3 32854.1 0 34.8939509391849 30161.0035624259 13.3583333333333 19084.3413101318 475759.83 25057.10781893 15647.5329218107 13189.5925925926 24576.1481481481 152464.281703884 0 31575.6 96360 1295
6758.4 292760 0 49226.775 0 609.610528762373 14902.9137501112 0 18551.2851105726 150256.47 7913.64115226337 5044.98971193416 4165.59259259259 7923.70370370371 39493.2381309815 0 14548.8 91720 565
7968 16328 600.6 1502.925 1157.8 35.105 3022.01867938839 16.3333333333333 5450.34782210069 84766.5 4464.44444444445 281.372427983539 2350 441.925925925927 17470.4647025708 0 3091.2 38680 280
0 0 6294.67796856106 3212.15186215236 0 26.765315082365 8333.08165753384 2997677.43333333 15072.1806720491 57418.6444829979 3024.09971356197 0 651.733333333333 0 130.554811822079 0 0 4120 557.208580336065
29625.6 2320136 800.8 14187.1625 620306.479632538 8867.115 14515.8365878056 31.9083333333333 39641.22 534782.43 28165.6839506173 39981.7674897119 14825.8888888889 62795.7037037038 180533.476224432 0 22226.4 115440 2090
0 502736 455 2662.2 1536.5 0.425 5002.62689659948 33.7361111111111 8350.26004237845 310810.5 16369.6296296296 8663.40329218106 8616.66666666668 13606.8148148148 102139.747194596 0 11751.6 26720 313.191666941143
41184 401232 1528.8 11687.725 1304.8 3.4 5464.89600157616 0 43.592 243122.88 12804.6880658436 6914.23456790127 6740.14814814814 10859.5555555556 72867.0087446051 0 28610.4 80520 1710
8947.2 93288 2010.0242853688 1090.01781015719 690.9 7.57939077712181 2557.22078064038 26.6583333333333 4268.13384506394 85331.61 4494.2074074074 1607.58641975308 2365.66666666667 2524.88888888889 21778.2271345468 0 6552 55280 157.790093699099
2515.2 466336 0 33384.5371592991 398623.16660392 28.1066117648332 25025.8264555204 476187.833333333 15827.4964929452 34094.97 1795.6987654321 8036.13991769549 945.222222222222 12621.6296296296 25808.9282792269 0 8971.2 15360 585.1321081536
7872 160784 937.3 2428.75 946.4 15.733918689914 5228.49164869368 219.722222222222 8860.14098634546 138200.79 7278.69794238683 2770.71193415638 3831.37037037036 4351.70370370369 40942.5462938639 0 7996.8 97520 2360
3129.6 14976 0 941.05 673.4 7.03914628001657 2433.17343489171 27.7083333333333 3963.90941720298 95534.8112110454 5031.5850856435 258.074074074074 2648.53221904829 405.333333333335 11119.1785030351 0 2394 44120 146.543117217036
7564.8 217984 9176.3977460701 1885.725 553610.307530557 39.0185452252479 34741.6952823777 1034770.52777778 22195.3637819024 68315.52 3598.01152263375 3756.41152263375 1893.92592592593 5899.85185185187 29433.7660349033 0 3855.6 19720 355.656047056318
0 36608 2639 26565.45 2091.6 12.92 4329.52949549852 230.611111111111 488.388 108187.17 5697.95390946502 630.847736625514 2999.2962962963 990.814814814816 35432.9270782511 0 5384.4 47720 625
864 312 0 293.9875 0 11.4495166545785 10194.5271523472 7336678.02777777 6447.4930743163 75096.84 3955.1670781893 5.37654320987654 2081.92592592593 8.44444444444446 15206.7542878589 0 0 4480 238.359567260812
1209.6 45760 2002 30273.3628407009 361529.246232986 25.4872982698369 22693.6177386947 1233276.625 14352.4992395285 17518.41 922.651851851851 788.559670781894 485.666666666666 1238.51851851852 5782.76712328768 0 2318.4 12840 530.60243235824
41145.6 1684800 12785.5 40269.4 187572.7 4.505 8720.24928615172 460.172222222222 14823.4208853151 424146.45 22338.7572016461 29033.3333333333 11758.7037037037 45599.9999999999 157162.673297054 0 12507.6 30400 545.21057422575
787.2 0 1110.2 849.7 86534.7 18.6909219581419 85515.1699033576 8328360.075 10525.2993216544 40096.9463528235 2111.8081952664 0 1111.61630985277 0 11413.2911954094 0 3939.6 15440 246.870462046205
0 0 1838.2 1883.55 0 26.9669827052583 24011.1129316272 7451340.78888892 15185.7444705171 57851.2746054904 3046.88528506558 0 1603.8233892269 0 8009.57522180162 0 0 11240 901.55437559885
0 0 0 0 0 0 0 0 0 0 0 0 0 0 0 0 0 0 0
76531.2 1242384 0 4029.55 827.4 18.53 7731.67395988292 689.831088339479 82.84 181463.1 9557.21810699589 21409.3950617284 5030.74074074074 33625.7777777778 143792.402176769 0 19782 62920 999.797711662285
74937.6 739232 118.3 420.5 663.6 11.645 876.182279673368 201.477835337833 52.06 103917.45 5473.07818930041 12738.8230452675 2880.92592592591 20007.7037037037 80624.6349408894 0 4477.2 54040 1240
3955.2 323648 154.7 604.2875 1484.7 1.275 597.664272625944 134.482714943741 38.8 70889.91 3733.59835390947 5577.26748971194 1965.2962962963 8759.70370370369 27595.4859072996 0 10676.4 39640 460.5859290305
9638.4 1906736 1938.3 5236.3125 1058.4 5.185 1634.72946731617 653.694260951512 55.672 152140.17 8012.85102880658 32857.8477366255 4217.81481481482 51606.8148148149 126589.434940889 0 18034.8 67120 1390
7680 1468168 409.5 925.825 996.1 1.955 1104.19921168977 294.159208491663 46.58 85394.4 4497.51440329218 25300.2201646091 2367.40740740741 39736.7407407409 70526.8077312816 0 19983.6 36400 1195
11500.8 1536912 1465.1 3271.5625 2626.4 7.65 1589.46642144176 445.919444444445 211.96 152830.86 8049.22798353909 26484.8518518518 4236.96296296297 41597.3333333335 127607.302983674 0 16178.4 53080 2400
10483.2 1800240 564.2 928.725 1872.5 8.84 1594.78053783354 270.548631585704 39.52 97889.61 5155.60658436214 31022.6543209877 2713.81481481482 48724.4444444444 98792.6196284482 0 14456.4 40680 1101.64393211426
52492.8 1928160 991.9 931.625 173198.816340756 7.14 2420.96098152977 66.3055555555555 31.92 126270.69 6650.36872427983 33227.037037037 3500.62962962964 52186.6666666668 153157.648714581 0 24880.8 69800 1021.16825766874
14860.8 2247232 1228.5 2351.9 849.8 2.55 1668.17133637402 512.08158102376 39.484 82254.9 4332.1646090535 38725.4485596708 2280.37037037037 60822.5185185185 125091.758603866 0 24284.4 52520 735
7699.2 1555944 1019.2 2713.675 940.1 30.09 1817.99560649496 2541.57917330052 401.348 76478.22 4027.92098765432 26812.8209876543 2120.22222222222 42112.4444444445 95966.1113154439 0 24376.8 39080 1271.50842907814
17798.4 2399696 364 823.2375 1813 0 2327.23113601452 727.49694064894 0 97638.45 5142.37860082305 41352.7860082304 2706.85185185185 64949.037037037 135471.608707074 0 10542 80240 2035.22728222103
9254.4 1896024 336.7 1035.6625 127174.691065699 0 17375.1214249766 419.186460505541 0 64736.49 3409.51275720165 32673.2530864197 1794.7037037037 51316.8888888888 93288.2914618128 0 5527.2 79480 1758.39658221326
25766.4 1639872 0 0 168950.625806032 6.205 23082.7188460719 567.223255868961 126.872 115094.07 6061.72345679012 28259.1111111111 3190.77777777777 44384.0000000001 132390.760668043 0 20445.6 80920 500
14188.8 1726504 600.6 1179.9375 2074.1 20.315 1934.04393269118 184.138888888889 186.296 149879.73 7893.79917695473 29751.9979423868 4155.14814814816 46728.7407407407 136123.625670857 0 24628.8 76080 1786.96092082518
19968 765024 391.3 1835.7 958.3 0 1132.31247972894 312.522076801539 0 79680.51 4196.57777777778 13183.2839506173 2209 20705.7777777778 51556.1908800901 0 11113.2 34840 806.26592248737
2688 486304 14789.737189894 23956.1945128741 42060.9275264953 1.785 621.813730819172 194.637441393397 7.98 67373.67 3548.40658436214 8380.23868312761 1867.81481481482 13162.0740740741 32381.2297241508 0 24351.6 27800 428.998691463185
38534.4 2123992 3967.6 30340.1625 251501.680775918 4.42 34462.6104546834 750.516666666669 57.368 349865.88 18426.5810699589 36601.7139917696 9699.40740740742 57486.962962963 182589.188515669 0 18312 108400 1205
8486.4 946816 755.3 27630.7135993413 1435.7 8.84 1280.01000532018 1258.97559583312 186.516 133742.7 7043.9012345679 16316.0164609054 3707.77777777776 25626.0740740741 60986.3675736536 0 10138.8 49120 846.91531414049
18950.4 976976 846.3 1537.3625 74543.4256305683 5.865 10184.4247539452 229.595987249762 145.172 87403.68 4603.33827160493 16835.7489711934 2423.11111111111 26442.3703703704 68265.553161944 0 20823.6 72520 455.952144620397
34291.2 1082224 263.9 17755.25 2359.7 23.8 1282.87450345083 487.453096271692 106.4 71078.28 3743.51934156379 18649.4362139918 1970.51851851852 29290.962962963 76948.1844999063 0 10222.8 30240 1045
92620.8 757120 6906.9 91923.475 1419649.7 62737.65 0 0 1374656.18 284878.23 15003.8403292181 13047.0781893004 7897.74074074075 20491.8518518518 133447.692625258 0 11550 114000 1030
49017.6 1658696 28737.8 99995.625 2836.4 5.95 28.720987654321 300.669444444445 123.816 325001.04 17117.0106995885 28583.4958847737 9010.07407407407 44893.4814814814 144924.666691687 0 28996.8 61760 370
250214.4 2484144 86686.6 356212.4375 1802154.2 559.4955 283433.87654321 906080.058333331 17026.216 174681.78 9200.06255144033 42808.037037037 4842.74074074073 67234.6666666668 231242.660011259 0 16623.6 91240 0
43968 1843816 1992.9 6525.725 0 6.205 35.358024691358 0 77.984 107433.69 5658.26995884774 31773.5781893004 2978.4074074074 49903.8518518518 88865.054381685 0 5031.6 28960 1175
174144 2585752 0 208709.375 0 7.48 13.5111111111111 514.577777777778 33.44 470862.21 24799.1621399177 44558.9979423868 13053.8148148148 69984.7407407407 378586.963332709 0 20907.6 55360 1600
38284.8 264472 2675.4 9197.7125 3258.5 4.25 376.395061728395 106.944444444445 65.16 177381.75 9342.2633744856 4557.51646090535 4917.5925925926 7158.07407407408 55247.06691687 0 20689.2 27880 0
192 0 0 0 70 0 0 0.777777777777777 0 0 0 0 0 0 1657.94520547945 0 0 1800 0
4857.6 22776 436.8 1055.9625 716.8 0 0 3.88888888888889 0 12118.47 638.250205761317 392.487654320987 335.962962962964 616.444444444445 5321.68714580597 0 2049.6 8720 85
45254.4 1304888 14632.8 30804.1625 15908.2 10.2 199.288888888889 197.944444444445 45.6 277971.33 14640.070781893 22486.4958847737 7706.25925925927 35317.4814814814 106284.265790955 0 18404.4 139400 2660
91718.4 1972464 5014.1 66804.0375 386965.6 3070.965 50257.975308642 185473.536111111 68148.376 243562.41 12827.837037037 33990.5061728395 6752.33333333332 53385.7777777779 130857.534471758 0 23990.4 343880 975
9484.8 196664 382.2 2021.6625 832.3 9.52 6.12345679012344 130.433333333333 171.256 116224.29 6121.24938271605 3389.01440329218 3222.1111111111 5322.81481481483 38759.1400262712 0 789.6 25480 250
22156.8 669136 1119.3 7766.925 22623.3 16.66 13.6888888888889 258.027777777778 242.08 64924.86 3419.43374485596 11530.8930041152 1799.92592592593 18110.5185185185 49180.7395008443 0 2872.8 49240 160
13516.8 413296 7998.9 59780.6 0 0 66.4296296296296 39420.6944444445 0 117417.3 6184.08230452675 7122.12757201648 3255.18518518518 11186.0740740741 48359.3291048978 0 6417.6 38920 0
120633.6 1959776 8290.1 75200.2625 240583 10531.67 349.214814814815 304500.213888889 170107.208 181149.15 9540.68312757202 33771.8600823045 5022.03703703703 53042.3703703703 171614.364946519 0 12927.6 70880 2120
44774.4 664040 5432.7 27602.5625 474604.9 5435.155 99099.47654321 360833.316666667 109949.568 134056.65 7060.43621399177 11443.0761316873 3716.48148148148 17972.5925925926 68167.0298367423 0 27694.8 78800 0
2438.4 55640 327.6 797.8625 801.5 0 4.64197530864196 17.9861111111111 0 65552.76 3452.5037037037 958.816872427986 1817.33333333333 1505.92592592593 12091.704109589 0 865.2 13080 0
89088 4910152 155418.9 655158.2125 976201.1 36743.885 116658.09382716 502417.825 755978.804 282115.47 14858.332510288 84614.2448559669 7821.14814814816 132895.851851852 360746.444661288 0 24385.2 63680 5340
27974.4 580944 0 161748.5875 5263.3 5997.09 23.4666666666667 73.7527777777777 108608.012 267234.24 14074.5744855967 10011.1234567901 7408.59259259259 15723.5555555556 66660.7879902422 0 6031.2 29040 745
26227.2 1191944 0 74451.3375 9611 4345.2 22.2222222222222 52.0138888888889 132230.4 219576.63 11564.5646090535 20540.1872427984 6087.37037037036 32260.5925925926 95258.0591480579 0 10802.4 36880 0
33945.6 716248 2720.9 6862.125 1546.3 0 107.871604938272 120.4 0 206013.99 10850.2534979424 12342.7510288066 5711.37037037037 19385.6296296296 80192.7056483393 0 21873.6 62680 0
9369.6 263016 1137.5 2978.6625 792.4 0 0 0 0 227550.96 11984.5530864197 4532.42592592593 6308.44444444445 7118.66666666666 51017.7318070933 0 6938.4 31640 470
27686.4 819728 60496.8 237016.275 246107.4 6145.5 9600.84938271604 1536705.85833333 155201.768 114089.43 6008.81152263375 14125.9711934156 3162.92592592591 22186.3703703704 68242.3224620003 0 15926.4 28880 525
5356.8 148928 0 166.75 469 0 0 10.0138888888889 0 51927.33 2734.88559670782 2566.40329218107 1439.59259259259 4030.81481481482 15752.2215049728 0 1394.4 18080 0
1164345.6 11189464 212111.9 2367490.7625 5250235.2 14841.425 876393.738271604 5861585.275 328462.872 759068.31 39978.2732510288 192822.553497942 21043.8148148148 302848.740740741 928733.045074122 0 51450 660640 5445
178272 2354144 183674.4 840240.5625 1605359 8303.157 400623.525925924 1546813.31388889 252676.464 158544.75 8350.1646090535 40567.8106995885 4395.37037037036 63716.1481481481 222733.205704635 0 13742.4 69880 365
15782.4 153608 582.4 1404.6875 1082.9 0 64.3950617283952 158.180555555555 0 61973.73 3264.00493827161 2647.05144032922 1718.11111111111 4157.48148148147 19237.924638769 0 3922.8 34200 330
69465.6 709384 2138.5 115843.4 124215 14.365 179.437037037037 76662.5027777777 147.84 220204.53 11597.6345679012 12224.4670781893 6104.77777777776 19199.8518518519 96466.7144304747 0 15246 71960 1475
5452.8 115752 755.3 1263.675 537.6 0.85 31.7037037037037 0 3.8 87215.31 4593.41728395062 1994.6975308642 2417.88888888889 3132.88888888889 16333.8575342466 0 1822.8 19680 260
31372.8 1412736 0 157957.925 3453.1 9396.835 20261.8469135802 164868.044444445 233564.824 160930.77 8475.8304526749 24344.987654321 4461.51851851852 38236.4444444443 112259.677012573 0 8164.8 79520 1475
10982.4 217048 0 1136.8 0 0 24.8888888888889 80.4027777777777 0 26748.54 1408.78024691358 3740.28189300411 741.555555555556 5874.51851851852 36209.1638956651 0 4897.2 21880 65
80064 532480 48375.6 216620.575 479376.1 17202.3 31937.5407407407 343613.725 260539.452 90166.44 4748.84609053498 9175.9670781893 2499.7037037037 14411.8518518518 116370.332895478 0 10222.8 32360 330
71366.4 869440 99044.4 489188.3125 174475 16234.66 0 524514.141666667 335784.464 148623.93 7827.65925925926 14982.633744856 4120.33333333333 23531.8518518519 108315.50947645 0 12751.2 24520 1285
16320 555256 682.5 1758.125 748.3 11.05 25.5802469135802 94.85 149.24 110510.4 5820.31275720165 9568.45473251028 3063.7037037037 15028.2962962963 49684.7867892664 0 5888.4 20200 740
49094.4 299416 5177.9 140634.05 561455.3 11197.968 72921.4222222224 422759.263888889 340769.536 73527.09 3872.49218106996 5159.68930041152 2038.40740740741 8103.85185185185 49432.5634828297 0 2612.4 41840 0
99321.6 895024 55282.5 334972.475 176983.1 7615.32 67802.3111111112 1596053.80277778 136784.544 97512.87 5135.7646090535 15423.5102880658 2703.37037037037 24224.2962962963 126780.331994746 0 10264.8 58400 0
78048 2074072 3148.6 7149.225 0 17.34 114.567901234568 132.611111111111 207.42 361105.29 19018.5333333334 35741.4670781893 10011 56135.8518518518 180205.770613624 0 18177.6 84760 5405
1747.2 214136 0 102.225 140.7 0 0 0 0 45397.17 2390.95802469136 3690.10082304527 1258.55555555555 5795.70370370371 16695.9449802965 0 3822 5080 125
15609.6 1280864 782.6 1812.1375 1469.3 17.68 115.437037037037 147.136111111111 79.04 279227.13 14706.2106995885 22072.5020576132 7741.07407407407 34667.2592592593 133379.468042785 0 13734 61080 0
44736 1285856 0 223242.3625 7837.9 9.69 11.8518518518518 233.605555555555 143.288 397900.23 20956.4329218107 22158.5267489712 11031.0740740741 34802.3703703704 138175.135072246 0 23856 47400 1985
60748.8 947960 2193.1 123957.6 153325.2 7607.245 139.851851851852 676842.677777778 157804.8 71580.6 3769.97530864197 16335.7304526749 1984.44444444445 25657.037037037 74665.4862075437 0 3494.4 26000 950
10598.4 784264 1874.6 6007.7125 1796.9 4.76 40 359.566666666667 77.48 160240.08 8439.45349794238 13514.8374485597 4442.37037037037 21226.5185185185 51820.893075624 0 9080.4 35320 600
8236.8 357760 418.6 528.525 311.5 0 0 0 0 90731.55 4778.60905349794 6165.10288065844 2515.37037037037 9682.96296296297 23993.2598986677 0 8769.6 15200 25
202195.2 1059656 69915.3 408123.8875 1023920.8 48287.565 82140.9777777776 180629.788888889 992897.296 407193.15 21445.8683127572 18260.5329218107 11288.7037037037 28680.1481481481 222659.410546069 0 38690.4 221400 2915
0 0 0 59008.7002584286 118091.223464578 458.3509220576 1546.23885874257 3770464.05555555 7946.74104153704 0 0 0 0 0 4030.44657534245 0 2360.4 9840 313.731385077952
4684.8 66664 9719.39465132599 213.15 776.3 433.944472834176 1439.2959220726 2.13888888888889 7523.9210008153 761517.12 40107.246090535 1148.78806584362 21111.7037037037 1804.2962962963 163655.898517545 0 18933.6 110320 2825
4684.8 0 1630.33645168482 9327.03621706956 137.2 72.4478870308251 250.544265570919 0 1256.07819147825 52906.5415964203 2786.45827897704 0 1466.73948731619 0 22689.2447939293 0 1066.78637445489 11320 49.5890263340528
6144 238784 5944.29363620238 354.525 63263.7308556863 135.50089143701 2535.76282480808 1770254.57777778 4123.47810804392 353319.33 18608.4658436214 4114.84773662551 9795.14814814816 6462.81481481482 113256.111315444 0 806.4 10760 168.071913595735
21331.2 2080 4823.11826698021 26355.1101016314 240.1 0.51 677.381722082976 7.77777777777777 1705.88236228653 624069.81 32868.2320987654 35.843621399177 17301.2222222222 56.2962962962962 127264.452993057 0 882 23640 135
5568 53352 109.2 358.875 0 242.308008526835 818.468440250204 4.27777777777778 4201.05841046246 590979.48 31125.4452674897 919.388888888887 16383.8518518519 1444 118306.537361606 0 630 9000 52.4287122439985
0 0 0 0 0 0 0 0 0 0 0 0 0 0 0 0 0 0 0
164659.2 988104 655.2 1761.75 62204.1 173204.5 34296.3160493827 1249549.525 3495501.364 2126383.35 111991.41563786 17027.512345679 58950.1851851851 26743.5555555555 812409.632801652 0 73617.6 107600 598.79658894234
0 0 2431.50221943982 13910.4472817029 51.8 108.049597938593 1115.82605595401 0 1873.32921815806 272486.984389551 14351.2236985289 0 7554.21556057457 0 49295.5643781798 0 2604 6160 73.9576346137045
37632 191152 455 7047.725 851.9 3.4 2009.67868247304 204.166666666667 5078.18200637445 1475565 77714.403292181 3294.02880658436 40907.4074074075 5173.62962962963 311411.456108087 0 2881.2 84160 411.492608422227
6201.6 134680 536.9 1618.925 620.9 0.765 976.776297682372 5.54166666666667 2337.84170190238 632169.72 33294.8345679012 2320.8744855967 17525.7777777778 3645.1851851852 143111.094764496 0 5796 42560 215
6124.8 0 5318.26023699794 122888.807314583 60888.8234500762 236.329572618206 2440.5708114688 560210.388888889 4097.40620924941 0 0 0 0 0 212621.087671233 0 2814 22000 161.762528631005
13113.6 135200 0 0 591.5 385.734187987514 1326.95775668258 4.27777777777778 6687.73543433416 862609.02 45431.5094650206 2329.8353909465 23914.2962962963 3659.25925925927 199302.534058923 0 7660.8 27400 264.026786563405
15571.2 0 182 56.55 160.3 246.754244878894 2524.52577574361 6.06666666666667 4258.87585525042 178521.330819652 9402.28231191123 0 4949.18543795228 0 32122.5655081544 0 747.6 20960 167.327115099219
998.4 0 2581.79996051875 30855.0046959995 29804.7578448598 114.72843638045 395.514485833949 218.75 1989.12477348813 0 0 0 0 0 7693.23013698631 0 840 9280 78.5291564198995
4742.4 135512 1092 115238.826850613 0 326.187465474998 1101.35194005287 18.4722222222222 5655.33348877906 539052.15 28390.5596707819 2335.21193415638 14944.2592592593 3667.70370370369 111075.021129668 0 2016 21360 385.192831203628
633.6 0 1724.70117836345 113.784977073956 341.6 1.19 216.205136280122 218472.333333333 524.162913875928 63543.48 3346.67983539094 0 1761.62962962963 0 11336.701369863 0 756 27240 41.38768197013
9734.4 147576 309.4 755.45 466.9 299.96474828134 1013.52522707833 0 5198.55133403422 463515.78 24412.2436213992 2543.10493827161 12850.1481481481 3994.22222222222 121906.706849315 0 20445.6 92880 205.144900827434
1708.8 25688 2632.462120433 15118.8492534746 315 116.979730237256 1208.0473551728 0 2028.15698314994 238350.84 12553.3563786008 442.668724279835 6607.85185185185 695.25925925926 55218.5052355039 0 991.2 7040 80.070118826482
78547.2 318656 691.6 947.2125 693 1.105 1514.66797603344 2.72222222222222 3725.31597920642 756682.29 39852.6074074074 5491.24279835391 20977.6666666667 8624.5925925926 214154.29889285 0 8744.4 80360 302.880441464932
28761.6 55952 0 304.8625 93939.3 145.120903447331 36079.8884786853 1364647.55 2516.05960392267 326884.74 17216.2205761317 964.193415637859 9062.2962962963 1514.37037037037 73631.4155751549 0 890.4 14960 99.332148908764
7488 67184 263.9 0 542.5 291.047054155637 2979.30335914609 0 5024.66924535744 197474.55 10400.5020576132 1157.74897119342 5474.62962962964 1818.37037037037 42773.448902233 0 2604 20640 197.470051952427
3859.2 0 5222.14286138285 62637.3041076608 65.1 232.058367884321 2396.46216485364 0 4023.35343369658 0 0 0 0 0 12691.4794520548 0 995.482156518923 3480 158.838980509628
0 1040 327.6 2133.21446886079 350 14.1729825832625 88.5945973078008 0 431.303313122026 46948.6155965903 2472.66887360638 17.9218106995885 1301.56661714223 28.1481481481482 11151.4957369624 0 1092 24320 17.5798127884295
28761.6 545480 500.5 1329.2875 1390.2 3.4 2567.65585049601 71.8666666666669 6249.06495978426 1205944.74 63514.162962963 9399.98971193415 33432.6666666668 14763.7037037037 390979.268905985 0 7274.4 249240 1085
9907.2 728 0 23.2 630 153.975992617434 543.95346628288 0 2669.58629525917 287578.2 15146.0411522634 12.5452674897119 7972.59259259259 19.7037037037037 56423.2671045223 0 1092 23960 105.393267707988
16339.2 72072 0 0 857.5 370.913170096875 1253.52926980176 2.83888888888889 6430.77338739386 626958.15 33020.353909465 1241.98148148148 17381.2962962963 1950.66666666667 142454.535485082 0 10584 55520 144.332768488297
5107.2 11752 3550.71376887869 20313.3751223895 61.6 157.784431391864 1629.43669509061 0 2735.6157832704 389737.53 20526.5234567901 202.51646090535 10804.7777777778 318.074074074074 95569.5521861513 0 8652 22000 108.000062445791
115.2 0 0 237.075 378 115.416331725585 387.836576879988 9.72222222222223 2001.0512819959 84285.1214245604 4439.09141103153 0 1075.08148148148 0 1816.13612310951 0 672 19520 830.683260979565
5203.2 63544 3781.59889659571 44790.634959316 266.7 166.233701119324 548.095262734984 40680.5777777778 2873.5420751544 326664.652273269 17204.6290933066 1095.02263374486 9056.19475668079 1719.85185185185 54405.7714253937 0 1268.4 41520 113.085238387513
4684.8 46904 2099.38361555755 80.475 24264.0674877149 93.2911159884202 963.415505424348 2.13888888888889 1617.45139926392 296619.96 15622.2485596707 808.273662551444 8223.25925925926 1269.48148148148 60930.8814411708 0 2520 12840 63.85576994833
9561.6 84032 309.4 2199.65 135.8 371.250864175396 1245.34368352066 166755.944444445 6436.62821884312 283810.8 14947.6213991769 1448.08230452675 7868.14814814814 2274.37037037037 60554.2386188779 0 10315.2 81560 254.113261747724
1171.2 728 2189.73113407128 9952.87853010346 169.4 98.4959233663909 363.961242512362 0 1697.69883982749 59713.29 3144.95308641976 12.5452674897119 1655.44444444444 19.7037037037037 13530.7795834115 0 1848 14840 249.006910535438
9465.6 0 36.4 60.9 96.6 20822.195 1851.72360819361 0 433113.64 130944.261302905 6896.51430583588 0 3630.19605695444 0 104129.526081254 0 42453.6 11360 122.733375233172
3878.4 0 55746.6 357933.225 0 359.895665727401 3695.56836589374 257502.777777778 6222.62657135531 376990.551283 19855.1712325439 0 7937.77777777776 0 8625.69473625816 0 1694.72641275841 14960 93.1241290796855
0 19344 892.498383822627 10666.2182373285 10513.6244005288 40.5102934440651 409.571064177584 0 695.217426875706 41018.4151579195 2160.33970579993 333.345679012346 481.837037037036 523.555555555554 975.044134328755 0 170.134414052038 6720 27.1466210626295
0 0 4591.53969867248 54873.3368699649 184.1 204.036012961133 2107.07586107254 0 3537.51084621155 149001.444338922 7847.54201710694 0 4130.79924494305 0 3621.18092449624 0 875.272079356013 8720 139.658278998804
0 0 2144.6981030364 25671.8150641575 160.3 95.3047732714523 984.2105042678 0 1652.36354235032 0 0 0 0 0 38076.989041096 0 1906.8 12360 308.821678442165
0 59800 5258.16928621076 0 60217.641454014 233.659287960273 2412.99483474161 0 4051.1096716783 59650.5 3141.64609053498 1030.50411522634 1653.7037037037 1618.51851851852 16911.889660349 0 999.6 8160 159.934775998753
0 0 1365.76739435487 16322.240301683 15636.686819163 60.6911302230606 201.780177524819 0.641666666666667 1052.24331879986 0 0 0 0 0 0 0 260.352331815678 1600 41.5417782107883
14572.8 46072 509.6 1138.6125 1120 1.53 2248.02877705663 0 5516.27540066349 831841.92 43811.0814814815 793.936213991768 23061.3333333333 1246.96296296296 181316.741152186 0 22302 246480 1425
14630.4 57200 782.6 108.75 397.6 244.590570353874 821.226085791856 0 4240.63273414736 464708.79 24475.0765432099 985.699588477366 12883.2222222222 1548.14814814815 99780.2488271722 0 2478 36280 382.639992600389
16224 1040 91 70197.0346806229 65529.0767256237 254.339923472653 2626.56334770838 0 4409.66388654397 663003.687131463 34918.7842798777 17.9218106995885 18380.5945126782 28.1481481481482 85897.2632742416 0 747.6 8080 174.090227883665
69024 144352 6735.25270415498 83459.4790663109 369.6 303.547011074258 1073.11666380873 7.81666666666669 5234.87542892955 684536.58 36052.8691358024 2487.54732510288 18977.5555555556 3906.96296296296 234312.985851004 0 6661.2 40440 62.703774950261
0 0 0 52.2 7509.79879073865 16.0847995667364 301.010837296078 0 489.482527991664 10297.56 542.34732510288 0 285.481481481483 0 1058.1698630137 0 0 1200 19.9511827141149
0 0 0 0 24580.4472275676 95.0108543512582 981.175209405556 7 1647.26767053336 31646.16 1666.72592592593 0 877.333333333333 0 7831.15181084632 0 407.576813732673 5160 65.0328940089135
11961.6 238368 6108.02701877223 72996.8259468255 2011.8 276.099742408191 904.741675798892 0 4834.97498875531 592109.7 31184.9711934156 4107.67901234568 16415.1851851852 6451.55555555556 168513.54070182 0 25972.8 69040 960
8889.6 936 391.3 909.15 364 244.196593928934 2521.81338459012 0 4233.80209745654 409641.96 21574.8411522634 16.1296296296296 11356.5925925926 25.3333333333333 85895.328354288 0 0 19360 2072.60352503203
0 832 1945.708397151 23253.09576621 109.2 86.4621912894422 892.893335433504 0 1499.05369662307 86059.1220424777 4532.52368914969 14.3374485596708 2385.83564025674 22.5185185185185 5860.66866929364 0 370.904826345551 8840 59.1815173150295
0 0 0 0 69436.234431597 269.50488903586 2783.17164645178 0 4672.58918773816 7654.4 423.295473251029 0 0 0 553.863013698631 0 1159.2 4800 184.47032187245
806.4 0 4548.05467807941 54353.6488479948 208.6 203.038652400708 2087.12041187184 0.583333333333333 3517.02419958515 13562.64 714.311111111111 0 375.999999999999 0 4125.22124225933 0 866.982654262654 2120 138.335619599821
14227.2 134992 0 7.25 172471.638915569 123.60897568782 2313.21758873808 891332.205555554 3761.59078955877 434757.96 22897.6395061728 2326.25102880658 12052.8888888889 3653.62962962964 105365.230549822 0 588 17160 215.733838590543
16454.4 173368 327.6 961.35 670.6 15593.335 1162.23914105376 0 358302.872 723968.7 38129.6625514403 2987.5658436214 20070.7407407407 4692.2962962963 165919.329405142 0 4233.6 53720 1405
39225.6 26208 2748.2 7802.0875 185236.8 62491.405 65472.5135802468 5031728.00277778 1522684.18 677064.57 35659.3366255144 451.62962962963 18770.4074074074 709.333333333332 172237.890110715 0 8190 27000 142.016807571101
15302.4 88816 2999.19986692334 35843.3369716092 0 0.85 1376.34476817292 126486.111111111 1131.31324485715 192576.93 10142.5563786008 1530.52263374486 5338.85185185185 2403.85185185185 42625.6788890973 0 1008 20920 98.8885170576535
3974.4 63544 4809.6684427477 0 53446.4 0.34 712.998132448624 202697.930555555 1797.61673880832 396267.69 20870.4510288065 1095.02263374486 10985.8148148148 1719.85185185185 85236.71255395 0 1941.65333791493 15640 739.78336641193
0 0 3635.57288673506 43448.6095779162 63 161.555348602014 1668.37888236577 0 2800.99473445395 0 0 0 0 0 23804.0849315068 0 1230.63886039425 21040 104.954018430109
5932.8 137800 0 9064.6307934926 576.8 140.913807389869 500.03825163762 23.0416666666667 2441.19797282502 145735.59 7675.53744855967 2374.63991769547 4040.25925925927 3729.62962962964 36011.9275661474 0 999.6 56880 95.347048907296
7987.2 0 5040.46272680148 119.625 768.6 223.984977970053 881.889106023904 6.88333333333333 3883.3795929371 0 0 0 0 0 258144.619178082 0 4132.8 33960 750
76.8 0 4265.05022366956 24400.0420052418 98 189.527674772828 1957.24854021288 0 3285.96993950205 138406.435577273 7289.52879248659 0 3046.99259259258 0 4863.29976636387 0 403.2 1280 357.543215783902
0 10296 1609.3653964794 8907.74970877724 175.7 69.0897070277561 713.488034852404 0 1197.85514539937 142910.04 7526.72263374485 177.425925925926 3961.92592592593 278.666666666667 31046.7173578534 0 932.4 27080 216.395138020277
8966.4 101920 163.8 454.575 926.1 9652.6 1374.31277542221 2.52777777777778 213199.836 1163121.96 61258.7917695473 1756.33744855967 32245.4814814816 2758.51851851852 289147.440795646 0 14288.4 56040 272.399348972504
116044.8 3128736 2083.9 11123.3125 562817.5 278822.355 210856.869135802 12161292.1888889 5945486.348 1626637.74 85671.0353909466 53915.975308642 45095.6296296297 84680.8888888889 697893.293450928 0 60186 101640 515
79104 234624 2174.9 6968.3375 0 42240.325 7715.75308641976 2298536.37222222 890743.792 999365.64 52634.1465020576 4043.16049382716 27705.6296296296 6350.22222222222 273335.550234565 0 24444 38160 301.018445223646
13478.4 91936 746.2 13747.7085992155 1136.8 177.391127829082 587.055153907584 26.6 3027.01860427674 260515.71 13720.7259259259 1584.28806584362 7222.33333333333 2488.2962962963 54345.5520360293 0 3074.4 37920 117.464139892885
11289.6 0 2029.86387389744 0 506.8 5.44 341.506031548021 0.875 806.019959638678 65871.7268870754 3469.30291031203 0 1826.17612128172 0 21832.4549684339 0 2066.94714416376 28480 283.349336604316
0 0 5459.69210009187 24815.6732296847 62543.7784993558 242.614434635123 2505.4744569274 0 4206.37112788866 177174.120653839 9331.32804412545 0 2690.48888888889 0 5294.27942247495 0 1040.76548842051 3880 166.064382016048
5030.4 312 3312.17943261579 30.45 57.4 147.184589482736 1519.9723378246 0 2551.83912944602 249653.04 13148.6156378601 5.37654320987654 6921.18518518518 8.44444444444446 67859.2804653782 0 2772 23480 100.744697781464
3628.8 0 0 37275.9410315339 74623.7162006434 289.541404361433 2990.08834301832 0 5019.97585372834 211443.493820825 11136.2121982423 0 5861.89367826841 0 18647.4775411678 0 697.2 3960 198.184887291035
0 0 210.943954364645 1708.553316699 0 2.09495400563888 21.6345484862017 0 36.3216395464146 1457.03117206575 80.5751854516451 0 0 0 0 0 8.98691717241133 5160 1.43395112834766
0 0 0 0 0 0 0 0 0 0 0 0 0 0 0 0 0 0 0
0 0 0 0 0 0 0 0 0 0 0 0 0 0 0 0 0 0 0
0 0 0 0 0 0 0 0 0 0 0 0 0 0 0 0 0 0 0
26323.2 0 7936.40903789303 0 668.5 4.505 3583.58535969949 0 2963.27849198213 0 0 0 0 0 23877.6904109589 0 571.2 28480 152.120402674258
0 0 0 0 0 0 0 0 0 0 0 0 0 0 0 0 0 0 0
0 0 0 0 0 0 0 0 0 0 0 0 0 0 0 0 0 0 0
0 0 0 0 0 0 0 0 0 0 0 0 0 0 0 0 0 0 0
0 0 0 0 0 0 0 0 0 0 0 0 0 0 0 0 0 0 0
0 0 0 0 0 0 0 0 0 0 0 0 0 0 0 0 0 0 0
0 0 0 0 0 0 0 0 0 0 0 0 0 0 0 0 0 0 0
0 0 0 0 0 0 0 0 0 0 0 0 0 0 0 0 0 0 0
0 0 0 0 0 0 0 0 0 0 0 0 0 0 0 0 0 0 0
0 0 0 0 0 0 0 0 0 0 0 0 0 0 0 0 0 0 0
0 0 0 0 0 0 0 0 0 0 0 0 0 0 0 0 0 0 0
0 0 0 0 0 0 0 0 0 0 0 0 0 0 0 0 0 0 0
0 0 0 0 0 0 0 0 0 0 0 0 0 0 0 0 0 0 0
0 0 0 0 0 0 0 0 0 0 0 0 0 0 0 0 0 0 0
0 0 0 0 0 0 0 0 0 0 0 0 0 0 0 0 0 0 0
0 0 0 0 0 0 0 0 0 0 0 0 0 0 0 0 0 0 0
0 0 0 0 0 0 0 0 0 0 0 0 0 0 0 0 0 0 0
0 0 0 0 0 0 0 0 0 0 0 0 0 0 0 0 0 0 0
0 0 0 0 0 0 0 0 0 0 0 0 0 0 0 0 0 0 0
0 0 0 0 0 0 0 0 0 0 0 0 0 0 0 0 0 0 0
844.8 0 4622.8 16577.85 149.1 354.175757716123 3652.29926892134 305824.283333333 6136.30329226248 258271.605821662 13602.5344418876 0 2495.52592592593 0 921.992317397976 0 1041.6 26360 362.736299384393
115.2 0 0 0 396.9 149.292050676468 504.978096847176 0 2588.37761460166 0 0 0 0 0 5599.84657534245 0 1495.2 16800 102.187209812071
0 0 0 0 0 0 0 0 0 0 0 0 0 0 0 0 0 0 0
0 0 0 0 0 0 0 0 0 0 0 0 0 0 0 0 0 0 0
0 0 0 0 0 0 0 0 0 0 0 0 0 0 0 0 0 0 0
0 116480 3958.5 0 1381.1 216.308416115484 8014.41833107116 16.0416666666667 5800.70407492339 380193.45 20023.8600823045 2007.24279835391 10540.1851851852 3152.59259259259 77182.1786451491 0 5014.8 39560 280
3878.4 0 245.7 492.275 195631.1 0 4884.35305598488 1936712.67222222 0 0 0 0 0 0 179639.273972603 0 9996 11280 339.914451033638
13267.2 227032 855.4 1425.35 1122.8 4524.89 1950.00123002003 0 85645.484 892936.59 47028.7884773663 3912.33127572016 24755.0740740741 6144.74074074074 323283.821279791 0 20958 53280 637.873459848045
6969.6 0 1164.8 1943.3625 70389.2 225.027808870896 28945.1671134169 594864.180555555 6039.33716648064 0 0 0 0 0 292395.216438356 0 4947.6 28920 590
24921.6 22152 0 1529.025 509757.5 38083.995 245699.792592592 4657413.95 846855.72 549286.92 28929.6 381.734567901235 15228 599.555555555557 177002.839106774 0 19588.8 22560 308.608201945575
15264 294424 609.7 0 1059.8 233.224409563352 1792.14550506062 91.875 6150.15796998262 293354.88 15450.2847736625 5073.6646090535 8132.74074074074 7968.74074074073 77716.0854194033 0 4687.2 95240 779.06395323437
1440 14664 927.967404059951 2477.69420016095 50092 126.994813760854 4569.74007089316 677203.722222222 3340.20900756368 213925.53 11266.9349794238 252.697530864198 5930.70370370371 396.888888888888 43371.1377744417 0 4485.6 14720 990
8716.8 138112 700.7 1711 1242.5 235.035375375662 1611.99790125212 20.0277777777778 7152.44907025544 656971.77 34601.0979423868 2380.01646090535 18213.3703703704 3738.07407407408 242827.831037718 0 17858.4 37880 515.85095514218
288 15106.5037040499 315.961553638584 248.033955433857 379.4 45.6514885406681 1710.24557300284 0 1233.30652710297 265865.469797971 14002.4847033812 260.322980496745 5495.04307972919 408.865484867448 4622.860768674 0 0 12920 119.020303900359
26803.2 1352 464.1 1277.8125 117728.8 75369.585 7315.5190320034 2176253.93611111 1960465.452 637883.61 33595.7711934156 23.298353909465 17684.1851851852 36.5925925925928 192905.685794708 0 56792.4 13160 655
614.4 1352 309.4 678.9625 1117.9 170.973841343135 1137.89586604415 1.61388888888889 5202.96866204989 474504.03 24990.9679012346 23.298353909465 13154.7777777778 36.5925925925928 115773.073297054 0 36464.4 32440 224.000095870994
9004.8 133952 673.4 2144.1875 1047.2 2.89 1989.54976303226 45.5 27.392 596818.95 31432.9958847736 2308.32921810699 16545.7407407407 3625.48148148148 148120.350459749 0 29349.6 40200 580
9427.2 49504 749.517481951193 3275.63966249807 821.8 169.388471475627 1148.04103022418 22.9444444444445 5154.72368098379 297938.55 15691.695473251 853.078189300409 8259.81481481481 1339.85185185185 93931.3036592232 0 21856.8 23680 371.770439497101
1017.6 15677.2824192003 0 871.45 181.3 47.3763680021519 389.161093284939 0 1279.90533836449 275910.835305905 14531.5495607755 270.158930577783 4685.74194031224 424.313911630779 15106.6251041907 0 1957.2 9520 123.517324353798
