0 4340.74832484276 0 148.247291828117 202.515210293135 15.9388640244443 0 761155.126389186 313.255974650352 3578.61299412785 147.992035399975 94.5208006127646 66.2102767565116 144.661205333422 2701.73600783515 0 348.496253119813 4102.42669600525 7.05727054260053
0 1286.1298509555 6.18263907551733 13.7864015049718 0 6.31145367673564 0 22630.1132046675 69.3322803998313 722.381940338619 29.8738013477062 25.7441319408732 13.3652642161108 39.4006095238938 240.95509964114 0 61.8838125951805 1124.17228343635 0
0 7552.02729872464 0 344.302225506676 197.993358700837 20.0919325943058 0 3147708.57521059 417.144338073598 5369.610701199 222.057992378579 156.968110292156 99.346705325357 240.234910057525 1705.74812144388 0 91.4147680204277 1715.8121358234 13.5678716429481
0 0 0 0 0 0 0 0 0 0 0 0 0 0 0 0 0 0 0
0 0 103.5252 0 171.391875 5.42291667194382 347.87720702571 2.14647222222223 418.68945273844 0 0 0 0 0 8525.81038684931 0 227.4615 840.40488 54.393672044206
0 1247.0570055765 0 82.89216 767.125 24.0054519223539 26.5069792075973 108.616666666667 831.589867380352 10443.7862640446 431.898388854685 25.5871845698911 193.227370510001 39.1604063547184 890.496186111822 0 522.0783 7430.409 0.930010823724438
1062.27936 3170.74812 243.28422 776.2284 1776.5 41.7551555037522 26.2311859312857 148.054861111111 1649.8529521246 28022.22486 1158.84732444444 65.0575851851852 518.457644444443 99.5686518518518 5262.6665093188 0 1479.5829 14445.73998 160.538303553714
0 667.431362240107 0 108.22032 473.800625 10.6300732481837 9.86566370237232 18486.1532333333 542.059390331046 2509.11235842538 103.763286384953 13.6943935818529 46.4227408599727 20.9588521152833 697.561186571245 0 318.4461 2039.51916 12.0938684055153
0 0 23.29317 66.95136 407.181875 41.6005582437749 1454.63551258889 1746542.08155 3178.24498073355 0 0 0 0 0 3814.83609534246 0 168.9714 2879.92404 3.94301601528301
1046.541888 58929.51384 238.10796 866.64816 0 61.3602858782326 2617.95340579933 4401.96971666666 3234.62730936359 70761.15774 2926.29792 1209.11902222222 1309.1988 1850.51982222222 15692.1353248114 0 2107.8099 12093.6312 254.024464257684
0 30130.8709134842 0 0 0 180.191104976016 1592.44571857661 167.067480728402 3541.40295858091 17645.6879399702 729.730003930032 610.094208596637 326.47449835497 933.730596973076 6263.41885247221 0 716.654426902158 16415.9193871253 0
0 773.3532 222.57918 218.56608 692.43125 6.578541 12.3144893877727 0 844.758645524207 10540.73412 435.907626666666 15.8677037037037 195.021066666667 24.285037037037 1257.11928986301 0 441.9252 2838.92868 26.434017854226
0 4340.06303052864 1555.71711200032 17.53488 45.62375 43.046582115034 1498.18383351088 1329004.72405555 3288.7198951306 16879.5989531297 713.442499057829 89.04965315179 0 61.1982933333331 0 0 0 579.05946 78.6420209363387
6176.95776 131843.83138 282.10617 3962.97144 155986.022941314 3891.702645 110.918994027275 497.066072222223 11236.33753875 110663.30835 4576.43457777778 2705.17901975309 2047.45477777778 4140.19406419753 32596.2961362807 0 2986.24455 15393.75768 391.997142813888
277.180814955528 1767.11751324916 11.7413833994858 112.871991396651 196.796093513491 38.5180989326168 7.58830535562773 9.56797410548629 757.019107780256 19421.3438185046 803.161506041449 73.6090820313582 359.327077646167 112.656457214826 5129.57240021097 0 273.730281741188 772.640424571733 19.0821132701716
1019.001312 23509.93728 46.58634 539.59608 1043.088125 77.8160295 23.4561192479152 517.8222 224.674712625 32601.39624 1348.21703111111 482.378192592592 603.179911111111 738.265125925923 7047.42096045036 0 1109.1456 9603.16308 166.340892838788
0 3995.6582 418.426488220565 497.320117258674 364.384375 8.64168293017044 29.6278785672989 61.3218666666666 660.216750865713 13665.51459 565.131608888889 81.9831358024692 252.834688888889 125.472691358025 2474.0320559955 0 888.183 8624.39886 48.6688740067608
688.5144 46749.20094 0 8410.64508346557 113551.178283494 48.8350396630307 3126.25751988603 313894.408333334 3730.95281037909 10958.33151 453.177191111111 959.202688888889 202.747311111111 1468.03048888889 5532.0994154851 0 597.8988 2065.14126 89.2169836235547
0 1856.04768 95.76081 182.25648 1077.60875 25.0983412369366 59.173484697462 22.5302 1733.46365279781 18100.68687 748.546293333334 38.0824888888889 334.892733333333 58.2840888888891 3378.83472108088 0 1054.9881 14425.2423 309.47142853728
0 3277.69634246632 0 276.39576 590.080625 42.6371983866625 52.090270972813 200.428783333334 1091.59906265995 12322.3440253655 509.585355053738 67.2519547251747 227.983805331047 102.927067571396 1259.69170985719 0 359.6058 3956.05224 15.2504190614356
0 16072.85734 2130.63057977912 0 136069.576250539 58.3098766185721 3705.36742048706 967713.953966666 4454.82177436648 6926.35671 286.436568888889 329.783775308642 128.149088888889 504.724019753086 3361.11653089135 0 750.62295 2567.33442 79.026235721605
239.996448 4343.66714 509.86161 1349.92008 1257.479375 37.9843155 77.5151003775084 0 331.45288815 20937.46914 865.860231111111 89.1236024691358 387.377911111111 136.400958024691 3512.82583124789 0 470.0871 6318.40986 0
0 0 0 0 1458.345 17.9232804965813 1138.39425646284 1455539.77877778 1369.3224005008 2548.78407 105.403893333333 0 47.1567333333332 0 434.097461737662 0 137.56005 225.47448 32.7441327697825
0 4008.54742 0 5901.89075653443 79835.3731496531 34.2683666142138 2186.40505267641 220865.397083334 2618.07217949677 3110.38056 128.62848 82.2475975308642 57.5471999999999 125.877441975308 807.222868260462 0 666.13725 1060.75494 62.6050541603377
19715.118048 139396.9143 898.08111 3619.09296 0 4.415733 53.308593254075 61.2856611111111 2633.94776651951 101778.56388 4209.00970666667 2860.15359259259 1883.07226666667 4377.37792592592 31726.0125856258 0 3846.26565 3868.9371 331.005442511984
0 2219.20048356851 0 20.90016 132.228125 22.0109696964515 1396.1246261548 1590235.7933 1681.6181539894 13094.7358249173 541.527293097747 45.533678185312 167.322063027813 69.6879070728251 326.913853171586 0 0 1568.07252 65.2700106031968
0 2109.69706419248 0 303.621532801131 0 22.6850124182422 9883.14884380342 860067.606903969 1536.01428451525 7540.45050617025 311.832159574682 41.1547520656987 39.9762142340108 62.9860940705797 0 0 294.65967451833 809.04402012145 1.88562711333132
0 0 0 0 0 0 0 0 0 0 0 0 0 0 0 0 0 0 0
66.2881183878522 5083.87950892171 0 12.4563277848474 41.6141241898209 0.617783843928782 155.087049735065 58.3272630339175 3.78486166928835 2482.15432015506 102.648448049385 102.428775137224 45.9239724327584 156.764119390836 958.886484334749 0 113.855758792707 429.596129264824 18.38932727135
1158.63675903194 60145.2768316471 346.006210688246 47.1098416267652 550.152218676829 3.62273820512709 412.910383184527 452.719853730913 10.4597686412738 18551.1469353369 767.174879896064 1219.65139648376 343.226991785604 1866.63930011301 7367.91078471838 0 277.460354512275 5154.8823618996 56.6590053034321
254.616894838349 27380.0058818422 113.171379515011 34.3875390510763 352.036919673649 6.26548035853269 344.072945167161 391.292098495351 40.2459951344384 16925.4243130881 699.943804544476 631.170781723268 313.148426451761 965.987649950097 5542.88424995335 0 496.3641530693 2787.50478022434 3.44796848898422
1226.66970226906 162801.462531223 931.079260975714 205.404906755943 916.884208229333 17.1553574390442 952.472965102473 1430.94786491529 146.585382354641 36204.9940210656 1497.24230186764 3338.09454197627 669.852447871868 5108.8519863213 22585.826093614 0 1385.46844627962 2642.36303200579 277.042146500417
542.408731660479 156455.17676338 150.601887777425 9.83083179161746 203.132691592036 0 544.700853852162 638.183630177921 0 20110.1517759157 831.646869444597 3271.67700078985 372.071167484075 5007.20196324679 11199.1048658863 0 448.952678856951 2546.0602282149 0
403.670102053532 35725.406125099 204.848794252893 240.283340399578 453.243797617197 5.97327061666336 266.830929002009 200.286923496203 61.7505591108954 18423.5072006078 761.896392344747 584.28629627643 340.865444958547 894.232373521972 4985.55856385888 0 611.756720122594 1298.57000192176 29.6100735732712
0 39245.8599786173 77.1179961409035 103.674919516137 680.407214971399 0.306364914736856 160.206662795519 184.264663911429 0.884553601862786 6502.3013978389 268.899939789327 625.755065416697 120.303362171771 957.699061157224 2009.65345888581 0 1232.05919055255 801.373268454216 61.9785717687366
93.2773907757972 3600.61567244158 1.01682788163448 2.11640875813382 1135.59813043505 0.0763044918209274 24.5268727386156 0.253448103617465 0.611581998111237 527.508942599582 21.8149104793117 98.122963249907 9.75979049379304 150.174205493364 426.042580337337 0 157.218485182397 107.120848730696 0.255620361358272
2002.64955067371 71669.1855544694 140.774284007905 63.1959025227142 220.182423722705 4.53587264971235 492.228682182726 621.649693001126 43.5543830386718 16436.4315718976 679.721715376589 1624.39485961956 304.101249576452 2486.08683809907 10005.2181279457 0 437.465820261013 5104.4824836145 38.2089074844821
18.153581850072 19011.7397836773 15.8772990577531 23.797764037013 76.0843412087575 1.42225640297613 69.0163608060288 102.670657895314 4.10641677133794 2015.93124262978 83.3679887466825 248.377121109099 37.2980721066057 380.133615923217 1078.16163077217 0 134.542143099213 463.219310130242 6.52854923887497
23.0731850043716 31969.7233535063 18.373542199132 7.20956471383258 4769.54200715587 0 669.149842715691 118.692705035529 0 2004.54258943657 82.8970157833324 488.811847370298 37.0873631305181 748.111638532766 1807.43452621265 0 61.0977135426953 453.552027165068 17.3984134943184
6.64578710118114 332.164679237957 0 0.335482019838051 68.2512302500096 0.00703350151889573 9.01731782235976 1.60519504907574 0.0557898280436291 21.8625277393852 0.904115640458783 6.33270669409717 0.404493029728795 9.69201464071612 35.9405955821218 0 0.556346965362538 4.84413038780811 0
1834.346980508 51833.765664733 319.122337876048 451.459287479843 737.220617677914 7.074984337671 1397.74874592709 499.27105033378 48.6600707637061 37855.1055844385 1565.48197162274 1090.09981731505 700.382249073985 1668.36455557109 10691.6278915519 0 1554.66213420427 6022.34590769841 643.509235527359
12.4087369782287 854.273049416891 10.0901168835059 16.378568464404 33.9131406896423 0.742138015312903 34.8134109582374 56.4637217988387 7.54398618319322 1392.13776382561 57.5712717647279 68.1756681247413 25.7568579718827 104.34078278432 635.99935039578 0 69.7945289316535 182.496847496209 21.094403303233
146.795924942178 15011.84051154 814.139304701836 177.847020116993 7015.79573479027 5.98335122035789 208.277039492496 290.645465894336 17.2754601411314 3777.6293954949 156.222274982913 352.958020475985 69.892410319213 540.191495873336 2043.3767738879 0 282.895256038031 517.778903405139 59.9917349706791
9107.10102677056 234408.220026803 880.017571090073 9902.90746910626 149756.206765015 4.94980311752384 13782.1566143481 115.886821153033 66.4529555187213 84893.7257492674 3510.74432662514 4824.91539888797 1570.67475191468 7384.3860050913 42072.5000680857 0 3874.63476482312 10432.1122688047 287.799432379695
456.092005642982 91969.2572437519 325.893819065908 818.738484755344 580.217619726614 7.33979323847211 682.335908469795 904.917771344965 62.1632279345882 29284.8957945747 1211.06454993229 1885.98035649289 541.819151309754 2886.43547067642 14206.3367998405 0 3416.21417419363 4409.27677359113 366.924619274815
0 5510.47454104392 27.9864679243208 0 2588.10795031017 0.0565192933648188 359.761128963466 65.0017817194191 1.11080728854909 903.128974241251 37.348518922267 162.718563878792 16.7093841746671 249.035804058251 1539.51199384274 0 82.1438566437384 341.709612123274 4.80870706801393
309.367003681175 1893.72566128154 2.11989263385017 2.11662071330178 938.493186400359 0.343515649443447 20.6699830277543 24.5635930734155 3.13024251848099 388.318403417529 16.0587442674936 49.6883868757231 7.18453462336106 76.0465621314763 421.840093541092 0 37.284706567325 88.7895465350088 0
8970.35904 95174.00048 823.02534 22970.33856 91373.2069617608 17777.020122 67519.4368837735 60420.5241888889 237422.3996319 66138.78663 2735.14170666666 1952.78540246914 1223.67726666666 2988.67855802469 18969.4724962732 0 2090.4795 15332.26464 682.637232389433
7391.98496573814 137958.977292683 771.190492254981 46170.2386952006 6577.07696208812 8.65042159911946 48.2232995614351 0 10413.4464745744 112899.117537155 4668.89552645147 2830.53316677847 2088.82095660159 4332.04476673787 40329.9895495872 0 3591.38894648369 4155.51531720896 236.183930545914
2538.43973616112 45076.6392174659 750.128800815269 12762.4083481166 33222.0765306284 377.044563917805 10644.0067567407 108626.769638035 2307.23419113087 8766.18355469975 362.521834319215 743.657212008775 162.188937503846 1138.14470409335 5826.98834671224 0 403.895327681376 990.937792901206 122.757741906097
4493.048256 306312.3133 812.67282 546.06096 10697.5001127166 1201.38992602444 550.524531736584 48.0499444444445 13098.427109533 20303.8731 839.658133333333 6284.93297530864 375.655333333333 9618.89841975308 28110.9935963971 0 918.5112 3689.5824 7.0659182129925
5889.748896 194098.76398 0 14998.87584 27546.0256514637 275.487669 1363.00305027327 903.219994444445 16929.9284732968 118496.85939 4900.38778666666 3982.52916790123 2192.38846666667 6095.13954567903 35527.2942294314 0 2202.04395 3607.59168 287.550535682556
1125.99725421805 28051.8000051172 166.201802309233 265.097258060531 167.916882692992 0.683508478122966 220.905859855478 36.7346377196839 2475.78144515439 16659.49064908 688.946229706817 573.006540782152 308.228212524816 876.96905142683 5300.98794124334 0 0 886.169390376441 39.0199987835745
0 0 359.959511903498 4258.10414670743 185.216739438412 19.7274049636057 16.0043072955849 0 215.135670451065 0 0 0 0 0 153.760018122572 0 0 0 1.60109963805194
0 0 1.58888162815384 0.00960105544933079 0.0579570387189293 0.0870778803762443 0.0428408981515015 0.00141914701508392 0.949621007464575 0 0 0 0 0 0.831820410068361 0 0.0884330879541108 0.541836378585086 0.00439559944954202
2710.779552 92699.27024 1752.16401 3225.17808 811.13375 1274.00243503693 3928.96694321819 117.290483333333 18962.2221762962 41702.13936 1724.57443555556 1902.00875061728 771.558755555554 2910.96643950617 15953.2407536723 0 1663.7184 11012.37858 186.327589265154
3372.39628248164 60709.9186435674 2515.47823804903 5585.83890425268 3593.22041962008 1325.41578761598 13039.0767541349 11170.639549095 19054.9729541012 8605.1227169727 355.861231108539 802.373288883124 159.209044830891 1228.00787069825 5836.87043055875 0 770.33883631443 10374.7244089879 174.372472989559
689.861819635114 9598.04916308568 164.816246769801 0 271.731220108709 1.02197706839588 228.546731926014 7.55307335616869 2493.78313215618 22799.6132545987 942.868417852666 199.789103016583 421.830666240097 305.771134686718 3993.92494092456 0 433.702936515478 3464.47548942159 48.4103341007783
7455.62736 54637.40358 1731.45897 9916.24032 20671.798125 432.078581074589 199.903191896759 435.8942 4711.99914020705 20577.47139 850.972675555555 1121.05326666667 380.717355555556 1715.73786666667 12467.8049521937 0 1267.2855 2659.57398 46.3843705606464
0 28781.62826 362.3382 30123.2412 10639.5229564789 1194.2513624469 544.207849873571 41412.0954722223 13023.8147400078 22881.45699 946.25303111111 590.543039506173 423.344911111111 903.808128395063 5722.14106160253 0 1965.91725 3658.83588 243.281056670238
15229.938528 255180.77756 274.34178 45092.00664 244631.974121263 3810.0115845 16680.686112284 65483.9021666666 49159.836388575 57110.04306 2361.76181333333 5235.81329876543 1056.63053333333 8013.25272098765 43935.3774062826 0 3057.73245 7563.64392 0
3269.459808 49945.7275 848.90664 29038.64688 106581.319375 0 44380.548028395 133209.978183333 0 24479.847 1012.35377777778 1024.78919753087 452.917777777777 1568.40864197531 9113.87517297806 0 1173.05145 7527.77298 95.7663194867614
76.0374160785394 1207.88032038341 28.8573448247523 12.6391497561192 34.463511829402 36.4742925612777 20.4411987223085 3.69085880976707 394.78880345116 2269.20985892941 93.842219408388 18.8062626427719 41.984146658177 28.7824119567699 568.694751051521 0 47.7712246324019 264.098430854249 2.9131790093475
18629.23248 742999.0869 28474.60626 146623.74408 276720.761875 13894.689645 42361.1443345679 60981.9068444445 182294.346163725 107898.52563 4462.09815111111 15244.8963333333 1996.30171111111 23331.8493333333 75631.6680522424 0 8236.2726 8122.2057 321.768824362521
2203.24608 67062.61166 12213.38547 72147.618 0 3050.3252745 415.982026749869 20.6837166666666 35830.48748235 47130.90543 1949.07877333333 1375.99437283951 871.999933333333 2105.91746172839 12109.5918751886 0 991.08225 2316.23784 5.29227800050139
7809.72048 184199.84302 256.22487 28114.43472 2632.248125 0 602.260616191194 28.2868833333334 0 55022.05611 2275.41399111112 3779.42256049383 1017.99931111111 5784.29107160495 26122.5105936874 0 1381.01625 2398.22856 248.834595846383
513.580585309734 3719.64472929912 30.4703528239325 46.8511493955119 61.710745873963 119.816344076994 55.6935819113967 12.4852361294546 1302.77683077092 4056.86623896533 167.769997212633 125.17881046087 75.0587551341261 191.582355270782 1266.38755782431 0 266.599871649618 491.46333088716 23.7152317909166
22.3472163675982 68.11164329251 0.997098328145874 1.0126844092503 27.9311512609656 1.57974673780609 1.42131827552544 0.0186038613103219 31.047702226032 114.193910632935 4.72244115040709 1.23886225815183 2.11277677673488 1.89604093855005 34.8498161902282 0 5.18845896168906 12.5616609032261 0.0178040017105054
2396.030112 140286.27048 11716.46451 48931.52544 89670.04875 5370.1170885 88891.8473768628 311980.603355555 61164.75686145 24350.24781 1006.99425777778 2878.40145185185 450.519977777779 4405.30571851852 14541.7450640345 0 1117.8108 2685.19608 18.1790414842027
843.999288958475 4249.52802236476 7534.92431314735 84.7338232425648 331.119639316545 214.841118160923 190.747066563141 20.3743581018579 4222.40027653526 17140.2036141497 708.825912215248 86.6045260896832 317.122199807021 132.545588381014 2582.50511313696 0 308.438456592464 2076.97493291903 33.3951383186538
121450.254985891 977855.407272238 72413.8890825684 534703.965103899 2764054.81290152 10589.3057067823 629592.138118408 1900045.71091611 146576.344340213 79537.5566651165 3289.24220666677 20041.0618259494 1471.57673880227 30672.2344828716 143118.242450088 0 10917.0935584143 60292.2432142497 791.797904126241
11815.6447928273 234260.163816839 19166.5768214605 97543.0870926666 330012.666598474 2575.11377053513 150219.183356073 1193797.31724102 34556.7416066116 27611.0176053761 1141.84202136113 5168.0645275686 510.849628104702 7909.56529094416 30730.1768717463 0 1639.99797460494 5171.25610616302 373.441533006418
354.093968475875 8158.53264466096 63.2968092797785 315.784539287959 5232.54550953119 567.187546566358 246.966216164639 31.2948304230935 6099.98857918062 9508.65900736488 393.226594418933 165.05900903906 175.925965030025 252.617784063776 1722.55682925066 0 1015.10235628958 1473.8312837514 35.3257869525627
2899.629216 13275.8966 194.10975 10554.93504 19959.912041481 675.08742854814 3924.41276487623 597.84165 13267.8947558448 50399.685 2084.25777777778 272.395580246913 932.477777777776 416.893135802469 11631.9053589041 0 1273.7844 4647.84894 177.30133926615
5.23544910824454 11.9098225080386 0.342262372701242 0.539458676978481 1.03782950084128 1.31370083661878 0.616989458644981 0.0109011030099084 14.2786906236681 76.5286122265844 3.16480857481149 0.213118197750249 1.41590627531626 0.326170908045336 14.6675903156171 0 0.304383150810284 10.9485940195413 0.311419431383361
2754.0576 109945.0466 13470.5276199592 88234.0221364928 32353.900625 6636.756582 2.46237654320988 36930.2976777777 80329.784418075 33839.7885 1399.43022222222 2255.85854320987 626.092222222223 3452.5227654321 14214.6127057234 0 2218.2912 4806.70596 187.448166743381
684.580032 11020.2831 0 265.68 41704.6922240584 408.18713522826 331.151124962941 97137.0953 4451.45284789553 10065.53709 416.256053333334 226.114777777778 186.229133333333 346.061777777778 5085.93332887971 0 80.1531 1424.58876 98.4670838935566
8281.84464 53902.71804 0 34957.11168 179746.068125 0 15562.4920629629 190400.284083334 0 34674.98328 1433.96935111111 1105.97894814815 641.544711111111 1692.66708148148 17389.7260836029 0 1381.01625 5201.2863 81.9813359228176
17637.771744 168462.1054 0 241965.66888 108204.914251774 5462.712306 32282.2274546751 147428.623961111 114615.157889475 36590.17131 1513.17114666667 3456.51479012345 676.978866666667 5290.09056790122 25101.0187248639 0 1225.04265 3412.86372 8.34812211934288
85.506219895343 18362.7550092161 78.3457406901332 34.7474920872426 166.172023906884 297.086179590059 158.19442747161 27.6003491033674 3232.04413322871 13211.1903854424 546.343222473738 427.579424885407 244.428937451027 654.397281642802 5160.97588665307 0 343.015277971069 650.320091151339 20.5054182961742
4383.12723776198 19765.2258631599 1047.09803241664 268.876772918405 95229.0201467006 814.88075685027 18031.3740745652 251830.059139228 8886.61830007931 13197.3864236342 545.772365438364 360.133818456048 244.173541258939 551.17383603863 5185.19783385102 0 188.446363417542 2756.23787814481 150.549710849403
3446.506368 76909.97574 11744.93394 134760.33504 116015.745625 7984.095849 54342.7437522804 464026.071833334 118816.233344025 29951.8128 1238.64462222222 1578.04313333333 554.158222222222 2415.14693333333 15721.9599838469 0 3125.9709 5964.82488 214.233942896105
199.424278497313 4163.34127265057 13.0228931852868 1952.18328520451 1508.72942523476 2.04385312480443 75.793075288625 30.1505060368535 29.0821543255567 5766.73566287984 238.480928159487 228.491157194266 106.694175885307 349.698754067548 2459.06286629109 0 554.634879096288 495.222505820639 93.0079015078191
0 6096.60106 4172.65582895224 29.2248 56.323125 119.401952074113 185.522159901052 0.775833333333334 2346.67758095985 7055.9559 291.796088888889 125.090397530864 130.546888888889 191.447041975309 1515.66574495778 0 0 717.4188 40.0296079144188
1459.650528 51427.9878 25065.7541269864 294524.756371829 510.138125 1.8473985 620.13712660721 19.8871944444445 7004.50252143464 75801.12624 3134.72369777779 1055.20229629629 1402.44657777778 1614.95496296296 17226.6509751173 0 1319.2767 3551.22306 164.141823322414
3163.231872 81820.76856 31.05756 115151.82264 0 2.883744 1653.35451156478 66.1682388888889 10491.1272714787 104226.54858 4310.24508444445 1678.80305185185 1928.36404444444 2569.35691851852 20541.3834033552 0 1876.0158 3264.25554 321.076607107428
10028.704032 94954.88374 129.4065 97891.30152 121359.376875 15455.2907925 19150.7229319308 376226.441033334 184338.2335176 15062.30586 622.895324444445 1948.28955308642 278.677644444444 2981.79779753086 16516.6655057835 0 427.84425 4053.41622 86.3339049454464
133.756829638383 2221.11784768366 18.9975677921858 30.2332194215481 44.8054545758866 45.554620872341 21.5825835805046 5.64054058160837 496.689850712997 2699.03830370779 111.617593979468 37.1045464177052 49.9366859054484 56.78737773419 506.202023050129 0 24.2005448398827 236.906090823702 1.72010878335039
0 5258.80176 10299.5983757905 221.04576 256.986875 561.61615675095 453.101641891505 0 6110.56851751081 25948.63782 1073.09500444444 107.900385185185 480.092844444446 165.138251851852 5322.69787136047 0 271.87065 1849.91562 9.73388041373895
27406.807488 77631.77206 0 86225.1156 99339.255625 6938.3331225 4253.97274691358 288607.284583334 110440.912209525 74850.73218 3095.4205511111 1592.85299012345 1384.86271111111 2437.81296790124 54508.1920029423 0 2509.65855 20492.55558 605.403482076054
0 0 0 3651.40237522104 13163.7736388613 116.218055521979 581.611535090511 819655.541248331 1873.62070204123 1020.19887383274 42.1898953865688 0 18.8753715179558 0 140.351305087291 0 205.952762756266 443.137965264668 19.6142275858412
0 2990.29904 702.190717513313 66.42 1095.171875 168.264146911503 463.86792994294 1271.14984119772 2601.7254631206 144992.69379 5996.11187555555 61.3551209876543 2682.60535555555 93.9021432098765 24080.2621104748 0 3083.72805 8398.92438 264.984910685046
178.452978225511 524.194705454466 104.420798477566 1954.59677640843 151.40625 31.2138381992224 92.3298994132075 198.494303014353 500.614925319435 46813.0800663713 1935.93523908073 10.755455940703 821.05317192476 16.4608976035535 2116.14930647367 0 166.96833082272 1071.00378 40.0150826697356
1904.234112 23265.0421 371.156458386084 122.2128 12554.9194317438 0.9462285 867.610516456123 241947.685194445 1138.53217052895 67189.98006 2778.61336888889 477.353419753086 1243.12608888889 730.574864197531 12868.6645884781 0 190.6344 1163.24334 18.4814276730262
0 0 273.10182628335 2081.79138082076 271.925625 3.063978 184.110153279758 514.13054648541 669.695225905699 0 0 0 0 0 31381.6756339726 0 237.20985 2690.3205 23.855089283082
0 890.228925170677 35.518569083728 67.2704925410784 214.295095763233 49.7551242318277 135.807022310843 380.66607273252 778.730046901703 94214.9569227999 3896.219921798 26.3129907433224 1743.13299110503 40.2712305881818 16671.9288216063 0 76.5535275394419 1308.05810511184 88.7875010611217
0 0 0 0 0 0 0 0 0 0 0 0 0 0 0 0 0 0 0
14159.790432 78791.80186 574.56486 783.3132 27071.03375 59520.9718035 26828.1949962963 1111060.94462222 875474.37479175 492520.12173 20367.9625066668 1616.65454567901 9112.43926666668 2474.24052345679 121233.081547848 0 8601.29415 7184.43684 251.032952379567
182.820181912043 537.02309909006 106.976244178705 1975.21260300408 25.84 31.562270382157 249.299785338176 203.351969501623 508.834216213919 19663.7805580208 813.187375448285 11.0186696303911 363.812559492249 16.8637381356236 4094.08823511765 0 0 169.10586 5.32679325618561
188.647990712302 87.9246279779732 17.2863189652817 11.9482805859134 79.9635768806411 0.348467472412762 43.5784222291642 3.68765928841767 158.709990275957 21244.2246595074 878.545976615465 4.27645097939541 393.053397081933 6.54497792251122 3592.0500378176 0 38.6090747021093 555.548425882983 10.8798985975069
1416.13910206535 3551.97597301072 50.7729511652144 51.1381203696772 268.095569373754 84.961488750348 229.363821690084 648.718556550231 1669.79867106076 102237.526508984 4227.9899131733 70.1522662726736 1891.56383665085 107.365906023712 24379.5302980648 0 395.412921758175 3090.17173507184 38.4942486092818
0 747.57476 321.658859879298 31786.8178857708 10749.3748751837 94.9022279130239 767.017105230639 185829.203388889 1529.9755110259 100684.17072 4163.75153777778 15.3387802469136 1862.82417777778 23.4755358024691 17202.3010782661 0 562.15485 2003.64822 43.0954858503957
691.509867973646 885.418443161633 14.1590993704564 21.0269789642509 39.3974756767252 13.9791394896838 39.6411827273929 9.6973337683967 219.661962960121 16741.2096085062 692.325682907287 18.4139824676492 309.740148833308 28.1820391013373 2995.56133717836 0 115.604617039238 238.548903115423 2.26623289324614
1105.557408 2593.98966479745 49.17447 18.42048 333.699375 152.455645404423 1204.19599771258 982.253664874401 2457.8285369674 115804.48501011 4789.04577645422 53.2236233217574 874.840829470332 81.457133795137 487.531226522895 0 432.17685 1455.33528 47.6509716473701
478.047453785303 1404.23514766771 279.726891256179 7623.93741001576 9390.86650052669 82.5306201649694 413.023264505075 531.735009919463 1330.52543168857 0 0 28.8121743771383 0 44.096154990785 0 0 0 661.05018 13.9287682920335
112.42860327987 330.252143544911 275.425521301236 38.25792 234.376875 3.6497385 64.3412019971978 9.70308888888889 224.699802914655 8164.74897 337.649759999999 6.77613173551706 151.0614 10.3706631556565 743.86582708472 0 350.9406 4658.09778 35.512415748011
165.243456 0 163.05219 159.408 603.404375 74.5015826010132 211.31236559259 475.576950322927 1186.1653446618 0 0 0 0 0 24851.8512690411 0 1985.41395 11099.49372 49.7248184993365
194.72333365471 629.892865675786 113.941309271641 2125.84679782859 59.2878931272348 33.6172431415795 265.531325769104 278.510725950952 541.96365971469 36527.4194831448 1510.57607125711 9.28979153814502 675.817853774278 14.2177428935447 6665.01917073355 0 87.3232601392049 345.258103709008 30.9201336751339
3277.328544 515.5688 328.69251 50.0364 568.278125 210.182087293417 584.347817487092 1607.29291279176 4130.8335718386 142559.109 5895.472 10.5784691358025 2637.58 16.190024691358 26611.2367390505 0 920.6775 9926.00154 176.819462922979
639.625593101241 0 0 191.7324 26847.35625 56.514057336643 145.966188683288 238681.814777777 857.481091615096 0 0 0 0 0 19886.0659287488 0 498.249 1460.4597 8.66340428262428
0 112.986884907766 17.9465084930369 10.6214694970091 43.1096911067272 20.9599743657757 169.09793056858 164.060263736689 337.90826829437 4173.41390742596 172.58977702814 2.27529523222607 77.2150803351934 3.4822700257446 672.400358631458 0 44.6471517647216 238.864420198678 3.53743405495176
980.491010922955 2931.68923633426 628.079760911823 15690.6635723289 65.205625 169.633477524263 1339.16863728138 1090.60594987127 2731.03283668082 7991.95005 330.503733333333 60.1525617964592 147.864333333334 92.0616630091663 1185.44154189348 0 256.80073745344 107.61282 28.5683607253372
0 40.9497491421933 85.40829 150.616352876753 81.5575 0.7659945 10.6021782422855 16.023467954989 29.3258397781088 1428.02561965252 62.0081688974451 0.840209216344251 0 0 0 0 144.05895 1527.07716 0.406185223582993
3804.533856 23342.37742 284.6943 859.82904 1520.11875 5.3619615 781.449092040107 36.4227888888889 2661.08732905481 212024.27484 8768.17472 478.940190123457 3922.8008 733.003367901235 41021.7478970463 0 1661.5521 19257.57036 128.301696414414
0 0 0 245.13408 438.674375 56.468905494271 161.483199993379 599.615407631457 910.368960145498 33407.7912 1381.56515555556 0 618.099555555556 0 5490.11602687185 0 275.1201 4975.81182 74.6482552784167
1223.588448 0 465.8634 117.25344 608.0475 120.135306085704 327.361282337645 60.2460444444445 1884.08969869283 0 0 0 0 0 26167.6431419178 0 1801.27845 4611.978 2.89173358204895
0 1.19986920727273 0.478533800596628 6.20848805344714 0.313805434642073 0.0987380948288169 0.781856251538003 0.762198684796074 1.58416027557508 167.065559290178 6.90892594565517 0.0154401365369066 3.09098998277681 0.0236306585160249 37.159104484521 0 1.81611122053183 1.83247945869069 0.112995749848976
0 1005.9230043911 31.05756 38.25792 411.0175 62.0495626721788 174.64410410602 625.186888100338 1120.26900085799 36234.4691055754 1523.2191859715 20.6395838051972 110.389829218201 31.5882541354267 47.9904894246576 0 146.22525 968.51538 8.57811055721761
448.517952 14351.4594555557 214.254610016658 5891.70018336837 394.8675 64.0247317366806 178.358287577726 24.43875 1023.78891243162 76736.4619856948 3173.40411418906 294.464038367561 1419.75184065038 450.668238540562 5426.52281197387 0 50.90805 2208.62502 106.733719684655
0 5117.02034 164.140179788907 72.1442514497938 6352.38104443961 48.427917570363 399.045663332815 398.986459462123 780.735390116885 51062.08086 2111.65088 104.991306172839 944.7332 160.685995061729 9268.39033400638 0 151.641 450.94896 8.17322396651026
511.46784 0 186.34536 585.55872 292.920625 220.582798496473 642.973028344587 50461.0172111111 3535.16698020894 0 0 0 0 0 14390.2403013699 0 370.4373 6118.55748 213.542362496421
0 0 78.1613909279336 1424.70728747665 140.303125 23.691555267688 68.5994847834633 148.577592214119 375.418576415771 1526.39046 63.1232355555556 0 28.2407555555556 0 261.970434077688 0 0 579.05946 0.579653714638965
2872.08864 1045.41929021498 38.82195 16.47216 292.71875 6952.2111405 488.751765017195 395.863924625249 106882.854372 38279.3506438384 1583.02644763956 21.4499707808378 708.231486429783 32.8285267095341 20034.3624731022 0 2639.63655 281.8431 10.3696329532923
0 1274.59208295655 36.1344778211963 15139.2994236448 137.742884990986 94.4990973866622 744.012329226504 10138.6464761029 1520.32676878124 58684.7483824589 2426.88308970724 32.8842082457631 449.611515730644 50.3282787537554 920.714723890993 0 276.564521417021 542.358663947257 32.8566350007021
51.2232117124704 2728.30905047464 29.9729862778884 815.716054267925 1035.97269402835 8.84322967520779 69.8497045057894 57.9068813112928 142.566988562643 7093.45838767329 293.346988495088 55.979595901413 131.240747121668 85.6750658551095 757.480319030381 0 56.7418889739478 1424.58876 3.426676393406
708.648716425358 2081.61224806149 505.246527317787 11322.0608467306 24.62875 124.324441073223 966.337365149392 788.234158082312 1983.79471943993 75864.6075883366 3152.08191895346 42.7106351641661 333.951286124359 65.3673257457567 0 0 248.425128728197 732.79206 64.489534574917
310.953507808504 913.406904477257 181.952769282067 4992.67825928121 155.241875 54.8548648578133 428.719723614733 349.754592316992 872.22621640233 14572.70892 602.648248888888 18.7413333534564 269.619288888889 28.6830396578375 1887.56916833048 0 136.4769 2218.87386 11.0203644563965
762.087799959074 0 445.931569049947 132.30864 15159.9819637801 139.002299713172 1054.86942225416 1197.97888673617 2222.3263381063 0 0 0 0 0 4464.96295769317 0 166.8051 445.82454 136.322381495659
161.586536401666 474.650564516998 94.5514909421338 2573.22271466038 3247.38811942333 28.7075242685786 139.60747669761 228.404058701502 459.201144345911 0 0 9.73890651845936 0 0 0 0 101.89443525129 368.95824 4.70811298508003
2486.520576 2629.40088 370.10259 366.54984 2082.744375 61.4147355 602.997001808175 1275.55621726101 2577.69177899774 96378.59763 3985.69637333333 53.9501925925926 1783.16393333333 82.5691259259258 16902.6506565284 0 3601.47375 25099.40916 314.629285679568
0 141.78142 178.58097 236.4552 538.400625 6231.65608006173 376.260279250835 996.524963802243 91135.8953841239 103506.55308 4280.46997333333 2.90907901234568 1915.04293333333 4.45225679012346 17626.9249307863 0 689.96655 3966.30108 60.565381822289
2191.442976 0 887.54091050493 14045.960593966 335.314375 1096.97751697002 729.616814044471 943.669003077206 16214.1160685848 0 0 0 0 0 60512.9419824657 0 616.31235 2915.79498 3.66463632057303
54.8589625648046 161.144846161409 0 18.42048 2088.18116905598 9.97235691874994 78.9790929305085 61.0199484854251 195.9926617953 460.79712 19.0560711111111 3.30637886061395 4.08432506427189 5.06031210235823 0 0 62.8227 179.3547 1.59841407428492
304.155299114199 893.437582364705 0 116.8992 5985.6146002406 52.5096938883191 414.756456238072 338.313737916446 846.540144602544 9489.54069 392.435964444444 18.3316016985725 175.572244444444 28.0559578443688 645.440658383723 0 86.1603188633654 594.43272 8.86210909107461
0.901460126205402 29.4983068014706 2.19117483239475 30.5968306376282 1.80753951344309 0.334836888289752 0.975366826899923 2.86012423353631 5.39810550855499 493.410812697527 20.4047966570521 1.17875555356076 9.12891852708439 1.80404945859649 91.7194822281861 0 5.6886640444499 26.4179295755795 0.459329107313523
0 141.78142 49.17447 22.84848 294.939375 82.8537764289225 644.612164979319 522.785417474933 1318.01870550465 87997.85001 3639.11408 2.90907901234568 1628.1062 4.45225679012346 14445.8952776431 0 655.30575 1270.85616 96.170463583383
0 759.718957079395 151.337774478276 4118.66375657664 189.964375 44.6506959913263 355.183801694778 372.389829998745 719.84054451915 26956.9411937386 1150.40463963748 15.5879555538435 34.4778070633591 23.8568910174707 0 0 219.379688469046 481.69548 15.2725245373745
0 1430.04593704958 0 0 9265.47287291989 81.8014097115347 646.121892833621 527.036793343416 1318.76939433651 0 0 28.5576005147342 0 0 0 0 42.8474180223021 226.362416912764 13.8056987764801
891.533438293359 2618.82492932351 521.675986703896 14197.4334333965 79.336875 155.176917701926 1215.72515935506 1193.86866557702 2488.64551446682 0 0 53.7331946520403 0 82.2370171897362 0 205.708239920282 233.501829050554 404.82918 37.5816011789486
0 0 20.3957870431715 5.98198335326477 4607.21218162435 42.8289608411267 328.325454989888 125574.444581316 841.743040844886 0 0 0 0 0 10129.6337828673 0 117.671762734693 484.596580727099 38.0398080858126
2872.08864 9434.90904 90.58455 250.35912 784.688125 6416.3754585 553.386790767037 1232.10044218276 101610.45035145 114076.08702 4717.56860444444 193.585985185185 2110.59684444444 296.277451851852 25034.6962519647 0 905.5134 4924.56762 214.051071404952
3961.908576 0 517.626 141.16464 19106.863125 33794.505819 11311.8971172839 797006.347394445 430672.14716505 0 0 0 0 0 40563.0797819178 0 452.7567 1214.48754 163.128141756683
0 0 131.712455029629 3896.2910806406 0 0.270351 306.94559355064 407.280118707295 409.232578099849 0 0 0 0 0 15092.7984394521 0 267.53805 3110.52294 35.8841285856248
443.850926425192 0 330.167677927683 0 211.916622729107 73.3599312227408 208.909548372627 64290.0602145284 1441.78636069792 0 0 0 0 0 21630.158454471 0 444.319716497399 930.847341558337 52.9120777266521
127.912960795777 577.013145742953 74.8475796523032 2129.14959661664 82.0927700354367 22.2343037658062 176.614739850601 176.455659807958 356.887244835442 1534.94241762573 63.4768981666743 7.70938220120543 28.3989809580059 11.798974557689 114.658675317232 0 33.5017274980298 305.373717031054 0.555078115449556
0 193.3383 28.46943 1394.46884761071 473.396875 46.6994630425571 130.338758172583 362.881685415886 724.945946441526 10843.13223 448.413173333334 3.96692592592593 200.615933333333 6.07125925925927 2099.12437830737 0 839.44125 5037.30486 26.6683422052436
0 1624.04172 392.564399284252 45.8359783828067 503.47625 84.2278238072723 223.019714680282 621.118795234024 1293.00623662152 92649.02094 3831.46129777778 33.3221777777778 1714.16057777778 50.9985777777779 17113.670481246 0 805.8636 3909.93246 0
601.232716391605 1766.08431987172 351.808083791748 6495.79508309661 82.970625 103.797454738778 819.861273340318 668.754706008695 1673.38077671575 62992.8949819954 2674.29366693966 36.2366156931679 119.278911457118 55.4590362057276 0 0 0 399.70476 2.60904853648175
0 0 17.1483168190318 163.467013066482 37.8349022781532 5.05943928202437 41.0436740234553 32.9379858218238 81.5662431878216 4701.12631720632 194.413101807147 0 86.9786353093511 0 794.47647228523 0 22.2178771496783 526.674172990733 0.127173856886997
350.158752 14423.03718 351.98568 56.76696 457.650625 2390.80401 366.275507459399 67239.9525512294 32272.467988725 218993.83128 9056.39779555555 295.932674074074 4051.74915555555 452.915940740741 39913.7987568099 0 1887.93045 4786.20828 95.4359736672804
5811.061536 260903.59124 310.5756 283.74624 129504.83125 111894.5390445 40243.6511469136 3525767.62669445 1605579.78727238 338225.08608 13987.1561955555 5353.23430617284 6257.72515555557 8192.9619950617 102751.972976003 0 6271.4385 6205.67262 0
4005.186624 16317.75252 377.86698 1490.19912 11991.375 16232.144391 9.99435185185185 902420.508538889 235743.6215244 212859.46962 8802.71384888889 334.808548148148 3938.25328888889 512.414281481484 44715.1940259261 0 1877.09895 5175.6642 115.723009510833
0 270.67362 362.3382 3739.50091276604 429.791875 63.0874078277527 178.805306544679 468.472398972216 966.490926567189 37065.36834 1532.82272 5.55369629629629 685.7708 8.49976296296294 12921.5668658585 0 680.2182 2613.4542 84.4552593237831
119.743131621844 351.738123033099 173.592248140583 73.1877829258035 403.548125 2.7485685 73.2055891407839 8.0997 239.735213517676 12879.3366187272 532.619549511081 7.21698225026559 238.289092272754 11.0453714359709 2556.68527968404 0 265.322364732882 2065.14126 42.4272144342033
217.504923784604 575.249247073278 127.271833960032 1144.36635139573 4290.18783082055 37.550281058373 296.597072830755 241.932013004885 605.370513578491 26137.3890751036 1083.46443393462 13.1091374765122 124.128663793543 20.0631354785382 0 0 56.9667892978058 65.8149233544501 6.33739529785835
232.127712 64.4461 159.772004132281 71.5688047887709 273.33875 47.1391310532286 380.262137658655 303.711837716476 759.958092749716 41169.34269 1702.54085333333 1.32230864197531 761.701133333331 2.02375308641975 6750.96024544942 0 401.84865 3341.12184 7.95571428659773
597.51091226466 1755.15174795567 0 3233.4599579004 11748.1340816121 103.154918521302 814.786095314488 664.614921268311 1663.02206650099 64267.1029911121 2657.73901690994 36.0123005783105 873.23539767389 55.1157287572146 334.721396707204 0 40.07655 635.42808 52.2250857101262
3.87239735751562 11.3749303172759 2.26591244435949 61.6669003646478 240.23125 0.668534792749853 12.8414764944411 4.30729048132412 10.7778487783602 396.673783236811 17.2244913604014 0.233391448984514 0 0 0 0 1.01422092201201 379.20708 0.112829228773054
0 0 0 0 0 0 0 0 0 0 0 0 0 0 0 0 0 0 0
0 0 0 0 0 0 0 0 0 0 0 0 0 0 0 0 0 0 0
0 0 0 0 0 0 0 0 0 0 0 0 0 0 0 0 0 0 0
0 0 36.3731610311382 2.66540273030484 19.071449961223 0.200908442777344 86.0242060812548 69.1420229740507 112.200303172122 0 0 0 0 0 625.262000898358 0 9.4579426840766 252.766467333664 3.62362785981628
0 0 0 0 0 0 0 0 0 0 0 0 0 0 0 0 0 0 0
0 0 0 0 0 0 0 0 0 0 0 0 0 0 0 0 0 0 0
0 0 0 0 0 0 0 0 0 0 0 0 0 0 0 0 0 0 0
0 0 0 0 0 0 0 0 0 0 0 0 0 0 0 0 0 0 0
0 0 0 0 0 0 0 0 0 0 0 0 0 0 0 0 0 0 0
0 0 0 0 0 0 0 0 0 0 0 0 0 0 0 0 0 0 0
0 0 0 0 0 0 0 0 0 0 0 0 0 0 0 0 0 0 0
0 0 0 0 0 0 0 0 0 0 0 0 0 0 0 0 0 0 0
0 0 0 0 0 0 0 0 0 0 0 0 0 0 0 0 0 0 0
0 0 0 0 0 0 0 0 0 0 0 0 0 0 0 0 0 0 0
0 0 0 0 0 0 0 0 0 0 0 0 0 0 0 0 0 0 0
0 0 0 0 0 0 0 0 0 0 0 0 0 0 0 0 0 0 0
0 0 0 0 0 0 0 0 0 0 0 0 0 0 0 0 0 0 0
0 0 0 0 0 0 0 0 0 0 0 0 0 0 0 0 0 0 0
0 0 0 0 0 0 0 0 0 0 0 0 0 0 0 0 0 0 0
0 0 0 0 0 0 0 0 0 0 0 0 0 0 0 0 0 0 0
0 0 0 0 0 0 0 0 0 0 0 0 0 0 0 0 0 0 0
0 0 0 0 0 0 0 0 0 0 0 0 0 0 0 0 0 0 0
0 0 0 0 0 0 0 0 0 0 0 0 0 0 0 0 0 0 0
428.194057058989 1052.48480258979 159.284891775098 38.2800946388527 69.3870300277053 74.2806496544002 587.765954783083 7284.56843916414 1193.83116859647 46391.5219908515 1992.9171735685 26.0930298913728 24.1716191314261 39.9345872063768 0 0 76.7975238950456 734.040761561931 1.85814751500029
15.7618118027083 22.0021532858294 0 6.63517368281329 5.58488249920545 2.943607272616 7.68809010040416 37.7072960900848 45.7158816737701 132.039063325917 5.4604199353138 0.949972783168981 2.44294170390174 1.45390439941546 19.6091761929909 0 5.34793289087476 72.891710597693 0.459248601209289
0 0 0 0 0 0 0 0 0 0 0 0 0 0 0 0 0 0 0
0 0 0 0 0 0 0 0 0 0 0 0 0 0 0 0 0 0 0
0 0 0 0 0 0 0 0 0 0 0 0 0 0 0 0 0 0 0
0 6161.04716 367.51446 246.90528 1156.541875 804.314093019845 2146.03238522629 50.4291666666666 7967.9020934113 55828.45107 2308.76211555555 126.41270617284 1032.91895555556 193.470795061728 9278.79021964348 0 1187.1324 3945.8034 127.012232128842
3784.862016 0 49.17447 107.1576 39588.495 0.7659945 1501.56243910403 285858.951894445 2.211621375 0 0 0 0 0 31997.474649863 0 949.92255 1117.12356 55.3146048472847
346.224384 451.1227 121.64211 394.26912 13726.086875 1032.36752225395 2924.8337012614 359704.739177777 10414.450446838 137202.34248 5673.94517333333 9.25616049382716 2538.47093333333 14.1662716049383 23714.442393845 0 1439.50635 3177.1404 159.893571410928
5634.014976 270.67362 137.17089 249.2964 120166.09375 21750.6841785 53297.5087506172 1070848.41161667 370555.94533185 150579.85887 6227.16673777778 5.55369629629629 2785.97717777778 8.49976296296294 29839.5461356652 0 874.10205 1834.54236 6.74917227536378
0 8042.87328 106.11333 139.12776 402.53875 1013.03565733135 413.254781554555 17.0114388888889 10208.1314985688 67996.37502 2811.96149333333 165.024118518519 1258.04573333333 252.564385185185 10873.4291387953 0 1307.36205 6764.2344 100.154514441643
1672.1064 0 98.5873504774741 125.335697028248 11226.6725 528.683230616266 5780.07365685054 168077.443644445 5315.02436156953 0 0 0 0 0 14476.8020942466 0 423.51165 1281.105 10.315714284576
0 532.681475435102 9.34871848638324 6.80304004358767 42.9986789833061 122.209664097252 21.2292224584189 0.314494673758124 1292.04689097443 10360.4535790636 428.452200712544 8.32682170991674 191.685577601826 12.7439469126798 2147.07764470113 0 159.043216152041 118.156668293549 11.0054624971437
0 508.947705375365 62.4176374739506 217.509108247907 303.821875 215.561700504976 592.936649752975 15.4235666666667 2165.82513818624 44723.561318921 1849.52407001914 10.4426171503217 416.511604694327 15.982107366926 1002.19319427195 0 339.02595 2331.6111 21.5598201700226
472.12416 116.00298 0 209.4444 77860.563125 17163.0980595 2204.76015200086 264191.566488889 293048.8375263 148938.26913 6159.27948444445 2.38015555555556 2755.60504444445 3.64275555555556 28817.1424071758 0 3171.4632 891.64908 117.341249987052
1.8377982263578 0.363190929555294 0.228785672657819 0.26287387237377 1.1402244845487 0.00570209922131349 0.46155058614045 0.143295810002666 0.0164634139282041 115.527913040795 4.77760825897448 0.044048892613331 2.13745803418385 0.0674154879956274 21.5617509622072 0 2.02281007639943 3.14231171066164 0.0791903724035106
0 0.228830604148378 0 0.211883030699306 0.392205087313611 0.415294569198244 0.189729323139875 0 4.18480050335035 86.7548566481574 3.58771061225715 0.0202566103233034 1.29684546562471 0.0310021248904105 6.84114738556999 0 0.418922794035564 1.04474260872339 0.0418217837097657
