2982.63236362581 9771.09870893592 0 0 234.757292426713 0 0 815122.532694184 0 4495.66825846951 185.916470192695 212.828342343713 83.1773203995966 325.72729317739 1895.23658442393 0 411.56920224107 3833.56641076492 19.8182051089758
0 1263.89220805818 6.27830700283275 45.5259674539313 0 1.62260344655225 0 6687.99411014242 23.3599073616329 1528.24962074966 63.2001203664946 27.5324764566967 28.2751531134842 42.1376163153439 348.405867867306 0 80.7960605055146 970.64299343717 6.25598610116912
0 13321.5531751131 0 0 230.620675295812 1.33140691886758 2.82415901309891 3334655.0044178 11.9809789391507 8035.16065472075 332.290689719504 266.651301424232 148.663801200373 408.101692089834 2628.64520017219 0 211.772839796959 3370.04277098834 70.8409735566913
0 0 0 0 0 0 0 0 0 0 0 0 0 0 0 0 0 0 0
283.274496 0 103.5252 11.68992 196.424375 31.9695902984246 98.342424998675 3.10333333333334 314.55878707294 0 0 0 0 0 6344.66369095888 0 536.15925 1803.79584 79.5108619009972
546.877152 193.3383 0 394.00344 403.951875 38.7290931160723 103.216908837729 96.9791666666666 380.219860989532 13135.105984801 543.196784082221 3.96692592592593 243.021249826915 6.07125925925927 2131.82424533816 0 644.47425 7814.7405 33.2180487879375
1510.797312 12695.8817 243.28422 1385.16696 3207.995625 160.952315367564 348.345935588257 397.588722222223 2802.46456391034 24091.04943 996.275217777778 260.494802469136 445.72437777778 398.679358024691 5977.01484871457 0 1027.90935 12893.04072 154.73571426864
0 0 0 136.47096 314.1175 30.7609622743725 84.5839001402969 43.6276944444445 301.790912160008 2456.70192604335 101.595874994804 0 45.4530609201085 0 1193.97261306301 0 209.04795 2111.26104 79.4570206907101
0 12734.54936 23.29317 97.32744 526.49 248.189122726971 10.3999197530864 1896616.48337777 2502.28337364471 7761.55149 320.975697777777 261.288187654322 143.601577777778 399.893609876543 7754.63300680803 0 331.4439 3141.26946 7.34971710320503
2817.007488 87156.90564 238.10796 454.13568 0 253.674354956365 751.769069135904 53.8790388888889 2544.9512861198 73497.14064 3039.44334222222 1788.29020740741 1359.81902222222 2736.92367407407 18008.2768973391 0 4440.915 12934.03608 244.99821425868
308.733672646124 21898.4344955959 0 0 0 53.4472477182286 628.949618702764 0 1050.43054829225 22175.757475901 917.069124484809 444.883183173256 410.288299453995 680.880156464965 5657.06651394941 0 682.091543584982 13380.4833459011 64.5057645731261
0 1598.26328 222.57918 452.0988 2809.2925 25.9488937598909 177.256444750137 214.895488888889 509.989042718901 13867.11333 573.46864 32.7932543209877 256.5646 50.1890765432097 1737.41884273973 0 356.35635 4048.2918 88.328303561682
0 0 1538.0563972633 1220.00256 174.42 220.864358526881 0 832959.007144445 2226.79062684183 20717.3758065494 863.056265703411 0 100.601031111111 0 85.1410218082193 0 74.73735 871.1514 114.815858679472
9922.476096 163718.87244 282.10617 3253.51728 183716.449001667 0 955.654993167 1113.16566666667 0 119864.85084 4956.96049777778 3359.19287407407 2217.69857777778 5141.14234074073 32276.6821149784 0 5073.4746 16941.33252 397.799732098962
1173.58806262189 3895.27356301594 10.4243739524203 138.608910976997 311.132096013673 6.50143158380066 84.4552657448253 6.38944559948551 155.843035546654 19351.3369067202 800.266399645748 158.14925727895 358.031833647523 242.04261953182 4683.69877187717 0 128.570491479734 836.524978730298 11.9672903822543
12432.60288 20596.97356 46.58634 527.28624 5523.905625 8.741349 371.216485635317 677.147333333334 90.991444125 74850.73218 3095.4205511111 422.609841975309 1384.86271111111 646.791486419753 3276.98215890411 0 1009.4958 10243.71558 177.30133926615
645.236352 6341.49624 389.168619370647 298.718746122136 443.519375 41.5478101529397 123.264169416863 175.312472222222 415.009896474042 13780.71387 569.895626666666 130.11517037037 254.966066666667 199.137303703704 2655.23623214862 0 1049.57235 6948.71352 101.076853601988
0 57614.8134 0 8499.07011931958 131598.298383686 250.177132507127 723.648245598741 164167.781555556 2523.3603483436 13334.31666 551.435057777778 1182.14392592593 246.706977777778 1809.23525925926 6380.18837395382 0 663.97095 2311.11342 129.281063178622
546.877152 6315.7178 95.76081 232.20432 446.345625 113.784471025599 331.037370882883 0 1145.85799955353 26683.03323 1103.46561777778 129.586246913581 493.680377777779 198.327802469136 4908.8415316945 0 877.3515 15024.79944 627.324374930778
173.112192 0 0 392.3208 775.2 66.8900043510299 136.135408990859 342.608 560.073182154245 3439.18856750565 142.22619687143 0 63.6306935804537 0 3703.49183750402 0 422.4285 4857.95016 20.9761449543216
637.367616 20725.86576 2177.54916336605 702.822758028391 163835.739209196 320.434795136077 1597.75041638312 794179.143488889 3214.27722891625 11275.12953 466.27824 425.254459259259 208.6086 650.838992592594 3210.14789125164 0 1132.9749 3505.10328 62.6736768031726
295.0776 3016.07748 509.86161 1107.70848 1415.749375 28.7022645 397.629559237593 956.281822222223 318.633700725 20375.87265 842.635644444444 61.8840444444444 376.987444444444 94.7116444444446 2868.24737095891 0 629.31015 6882.09606 157.314642839784
0 0 0 0 0 86.5022271864001 446.217507582063 1995661.77179445 872.129618306771 0 0 0 0 0 1043.34586520548 0 425.67795 358.7094 44.9679955531824
0 3144.96968 0 6338.89220068042 97959.6696554516 184.727431895337 541.386234039326 217592.089011111 1862.4522155078 6033.56229 249.515431111112 64.528661728395 111.630911111111 98.7591506172841 1190.82204628261 0 424.5948 1347.72246 96.0301555949566
16154.515008 167856.31206 898.08111 2837.28528 0 46.0948455 966.11336346311 134.234683333333 1233.010078139 103708.15182 4288.80700444444 3444.08508888889 1918.77284444444 5271.06728888888 39474.941964286 0 4088.89125 4827.20364 97.3609970336935
0 0 0 149.40072 171.795625 149.387676845857 0 1825124.92096667 1506.15101859245 20782.2737221814 859.442189874075 0 310.328604444444 0 571.988951548232 0 224.21205 3848.43942 110.80467657821
0 38.2131410687098 0 0 3107.59785654769 98.8768642982447 4036.7868533463 1243679.17226724 996.89273588271 11760.5190174718 497.333275242708 0.802048450432024 35.6379288181 1.22751071534651 183.397634683353 0 281.190174249436 1047.47191207433 2.92807747841366
0 0 0 0 0 0 0 0 0 0 0 0 0 0 0 0 0 0 0
204.318351083051 7874.75728189174 0 20.643683723974 247.859162965986 0.288811644313489 184.615822324223 91.8457059462419 0.833872835787477 3905.76137822865 161.521119243446 143.912345608207 72.263064550918 220.253460011761 1723.66333234661 0 170.307965500117 498.723166353844 19.3548366369306
0 58643.2537214188 341.153802351894 86.1228036171791 562.906171895772 270.547980660709 69.0579875090329 490.240959664465 1569.13883974593 21118.2559505727 873.336593633136 1161.34880271189 390.722767004047 1777.40895679783 8200.60225333619 0 303.522072810422 5304.59907911858 138.472436867608
0 19083.1261178535 111.987008193283 106.681323335932 194.616331396238 9.98224549633388 52.854010908377 565.288429795422 60.6313609320867 18542.7549980797 766.827834859983 432.092146698826 343.071727025418 661.303864877723 4661.58441534857 0 929.847713222741 3028.8444650859 2.41596706863652
224.106293987794 144832.165301138 931.092453383477 997.745683015748 1100.07490185222 19.091796895582 144.560254712552 1445.26235471996 144.891896913891 43486.9007061647 1798.38249045155 2969.73318403736 804.579801102475 4545.08615179344 19978.9332976196 0 1093.2366856799 5602.29867405798 221.636857515551
0 138725.280027006 150.511006294644 114.174838131426 308.849900636309 0 92.207768325678 964.851723244602 0 29103.4734610558 1203.56190562609 2876.4581813723 538.462537188078 4402.33160226011 15838.1988218375 0 468.063257398287 3438.54566904289 91.7160331239717
258.393635849959 35352.0345986433 202.473890047235 270.370948641289 383.777145271834 8.1524794342873 60.3767058350757 10.4405020530394 61.4883169018894 21051.7375005612 870.585751106995 587.644198986229 389.492065335021 899.371541305598 7988.80266215695 0 693.934287857738 1676.15853132537 73.2707596275281
139.891658014645 37442.5270582962 78.3521909371236 86.2070072536253 413.407902965486 0.814789692512034 97.3901729714872 272.275583468188 6.83715180146556 8010.72847099879 331.280307036544 556.298431838681 148.211765272305 851.397799777083 2455.45879593086 0 250.00329069958 791.292591301199 77.0611038789658
12.283409772139 3760.0676140068 0.972323994459403 6.4705862458568 866.905471658483 0.04377890670932 3.36922903524581 0.18439643644633 0.469625774780165 409.096089191352 16.9179967246928 98.6796214405962 7.56895627714204 151.0261538931 387.158034059667 0 153.073659250145 122.945494555176 2.47280941759826
970.631994541368 84944.6301788267 144.771484571444 152.531300884122 244.552490776318 6.24463352601759 75.930690451711 729.189818798203 55.4117732958343 16241.9161894846 671.67761353961 2032.61881293395 300.502392330895 3110.86116025456 10749.1459693897 0 618.086504723647 4109.26571875918 63.2469121616807
82.6447194236311 16533.1397485612 17.0074998929903 39.4637482793693 65.1276637047711 0.331525206231989 17.3891453149743 109.773329257511 3.13048667852337 1947.53283547212 80.5394013833691 245.782313109118 36.0325881118164 376.162341341828 1315.38670450827 0 101.351954791066 544.833571170961 15.3089036034398
250.036794050842 34588.7224058708 19.5002929446468 9.05147621728416 15842.1584302317 79.7005663759608 1527.50556141517 145.085308550731 230.115850958043 1719.43009214395 71.1063083607804 553.441788755426 31.8123089730944 847.025794578735 1958.13329608122 0 36.8132298296226 522.074305358084 32.3677669868911
5.08568385977255 452.179978414184 0 0 71.4308652496888 0.00451021543031553 8.30961686873792 2.22992100020038 0.0503444030086886 21.4219798518277 0.885896967839594 6.1257102507844 0.396342163008213 9.37521289131039 37.5541291211116 0 1.35805320753176 5.47871351047511 0.0795569137153068
458.657683857215 94144.3087688846 319.171702873339 150.424384924499 1587.28254971607 5.29620619308767 150.84611057914 87.2054341912495 15.2914972927875 52705.676917042 2179.62110373086 1979.75831164837 975.14245352678 3029.95977367164 17486.9292718198 0 1745.87388666969 5909.72391140313 451.642349380283
116.460202468743 681.227281750979 10.3464947238095 17.3317459672552 54.0891472786993 0.499908855848047 5.48311741851538 60.7931565538567 5.03470562588728 1650.65987699775 68.2623450344635 65.7146426369507 30.5399459137454 100.574258261547 536.942375955798 0 86.6502201851257 186.903697845693 4.84569892785653
91.1314678174445 16175.7823213612 752.963508117492 1963.76550995279 5759.95636658686 95.5447260409944 19.9783006142469 353.11464391756 275.861978618361 5323.49472017915 220.150885377406 416.123520184855 98.4934831772141 636.86436855464 1866.72342747681 0 781.73104485594 533.546877779852 19.6006902573275
6548.67476106621 250460.791017856 876.866809584753 0 95039.3537517829 8.33756574145721 12275.721630954 73.6397947006148 59.5696161766158 111835.641822838 4624.9159355266 5178.21899482314 2069.14489174509 7925.10639367539 59368.5602384984 0 3118.34416813656 9580.09735455289 233.559918593819
0 72662.3003894767 325.922391756586 6167.03917123435 467.48334208418 9.5020377609507 112.190993891232 881.559922297365 71.0663417418817 29186.7202261772 1207.00454058857 1490.46744058994 540.002740436323 2281.11500397982 12705.3898685737 0 4874.70251812026 5142.04646885252 224.323327535733
30.7480453103388 5460.01064081495 26.3828700808895 14.2636491192268 1957.82511323589 36.4766518185967 249.614100527511 66.7560872676263 105.31739177036 1209.54753694041 50.0203297195211 184.613108766621 22.3786358855769 282.544737892571 992.263135675092 0 91.4228788464243 444.016996962769 7.65396407286453
297.855799868786 2062.52438795948 2.08557739469882 5.81340312488538 344.693186745771 14.8737540042845 3.32475657932433 27.4822947777178 87.6232516572713 444.812094690661 18.3950171118854 69.5119867779977 8.2297616262051 106.385977766126 464.085168327716 0 39.9486807155828 99.8463118228496 2.31795066151274
16744.670208 96218.0273 823.02534 20191.68 71216.5554872813 16729.8155235 31025.0649986747 0 208008.570725625 67564.37772 2794.09642666667 1974.20680246914 1250.05306666667 3021.46335802469 22197.871997598 0 1931.25645 8711.514 308.990178544477
5905.3807757535 164342.967773816 771.248949541384 33504.3942785193 7749.0351919518 21.7178086707299 10.081079002673 0 8931.9504197709 121302.67286526 5016.42102296176 3372.0912034688 2244.30067036931 5160.88284087331 44326.464619662 0 4047.65917508607 5600.89091224048 179.734018913088
4286.62710078072 52729.1465151034 760.741495276456 15163.7720491204 49036.0120337762 654.436659474531 9483.16683642021 59945.9488954466 4182.87703757469 9945.85525488518 411.306661373904 912.658422356232 184.014820850066 1396.7959071426 8135.00655232906 0 414.265654163968 1193.08924973392 99.3223630904218
1428.175584 241118.63854 812.67282 4266.28944 23663.4087781567 1619.950555635 1027.19132269353 17.3838388888889 13459.3098493002 31507.00308 1302.95886222222 4947.28555308642 582.931822222223 7571.66979753084 23855.6040368399 0 1128.6423 3874.06152 5.95299075270363
4969.106784 197862.41622 0 150630.99552 41825.5532376488 15.0945975 8515.7840232131 84.8347888888889 13582.9178702396 140514.32178 5810.91068444445 4059.75199259259 2599.74804444444 6213.32672592594 36572.5034600413 0 1909.59345 5805.96786 190.840714264656
1196.40300719264 12777.5081356969 168.269684216716 180.713656820626 224.573412260641 4.40581410619691 274.55036410987 7.5569616201214 1927.47160012209 13881.1730903443 574.050075476258 251.820944248062 256.824728889335 385.404282305726 4062.22011987412 0 743.035347338795 1917.68895259185 50.5730461260325
0 0 461.353794754511 2018.09965883325 347.917761315122 42.1246791415193 67.1964820625452 0 349.91907581069 2446.1764381566 101.160597869702 0 45.2583219340484 0 396.329937913894 0 0 271.39364047111 1.8199810727723
0.00789106193131787 0 0.0509381500138552 0.00124769004989727 0.00198497578514822 0.00467193291668685 0.0074434079380251 9.48822685321072e-05 0.0387555422791397 0 0 0 0 0 0.0280624578325848 0 0.00406671375110068 0.013724782066334 0.000166904474784355
10717.218432 136123.05242 1752.16401 2454.8832 999.28125 2564.71122432541 5407.71540586187 20219.0131888889 26334.3094769055 65994.78753 2729.18668444444 2792.98031358025 1221.01304444444 4274.5712691358 19870.7394525352 0 2310.35895 11658.0555 0
1449.48721082341 122391.726532275 2758.19572015585 11412.2765214125 7196.61649368877 952.63707989804 11207.7644058828 16406.0541081753 16203.7560526671 15364.2019367123 635.380109735624 1792.78456924225 284.263222662492 2743.80215792121 10596.989686845 0 601.97503002051 11485.1289385807 138.592971255999
204.252496652525 11715.2009924176 163.474527691084 0 316.331276804348 5.45815557017244 305.442109711018 4.96753915480589 2005.99502545446 21953.6545501262 907.884151393944 247.588938019268 406.179026892782 378.927325719798 4002.03190047619 0 825.668387023574 2474.11601653278 2.86153575635324
4674.029184 55230.3077 1731.45897 3149.54784 19656.165 773.336720110727 1231.85300483011 14.0632722222222 6416.15419455129 10267.13583 424.593084444444 1133.21850617284 189.959044444444 1734.35639506173 10767.6299903171 0 393.18345 3310.37532 16.3699715836267
881.298432 28794.51748 362.3382 23900.83848 17611.0972265099 2291.7435894332 811.590995280277 58898.6960722223 19036.9354770738 26452.63467 1093.93758222222 590.807501234568 489.417622222222 904.212879012347 6420.66160762617 0 899.0145 5862.33648 189.276428200705
18479.726496 260323.57634 274.34178 42379.23672 110877.139578111 2989.74412125 11932.5411074574 124069.637416667 58759.21942875 74490.73443 3080.53299555555 5341.33352839507 1378.20215555556 8174.74821728394 59119.78530447 0 2355.85125 7630.26138 277.23482139798
5901.552 60205.54662 848.90664 6352.67448 128526.343125 0 37301.2560234568 138607.611022222 0 26121.43674 1080.24103111111 1235.30073333333 483.28991111111 1890.59013333333 14514.870433207 0 1194.71445 9331.56882 79.4672822784315
0 1710.88529181737 27.9402428199578 15.5517857451533 72.8386606459799 69.6752305660994 25.8284184825766 125.503970002509 580.206765659659 3050.36673920494 126.146633679606 25.6316032794959 56.4368447616501 39.2283878363514 556.970863184955 0 114.333330882765 307.338028940347 4.20385289740628
21060.671904 660997.86926 28474.60626 143336.21976 349030.57 21263.917203 48980.9800518518 109792.773105555 277972.0160463 122370.43518 5060.57788444444 13562.3908172839 2264.05604444444 20756.8259061728 135053.152759557 0 4687.8732 5575.36896 338.742121970801
1656.368928 79462.0413 12213.38547 74173.95936 0 0 542.667643016278 14.5908388888889 0 61084.41822 2526.12042666667 1630.40655555555 1130.16306666667 2495.28755555555 17315.7284914993 0 1105.89615 1808.92026 5.639748448459
5401.887264 154258.18496 256.22487 33517.56888 8799.125625 2666.201562 696.332035345199 0 43424.82553935 64468.39707 2666.06344888889 3165.0779654321 1192.77228888889 4844.05538765432 30715.4576265115 0 1210.9617 4140.53136 185.876995103444
347.063951485719 3634.37847975144 30.0312474844448 38.4779818472091 70.5062933587782 192.846534384477 68.9439580480554 4.64542133392687 1601.07215560678 3833.26868768537 158.523214512556 103.132419102909 70.9218295217122 157.841025040616 1470.27435005576 0 126.270802115519 591.827919263059 30.8062807442704
5.10212622617414 25.9620180661497 0.869869814933482 1.48245468555421 30.9446141830346 0.00134019026947636 6.44587635615754 0.011153339265619 10.2046624911029 122.665524973517 5.07278119875646 0.814915011164472 2.26951569513282 1.24720259450946 34.4523217324762 0 1.43363417606129 9.17552534608883 0.0147978333316591
4914.025632 109829.04362 11716.46451 64044.02376 66041.589375 2998.5170112 48239.3742474973 299394.026438889 58931.6382528 33134.19291 1370.25061333333 2253.47838765432 613.037533333333 3448.88000987655 15533.6934005179 0 1556.48655 2659.57398 68.4843269115609
0 15826.556997401 6175.48686205853 211.812764420207 633.959127019667 144.661398640161 913.411158147156 1336.60476578314 2843.11650791479 15490.1586458944 640.588996473233 322.567319094914 286.59363072505 493.679453400008 2709.45281619046 0 301.618825036623 2516.7433797163 37.1661597878948
135843.512438482 1369089.04681086 72420.0508448148 565064.542057166 2800428.32542317 6256.29767364835 421463.961607108 1782240.99308759 83483.4307190313 107035.279573634 4426.39897348497 28059.7685337141 1980.33022707673 42944.6207728771 182269.835096792 0 8538.10740145443 67163.3965824676 789.937035540357
8201.02422344023 241548.258709231 19071.1898199736 114884.863741386 240825.682097713 2809.54569939404 103167.903647829 659102.885218186 43434.5427461983 25457.6044919235 1052.78852766405 5359.14567373138 471.007913326728 8202.00916299347 34894.1228097936 0 2125.51500950767 6161.86995892524 98.2864649551582
953.339966075368 4082.45576019401 63.9930532835481 0 6386.55763127007 794.612947199244 286.652654336058 42.2331618412825 6597.15092254152 7434.24753050473 307.440180179294 83.1757428811213 137.545911580499 127.297940153724 2365.51926225715 0 798.089529810881 2265.47345151833 5.46558695058666
4713.372864 41000.60882 194.10975 61385.98392 17618.6828313759 590.806856579225 8488.8087701198 30527.4072444445 11611.4785472793 54719.658 2262.90844444444 841.252758024691 1012.40444444444 1287.51171358025 12826.9749412197 0 1225.04265 4857.95016 70.275803563674
0 4.77534052594834 0.282786040846787 0.548525463416008 0.632082516385882 1.74720902294444 0.64250717067702 0.0119207299902142 14.502948742555 47.8403689625677 1.97841833936046 0.179695752103584 0.88512618557604 0.275018873349342 17.8848789742864 0 0.225600647339186 6.2464725533817 0.147277051740582
2333.080224 156410.6847 15876.9604544181 37544.193890234 27119.48375 6247.3159665 0 27305.1903833334 77844.909348 35308.57932 1460.17144888889 3209.24307407408 653.267288888889 4911.64874074074 27428.2702081441 0 1753.61985 7620.01254 341.232699366827
2215.049184 21189.87768 0 337.59072 6554.63192228685 5922.22001893917 540.850831933853 193398.047188889 55055.5568806429 15983.9001 661.007466666667 434.775081481481 295.728666666667 665.410014814817 5606.95300233441 0 171.1377 2746.68912 81.1470394325569
23956.366752 56416.11594 0 39020.59872 171181.1175 8709.9432255 7265.45925925926 138947.989794444 79611.767502075 36230.17356 1498.28359111111 1157.54898518518 670.318311111113 1771.59345185185 26678.2602265941 0 1466.5851 4878.44784 325.160354634522
10847.052576 130516.24172 0 134541.32616 100958.060829243 19626.220962 37659.6901854626 130175.8647 205028.466384525 30671.8083 1268.41973333333 2677.9394617284 567.479333333331 4098.50475061728 33974.9288360593 0 1332.2745 2695.44492 8.23626682666123
89.0505166094661 31534.5020680587 74.9052605024041 243.362100256665 154.455305145121 491.497823610335 180.972251295186 15.389659764548 4083.19451237944 11947.1194568357 494.068100821465 646.862030707999 221.041528373756 990.002628416237 3261.81334507911 0 241.945040676006 893.663879193008 51.562385967393
5750.0637514593 29223.1692430676 1073.12814854997 21871.2247159374 75806.9807649405 1223.89841616285 13870.2502428889 135825.440707727 10166.6151861027 11506.2185039737 475.834827335084 508.792680278271 212.884129359358 778.69169449182 7324.12067598755 0 270.383409327891 2818.56136105918 52.8780752235319
1396.70064 76420.18538 11744.93394 164474.87184 114972.051875 7454.658474 41380.2121803897 579945.311127777 90414.35473575 33666.98958 1392.28419555556 1567.99358765432 622.895155555555 2399.76640987654 25035.2224634716 0 3773.6946 6390.15174 197.255194100424
243.058502315634 3899.93721251097 11.882552558632 540.405653770978 2153.38400006548 0.495882838742125 98.2580343960426 9.76402959982588 7.69755655712584 5010.9369275176 207.225189306886 299.476280157132 92.7106455279676 458.339321878847 2413.29531054996 0 271.170894615914 570.878130446294 48.5168682183831
0 26938.4698 6655.46461730806 9.03312 571.508125 157.255728508437 976.151553854789 4.655 3090.64036356124 9849.53844 407.32352 552.725012345679 182.2328 845.928790123458 2767.04356269469 0 57.40695 707.16996 28.0224174110805
8155.944864 79913.164 22999.036526233 98168.841488155 690.00875 10.4986305 757.540767044158 102.513444444444 5366.29901173748 82108.28682 3395.55367111111 1639.66271604938 1519.13951111111 2509.45382716049 27147.3417430662 0 1555.4034 5918.7051 124.778023438083
2242.58976 134151.00176 31.05756 125337.1968 4106.339375 0.5857605 2268.88939829538 104.261655555555 9064.21751228124 92346.62283 3818.9557511111 2752.5176691358 1708.56571111111 4212.64442469136 22841.3511804241 0 1448.17155 3884.31036 206.959017834306
6491.7072 105343.59506 129.4065 63213.59664 106816.1 1943.463222 13245.0872045215 334035.527855555 29687.965880475 16646.29596 688.400568888889 2161.44570617284 307.984088888889 3308.02679506173 19557.2417389529 0 791.78265 4893.8211 318.008685886291
45.9261638429964 3998.66258597262 18.3196967608821 16.6392548694641 41.1886389520136 83.6858501898254 31.0129278758175 6.32724764868918 695.042519004908 3113.26355024422 128.747704849119 65.6825742986324 57.6005401019526 100.525178646858 735.853010970346 0 66.9846488376431 249.452650439389 9.67390306318029
0 14397.25874 9482.18774606487 153.03168 283.02875 872.533473226683 1369.42596604594 0 7247.94001713414 25055.8434 1036.17386666667 295.403750617284 463.574666666665 452.106439506173 8538.16374260088 0 205.7985 3105.39852 7.01351202797877
37203.383808 90160.0939 0 55369.66032 55420.945625 6798.2011875 3994.1431057103 155164.2771 103061.87104275 81949.88781 3389.00314666667 1849.90979012345 1516.20886666667 2831.23056790123 35513.3568328767 0 3709.78875 26959.57362 417.786428525328
0 0 0 2522.4639064642 11561.2173005543 2.00793902069173 166.009356390387 485529.867240334 16.5507097728799 0 0 0 0 0 680.138601697523 0 382.779188212649 578.864010909347 26.8675513575729
381.633696 0 783.745708675746 338.47632 1193.283125 1.171521 267.69332194654 5195.34859586116 804.03597795 0 0 0 0 0 51161.9004 0 2116.4751 10146.3516 247.577142829824
85.9676501598679 894.599327272319 105.946184515409 809.483392920466 145.148125 0 81.93664675287 781.815814955207 0 22877.3953392946 946.085063254298 18.3554384448009 423.26976383541 28.0924392581769 3023.96801777627 0 168.9714 1065.87936 116.608454126572
3371.753376 27144.69732 413.229345730245 66.42 13834.6898735298 7.5247695 717.773125800311 468914.571805555 55.008432825 100612.17117 4160.77402666666 556.9564 1861.49206666667 852.404799999998 18499.4178489323 0 242.6256 989.01306 22.288765491348
0 90.22454 265.416573977492 1484.66097460961 466.735 2.072691 90.7559446455528 1519.33487387402 5.98438725 118122.46173 4884.90472888888 1.85123209876543 2185.46148888889 2.83325432098765 18506.1144309852 0 224.21205 1352.84688 112.183392844764
0 917.432813294865 35.3265826412848 64.3684069005127 169.049016072616 2.64460446073112 83.4552325281908 1268.46092446438 18.806870069107 102314.63733264 4231.17879885695 36.8195557629535 1892.99051480341 56.3512082206243 15540.7730080798 0 102.751684233774 1066.67005171087 25.0584937699256
0 0 0 0 0 0 0 0 0 0 0 0 0 0 0 0 0 0 0
12326.374944 89193.4024 574.56486 1329.37416 24098.828125 68931.6197625 17075.9555938272 760797.993666666 1006240.2996984 542531.00916 22436.1417244445 1830.07516049382 10037.7236444444 2800.87427160494 148986.840604391 0 10889.9901 9223.956 279.250440172656
148.024854370413 1540.38100254104 182.425232105686 2578.88349470901 107.80125 0 311.467887178253 1346.18280176344 0 39391.8306150739 1629.03258900076 31.6056225527162 728.814211329746 48.3714423084528 9377.21772098694 0 311.9472 548.31294 30.4710811981855
96.646253244209 501.580025687204 17.3556343254902 33.0692297134185 109.040616951094 1.2372490536664 31.2064341557362 335.99784844804 11.0638840371987 25523.3272873101 1055.50646622779 14.5982361252472 472.223894065327 22.3421555882905 4382.04786191736 0 51.6087304683383 699.209580922343 20.1402071674866
267.850670261803 6306.41257229592 50.6572598514158 136.409291780399 315.759058254809 0 123.974056737406 2016.39963105966 0 127407.675748508 5268.8908497626 121.080130120505 2357.25335096441 185.309449894719 25405.053426486 0 127.202445800005 3841.9207075645 0
1502.928576 721.79632 362.722744360789 29604.1743340402 11790.7724072535 0.450585 675.010611414219 201057.41005 1.30095375 118928.85669 4918.25285333334 14.8098567901235 2200.38113333333 22.6660345679012 18604.1916058097 0 997.58115 3351.37068 28.5907902984081
71.4345113709296 1531.69722889975 14.7687529923767 20.1498255332522 51.6500400428717 0.16829618886962 24.1458789679666 364.230582195185 0.485913996295129 22791.1920300613 942.520161653436 26.6975078472128 421.674859616646 40.8597222996303 4412.93254845714 0 57.537848137393 445.005343739556 13.1526132936575
0 4253.68781440602 49.17447 107.95464 426.561875 0.540702 898.076285179926 3786.15768644694 31.8144816 108778.63956909 4498.4948929336 87.2774016931071 672.229792950212 133.57540398985 679.69169525442 0 316.2798 2121.50988 27.1717259671882
198.565692117267 2066.32069455348 244.711556223351 5115.0713245598 8147.86032774874 0 189.254992337185 1805.81646835889 0 1540.79037 63.7187377777779 42.3968822240679 0 29.1420444444444 0 0 294.6168 579.05946 13.1992525362554
69.165715168452 719.75449072925 294.878077757209 224.63435184669 277.578125 2.1177495 37.9793948006552 0 6.114482625 6854.35716 283.459057777777 14.7679624242868 126.816977777778 22.6019165174898 1072.34534671522 0 721.3779 3448.73466 4.59765094173446
1030.804416 0 163.05219 36.13248 406.1725 2.072691 137.317465649817 2170.36561308612 5.98438725 0 0 0 0 0 42880.4494816438 0 1311.69465 10710.0378 173.17849408108
64.7933213145594 0 79.8510272479573 1134.77798667683 32.5579958509379 0 136.335475410143 589.250063401693 0 0 0 0 0 0 11668.2441569398 0 109.786721194973 212.353328814693 4.30700490892726
4662.22608 21125.43158 328.69251 92.45664 1028.755 0 339.396007039178 5422.06694008681 0 143595.90252 5938.34816 433.452772839506 2656.7624 663.386261728396 25544.0798031601 0 1020.3273 10648.54476 38.5193516843488
148.642147045184 0 0 30.90744 0 0.90117 12083.7400620946 254047.106016666 2.6019075 0 0 0 0 0 19347.7465263683 0 100.73295 1122.24798 9.880685910343
0 109.495996315954 17.3679538272161 53.2331915190043 52.482320498487 0 109.365170313723 466.577254365973 0 5998.36096540185 248.059695136139 2.16908003359539 110.979628212495 3.31971090056757 848.273871165471 0 69.186367953967 340.059399629264 14.4670957373964
407.856844458676 4282.92067840428 556.991856267093 10607.744175937 116.078125 2.70351 858.19580877172 3710.91138301311 7.8057225 8510.34681 351.941813333333 87.8772032124321 157.455533333333 134.493381939506 1652.03782683284 0 80.1531 276.71868 27.1114583352648
0 208.285004653024 85.40829 153.070820037624 187.541875 0.720936 18.9009517235448 69.3836317322527 2.081526 3945.48307245282 163.163793203278 4.27360323815656 72.9979817862085 6.54061954131453 393.707216832769 0 243.70875 2280.3669 71.4276814176459
4430.098368 47561.2218 284.6943 490.1796 1264.14125 49.0687065 495.223513780187 5762.53150687773 818.93532195 241673.68953 9994.31379555555 975.863777777778 4471.36415555557 1493.52977777778 53016.9896867707 0 2232.37215 21010.122 272.076964255692
0 0 0 68.01408 438.270625 0 80.3983260485108 1207.48756890319 0 38058.96213 1573.91237333333 0 704.153933333333 0 6948.28956051792 0 345.52485 3197.63808 54.3044931999942
0 5052.57424 465.8634 0 948.610625 8.921583 255.870159111874 3142.77352563266 63.47284875 135978.35013 5623.32748444444 103.668997530864 2515.82504444444 158.662241975309 22099.8146458097 0 1278.117 5969.9493 127.90811994919
0 0.401444004449388 0.340710571176418 1.71919254157258 0.33677012632725 0 0.397434654362181 1.65964115642782 0 127.817626872377 5.28584420608681 0.0107698205135451 2.36483812680146 0.0164828821446065 30.5487803848214 0 0.964112310846897 2.71289948690234 0.0702209996113802
0 1424.55382609403 31.05756 141.60744 415.8625 2.0276325 124.213596489739 1508.74146882747 195.01981425 36429.8072535181 1506.53935855136 29.2290741441781 303.464541886637 44.7342073814994 230.445970872457 0 131.06115 2464.84602 52.2277106281432
397.371168 17229.9815329998 285.102573275227 6035.68130121954 751.176875 2.523276 127.449606658663 33.9815 18.55570875 102286.316647169 4230.00760881943 353.525713459162 1892.46653514256 541.060332686748 4412.67520064457 0 120.22965 5083.42464 61.798577596378
373.76496 0 118.819483946598 13.81536 4510.39990624796 0 204.537782333893 915.604287141506 0 0 0 0 0 0 18903.2275134247 0 200.38275 1265.73174 65.7242427608525
0 0 186.34536 565.98696 706.5625 18.5190435 350.407885631491 34862.1432444445 147.32000265 0 0 0 0 0 16534.025980274 0 313.03035 8373.30228 179.22894023453
0 0 86.9987798124402 1215.24156775231 59.755 0 67.2831053050887 641.995955307657 0 2203.18623 91.11184 0 40.7626 0 589.365898142243 0 0 420.20244 0.667219361401582
0 1570.69279395092 38.82195 0 57.938125 10877.0768415 317.596987453736 1372.67313903669 131020.16139675 40166.9875086526 1661.0888763454 32.2275615643094 743.15589972628 49.3233010155064 25140.5118369058 0 2824.8552 1096.62588 10.033278425213
0 2212.52641580932 36.7151380915467 24528.3917463397 326.934300794776 4.57748668496791 480.978219972952 0 39.7449923981731 75185.3986937829 3109.26054404586 48.5763395280568 615.541524398108 74.3446075494334 1200.76734737191 0 127.385240891096 684.738826603444 61.7478135153437
34.6359061734641 360.429281300898 42.6851507455215 1044.90171388615 1654.4148376437 0 74.3395116274187 314.989407775625 0 9217.1801484805 381.172608790102 7.39530791599687 103.455790544276 11.3182934338733 72.3863892777276 0 0 625.17924 2.30235176847977
324.41623618615 3375.95067573257 490.393807957566 8400.74208253988 353.685 0 682.623469423375 3138.09105138768 0 84959.8393951976 3570.24246634784 69.2679425660137 234.337711935722 106.012475535597 0 0 233.9604 1680.80976 70.564555614982
125.657640108018 1307.62257777446 154.859967672697 3320.55353339705 91.045625 0 266.176614385906 1142.76858939038 0 15638.30226 646.715413333333 26.8298723279329 289.334533333333 41.062302104289 2407.07090165823 0 0 1030.00842 1.18766687257
253.23467462665 0 312.085389257497 216.647267200508 10308.4602465776 0 538.164851653854 2309.04423214955 0 0 0 0 0 0 5087.96353523776 0 0 466.32222 120.635137500781
108.749607938125 1131.67366935885 134.022577180662 2801.40035869294 4450.04550962341 0 103.650363753911 989.001830317509 0 2923.18173 120.886951111111 23.2197428997118 54.0837111111113 35.537109013345 345.165966838938 0 54.1575 481.69548 7.22891010571137
668.84256 3376.97564 370.10259 764.44992 2058.923125 43.9320375 343.267832149932 5564.27694748581 370.181596575 125596.01502 5193.97038222222 69.2889728395062 2323.73462222222 106.044661728395 22579.9916562807 0 3297.1086 20302.95204 280.45848211191
0 425.34426 178.58097 144.61848 783.476875 1.081404 173.542277300971 2174.57599781829 3.122289 89365.84146 3695.68679111111 8.72723703703704 1653.41631111111 13.3567703703704 14264.3649224395 0 542.65815 3817.6929 42.2334058584031
1329.816384 10324.26522 929.486068722645 11601.9959947718 695.66125 0 245.629845379061 3972.94117682558 0 187573.22766 7757.01194666668 211.833844444444 3470.41586666667 324.205244444444 40145.8760522724 0 731.12625 3453.85908 4.11143505932659
40.3458634150934 419.848422077877 0 0 1616.28054987847 0 84.8941273256423 366.917486139081 0 0 0 8.61447313077553 0 0 0 40.0592965317175 0 112.73724 2.6819096205934
141.427538908801 1471.72780610277 0 0 5688.89138471024 0 297.586083905305 1286.18481932999 0 6998.35626 289.41408 30.1969924734788 129.4812 46.215576892477 890.034574054264 0 0 2731.31586 9.40110943503732
2.18928210656736 8.44753059944666 1.78963960170865 21.9357325238679 1.13524915275989 0.00843359064751331 0.491765197943279 7.28609134001246 0.165750373052762 463.652119035691 19.1741383955731 1.18842794083716 8.57833332927297 1.81885275260992 99.3685321321851 0 7.66488931803153 19.4851643056764 0.29715615379233
0 77.33532 49.17447 70.75944 408.393125 3.6497385 409.208771041578 1778.24506989137 29.8425096 86989.85631 3597.42892444444 1.58677037037037 1609.45664444444 2.4285037037037 15746.989270212 0 1075.56795 1506.57948 120.468826580855
0 1117.01962450506 132.287118531582 2793.2870992367 392.84875 0 229.513544772855 1019.75052675715 0 28565.3015517793 1181.30603264413 22.9190703974183 445.790773978936 35.0769389099349 518.776941405846 0 250.20765 481.69548 7.13530293272383
0 2150.19932231083 0 0 9652.42008274745 0 502.160307088322 2170.36682418459 0 0 0 50.9557799700441 0 0 0 0 0 43.5728338725946 15.863860093577
325.650821535692 3388.7980575222 401.33075595128 8388.79647987139 171.391875 0.9462285 685.221233778546 2990.16946622903 2.732002875 3729.57669 154.235075555556 69.5315458556955 0 74.7979140740742 0 0 691.0497 978.76422 21.6469793258654
0 6261.88873850998 21.2799728170029 46.5497753602306 24712.9018187219 0 239.611469558052 139271.206467553 0 43858.04173567 1813.73087164479 117.885816043156 811.446525813855 180.420649528587 7418.88180017055 0 101.78072334294 749.37812401297 1.07630339952595
582.286464 15028.83052 90.58455 82.62648 481.27 8381.421702 213.172120802598 3497.86000090099 119334.2032866 148477.47201 6140.22341333333 308.362375308642 2747.07953333333 471.939219753086 32526.3424435654 0 644.47425 4811.83038 170.85401783829
9588.054816 0 517.626 411.00696 37437.113125 26526.569769 22832.314074074 785636.447827777 476077.083197175 0 0 0 0 0 49480.5888591781 0 1002.9969 2413.60182 19.5222247280536
0 0 135.27068100363 2913.03774775394 0 1.171521 243.993598313074 998.212046919134 3.38247975 0 0 0 0 0 13501.9295013699 0 194.967 5221.78398 60.4162994848631
1290.33380303407 0 323.225232759453 0 0 0.561721532186772 101.953802685053 112335.770852483 1.62183324734318 0 0 0 0 0 19142.8110122273 0 608.677445929911 1307.15576819473 41.9433448890799
88.1948160317178 1499.30852389578 108.690934732108 2411.68242303678 44.9898465428585 0 188.828069674799 837.489470643528 0 3837.82342835315 158.711573897393 18.8309732069014 71.006099779676 28.8202307222506 402.829812303587 0 0 411.21524696902 0.833582910225235
0 0 28.46943 1319.71708125321 431.406875 0.5947722 86.6842716055996 1311.74157506255 11.6894118 0 0 0 0 0 8620.00224657532 0 876.26835 5949.45162 9.05360883394679
0 1417.8142 436.335433014004 63.23184 558.38625 5.677371 145.119620199972 2286.19042790224 49.919649525 89279.442 3692.11377777778 29.0907901234568 1651.81777777778 44.5225679012346 16842.156156277 0 718.12845 3166.89156 0
252.627027149922 2628.89549870039 311.336526963715 4401.25864947016 20.995 0 531.567531176959 2297.46660218857 0 67043.4103629786 2780.1929739433 53.9398231511529 288.176203971075 82.5532558117545 0 0 35.74395 87.11514 2.3877318641659
0 0 17.0688252051988 243.268422675358 21.0739827897031 0 29.8565419246142 125.957131435814 0 4786.93505882928 197.961686230422 0 88.5662393727987 0 735.244750880274 0 23.6193545413382 678.785245045449 0.130905866471238
0 16987.99196 351.98568 235.30392 357.7225 2842.380297 197.266445628004 3271.84981642477 40668.8823765 219368.22894 9071.88085333333 348.560558024691 4058.67613333333 533.461313580247 49591.9708954926 0 802.61415 5918.7051 83.3759877164188
13750.61616 367716.55738 310.5756 727.43184 112850.345625 120300.517629 41281.7079839506 3380644.08632223 1692315.7445793 379423.22859 15690.8880533333 7544.82864938272 7019.95913333333 11547.1303604938 119789.290528024 0 4649.96295 10423.07028 0
4170.43008 26345.56568 377.86698 626.29632 13131.766875 17722.048752 0 719181.424733334 258592.7624898 218115.43677 9020.07216 540.559772839506 4035.4974 827.310261728394 47941.7950372378 0 2716.5402 7696.87884 105.024476182216
1196.047872 141.78142 362.3382 2067.294682793 424.34125 5.3619615 111.854938865936 1491.02400789399 46.1058009 58190.03631 2406.42448 2.90907901234568 1076.6122 4.45225679012346 15185.7450520848 0 71.4879 4934.81646 48.1176147488184
2457.80581548421 1011.32983525142 223.295620192669 0 507.11 1.261638 87.0920550308487 828.976696391517 3.6426705 39240.0357929767 1622.75517796967 20.7505214596448 726.005755316831 31.7580408353405 6902.77041682585 0 94.23405 2459.7216 53.7865904680479
83.5701170493953 780.587955267282 102.991474402575 712.398260003724 3365.21114637587 0 175.844846457198 760.01192361747 0 22239.3726330168 919.699902554225 17.8435276115187 196.301547518082 27.3089753255211 200.389502790456 0 0 216.586168016032 5.55515440586763
0 77.33532 165.569887144074 76.0037604340456 384.77375 0.6758775 303.599451153341 1221.80101946719 1.951430625 47346.90408 1958.01130666667 1.58677037037037 875.996266666667 2.4285037037037 9216.37108278477 0 250.20765 2782.56006 26.33827684524
969.909517326666 3214.8565525112 0 5382.2661325034 12452.8698063847 7.479711 659.748806480275 2809.55464523901 55.14674475 82212.8321235952 3399.87709817516 65.9626044414871 565.30457560316 100.95375624811 459.631742659943 0 49.8249 302.34078 20.5358750054044
0.897003418026222 9.33442583151865 1.10546338605779 23.1068943111702 70.2525 0 1.88743816430426 8.15762041858343 0 227.340243149855 9.8716381558005 0.191524265159484 0 0 0 0 0 261.34542 0.059626486902985
0 0 0 0 0 0 0 0 0 0 0 0 0 0 0 0 0 0 0
0 0 0 0 0 0 0 0 0 0 0 0 0 0 0 0 0 0 0
0 0 0 0 0 0 0 0 0 0 0 0 0 0 0 0 0 0 0
0 0 35.4452253675722 1.2744417794971 42.2360586222289 0.220297918464514 60.5182152071966 266.573183584496 2.11761883506919 229.80722312156 9.50358106763213 0 4.25181484236803 0 99.119712462701 0 10.5913730099688 427.810156524327 8.00363736884909
0 0 0 0 0 0 0 0 0 0 0 0 0 0 0 0 0 0 0
0 0 0 0 0 0 0 0 0 0 0 0 0 0 0 0 0 0 0
0 0 0 0 0 0 0 0 0 0 0 0 0 0 0 0 0 0 0
0 0 0 0 0 0 0 0 0 0 0 0 0 0 0 0 0 0 0
0 0 0 0 0 0 0 0 0 0 0 0 0 0 0 0 0 0 0
0 0 0 0 0 0 0 0 0 0 0 0 0 0 0 0 0 0 0
0 0 0 0 0 0 0 0 0 0 0 0 0 0 0 0 0 0 0
0 0 0 0 0 0 0 0 0 0 0 0 0 0 0 0 0 0 0
0 0 0 0 0 0 0 0 0 0 0 0 0 0 0 0 0 0 0
0 0 0 0 0 0 0 0 0 0 0 0 0 0 0 0 0 0 0
0 0 0 0 0 0 0 0 0 0 0 0 0 0 0 0 0 0 0
0 0 0 0 0 0 0 0 0 0 0 0 0 0 0 0 0 0 0
0 0 0 0 0 0 0 0 0 0 0 0 0 0 0 0 0 0 0
0 0 0 0 0 0 0 0 0 0 0 0 0 0 0 0 0 0 0
0 0 0 0 0 0 0 0 0 0 0 0 0 0 0 0 0 0 0
0 0 0 0 0 0 0 0 0 0 0 0 0 0 0 0 0 0 0
0 0 0 0 0 0 0 0 0 0 0 0 0 0 0 0 0 0 0
0 0 0 0 0 0 0 0 0 0 0 0 0 0 0 0 0 0 0
0 0 0 0 0 0 0 0 0 0 0 0 0 0 0 0 0 0 0
201.937420980241 1796.61663350731 159.97488328891 535.361790163424 100.189608983193 2.41050507451362 435.049033391012 23956.742900296 21.3138404375373 53307.3020272842 2294.24245632986 44.0727430607516 0 64.256853581592 0 0 175.011155384241 1318.84669670039 40.3618675708686
4.99926490083264 10.1180175113952 0 0 7.77868514939959 0.128142299265767 4.76485051576725 45.4648272385376 0.369979481703613 23.6879457621403 0.979605035117168 1.06742127981678 0.301458408517338 1.63365574493437 0 0 4.56017135216749 92.5838707849422 2.00409122872536
0 0 0 0 0 0 0 0 0 0 0 0 0 0 0 0 0 0 0
0 0 0 0 0 0 0 0 0 0 0 0 0 0 0 0 0 0 0
0 0 0 0 0 0 0 0 0 0 0 0 0 0 0 0 0 0 0
0 10350.04366 367.51446 369.91512 1976.961875 8.9666415 1752.90735608941 328.053366666666 243.192077475 81906.68808 3387.21664 212.362767901235 1515.4096 325.014745679012 12694.9030613774 0 1370.18475 3602.46726 121.854374986554
0 0 49.17447 47.64528 57730.5975 3.694797 23991.3135402199 464970.095488889 27.844518525 0 0 0 0 0 43433.234669589 0 1037.6577 1475.83296 100.926720516496
511.46784 786.24242 121.64211 402.59376 10835.8425 14.17990995 360.56605798685 347314.236033334 278.68620405 133256.76714 5510.77756444444 16.1321654320987 2465.47124444445 24.689787654321 22148.2170939688 0 2604.97575 4345.50816 105.091339274118
4064.202144 154.67064 137.17089 187.12728 90388.32 24261.29874 79060.8736345679 1100513.28356667 415835.72002725 162805.38246 6732.74812444445 3.17354074074074 3012.16964444444 4.85700740740741 37597.0588890073 0 1145.9727 2280.3669 66.7583887886384
920.642112 20300.5215 106.11333 178.09416 738.055 5.2718445 254.418907980996 49.4567888888889 15.221158875 62063.6121 2566.61457777778 416.527222222222 1148.27977777778 637.482222222224 10957.0391013699 0 935.8416 8952.36174 6.0579224758016
0 0 104.337984721359 47.2456666478932 14899.99 0.3154095 6586.06629143632 154351.65375 0.910667625 0 0 0 0 0 18394.3809863014 0 686.7171 1885.78656 10.960446427362
16.0539454330833 214.899529769585 9.45734730238666 9.492536514104 43.977798038971 0 12.0679390083035 0.885147193048676 0 11019.3067109164 455.698794902117 15.1076763015318 203.875453476486 23.1218382556911 2385.81149529874 0 157.592938855183 263.402058602298 5.23332619963218
0 492.279822401059 59.4949816784143 0 193.39625 1.80234 328.137001860641 6.28425 5.203815 42322.2578081249 1750.21917318928 10.1006246061591 488.585268408154 15.4586981984373 767.23426156436 0 81.23625 2721.06702 19.3378653203651
5154.02208 206.22752 0 198.8172 50089.830625 24896.984058 1353.5251159676 512163.700961111 377898.2954946 161926.98795 6696.42248888888 4.23138765432099 2995.91788888889 6.47600987654321 32097.4980864252 0 4571.97615 1250.35848 0
0.123676713923337 0.412415560903572 0.046560170562641 0.0953059762542278 0.24886762238409 0.000802064794426437 0.0573859105421314 0.0608943339557498 0.0023157655093979 27.7977264886027 1.14956328870725 0.029297028157491 0.51430405216554 0.0448382089283477 4.72201924928356 0 0.31525888991157 0.959722948404029 0.0190462197620512
0 0 0 0.0224220853608707 0.0174796859329148 7.02966828869656e-05 0.00478670158509115 0 0.00253751334274358 6.76088692597384 0.279593635558181 0.00111218510244515 0.09161185725161 0.00170216541153444 0.285732540326836 0 0.0132773485383158 0.129628543516214 0.00303774157031737
