0 14510.0004881567 0 145.635889668543 460.305160336866 14.8203472507991 0 1682553.43728136 451.003508494904 4743.71974616449 249.840128668347 182.767493248347 131.511167778386 287.05617768512 4549.93211829155 0 672.958281886536 7973.61845676433 13.627832773422
0 4299.19990025526 5.24440861178297 13.5435516139628 0 5.86854464678928 0 50024.4607682124 99.8196498795535 957.571405536146 50.4329462889785 49.7794181829294 26.5469590346415 78.1839771231313 405.786999079097 0 119.499776045866 2184.98014273343 0
0 25244.4766640638 0 338.237281154933 450.027257658844 18.6819724122493 0 6958092.6399392 600.574530876759 7117.82144487004 374.878264480633 303.516980940099 197.328902283858 476.706348939214 2872.61158787003 0 176.525069280826 3334.91182861691 26.2000280030667
0 0 0 0 0 0 0 0 0 0 0 0 0 0 0 0 0 0 0
0 0 87.815 0 389.56365 5.04236111601793 563.363898017345 4.74483333333334 602.799076268586 0 0 0 0 0 14358.1232219178 0 439.236 1633.44 105.036056372816
0 4168.58947018765 0 81.432 1743.63 22.3208588049958 42.9262821175665 240.1 1197.26351025219 13844.0214705429 729.13078566338 49.4759413039742 383.80079932256 77.7073337587101 1499.66435901073 0 1008.1512 14442 1.7958829701488
1575.936 10598.992 206.36525 762.555 4037.88 38.8249691526117 42.4796533300173 327.279166666667 2375.34007368703 37145.55936 1956.36585349794 125.796773662551 1029.79437037037 197.577481481481 8862.73688812157 0 2857.1256 28077.24 310.005
0 2231.05065467389 0 106.314 1076.92095 9.88410319567955 15.9767833236799 40864.1282 780.418273345887 3326.01649285315 175.173162200266 26.4797797975221 92.2078740800303 41.5893671217109 1174.74691755588 0 614.9304 3964.08 23.3536769235721
0 0 19.758375 65.772 925.50045 38.6812208231591 2355.68504062978 3860777.2329 4575.8094119899 0 0 0 0 0 6424.47864109589 0 326.2896 5597.52 7.61409989242117
1552.5888 196986.144 201.9745 851.382 0 57.0543009043215 4239.60065716491 9730.66989999998 4656.98464913467 93799.21824 4940.17564444444 2337.97906172839 2600.416 3672.04977777778 26426.7679417526 0 4070.2536 23505.6 490.53
0 100719.719031183 0 0 0 167.546115153137 2578.85946328197 369.307062662783 5098.65824936607 23390.6819353886 1231.93006692753 1179.69154331817 648.464930699782 1852.83356057321 10548.0811317354 0 1383.88441056968 31906.5488573864 0
0 2585.12 188.80225 214.716 1573.8555 6.116889 19.9424929356643 0 1216.22297352212 13972.53312 735.899180246913 30.6821399176955 387.363555555556 48.1896296296296 2117.08598356164 0 853.3728 5517.84 51.045
0 14507.7097262676 1319.6332698735 17.226 103.7001 40.0257693350316 2426.20863726458 2937799.91633333 4734.86327855814 22375.1735638051 1204.43350400805 172.188362515727 0 121.437866666666 0 0 0 1125.48 151.860454238652
9163.776 440719.874666667 239.295875 3893.163 354547.054497198 3618.600705 179.625901258746 1098.77763333333 16177.27374 146692.5096 7725.93606584363 5230.79348696846 4066.78814814815 8215.52869135802 54894.6804194408 0 5766.5412 29919.84 756.96
411.209368501478 5907.01742211794 9.95960001261382 110.883731385599 447.30594431537 35.8150744461174 12.2887536123526 21.1502585489697 1089.90187334067 25744.4468904755 1355.89711614233 142.33213552961 713.718865266555 223.548061314014 8638.59612824387 0 528.582613017467 1501.73066000337 36.8482187326733
1511.7312 78587.648 39.51675 530.091 2370.87795 72.3552555 37.9856182152472 1144.6596 323.470554 43215.59424 2276.05975967078 932.737053497942 1198.07525925926 1464.96474074074 11868.4012376055 0 2141.7984 18665.04 321.21
0 13356.4533333333 354.929254549509 488.559735789348 828.22425 8.03524904033392 47.9803701494719 135.5536 950.53277543994 18114.66384 954.055084773663 158.52438957476 502.19674074074 248.97975308642 4166.46107562395 0 1715.112 16762.68 93.9812739544601
1021.44 156270.504 0 8262.49008877037 258095.148757305 45.4080193358005 5062.76521439033 693871.850000001 5371.55854533357 14526.08976 765.053655967078 1854.73535802469 402.709925925926 2913.06311111112 9316.48271300435 0 1154.5632 4013.88 172.281071843806
0 6204.288 81.228875 179.046 2449.3413 23.3370541325902 95.8275055829344 49.8036 2495.71677007223 23993.81712 1263.69572345679 73.6371358024691 665.185777777778 115.655111111112 5690.21865025333 0 2037.2184 28037.4 597.6
0 10956.4922842972 0 271.527 1341.21855 39.6451142893529 84.356714126013 443.053100000001 1571.60612077358 16334.1905839148 860.281908617852 130.039854735547 452.836295850363 204.241700663867 2121.41813752462 0 694.4112 7689.12 29.4490850874011
0 53727.4106666667 1807.30222557699 0 309278.142724755 54.2179554523565 6000.59501293451 2139157.1614 6413.73321674496 9181.40496 483.562166255144 637.677141289437 254.538074074074 1001.54113580247 5660.37984942766 0 1449.4788 4989.96 152.602386237869
356.0448 14519.7573333333 432.488875 1326.141 2858.17665 35.3187495 125.530526927139 0 477.2021208 27754.18464 1461.74509300412 172.331352537723 769.43525925926 270.665086419753 5915.87002919872 0 907.7544 12280.68 0
0 0 0 0 3314.7324 16.6655064266458 1843.55345176169 3217508.98466667 1971.45228459198 3378.60432 177.942834567901 0 93.6657777777776 0 731.053655094765 0 265.6332 438.24 63.2300494934537
0 13399.5386666667 0 5797.92791122963 181461.106970741 31.863568957076 3540.73692741119 488228.772500001 3769.31274739094 4123.04256 217.150577777778 159.035758573388 114.304 249.782913580246 1359.42565974855 0 1286.334 2061.72 120.892518391923
29248.2048 465967.88 761.795125 3555.342 0 4.105857 86.3297056746154 135.473566666667 3792.16928015033 134915.11488 7105.64946172841 5530.45572016461 3740.28088888889 8686.18074074074 53429.0556997561 0 7427.2716 7519.8 639.182923541948
0 7418.21402443622 0 20.532 300.54675 20.4663402440689 2260.93056867174 3515258.0694 2421.07333545503 17358.0538061525 914.206282921262 88.0449188576018 332.345988898351 138.284097585763 550.548179446926 0 0 3047.76 126.038641178702
0 7052.17237684576 0 298.273186017371 0 21.0930817222252 16005.0993421918 1901202.0784193 2211.44331624607 9995.43231408104 526.434998076122 79.5777312670076 79.4033626623775 124.985460818905 0 0 568.997992173327 1572.48594775792 3.64121097786916
0 0 0 0 0 0 0 0 0 0 0 0 0 0 0 0 0 0 0
98.3412048405782 16994.0960949068 0 12.2369073767132 94.5864563938047 0.574430591723253 251.153116979863 128.933949864449 5.4491726579907 3290.28159258016 173.291092314208 198.058526239365 91.2171877164139 311.072404013147 1614.83890365966 0 219.859396289366 834.977899445722 35.5104250796287
1718.88624427547 201050.12566448 293.498929647934 46.2799934680282 1250.46363115722 3.36851096266203 668.680782485063 1000.74915035254 15.0592254801361 24590.9356992662 1295.14450008293 2358.34469161362 681.739825205426 3704.03620910153 12408.1308561892 0 535.785512161635 10019.2077004851 109.410493011804
377.734846306312 91524.2877449371 95.9973483954696 33.7817964932661 800.159210364105 5.82579752635496 557.203150068277 864.96148088446 57.9433002954224 22435.9185131099 1181.64501025596 1220.44566740141 621.995817991876 1916.84233410463 9334.64520726553 0 958.496295582096 5417.89072929902 6.65814604842836
1819.81596998655 544203.239630631 789.785726592002 201.786663141001 2084.02387094008 15.9514727064797 1542.46634024692 3163.14791191801 211.043131131978 47992.433193898 2527.64419609007 6454.61282286897 1330.50459799167 10137.6697378699 38036.2756625598 0 2675.38734453995 5135.78820603651 534.977938128803
804.686110947396 522989.245476128 127.747686313811 9.65765995788978 461.70865900684 0 882.106645914432 1410.72170881435 0 26657.5134652205 1403.98610173248 6326.18640845367 739.032007258385 9935.96212028083 18860.1576089 0 866.943103999629 4948.61074482973 0
598.861532949143 119420.805244119 173.76249326075 236.050707032106 1030.19649058403 5.55409373128347 432.114864780581 442.73951509687 88.9040307742603 24421.7396640919 1286.2333583081 1129.78879799483 677.049166954114 1774.45588479556 8396.0657042511 0 1181.32332161604 2523.9455819665 57.1780731133157
0 131188.773186589 65.4151533260833 101.848667546341 1546.52557567617 0.28486562247462 259.443988332825 407.321888646317 1.27351690047477 8619.28786014444 453.956832030216 1209.97371956475 238.954380224965 1900.3950038629 3384.41164965892 0 2379.14878175665 1557.57680943482 119.682759290767
138.380922801368 12035.9281983215 0.862521786248488 2.07912784505016 2581.14775058884 0.0709497906405114 39.7196319653694 0.560253702733344 0.880511942951323 699.252641007593 36.8279281132221 189.732713931999 19.3855320954368 297.99581246725 717.488612660536 0 303.594316214285 208.2037876204 0.493611732332511
2971.01463243203 239571.576041284 119.411445234148 62.082695567707 500.46169721443 4.21756579710096 797.131469121823 1374.17300558144 62.7064801643356 21787.7219839174 1147.5060828063 3140.96552942311 604.025725518997 4933.22714609737 16849.5601268348 0 844.761583952302 9921.24875338095 73.7827179092104
26.9316003339038 63551.3355987663 13.4678804460806 23.378562231483 172.935232018023 1.32244893610061 111.767385920694 226.956191137009 5.91212465550861 2672.26795919669 140.741824240739 480.267449186426 74.0838621874471 754.312136035627 1815.7074630288 0 259.805517708826 900.329077026709 12.6068537040462
34.230038022248 106866.527785255 15.585312640949 7.08256696142089 10840.8884209708 0 1083.64346998492 262.373347973275 0 2657.17144579234 139.946727765143 945.177309489466 73.6653382835436 1484.50351249322 3043.85934772122 0 117.981791668653 881.53941139955 33.596936406529
9.85930399804342 1110.34072864976 0 0.329572444962855 155.131031580022 0.00653992246493813 14.6029438418782 3.54832589795689 0.0803221972512691 28.980419148024 1.52632786847478 12.2450605629007 0.803430423550063 19.2321961539014 60.5267389986983 0 1.07432517449318 9.41521941264938 0
2721.33070821771 173266.890594381 270.694749689787 443.506752605537 1675.65909806321 6.57849420871163 2263.56072214913 1103.65179547467 70.057283544351 50179.7797495023 2642.8463948153 2107.84091659765 1391.14487930173 3310.59285178597 18005.5271867856 0 3002.10619018756 11705.2398594721 1242.63852391409
18.4088819333945 2855.6141560009 8.55891719238473 16.0900570957898 77.0825738969283 0.690058154589191 56.3779934546355 124.814542923749 10.8612908036466 1845.38294877853 97.1918110756819 131.82596722533 51.1599503297828 207.046984115099 1071.07203042278 0 134.775642074917 354.707186581554 40.7340201762551
217.777913683342 50180.7054566945 690.591692094212 174.714213529567 15946.4910113115 5.56346692419243 337.290752214568 642.479450924322 24.8719697787426 5007.53090275633 263.734417714479 682.487370040145 138.824861489826 1071.92046178521 3441.2043168989 0 546.280494418267 1006.37299009745 115.846108921681
13510.7664745785 783566.134795446 746.472771897806 9728.46600962335 340387.048788247 4.60244851278532 22319.2819665557 256.170867811968 95.6742042103153 112532.996393598 5926.83796742918 9329.56224316 3119.77658066518 14653.0897228966 70853.3397791124 0 7482.05333896878 20276.2143222637 555.750628104873
676.631626359546 307429.472440236 276.438642197965 804.316262124152 1318.80051919037 6.82472002875477 1104.99742262315 2000.34454718361 89.4981617801882 38819.3243228721 2044.51896457131 3646.77298369476 1076.19651818525 5727.65263110726 23924.5684631691 0 6596.82737085667 8570.02288355906 708.54409247093
0 18420.0931030523 23.7394535897949 0 5882.61712941087 0.0525530271637789 582.60911573031 143.688149063979 1.5992607481997 1197.16514623722 63.0517632107178 314.636184123494 33.1892680912563 494.170263927601 2592.65710897227 0 158.62261972584 664.158624146306 9.28577916684464
458.958929893259 6330.23575966602 1.79819378896687 2.0793360665905 2133.13980720646 0.319409288078995 33.4736567251082 54.298468899129 4.50669890606431 514.745148780676 27.1103693060185 96.0785547091904 14.2703910110077 150.90179430789 710.411300297123 0 71.9980540610413 172.574434470377 0
13307.904 318142.101333333 698.12925 22565.712 207685.924529555 16529.509938 109343.217625544 133561.158733333 341823.7604208 87671.91888 4617.46575802469 3775.94868587106 2430.54755555555 5930.53708641975 31946.056878814 0 4036.788 29800.32 1318.19603510436
10966.3198379054 461161.227985947 654.160466025385 45356.9418076158 14949.3090479462 8.04337446935669 78.094412245239 0 14992.5341433601 149656.242254849 7882.02862346674 5473.1810151272 4148.95234908715 8596.22460240414 67918.8174750882 0 6935.09589665816 8076.80333762675 456.079314207953
3765.88185244116 150679.562163647 636.294937306017 12537.5962769439 75511.8257143225 350.58529627445 17237.257905653 240122.332884077 3321.79048230727 11620.2333404499 612.009298247771 1437.9518962363 322.150240366858 2258.45946504164 9813.09845030361 0 779.93580517783 1926.02097745618 237.049432672413
6665.6256 1023922.94666667 689.34775 536.442 24314.7884914923 1117.08186104027 891.53770321714 106.215666666667 18858.1768911442 26914.3056 1417.51071604938 12152.6842524006 746.151111111111 19087.1091358025 47341.0844991556 0 1773.6768 7171.2 13.6445317231463
8737.6896 648822.034666667 0 14734.668 62610.4959513268 256.155201 2207.29238910651 1996.59156666667 24374.4980396531 157076.46864 8272.83381728394 7700.70575034293 4354.66488888889 12094.7938765432 59830.707597523 0 4252.2228 7011.84 555.27
1670.46416944727 93769.9219829034 140.980276008019 260.427523162446 381.665196897484 0.635542970886267 357.742283166766 81.2028833803539 3564.45274276897 22083.4035093374 1163.07890630953 1107.9780153652 612.22296835357 1740.19968429345 8927.27313941582 0 0 1722.3894856685 75.3489631765962
0 0 305.334783587046 4183.09689209063 420.98675364119 18.3430256679141 25.9179065515545 0 309.736924520379 0 0 0 0 0 258.94374688575 0 0 0 3.0917786117518
0 0 1.34776499032438 0.009431931166348 0.131732939770555 0.0809671519287886 0.0693779727149822 0.00313706182281708 1.36719628918499 0 0 0 0 0 1.40084982005815 0 0.170767342256214 1.05313193116635 0.00848805411039706
4021.5552 309869.717333333 1486.268875 3168.366 1843.6593 1184.59875538521 6362.69950318735 259.2737 27300.4489057711 55279.31136 2911.42626502058 3677.76583813443 1532.52029629629 5776.33027160494 26866.4896516419 0 3212.6976 21404.04 359.805
5003.09137873957 202937.577401708 2133.74831900132 5487.4433679989 8167.1786478894 1232.40415339731 21115.9137718784 24692.9926874732 27433.9848303528 11406.7351282897 600.764869054898 1551.48659033678 316.231383287982 2436.77802018451 9829.74064278966 0 1487.55085633131 20164.6732924935 336.719258223889
1023.4389535616 32083.7992943923 139.804981879678 0 617.629079117676 0.950259379385646 370.116165062371 16.6962674188992 3590.37028194981 30222.5962344141 1591.75030059537 386.316591691516 837.867567386563 606.752121049362 6726.07808981281 0 837.495325685061 6733.67442064448 93.4820244807837
11060.736 182638.728 1468.705875 9741.564 46985.78115 401.75727713953 323.729865419852 963.5556 6783.99876213172 27276.98064 1436.61192427983 2167.69318518519 756.20562962963 3404.59733333333 20996.7465481704 0 2447.172 5169.24 89.5698190235456
0 96209.5493333333 307.3525 29592.615 24183.0098257849 1110.44424929273 881.308258904568 91542.5268333334 18750.7553472438 30331.08624 1597.46420411523 1141.8869739369 840.875259259259 1793.45738271605 9636.52752381306 0 3796.254 7111.44 469.784109484021
22594.2528 853003.429333333 232.70975 44297.703 556034.087061507 3542.6423505 27013.2568619984 144753.889 70776.8102844 75703.64256 3987.12588641975 10124.0834348423 2098.74844444445 15900.9714567901 73990.5691045975 0 5904.5868 14700.96 0
4850.3808 166955.666666667 720.083 28527.126 242253.06945 0 71871.3328395061 294464.1623 0 32449.872 1709.05547325103 1981.55486968451 899.614814814812 3112.24691358024 15348.4697436668 0 2265.2028 14631.24 184.928065236221
112.80469701035 4037.63193044207 24.4781728099595 12.4165089067567 78.333535122829 33.9146930832933 33.1031558256008 8.15874052685352 568.388633831211 3008.00774871663 158.424418639484 36.3642019355186 83.3916489354175 57.1139245095174 957.725886544505 0 92.2478820487761 513.310847141398 5.62544912211935
27637.248 2483654.04 24153.51575 144040.941 628970.01405 12919.623705 68601.0434567901 134802.109866667 262454.3387892 143027.58288 7532.91333004116 29477.8659259258 3965.18459259259 46298.1866666666 127369.570762244 0 15904.5264 15786.6 621.346695389293
3268.608 224172.989333333 10359.974625 70876.725 0 2836.2673605 673.655104048371 45.7218999999999 51586.1687352 62475.54768 3290.43444938272 2660.65289986283 1732.02311111111 4178.84404938271 20393.4880582473 0 1913.814 4501.92 10.2195713124407
11586.048 615732.498666667 217.342125 27619.194 5982.94515 0 975.320835937156 62.5289000000001 0 72935.85936 3841.35350781894 7307.97435939643 2022.01659259259 11477.966617284 43992.3255328955 0 2666.79 4661.28 480.508185135692
761.918346310222 12433.8115916579 25.8464029360352 46.0258581459975 140.264895327643 111.408179580363 90.1920354840433 27.5989430230049 1875.64474107597 5377.68026799948 283.229280393419 242.048493531841 149.08659234248 380.163420380665 2132.69446268608 0 514.813545254435 955.22513291965 45.7949303599267
33.153033090549 227.679631128873 0.845786240317623 0.994845794995217 63.4858638072771 1.46888731760917 2.30173000085091 0.0411243250017643 44.7002571946946 151.372587550003 7.97242433660457 2.39549123509877 4.1965349606567 3.76237888589565 58.6897822513499 0 10.0190931673996 24.4152787234716 0.034380141237873
3554.6112 468940.768 9938.462625 48069.588 203814.7461 4993.2667665 143954.40870747 689641.333733331 88060.6346664 32278.07856 1700.00753251029 5565.74018106996 894.852148148151 8741.59881481482 24489.4218868831 0 2158.5312 5219.04 35.1043559733684
1252.10835635935 14205.0745780525 6391.48128725213 83.2412220201348 752.615462540665 199.764548465419 308.902132086058 45.0380547514753 6079.10939643786 22720.6245747 1196.63978289568 167.460411197944 629.888785670575 263.014744568069 4349.13808226927 0 595.605295488896 4036.8803360914 64.4871636569302
180176.548889592 3268718.05851144 61424.9059145575 525285.060569548 6282533.99826558 9846.19653437656 1019582.40990835 4200101.04518298 211030.11884635 105432.992819595 5552.89812667258 38751.836719729 2922.94164706632 60863.9639868993 241022.174686442 0 21081.2841128001 117186.089823614 1528.98905641249
17529.0047923261 783071.221126631 16258.0023373686 95824.8484311426 750099.37866853 2394.40403225196 243269.932560442 2638920.38548016 49752.3206832031 36600.4733233913 1927.65750376211 9993.08292488013 1014.68283236856 15695.2209428657 51751.991439598 0 3166.89264061644 10051.032276313 721.128477609208
525.313258749559 27271.8673826732 53.6913650676719 310.221939002398 11893.2681463697 527.384911719596 399.945289335447 69.1780461984172 8782.32651128212 12604.4402026139 663.84506895875 319.161720219827 349.435619922289 501.278109369372 2900.91875011508 0 1960.1976535247 2864.58947279183 68.2153127435104
4301.7216 44377.8933333333 164.653125 10369.008 45367.7059578132 627.712872158797 6355.32431558904 1321.5447 19102.1642664795 66808.56 3518.64362139919 526.710068587105 1852.14814814814 827.255308641975 19589.0270684932 0 2459.7216 9033.72 342.375
7.76700841278744 39.8114604840074 0.290323228148891 0.529956017356909 2.35892540661806 1.22151130422448 0.999173212380536 0.0240971750745343 20.5574357366223 101.444411441391 5.34282929081009 0.412090021623859 2.81236534347023 0.647232089071685 24.7013550107892 0 0.587774360185377 21.2800661215574 0.60136166066871
4085.76 367517.893333333 11426.3424069378 86679.76429398 73538.51295 6171.019278 3.98765432098766 81635.3948666666 115653.0682284 44857.176 2362.5178600823 4361.97755829903 1243.58518518519 6850.95901234568 23938.505727904 0 4283.5968 9342.48 361.968873751297
1015.6032 36837.96 0 261 94792.3122080951 379.542423984171 536.277125446058 214724.1054 6408.88287778508 13342.62384 702.723397530866 437.220493827161 369.900444444444 686.702222222223 8565.10456145618 0 154.7784 2768.88 190.143334436125
12286.464 180182.864 0 34341.336 408552.23955 0 25202.4162962962 420884.838500001 0 45964.28928 2420.82681152263 2138.54515226337 1274.27792592593 3358.81718518519 29285.6419008444 0 2666.79 10109.4 158.308786627047
26166.3744 563125.306666667 0 237703.401 245943.405099327 5079.364074 52278.9108577735 325894.852966667 165014.6925132 48503.01456 2554.5352691358 6683.59281207132 1344.65955555556 10497.307654321 42272.05432614 0 2365.5996 6633.36 16.1205116805099
126.852064749698 61381.9471225111 66.4565846644493 34.1354088932939 377.699235515411 276.238026636371 256.185307646332 61.01129801797 4653.26557721213 17512.4230545737 922.336534064191 826.776954323876 485.50068928466 1298.5429087429 8691.48202500612 0 662.374329875167 1263.98462808812 39.5966698176712
6502.55315755139 66070.0449463091 888.198368287795 264.14046120033 216449.961086383 757.696142334462 29200.6057887696 556676.972834083 12794.3163301651 17494.1248685691 921.372813315412 696.362650405635 484.993404719288 1093.71309501138 8732.27365498177 0 363.896425909737 5357.11929668573 290.716683051616
5113.0368 257090.184 9962.61175 132386.508 263696.96535 7423.808421 88004.443323531 1025741.843 171063.0999588 39703.3728 2091.07963786008 3051.33881481481 1100.70518518518 4792.45866666667 26476.9949712141 0 6036.3576 11593.44 413.693131155369
295.854284279742 13916.9745347332 11.0466375825979 1917.79523275511 3429.25323476889 1.90042483534447 122.741822329757 66.648487028834 41.8704021529238 7644.24034669359 402.60346183686 441.81551318949 211.922927273509 693.919198671897 4141.25180394701 0 1071.01907687559 962.531595375392 179.601465000434
0 20379.3626666667 3539.44519420818 28.71 128.01915 111.022867718035 300.440744779032 1.715 3378.57824898804 9353.1984 492.610106995884 241.877536351166 259.300740740741 379.894913580247 2552.49818397448 0 0 1394.4 77.2985532225797
2165.4528 171910.48 21261.9651897443 289336.650907284 1159.51395 1.7177565 1004.27065037605 43.9611666666668 10084.5808797565 100480.07424 5292.04000658438 2040.36230452674 2785.63081481481 3204.61037037037 29011.0108222931 0 2547.5688 6902.28 316.96352093343
4692.7872 273505.696 26.3445 113123.403 0 2.681376 2677.4971847203 146.266633333333 15104.3733891578 138160.10208 7276.5550090535 3246.17040329217 3830.24237037037 5098.46281481481 34593.2762601614 0 3622.6512 6344.52 620.01
14878.0032 317409.650666667 109.76875 96166.929 275842.72485 14370.7089825 31013.3164889568 831658.448600001 265396.9813632 19966.21536 1051.57177942387 3767.25541289438 553.527703703704 5916.88335802469 27815.340452918 0 826.182 7878.36 166.713747499258
198.433868726391 7424.62327744164 16.1146408378907 29.7006559358027 101.840162636015 42.3578053725276 34.9515523570924 12.4685633909238 715.09846078883 3577.77756856139 188.432802928301 71.7461647903678 99.1875007947628 112.68513597385 852.483305674798 0 46.7320865873597 460.45887429291 3.3215893751121
0 17578.816 8736.60936052326 217.152 584.11605 522.204496628076 733.767841119847 0 8797.55874847057 34396.86432 1811.59880164609 208.63855144033 953.591703703707 327.689481481481 8963.8343386001 0 524.9916 3595.56 18.7964587320527
40659.1488 259502.962666667 0 84706.245 225792.28455 6451.4325525 6889.02469135802 637973.997500001 159004.9126548 99220.25568 5225.68844115225 3079.97547873799 2750.70459259259 4837.43565432099 91796.0055256895 0 4846.2372 39830.04 1169.055
0 0 0 3587.08227918056 29920.483141506 108.062402502893 941.881028486658 1811870.1438121 2697.50484776055 1352.35007271151 71.2249741237509 0 37.4914933478679 0 236.362438450265 0 397.701886701755 861.2982803978 37.8757498251141
0 9995.79733333333 595.63157432617 65.25 2489.26125 156.456136601924 751.203125413669 2809.91017527917 3745.77791634341 192198.68304 10122.6350353909 118.637607681756 5328.36562962963 186.333234567901 40553.0213446425 0 5954.7852 16324.44 511.695
264.742480445821 1752.24750730255 88.5746892380549 1920.16620988633 344.1375 29.0233934133121 149.522104312887 438.776880347517 720.749501987914 62054.2463390192 3268.24553712164 20.7969855130477 1630.82933250771 32.6639221375996 3563.75888269703 0 322.421604347321 2081.64 77.2705044742227
2825.0112 77769.0266666667 314.832566304377 120.06 28536.5933436812 0.8798265 1405.03727361315 534831.725166668 1639.1770468736 89065.35456 4690.85461069959 923.021042524005 2469.17807407408 1449.70469135802 21671.8251379245 0 368.1216 2260.92 35.6882741311609
0 0 231.65796226496 2045.12025893639 618.07095 2.848962 298.154094380175 1136.49910275722 964.179204699547 0 0 0 0 0 52849.1656767124 0 458.0604 5229 46.065
0 2975.80536168625 30.128540143729 66.0855109651515 487.080147075961 46.2635365664362 219.93040050339 841.472371303466 1121.15972796714 124888.986954468 6577.59780079594 50.8793760404792 3462.32437747223 79.9115802794209 28076.8158692452 0 147.827501455474 2542.38698758374 171.451726205912
0 0 0 0 0 0 0 0 0 0 0 0 0 0 0 0 0 0 0
21006.6432 263380.642666667 487.37325 769.515 61530.8673 55344.0615015 43446.4696296297 2456029.45653333 1260445.279836 652872.33648 34385.1907950619 3125.99868861454 18099.7208888889 4909.72009876543 204165.873325277 0 16609.3956 13963.92 484.753287407137
271.221410347026 1795.12951381037 90.7423398607584 1940.41888506499 58.7328 29.3473742149881 403.724348725792 449.514879950957 732.583048131415 26065.8149597039 1372.82278714784 21.3059412766582 722.628221706739 33.463292384005 6894.76081381004 0 0 328.68 10.2862214613555
279.867209216211 293.909321482627 14.6630781677912 11.7378095186819 181.752506509881 0.324013614699586 70.5723436909541 8.15166790071274 228.499272927015 28160.8120728964 1483.16116637925 8.26903941181796 780.708279465436 12.9874235538082 6049.28971231074 0 74.5554545971766 1079.78314068607 21.0094593630213
2100.90177404224 11873.338246159 43.0680327743709 50.2373133712953 609.365458858932 78.9992790134814 371.439387352362 1434.00944079525 2404.0564907632 135523.504244661 7137.69184308326 135.647960758128 3757.14739873597 213.049839629298 41057.0120879091 0 763.555986843373 6006.16469401718 74.3337214606087
0 2498.94933333333 272.846348331619 31226.887489409 24432.6967751235 88.2424224454432 1242.13296393626 410780.344333333 2202.74912283525 133464.41472 7029.24462880659 29.659401920439 3700.06281481482 46.5833086419753 28970.0037152186 0 1085.5404 3894.36 83.2188692375331
1025.88390241802 2959.72516281823 12.010421725499 20.6565850258563 89.5481447146272 12.9981472447937 64.1962473318104 21.4362114880348 316.253556180276 22191.7281150162 1168.7840986204 35.6056803847763 615.226074808895 55.9225841175361 5044.75666786607 0 223.236501868873 463.651901098976 4.37617386330302
1640.1408 8671.03745385832 41.712125 18.096 758.47905 141.757003621656 1950.11497605275 2171.29757498552 3538.60543183082 153507.524601931 8084.86625482366 102.914365441782 1737.66588420943 161.638176721421 821.040242197467 0 834.5484 2828.64 92.0156693981784
709.203454850705 4693.99540202168 237.27765757189 7489.64040956833 21344.8871517854 76.7389976972523 668.863586243036 1175.41423245355 1915.5951885771 0 0 55.7118523309745 0 87.5015085979024 0 0 0 1284.84 26.8969318772395
166.792550067494 1103.94761581231 233.629030932257 37.584 532.72485 3.3936165 104.196278537972 21.4489333333333 323.506677201406 10822.98672 570.020266666666 13.1024769489074 300.048 20.5788616143575 1252.727508734 0 677.6784 9053.64 68.5756993830365
245.1456 0 138.308625 156.6 1371.50265 69.2734013658544 342.206260068972 1051.27536387173 1707.75587822277 0 0 0 0 0 41852.4370849315 0 3833.9028 21573.36 96.0203391817279
288.880235370919 2105.56915639036 96.6504394455568 2088.39963201318 134.75789355508 31.2581383597143 430.010244160492 615.655288944209 780.280447263255 48419.8323101593 2550.15426327644 17.9629446769327 1342.35347606513 28.2127535224385 11224.4070871486 0 168.624226475706 671.055595158423 59.7078443447781
4862.0544 1723.41333333333 278.812625 49.155 1291.66275 195.432467132476 946.312255039825 3552.96328090811 5947.2782154824 188972.784 9952.73481481482 20.4547599451304 5238.93333333333 32.1264197530864 44815.3781107149 0 1777.86 19292.52 341.444480164809
948.911403766329 0 0 188.355 61022.4615 52.5481585761768 236.382491794798 527612.432666666 1234.53983988048 0 0 0 0 0 33489.671016443 0 962.136 2838.6 16.7293324096722
0 377.68597312685 15.2230823346976 10.4343704408287 97.9857920214082 19.4890989716862 273.84280254021 362.659530365312 486.496114624153 5532.1729379678 291.366031847679 4.39956076649774 153.36962602236 6.90998751844881 1132.37413989217 0 86.2151896146349 464.265151017838 6.83090714135026
1454.5995525978 9799.87989786869 532.767135001639 15414.2697695643 148.20855 157.72937383835 2168.69414944353 2410.81315234701 3931.94540832824 10593.9288 557.956345679013 116.312312853182 293.697777777778 182.681106754481 1996.37511961802 0 495.891079220437 209.16 55.1664896826005
0 136.884434566854 72.447375 147.963219289493 185.3754 0.7122405 17.1695194207053 35.4202975847126 42.221243008211 1892.95499152609 104.682180050812 1.62464696955454 0 0 0 0 278.1828 2968.08 0.784357673212329
5644.1856 78027.5386666667 241.49125 844.683 3455.1405 4.9856835 1265.5046024941 80.5135333333333 3831.24287782424 281054.06784 14802.4310518518 926.089256515775 7791.72266666667 1454.52365432099 69083.7919633702 0 3208.5144 37429.68 247.755
0 0 0 240.816 997.08105 52.5061752841467 261.511255050006 1325.46563792217 1310.68400374089 44284.5312 2332.35805761317 0 1227.70962962963 0 9245.77944379811 0 531.2664 9671.16 144.148355036297
1815.2448 0 395.1675 115.188 1382.0562 111.704758290216 530.139728482016 133.175466666667 2712.57735906879 0 0 0 0 0 44068.332230137 0 3478.3308 8964 5.5840372625038
0 4.01085284848485 0.405915136598557 6.09912444274956 0.713261293798218 0.0918091057180227 1.26616397010203 1.68486025060185 2.28076046466498 221.457920655087 11.6636475912869 0.0298553866658799 6.13952579780285 0.0468911239482478 62.5788021075187 0 3.50697339137181 3.56167047364565 0.218198689387617
0 3362.54078616539 26.3445 37.584 934.2186 57.6952073969381 282.82446009072 1381.99206843233 1612.88304368009 48031.5046276178 2571.4983673593 39.9091519465574 219.263474833828 62.6816531146848 80.8196909589042 0 282.366 1882.44 16.5646272847308
665.3952 47973.2221548267 181.740953686763 5787.91684680497 897.5106 59.5317681060363 288.839332109678 54.0225 1473.97792485911 101719.931875745 5357.3402789066 569.382123250406 2820.00365601978 894.276400237147 9138.68355799335 0 98.3052 4292.76 206.106493206904
0 17104.8773333333 139.231509701627 70.8734177521687 14438.588444538 45.0294672145481 646.227794870956 881.970068284692 1124.04687745181 67686.61536 3564.88865185184 203.013492455418 1876.49066666667 318.854716049383 15608.6852095327 0 292.824 876.48 15.782777316382
758.784 0 158.067 575.244 665.79135 205.103303865141 1041.25186776451 111545.406466667 5089.68013449437 0 0 0 0 0 24234.2761643836 0 715.3272 11892.24 412.357665555832
0 0 66.300210425447 1399.61081764305 318.90075 22.028989985745 111.092283050143 328.434677525948 540.500768761586 2023.34496 106.564635390947 0 56.0936296296296 0 441.178445486958 0 0 1125.48 1.11933131115048
4260.864 3494.56666827077 32.930625 16.182 665.3325 6464.3366745 791.500834035943 875.067622855812 153882.275904 50742.1483735448 2672.4649762046 41.4761339773776 1406.73554621024 65.1427684053417 33739.4138515049 0 5097.2292 547.8 20.0241188085672
0 4260.63212189803 30.650983237592 14872.617997483 313.081475061864 87.8675817805807 1204.87826595385 22411.7448419117 2188.85755505347 77791.0324914612 4097.06361397605 63.5856263337987 893.047701609731 99.8681249421778 1550.55471069962 0 534.055627563903 1054.14706306561 63.4472951807706
75.9917837180832 9120.03246713532 25.4245129687532 801.347072282175 2354.70499395621 8.22265215414057 113.116930373748 128.00468500391 205.257735655554 9402.91075827902 495.228335443904 108.243374470265 260.678927193593 170.007963576719 1275.65536474885 0 109.570544225554 2768.88 6.61703027765209
1051.31010318087 6958.29209048173 428.574142299763 11122.6207505144 55.9797 115.599918892646 1564.91880995853 1742.41234944511 2856.12550438889 100564.223525243 5321.34415258293 82.5862209523559 663.315813960693 129.710620278786 0 0 479.717489957898 1424.28 124.53151505496
461.312575330186 3053.28335992176 154.34099556924 4904.7313522749 352.85565 51.005400657265 694.28295322224 773.141730384931 1255.76881410726 19317.21792 1017.39066995885 36.2386532375637 535.535407407407 56.9167366578499 3178.81227461797 0 263.5416 4312.68 21.2807037802172
1130.58922571583 0 378.260372702696 129.978 34457.7472400272 129.247752364879 1708.29056235492 2648.16385489048 3199.54623890347 0 0 0 0 0 7519.3424928546 0 322.1064 866.52 263.243219468941
239.720406344613 1586.63424078957 80.2030730400278 2527.89494326392 7381.12217261867 26.6929611620117 226.084982506252 504.893182392794 661.124907309563 0 0 18.8313632535866 0 0 0 0 196.761668071456 717.12 9.09152852391636
3688.8576 8789.408 313.938625 360.093 4733.95545 57.1049295 976.513363252104 2819.65058552434 3711.1759398813 127757.05488 6728.65193086419 104.319275720165 3541.83644444444 163.84474074074 28465.3692601238 0 6954.57 48784.08 607.56
0 473.938666666667 151.480875 232.29 1223.75295 5794.34688146091 609.328387450745 2202.84465682601 131210.932573408 137205.69408 7226.28867160494 5.62505898491084 3803.78311111111 8.83476543209876 29685.103080653 0 1332.3492 7709.04 116.953840773187
3251.0976 0 752.85442632316 13798.5385238826 762.14985 1019.99663858615 1181.56569076028 2086.00516469698 23343.9226250592 0 0 0 0 0 101908.46829589 0 1190.1204 5667.24 7.07653910257705
81.3855726506142 538.665598989935 0 18.096 4746.31296307783 9.27254239813591 127.901365069649 134.88620191515 282.176192194253 610.82112 32.1704559670781 6.39328668574702 8.11255268973181 10.0413503858806 0 0 121.3128 348.6 3.08659269551148
451.22714750368 2986.53107392928 0 114.84 13604.9498913704 48.8248030891388 671.670374474611 747.851420657407 1218.78784825629 12579.09744 662.510327572016 35.4463871227809 348.733037037037 55.6723967668937 1086.97192231763 0 166.378546770637 1155.36 17.1130382467221
1.33735391926624 98.6052205882353 1.8586587411253 30.0578620762608 4.1084309882024 0.311339562795734 1.57954142008085 6.3223798846592 7.77180555391279 654.053014116091 34.4473742013971 2.27926759274375 18.1324530701729 3.57983704577893 154.462692451393 0 10.9850064306619 51.3468018961701 0.886980345255021
0 473.938666666667 41.712125 22.446 670.37985 77.0394763286473 1043.90634004748 1155.63092283933 1897.58890028513 116647.74576 6143.55176296297 5.62505898491084 3233.85066666667 8.83476543209876 24328.0034431976 0 1265.418 2470.08 185.708481422887
0 2539.54424747332 128.37190042434 4046.11276899467 431.77785 41.5173138164964 575.196439991544 823.177518944595 1036.37484168462 35733.446015751 1942.1129144612 30.1412127592356 68.4820679124301 47.3400448388453 0 0 423.629743250572 936.24 29.4917715237016
0 4780.2742043165 0 0 21059.8748123309 76.0609599072165 1046.35124345526 1165.02870107492 1898.66968828075 0 0 55.2196027269031 0 0 0 0 82.7398416982385 439.965824903332 26.6592803989032
1322.62726126043 8754.0553285262 442.510391406176 13947.3431425643 180.32805 144.287309442141 1968.78568316609 2639.07810285446 3582.97350809485 0 0 103.899683742762 0 163.185726016187 0 407.798908874739 450.900083683828 786.84 72.5713678018396
0 0 17.3006769288647 5.87660966276011 10471.9222763509 39.8234197294686 531.701141684029 277585.614337647 1211.88132196344 0 0 0 0 0 17059.0856995422 0 227.228231487683 941.878679741689 73.4561811393299
4260.864 31538.464 76.838125 245.949 1783.54995 5966.1034965 896.172940513421 2723.59045114085 146291.4463464 151216.40352 7964.19850534978 374.322106995884 4192.20503703703 587.913481481481 42160.3621590542 0 1748.5776 9571.56 413.34
5877.6576 0 439.075 138.678 43428.77595 31422.961551 18318.861728395 1761803.50476667 620050.9011816 0 0 0 0 0 68311.359430137 0 874.2888 2360.52 315.00606687525
0 0 111.724770765252 3827.65722691658 0 0.251379 497.077884292535 900.303420300336 589.183745719308 0 0 0 0 0 25417.4383342466 0 516.6252 6045.72 69.2934896902319
658.471471748082 0 280.063932619493 0 481.674017779571 68.2118658737765 338.315058093324 142114.869947905 2075.78070266865 0 0 0 0 0 36426.8575428255 0 857.996693926011 1809.22709729512 102.175046655844
189.764244110565 1928.80591083482 63.4892780421289 2091.64425141879 186.592037304075 20.6740017471532 286.015773037411 390.059879575486 513.82068526393 2034.68122081505 107.161688550113 14.9070305189254 56.4079072383001 23.4131087828816 193.094065428197 0 64.6929910306783 593.534921343156 1.07187498167604
0 646.28 24.149125 1369.90503322191 1076.00325 43.422307741325 211.074912020377 802.159515129853 1043.72523358644 14373.38448 757.011041975309 7.67053497942388 398.476444444445 12.0474074074074 3535.08758866579 0 1620.99 9790.68 51.4974884020149
0 5428.752 332.991800287723 45.0285695495052 1144.3719 78.317099329569 361.16552984661 1372.99944209626 1861.57773965203 122813.22144 6468.27230288066 64.4324938271605 3404.77748148148 101.198222222223 28820.742944042 0 1556.1504 7599.48 0
891.953960339887 5903.56372351829 298.420354446766 6381.37050846211 188.58735 96.513422827285 1327.71056411388 1478.29987644027 2409.21374983863 83501.8037112403 4514.74210783957 70.0679149045382 236.919549434107 110.049262444786 0 0 0 776.88 5.0381626916931
0 0 14.5460181816918 160.587512836314 85.9965072957553 4.70439091135599 66.4674882970936 72.8102844482422 117.433232976694 6231.69528997369 328.208164980196 0 172.762635374094 0 1337.95974439931 0 42.9034869097236 1023.66214381095 0.245577102981299
519.4752 48212.488 298.571 55.767 1040.21295 2223.02829 593.15871653344 148635.684586928 46463.5871892 290292.73728 15289.0091983539 572.221909465021 8047.84829629629 898.736592592593 67217.9200336273 0 3645.6588 9302.64 184.290156067498
8620.9536 872133.317333333 263.445 278.748 294356.8635 104042.2906905 65171.904691358 7793802.12216668 2311598.742966 448342.70208 23613.1146798354 10351.1312702332 12429.5016296297 16257.5747160493 173042.25901625 0 12110.364 12061.56 0
5941.8624 54546.032 320.52475 1463.949 27255.69 15093.046539 16.1851851851852 1994824.28203333 339406.7759808 282161.18112 14860.7400032922 647.393152263374 7822.41540740741 1016.80118518519 75303.8405248264 0 3624.7428 10059.6 223.46512183868
0 904.792 307.3525 3673.628945468 976.89165 58.6602213135245 289.563249465067 1035.57056614911 1391.48439003222 49132.92384 2587.71105185185 10.7387489711934 1362.12266666667 16.8663703703703 21760.9166591856 0 1313.5248 5079.6 163.086018022542
177.643959754242 1175.76969567763 147.249203773239 71.8985672374086 917.24115 2.5556865 118.551561361593 17.9046 345.153584147689 17072.5260138518 899.168231732746 13.9549151736737 473.305328550213 21.9177083324749 4305.65548842011 0 512.346635346255 4013.88 81.9284140888813
322.677680162602 1922.90965317538 107.958024705098 1124.20813653374 9751.34457546507 34.9151736156802 480.319146284624 534.797081379219 871.569092554432 34647.0682558314 1829.10447072512 25.3481157554492 246.552443668103 39.8119659626345 0 0 110.004834506108 127.920162010593 12.2377288523872
344.3712 215.426666666667 135.526215287449 70.3081076854456 621.2829 43.8311218565108 615.809129811587 671.363009689051 1094.13321333066 54573.04944 2874.22917530864 2.55684499314129 1512.94044444444 4.0158024691358 11369.1384950272 0 775.9836 6493.92 15.3627586240908
886.432507763982 5867.01895935152 0 3176.50199116232 26702.8177007937 95.9159768706845 1319.49165233116 1469.14877332995 2394.30002104047 85190.8619311389 4486.79455051118 69.634174278407 1734.4770709212 109.368025732332 563.696685812703 0 77.3892 1235.04 100.848441382406
5.74486395180806 38.0234540463482 1.92205473934296 60.5806270519914 546.0315 0.621620070451618 20.7959133513217 9.52137895871647 15.5171744720704 525.82083097947 29.0783833474478 0.45129082487626 0 0 0 0 1.95849557354043 737.04 0.21787713144787
0 0 0 0 0 0 0 0 0 0 0 0 0 0 0 0 0 0 0
0 0 0 0 0 0 0 0 0 0 0 0 0 0 0 0 0 0 0
0 0 0 0 0 0 0 0 0 0 0 0 0 0 0 0 0 0 0
0 0 30.853445691961 2.61845119169514 43.3482839118622 0.186809604687706 139.310455192315 152.840261311059 161.537957707911 0 0 0 0 0 1052.98950452019 0 18.2636134589065 491.285650794294 6.99735035076219
0 0 0 0 0 0 0 0 0 0 0 0 0 0 0 0 0 0 0
0 0 0 0 0 0 0 0 0 0 0 0 0 0 0 0 0 0 0
0 0 0 0 0 0 0 0 0 0 0 0 0 0 0 0 0 0 0
0 0 0 0 0 0 0 0 0 0 0 0 0 0 0 0 0 0 0
0 0 0 0 0 0 0 0 0 0 0 0 0 0 0 0 0 0 0
0 0 0 0 0 0 0 0 0 0 0 0 0 0 0 0 0 0 0
0 0 0 0 0 0 0 0 0 0 0 0 0 0 0 0 0 0 0
0 0 0 0 0 0 0 0 0 0 0 0 0 0 0 0 0 0 0
0 0 0 0 0 0 0 0 0 0 0 0 0 0 0 0 0 0 0
0 0 0 0 0 0 0 0 0 0 0 0 0 0 0 0 0 0 0
0 0 0 0 0 0 0 0 0 0 0 0 0 0 0 0 0 0 0
0 0 0 0 0 0 0 0 0 0 0 0 0 0 0 0 0 0 0
0 0 0 0 0 0 0 0 0 0 0 0 0 0 0 0 0 0 0
0 0 0 0 0 0 0 0 0 0 0 0 0 0 0 0 0 0 0
0 0 0 0 0 0 0 0 0 0 0 0 0 0 0 0 0 0 0
0 0 0 0 0 0 0 0 0 0 0 0 0 0 0 0 0 0 0
0 0 0 0 0 0 0 0 0 0 0 0 0 0 0 0 0 0 0
0 0 0 0 0 0 0 0 0 0 0 0 0 0 0 0 0 0 0
0 0 0 0 0 0 0 0 0 0 0 0 0 0 0 0 0 0 0
635.243849137118 3518.18485120502 135.113023411017 37.6057840286832 157.712637662972 69.0679724856704 951.847700053575 16102.7302339418 1718.79258229169 61495.4395135033 3364.44242910789 50.4540549126113 48.0112456070588 79.243567302471 0 0 148.298666831812 1426.70701955672 3.58814692591373
23.3833091185288 73.54751554951 0 6.518293929593 12.694109398194 2.73703834120435 12.4503483407355 83.3529703043979 65.8184510345621 175.027674965694 9.21827999415594 1.83688820987942 4.85233006163261 2.8850322286051 33.0233673145652 0 10.3270428237582 141.674850530016 0.886824885191656
0 0 0 0 0 0 0 0 0 0 0 0 0 0 0 0 0 0 0
0 0 0 0 0 0 0 0 0 0 0 0 0 0 0 0 0 0 0
0 0 0 0 0 0 0 0 0 0 0 0 0 0 0 0 0 0 0
0 20594.7893333333 311.74325 242.556 2628.75165 747.870998772838 3475.35608943529 111.475 11471.6145589351 74004.79632 3897.65180576131 244.434381344308 2051.65096296296 383.910716049382 15626.199420229 0 2292.3936 7669.2 245.265
5615.0016 0 41.712125 105.27 89982.3204 0.7122405 2431.68006332636 631898.735766668 3.184134 0 0 0 0 0 53886.2187835616 0 1834.3332 2171.28 106.81440937206
513.6384 1507.98666666667 103.182625 387.324 31198.58805 959.920678587009 4736.57279556502 795136.791866666 14993.9795906938 181871.98848 9578.75326419753 17.897914951989 5042.07644444444 28.1106172839506 39936.9526860575 0 2779.7364 6175.2 308.76
8358.2976 904.792 116.354875 244.905 273130.4625 20224.3203765 86311.7550617283 2367138.5941 533499.9009192 199604.88912 10512.7018139918 10.7387489711934 5533.68948148148 16.8663703703703 50252.1004880465 0 1687.9212 3565.68 13.032884395244
0 26885.248 90.010375 136.677 914.9469 941.945435764239 669.238512638955 37.6042333333333 14696.9363510804 90134.29152 4747.15290864197 319.094255144034 2498.81244444444 501.172148148148 18311.6945294051 0 2524.5612 13147.2 193.401821012099
2480.64 0 83.6264811097142 123.127886646992 25517.5662 491.582653029159 9360.44316898874 371539.612266667 7652.19127098635 0 0 0 0 0 24380.052909589 0 817.8156 2490 19.92
0 1780.61658731973 7.9300277988523 6.68320329485238 97.7334679949968 113.633547318497 34.3793076249699 0.695198752517958 1860.19654252346 13733.5577506901 723.312931435475 16.1009250956543 380.738389742665 25.2882497483985 3615.84459316556 0 307.117934638424 229.653388325654 21.2519275830363
0 1701.28072415032 52.945609714108 213.677646991508 690.56925 200.434563627434 960.221295146518 34.0942 3118.19985939207 59284.4326266884 3122.36621639751 20.1920735662786 827.302500607855 31.7138422946834 1687.77074818828 0 654.6708 4531.8 41.6327561949824
700.416 387.768 0 205.755 176972.47995 15958.6701255 3570.46178461678 584002.410133333 421910.7202416 197428.83888 10398.0945646091 4.60232098765433 5473.36237037037 7.22844444444445 48530.2936391818 0 6124.2048 1733.04 226.59
2.72645077623782 1.21405346976256 0.194066892355159 0.25824330280621 2.5916631813507 0.0053019519075371 0.747450341927855 0.316759158953263 0.0237028438219306 153.140907727117 8.06555743978466 0.0851739049088939 4.24555848311214 0.13377485868584 36.3116540420837 0 3.9061160095989 6.10750575444439 0.152919339830549
0 0.764921605543309 0 0.208150673789968 0.891459092576349 0.386151090658016 0.307253964598988 0 6.02497593691189 115.000064894648 6.05677243757452 0.039168626021972 2.57587900198041 0.0615185768060365 11.5210206050118 0 0.808954360896261 2.03059787895702 0.0807593064829417
