750.901053719166 39087.2291406579 782.50066492078 2000.57019160997 0 0 3861.14560753188 294637.49567497 0 8692.54782823313 359.476659818415 785.135285896916 160.826554413939 1201.62563236172 2528.04746945008 0 241.752691221974 3932.72677738188 14.48661859991
41.8091177533742 3553.61617371711 19.9504565079283 17.9984487546836 0 0.457788626860596 743.908729336443 56766.4178721676 1.32175245696515 1989.29483128266 82.2664511572643 79.8189073737669 36.8052543109996 122.16040569092 506.864702658387 0 101.512054350504 1093.0440044082 11.5564724885363
1818.75608247919 26842.7204867547 2905.17830796759 12242.4712865709 10523.2310060216 4.99268035016169 8113.1296789573 3968257.2381679 14.4151408149276 21443.2267666713 886.775625067639 612.24798631772 396.735266178162 937.026888150593 5578.40590762055 0 164.016511861573 3908.71208626828 15.4389850572485
0 0 0 0 0 0 0 0 0 0 0 0 0 0 0 0 0 0 0
920.32 3423.6 0 6.56 53 3.31828992754001 1600.39200496807 0 1206.80893337974 62041.7175 2565.70913580247 74.1481481481481 1147.87469135803 113.481481481481 7356.7676712329 0 382.8 2078.58 19.8745465911587
2231.776 0 92.38 63.755 217 5.30495555957947 762.723478526911 2.5 1546.00636741026 29875.4616479997 1235.48715244044 0 552.745599255469 0 4642.43349725226 0 378.45 11442.48 12.6455535516557
0 37184.1 584.08 1677.925 294.75 8.6093150154456 1547.77466085441 0 3131.07006855861 61557.51 2545.6849382716 805.331275720165 1138.91604938272 1232.53497942387 14176.7378495027 0 2866.65 19571.58 77.67857142
195.568 0 0 0 217.25 3.05606287771356 572.1216229869 20 1111.44115262075 3663.57260986396 151.505504579296 0 67.7821705824842 0 1698.97129548376 0 191.4 3889.62 18.3039654083682
0 25524.84 634.74 2388.3525 677 16.6404176118219 2806.27100553578 1415775.85 6051.85353529481 10336.7775 427.473086419753 552.815637860083 191.247530864197 846.067489711932 8107.22925126668 0 359.6 2517.62 31.4946741903266
0 166063.62 634.74 9289.78 0 20.936370563511 9802.32615778841 3.81666666666666 7395.18225767609 159514.7925 6596.66716049382 3596.59711934156 2951.28827160494 5504.48230452675 40236.8141940326 0 5450.55 16525.74 223.541666642
1983.27295755667 52904.4239397585 0 13634.4677354091 0 358.281727008858 4744.33665096397 0 7041.52387657279 49347.7463747467 2040.75529831925 1135.86613721337 913.015168207205 1738.40851369719 10209.3752956801 0 2460.00981161089 15408.1011134997 95.5340332815617
2387.08 2986.14 196.68 424.965 413.5 21.063 982.156070801227 4.66666666666666 2112.00978106402 28420.875 1175.33333333333 64.6736625514403 525.833333333333 98.9810699588479 4610.62639894915 0 533.6 6633.62 48.333333328
0 0 2061.33410399033 908.263629987909 0 16.059189049419 2708.2515386985 856479.266666666 5840.47001041901 19251.5689278279 796.140536835703 0 145.831111111111 0 34.4546909395112 0 0 706.58 96.1848144521596
8875.336 424317.18 262.24 4011.5425 221538.028440192 5320.269 4717.64689103682 9.11666666666666 15360.97275 179304.1425 7415.04740740741 9189.8390946502 3317.42407407408 14064.7687242798 47644.5489885532 0 3836.7 19797.96 360.773809484
0 11727.0742406312 38.0433001736527 192.19781636724 140.109134028805 0.0651076613710162 415.119744445232 2.46104123047306 826.158970547655 26607.2990314349 1100.33366184585 508.424377475284 492.27916947301 778.128018273862 6882.43581181274 0 517.937829310489 1170.01786697825 13.8035511858581
12338.04 73379.16 500.64 3304.805 466 2.04 1776.09120051225 0 16.8919 81515.28 3371.0301234568 1589.24197530865 1508.16790123457 2432.28641975309 19230.3158416213 0 4938.7 13809.18 295.178571396
2680.432 17060.94 658.227733010882 308.211932527206 246.75 4.54763446627309 831.096753708124 7.61666666666666 1653.90186496228 28610.3475 1183.16888888889 369.504938271605 529.338888888889 565.516049382716 5747.48701069619 0 1131 9480.52 27.2375756950532
753.512 85285.68 0 9439.76567952594 142365.416644257 16.8639670588999 8133.39359804413 136053.666666667 6133.15489101626 11431.5075 472.745185185186 1847.11275720165 211.501851851852 2826.94979423868 6811.22844060799 0 1548.6 2634.24 101.004947229655
2358.32 29404.92 306.94 686.75 338 9.44035121394837 1699.25978582545 62.7777777777778 3433.30463220886 46336.5525 1916.22864197531 636.850205761317 857.303086419752 974.679835390943 10805.1381572528 0 1380.4 16724.68 407.380952336
937.576 2738.88 0 266.09 240.5 4.22348776800994 790.781366339805 7.91666666666666 1536.01489916615 32031.3204812953 1324.64178785308 59.3185185185185 592.632563907613 90.7851851851856 2934.4598906506 0 413.25 7566.58 25.2961333263398
2266.288 39865.92 3005.01816299878 533.205 197717.966975199 23.4111271351487 11291.0509667728 295648.722222222 8600.70346548718 22905.12 947.231604938272 863.413991769548 423.782716049383 1321.42880658437 7767.85855507597 0 665.55 3381.98 61.3930081160425
0 6695.04 864.2 7511.61 747 7.752 1407.09708603702 65.8888888888888 189.25035 36273.4575 1500.07358024691 145.000823045267 671.119135802469 221.919341563786 9351.09579283167 0 929.45 8183.98 107.88690475
258.84 57.06 0 83.1275 0 6.86970999274711 3313.22132451283 2096193.72222222 2498.40356629757 25178.79 1041.25827160494 1.2358024691358 465.84938271605 1.89135802469136 4013.21109401389 0 0 768.32 41.1454014869094
362.376 8368.8 655.6 8560.05432047406 129117.587940352 15.2923789619021 7375.42576507578 352364.75 5561.5934553173 5873.6475 242.902222222222 181.251028806585 108.672222222222 277.399176954732 1526.12876712329 0 400.2 2202.06 91.5920865279228
12326.536 308124 4186.9 11386.52 66990.25 2.703 2834.08101799931 131.477777777778 5744.07559305958 142209.6375 5881.01975308642 6673.33333333333 2631.11419753086 10213.3333333333 41476.7656595984 0 2159.05 5213.6 94.1137300642981
235.832 0 363.56 240.26 30905.25 11.2145531748852 27792.4302185912 2379531.45 4078.55348714109 13443.875825654 555.965830998706 0 248.734004084078 0 3012.07910495391 0 680.05 2647.96 42.6145440389878
0 0 358.530985255829 317.213797324411 0 9.63701795337876 4647.87791938205 1268018.07168833 3504.82917744931 11552.7449622307 477.758909449778 0 213.744946017307 0 1258.99504526989 0 0 1148.12585394088 92.691455696859
0 0 0 0 0 0 0 0 0 0 0 0 0 0 0 0 0 0 0
1587.54488606071 15931.4837206664 0 78.8936856068871 20.461022210863 0.769832977801605 173.990980039263 13.6472315400124 2.22270403884875 4212.80503070124 174.218780365401 340.737675144032 77.9438814595631 521.488629690966 2627.61211830836 0 236.444249050911 747.175598147328 11.9500767925753
20723.262851376 129967.452121633 35.760231638723 109.754557094584 218.770647867253 6.44958023902318 262.856386567651 53.1373557176002 18.621582160709 32161.9506383667 1330.04394306276 2702.81256933457 595.04943850865 4136.57228393662 19641.0157375964 0 713.404621114794 8555.00310777636 197.583697419086
1036.24854256635 47278.6156467125 44.3040083705887 149.429829259013 463.722866926663 0.669020260629696 169.870705775702 33.6028612518582 13.1486530961667 20786.2168139447 859.605254775688 1121.10225779644 384.579492174885 1715.81284609805 6369.00157259872 0 1611.72665271568 5945.32506801104 69.5307985465474
2884.81735524304 348696.105021746 634.149413495866 1479.2348811949 377.648294264483 3.10810540597038 530.792746951447 186.596011049751 21.5528277442811 50962.7456414082 2107.54291381019 7545.37377890137 942.895333674294 11547.9646646123 33377.1049573206 0 3110.25340552771 11500.3696485238 239.717226318366
2057.60659854871 243811.785306661 119.925697524941 234.114457319661 318.147404134958 1.0490144906544 320.932921082961 75.1619223644342 16.1419005138016 25605.0754371035 1058.88712658363 5200.60290070229 473.736370444035 7959.36427959626 16645.3594309871 0 3084.93430199224 5582.76032340935 184.476094921533
1094.72854466672 103708.890931634 152.441383866538 293.921813462503 298.032469187572 1.4583891615895 164.132831277966 40.4808020367128 26.0967460985998 16281.1468114378 673.299979412196 1934.21260254441 301.22822391456 2960.2534536444 10700.1963686146 0 887.329719296514 2892.38287223634 131.631763714375
604.351116774597 89024.1281763102 35.5537785026754 50.533665315518 128.689052682747 1.02066053895969 99.7383310825729 14.874936012124 2.94690714434928 6315.788819469 261.186790548001 1372.15344606148 116.852570076424 2100.03904032586 5017.15809131411 0 480.205004137809 1342.52653267664 36.5938220387474
225.762142899959 2326.61176217205 4.66311894166165 3.7817317505302 888.015649493738 0.0615011438522211 11.2954849709022 0.271966620676514 0.177569479063521 607.784300429086 25.1346641428523 109.640564972085 11.2450177780344 167.80154399324 580.267032351159 0 61.6576243536191 171.851480558306 2.53057814966685
1861.16531963229 128233.67848816 168.180308947269 278.009617340573 126.87726513919 0.639611913222275 226.646558505387 61.1640485087758 6.39614003457283 11529.2242105076 476.786218653833 3721.06698811905 213.309773093143 5694.97964615223 13800.959676733 0 1752.4321304785 3765.42459642968 53.0397133863539
291.521152362665 32131.1940590589 6.51699992378798 12.7266019275131 35.400649753798 0 41.3517925269648 11.3640879836174 0 1789.80422896456 74.016601193419 519.663426608548 33.1143472440778 795.329040523769 1954.67799572604 0 99.4908608331645 752.361398248609 19.2075995330078
210.682201484054 32411.8174267587 8.3787632718159 22.2533827628038 3451.47388836068 0 429.114452227952 9.1012518963653 0 1649.39348002069 68.2099737200557 570.689953345158 30.5165154689131 873.42358493984 1870.8740316936 0 72.5029751282382 1035.81910013363 23.0657446178391
7.49941394041287 259.529202196428 0 0 58.6216051561203 0.00361700383099523 7.28830024475131 0.157449728675616 0.047763201085908 37.4905725994268 1.55040686333055 6.31045025677774 0.693637784147459 9.65795184154192 33.9444741733794 0 3.42881859272938 13.4826708100212 0.083852236969104
4100.5977362915 302207.147114202 189.733514535349 321.853851209005 714.58765960982 11.7585001457767 606.364193613796 50.752954111861 69.6400523401078 48477.4700672219 2004.76538761297 6596.9912081209 896.913612864286 10096.4940368044 34655.5531688775 0 4101.24600211298 12586.891256219 297.568957141953
280.733127083894 1404.02170034416 6.01348408990353 24.3589749625825 16.0614556716832 0 17.2699508470111 4.19038671227824 0 1253.73787151255 51.8478024216739 142.203724431726 23.196230380088 217.638467362042 638.524763747014 0 90.0262775391481 280.403685392688 6.53143286363926
194.604189521834 16809.3739496474 1170.41694607611 1636.96335654863 3630.16267271285 0.258818158873787 48.8369959068573 13.4388966864996 0.747273997924804 5458.94439574026 225.752349747385 465.487024013065 100.999526865145 712.413707080935 2065.16181279889 0 1015.83106604473 1152.16371247671 17.8957521490479
10034.3377840883 328740.900832285 1129.34132449762 7456.86402141104 78073.801666212 2.30513299101633 9735.40445044547 186.386633122273 19.3225252275988 101961.7428728 4216.58499687867 7312.56615189126 1886.46138189906 11191.6596850124 41884.467716202 0 2747.55859147912 16159.0518034646 180.79991821576
2540.61159186428 173064.553499811 247.167568365641 7807.37580253408 512.39253933647 5.30030234742201 415.713237495234 359.456545245706 72.2245639413291 44810.5637839719 1853.12202037276 3747.63409582185 829.069763794109 5735.63979500406 16083.6780456789 0 1748.92989316377 8418.20720189872 146.091796831483
422.116667389384 8352.21095857989 20.6060943165698 32.3212842413534 1979.46481306984 0.261646986721547 246.10267567993 4.8774488066625 4.18264530778115 2178.91045116052 90.10792537518 287.723165959215 40.3134578217092 440.351538710807 1339.53344035226 0 267.264329673183 924.737331717387 5.85200178074753
217.523823543167 1482.63218721504 1.82987219700207 106.303886501262 17.8445359178836 0.302367217926286 8.82823797136012 2.94897632231342 0.873011232149913 504.610867528363 20.8679702144405 90.7649393958187 9.33613812061252 138.912974180214 429.991974346161 0 37.3650077810659 109.812659028052 3.81954387515213
27747.648 138465.6 2261.82 25992.155 537834.209660295 37642.59 6873.38632150973 0 532679.26975 95515.1925 3949.99061728396 2998.88065843622 1767.18950617284 4589.69547325103 35218.1504597485 0 1993.75 19551 188.12906599259
14683.419665397 303338.718538813 9409.91952007599 28271.8594419125 1012.90091786036 3.5696508161515 9.33340799210094 85.897153081467 4698.27026730635 108957.081799772 4505.87429634023 6569.2952505063 2015.88675623276 10054.1062175581 38243.2951312103 0 5004.91041881365 10590.8040057552 72.5439167087774
8434.56872631423 59724.2226385358 3194.18285217672 11333.3386562346 72421.388918866 577.625557271715 10364.9700205371 29129.3947193584 3706.69146471236 6590.12624461009 272.531899393143 1107.14413680318 121.928267524867 1694.45036721526 6866.83108701479 0 322.884151867787 1760.68771334024 33.5852528150418
13172.08 337205.58 652.62 1845.205 13793.9256562953 1795.05250392414 1125.11602417867 0 12851.5271671331 36020.8275 1489.62617283951 7303.18065843622 666.445061728393 11177.295473251 23452.3564571214 0 868.55 4966.64 207.451896949117
52170.64 472894.26 0 59014.375 42285.002289794 4.488 9433.80052387475 147.022222222222 7619.90247892096 157872.6975 6528.75901234567 10241.9189300412 2920.90679012345 15674.9448559671 99912.8000975795 0 3609.05 9494.24 276.19047616
5684.37838615644 24336.2742092721 434.212720888621 1288.9457324664 576.764660017045 1.26380226255077 637.369452614392 15.1436000959243 1197.36689495467 29475.4929015252 1218.94661313533 519.174211703426 545.345513959439 794.580312017633 7226.09471539458 0 1769.99223935713 2369.71349576687 49.8162278233871
57.4450219538969 0 231.729624446925 0 351.78316961265 42.4414864351061 72.8938684561301 0.221932552750336 303.771798517217 0 0 0 0 0 436.977595935522 0 0 308.297605653128 2.46770253466935
0.684156684280799 3.98410329985654 1.12857977499373 0.128084040092521 0.120352784098388 0.194384018303935 0.33385737047373 0.000522364514315922 1.39128922672103 1.91019261146736 0.0789952121229427 0.0424119357273415 0.0353417320260755 0.0649101753589283 0.660269126816619 0 0.166331308648475 0.703067115482258 0.00739983389670136
13557.464 238643.94 4791.84 8710.1425 5681.5 3100.77611367631 5351.09947126009 56.5555555555556 22185.1121311232 93199.4175 3854.22271604938 5168.53786008231 1724.3438271605 7910.28971193414 28049.4566109964 0 3176.95 23907.1 459.166666616
7929.7597905375 141408.217199214 473.864065443493 5451.35517509925 39884.1408375385 531.755548691706 4713.83376334142 15293.2511538842 7621.02051826669 23567.2749602485 974.614744852583 2254.70362592611 436.033681226588 3450.75519971908 9966.44150182133 0 1195.12166275752 17019.8981001215 48.5712460425839
2485.00004281531 31207.6825693352 109.457652243741 499.925263444733 259.957551369862 4.99538278696269 600.063366918668 32.5912579121398 1396.96136228443 34079.3002665978 1409.3351306041 681.239634052964 630.523587217236 1042.61650286627 8945.61457011408 0 119.200047945205 3821.59026787907 40.2401326771802
6637.808 122374.68 366.54 2196.165 8079.75 1022.83834615384 1742.04302311243 73.7222222222222 7343.15014292932 21768.285 900.218271604937 2650.38436213991 402.74938271605 4056.33251028807 12979.2778682679 0 495.9 8444.66 30.233812596071
4049.408 75585.48 2619.42 16903.48 20231.7451429404 2627.36822667179 1641.4749911837 11263.0555555556 18805.1936588842 39368.175 1628.05432098765 1637.02633744856 728.376543209876 2505.41893004116 12762.4996359542 0 1107.8 6674.78 152.764753948502
36139.816 358412.88 2714.78 21263.5225 112227.168902417 6319.002 2219.61802833407 87000.0611111112 65916.5431 60736.4625 2511.73086419753 7762.48724279835 1123.72530864197 11880.2502057613 45290.7083430287 0 2231.55 12155.92 365.952380912
13413.664 121442.7 1779.06 7804.8625 169501.75 3261.093 32207.3298765433 103095.233333333 42605.4576 44947.0875 1858.76790123457 2630.19958847737 831.595679012345 4025.44032921811 17989.9454681929 0 4780.65 13514.2 132.330527468074
183.840168598425 4000.67714118678 26.998309779603 56.7755982667122 72.0382753021192 81.8447222706258 51.1441890520021 1.29326355467172 585.797543196439 5531.23341691868 228.741831817344 55.4624943144039 102.336993673245 84.8836576320344 803.08367558443 0 37.5857342056647 564.533449513432 4.75875011836228
26689.28 897991.26 50895.42 185251.6325 348643.25 22046.331 37913.8804938271 143547.95 292941.78655 94588.8825 3911.68345679012 19448.6473251028 1750.0512345679 29765.5621399177 95204.5128391821 0 4209.35 10921.12 936.40703743857
8380.664 106245.72 0 45735.8075 1879.75 3598.254 986.844508255793 21.0722222222222 42085.60465 89599.44 3705.34716049383 2301.06419753087 1657.73827160494 3521.70864197531 17592.4335222368 0 1041.1 4980.36 132.701406969503
7857.232 217988.22 0 21051.7575 3432.5 2607.12 1440.78011671859 14.8611111111111 51239.28 73620.5925 3044.5486419753 4721.17736625515 1362.10308641975 7225.61810699589 25139.5329029837 0 1864.7 6324.92 134.648095105832
678.759414231943 5362.03814670479 59.4705808867724 129.505796569243 36.859585974187 180.085497738298 113.370387062318 2.2960068040055 1288.94862385359 4610.25167775551 190.655019309644 189.35318520965 85.297303732548 289.799280460722 1412.55403540543 0 252.013444493138 717.476763385857 10.470826461403
8.42324405839006 65.7839073247255 1.11780735273486 2.52742244103569 40.622165422145 0.726873885641584 8.87106206278383 0 14.2856847981977 228.945731005277 9.46795442346051 3.12620402669267 4.2358758091347 4.78456000888429 40.4033435990762 0 3.59408823186725 16.2832572506069 0.256793969720124
8294.384 149915.64 19811.04 67018.395 87895.5 3687.3 4121.38299914312 439058.816666666 60140.6851 38252.3925 1581.91160493827 3246.86502057613 707.73271604938 4969.2279835391 18009.8159279414 0 2749.2 4952.92 94.8168713661616
1509.23710042367 26409.7262830977 3377.44608802319 43.9564995150834 157.524896636211 87.0525134551097 1062.42398418258 2.690723773388 1710.8948232648 16373.5774154076 677.122408168025 554.760094920548 302.938343416068 849.043421996289 3909.59416267937 0 226.365627584094 2916.06326864376 35.9666239999144
347683.281228109 2042828.13370818 69234.7548135892 667249.72001533 1868981.40555905 8875.87351510626 283900.972037974 1669288.0937713 126865.123147284 253675.372169455 10490.6383338479 44176.1638947236 4693.41519331963 67610.2728139027 244304.027402967 0 8852.34533926016 112931.017860695 936.851707812492
41780.1897171087 316383.817834625 47053.6289925308 185861.363971064 448522.00827305 3897.30255752515 101856.660256585 345731.92113113 76596.0051665233 41584.8060930424 1719.72216764459 7294.52658474615 769.387895479107 11164.0506771539 45984.3514272014 0 1855.7562155698 9375.33171950045 49.2891357119742
4631.92598401043 27816.1579428708 186.838836480122 389.104710384062 9196.92196582387 1145.1431467021 742.934437458612 44.274734770163 8196.27733268132 20355.9673087919 841.812467429899 596.045227879409 376.619162612214 912.229060051199 4973.75754160629 0 663.369956598754 5745.94079072387 58.7613732401183
20810.736 129735.42 700.3 32755.72 68041.471443506 8.619 1954.20980095793 21903.5722222222 4309.80731510813 73831.1175 3053.25481481481 2809.80288065844 1365.99814814814 4300.31769547325 25458.5088459373 0 2631.75 12341.14 254.61309521
10.3505359936452 40.6146535919846 1.5671839633662 2.26400233633943 1.21654128311761 3.50764208166814 2.27813419085617 0 25.1012198286857 185.281280827999 7.66222944929883 2.90501641494772 3.42801104828954 4.44603910859133 27.313028716492 0 1.99367038923415 21.3852750806037 0.293419584526492
9398.768 258367.68 9884.34012823338 41944.1130184056 1233.25 5638.101 6585.10024691358 47105.1555555556 90506.3693 53957.5575 2231.39209876543 5595.71358024691 998.304320987655 8564.06913580243 29626.4260386564 0 1409.4 13637.68 259.286651939309
3290.144 39694.74 0 321.44 6311.62352846865 819.65045527469 519.909711019574 22.9722222222222 5866.58748003452 8968.365 370.882962962963 859.706584362139 165.92962962963 1315.75473251029 9555.95227622441 0 845.35 3752.42 13.3362567562232
23985.84 97382.4 15841.68 61251.335 171205.75 10321.38 10379.7007407407 98175.35 100959.03765 30231.39 1250.20641975309 2109.10288065844 559.330864197531 3227.91769547325 30711.2683054982 0 1764.65 5549.74 64.1533783984741
21380.184 159007.2 32434.32 138322.2125 82742.7812796735 9740.796 4556.82506817092 149861.183333333 130116.4798 49831.2675 2060.75111111111 3443.76954732511 921.96111111111 5270.58436213992 28585.52167386 0 2201.1 4205.18 228.664879693835
1966.86240501068 39367.0664457207 89.9111812811685 199.987006686357 107.511244731061 532.331646257533 332.580907263216 10.9019821598195 3814.29880551385 14905.7049364759 616.419159110032 884.75678304751 275.780267582551 1354.09329833046 5274.91033976215 0 408.904788426146 1393.64342421634 52.7547838089254
8609.00907587466 38214.4055441144 992.503600062836 23276.0830747826 117370.975665951 1359.04502122296 10040.8989290727 70701.503431469 48373.3962989787 14429.926911229 596.743558962597 694.181489642301 266.977584873368 1062.42361851349 7636.10987068685 0 263.956251075321 4200.09738766168 79.019825300642
29755.096 163686.12 18103.5 94716.355 63208.25 4569.192 15892.094366063 456015.372222222 53004.0108 32694.5325 1352.06864197531 3545.10534979424 604.903086419753 5425.67572016461 33458.568819666 0 1771.9 10015.6 123.565124811364
1738.0383071599 7806.85012458497 76.6429618895672 150.263927798589 2288.87263008544 0.773357426677908 186.029804818551 2.81638346893466 5.97450946833848 8999.67778275287 372.177889925234 610.658223704628 166.508968053619 934.593804910581 3535.11939689374 0 233.241150848706 1080.52542250242 70.1202145207109
523.432 39162.18 2752.34707190154 28.905 50.25 70.9408009085577 865.790146096568 0 1394.24175380414 15220.9575 629.456296296295 848.172427983539 281.612962962963 1298.10205761317 4406.22307374742 0 659.75 871.22 22.8787576744348
4676.376 234250.32 17217.2749894688 450.795 524.75 10.608 1952.75918789732 42.0388888888888 4357.17631502814 93620.4675 3871.6350617284 5073.38106995885 1732.13395061728 7764.65514403293 35200.145325577 0 2370.75 10475.22 180.618643066987
13402.16 235163.28 0 63123.7025 2799.25 5.814 2089.24894422555 66.7444444444444 4726.1929922411 133409.6925 5517.10172839505 5093.15390946502 2468.30061728395 7794.91687242798 36465.7687295928 0 4118 8129.1 342.648809486
18199.328 173367.3 718.18 35050.08 54759 4564.347 1090.37356070638 193383.622222222 61149.36 23999.85 992.503703703703 3754.77983539095 444.037037037037 5746.57613168724 19704.9516231939 0 603.2 4459 168.363429346614
195.227018839088 10082.2583845894 37.7455233985844 104.449643784918 39.459160814885 103.835448974568 65.3495367232331 6.31674502695626 743.78370222042 3303.43916596384 136.612337459566 191.002350656242 61.1191044646813 292.323277927434 840.896096093144 0 96.3775015493436 372.44897785254 6.63588622348171
2467.608 65428.8 5866.52488353686 141.45 111.25 1049.35291672649 1802.27885262395 0 7510.66585004492 30420.8625 1258.04197530864 1417.05349794239 562.836419753086 2168.75720164609 6332.05580784388 0 1513.8 2606.8 7.02449726204654
60574.312 193794.78 22895.34 115400.5475 365686 28972.539 22100.0615007567 51608.5111111112 384747.7022 136525.4625 5645.95308641975 4197.19711934156 2525.9475308642 6423.68230452675 58761.9948132858 0 6678.7 37970.1 503.184523754
0 0 0 8645.63309701918 21853.6754167096 142.499800854459 260.390324033499 558202.34712157 1595.60601760569 0 0 0 0 0 551.154733984789 0 211.12478475918 874.428130490124 28.0615451361943
1403.488 12191.82 3182.83473197269 60.27 277.25 260.366683700506 467.771174673595 0.611111111111112 2915.51938781593 255324.72 10558.8464197531 264.049794238683 4723.93086419753 404.120164609053 43190.3912629011 0 3268.3 18919.88 487.64880947
1403.488 0 533.890398463821 2637.29989586105 49 43.4687322184951 81.4268863105486 0 486.730299197821 17738.7317559904 733.577791812323 0 328.195963296636 0 5987.91347569112 0 184.147647971379 1941.38 8.56001049719552
1840.64 43669.92 1946.59286108605 100.245 22594.1895913165 81.3005348622061 824.122918062627 505787.022222222 1597.84776686702 118462.4175 4898.96345679012 945.800823045268 2191.7512345679 1447.51934156379 29889.3947907675 0 139.2 1845.34 29.0124136532052
6390.472 380.4 1579.43872918693 7452.1345804613 85.75 0.306 220.149059676967 2.22222222222222 661.02941538603 209240.7975 8653.06518518518 8.23868312757202 3871.30185185185 12.6090534979424 33586.3330831301 0 152.25 4054.26 23.303571426
1150.81234025374 5337.73010204082 24.6709086419559 70.0078426857516 0 100.301321167447 183.5155771145 0.843214004043982 1123.09905465787 136701.484088007 5653.23238516658 145.791701299205 2529.2042222349 223.129756633747 21540.3052728931 0 75.0268824052771 1064.86430337972 6.24375052024848
0 0 0 0 0 0 0 0 0 0 0 0 0 0 0 0 0 0 0
49329.152 180709.02 214.56 498.15 22215.75 103922.7 11146.3027160494 357014.15 1354506.77855 712942.9125 29483.4543209876 3913.78641975309 13190.6265432099 5989.93086419753 214402.842942391 0 12707.8 18453.4 103.363696889355
0 0 796.250177355018 3933.29888655046 18.5 64.8297587631556 362.643468185053 0 725.91507203625 91360.6026255937 3778.17930022495 0 1690.32270167466 0 13009.5812757452 0 449.5 1056.44 12.7664964497665
873.962850358734 2743.8133375474 11.5505932899516 154.483758799879 23.5856913319985 0.158142351083901 50.6323413358246 4.52204435288934 152.545005473778 38352.1364635074 1586.03647460217 58.693679281349 709.578144834069 89.8288877712556 6371.00703155364 0 38.5549501527345 1118.89124305315 5.5064129543895
1561.59310995479 22216.4577221953 147.779693046463 384.759249160586 186.384637316877 0.385797287614188 266.824041463613 1.33081853025955 761.435800964691 178153.093241845 7367.44624940584 448.377753523794 3296.12775338562 686.228489908544 31744.9950658698 0 840.937224962953 6134.96695901409 31.1941862227544
1834.888 0 1741.58412156636 34747.8696544682 21746.0083750272 141.797743570923 793.185513727359 160060.111111111 1587.74490608415 0 0 0 0 0 56112.7832876712 0 485.75 3773 27.9232936296518
416.473568750439 3443.15691531304 0 0 22.3946655510567 24.5350668826192 45.7181156327489 0.129568084713543 274.725298740935 30660.2047938657 1267.93987521696 56.7700163763413 567.264649221428 86.8847803082466 5575.91518938795 0 140.187956093337 498.152771081517 4.83152876437594
4664.872 0 59.6 15.99 57.25 148.052546927336 820.470877116673 1.73333333333333 1650.31439390954 59855.3960356859 2475.294731095 0 1107.42411749925 0 8477.45901756557 0 129.05 3594.64 28.8838472460828
299.104 0 845.468558499547 8724.51856921365 10644.5563731642 68.8370618282702 128.542207896033 62.5 770.78584972665 0 0 0 0 0 2030.31863013699 0 145 1591.52 13.5556281900345
189.816 0 564.792254013524 32.1736831726359 122 0.714 70.2666692910396 62420.6666666666 203.113129126922 21305.13 881.064691358024 0 394.18024691358 0 2991.86630136986 0 130.5 4671.66 7.14430224405554
2916.264 26989.38 101.32 213.61 166.75 179.978848968804 329.395698800458 0 2014.43864193826 155409.555 6426.89679012345 584.534567901235 2875.33456790123 894.612345679011 32172.3715068493 0 3529.3 15928.92 35.411917400828
287.268562244264 3767.68565562914 483.744699273438 2398.90918929291 63.1294112697093 39.3859280019595 220.316252918633 0 441.014116174776 44844.490747983 1854.52505570158 57.0957752106149 829.697468907896 87.3833442783832 8177.47713333645 0 96.012820162198 677.510453249745 7.75601081356388
23531.432 58277.28 226.48 267.8325 247.5 0.663 492.267092210869 0.777777777777778 1443.55994194249 253703.6775 10491.8088888889 1262.16625514403 4693.93888888889 1931.70699588478 56517.4127153312 0 1509.45 13781.74 52.2829333423442
8616.496 10232.76 0 86.2025 33549.75 87.0725420683985 11725.9637555727 389899.3 974.973096520035 109599.315 4532.43358024691 221.620576131687 2027.76913580247 339.18353909465 19432.0502758491 0 153.7 2565.64 17.1466209406922
291.034508928572 1256.48243503369 11.2117980196886 0 25.1363789205585 22.6555944370635 125.620087227389 0 252.603980203564 8589.84503831129 355.229429132466 34.5240172753772 158.92638243235 52.8379565093685 1464.50462824287 0 58.316399095696 459.234831730769 4.4223280944066
1156.152 0 1710.10832163966 17711.2377132006 23.25 139.235020730593 778.850203577434 0 1559.04945555742 0 0 0 0 0 3349.40547945206 0 171.839181780052 596.82 27.4186335373269
0 190.2 107.28 603.184780850293 125 8.50378954995747 28.7932441250353 0 167.130033834785 15741.1328212648 650.967927949435 4.119341563786 291.237069296719 6.30452674897119 2942.98872456677 0 188.5 4170.88 3.03461054052499
8616.496 99759.9 163.9 375.8675 496.5 2.04 834.488151411204 20.5333333333334 2421.5126719164 404334.315 16721.0755555556 2160.59465020576 7480.85555555558 3306.72427983539 103183.250666166 0 1255.7 42744.66 187.291666646
2968.032 133.14 0 6.56 225 92.3855955704606 176.784876541936 0 1034.46468941293 96420.45 3987.42716049382 2.8835390946502 1783.93827160494 4.41316872427983 14890.6516945018 0 188.5 4109.14 18.1928854952048
4894.952 13180.86 0 0 306.25 222.547902058125 407.397012685573 0.811111111111112 2491.92468761512 210209.2125 8693.11358024692 285.47037037037 3889.21913580247 436.903703703703 37595.1443272659 0 1827 9521.68 24.9145850339211
2.36571971137792 0 1.79784940405772 8.88097643212545 0.0340161732893915 0.146378797107103 0.81881092363164 0 1.63904011172985 202.045041140986 8.35548770710633 0.0719729032787682 3.73816842256388 0.110152335487585 38.9975928698611 0 2.30923430944119 5.83377371913065 0.0288254102628401
34.512 0 0 67.035 135 69.2497990353513 126.046887485996 2.77777777777778 775.407371773413 28259.4763304755 1168.65875923075 0 240.559012345679 0 479.296074595067 0 116 3347.68 143.391753367555
1558.792 11621.22 1238.36974855552 12664.93816091 95.25 99.7402206715944 178.13096038887 11623.0222222222 1113.49755412233 109525.5230448 4529.38194497254 251.691769547326 2026.40386222184 385.20658436214 14358.2148648971 0 218.95 7120.68 19.5206661480715
1403.488 8578.02 687.490458721043 22.755 8665.73838846962 55.9746695930521 313.110039262913 0.611111111111112 626.762417214769 99452.01 4112.79604938271 185.78230452675 1840.02716049383 284.334156378601 16080.2551773315 0 435 2202.06 11.0227221922454
2864.496 15368.16 101.32 621.97 48.5 222.750518505238 404.736697144214 47644.5555555556 2494.19343480171 95157.3 3935.19012345678 332.842798353909 1760.56790123457 509.405761316872 15980.8554550572 0 1780.6 13987.54 43.8647892254216
350.872 133.14 717.076788959606 2814.26220506374 60.5 59.0975540198346 118.287403816518 0 657.858300433152 20020.9275 827.957037037038 2.8835390946502 370.42037037037 4.41316872427983 3570.90498780259 0 319 2545.06 42.9833357424457
2835.736 0 11.92 17.22 34.5 12493.317 601.810172662924 0 167831.5355 43903.5524936999 1815.61294990373 0 812.288550332713 0 27480.7997402406 0 7328.3 1948.24 21.1861183414836
533.199427916731 0 8377.46620404554 46444.8212642293 0 99.0939852563866 551.168044020467 33762.3993027406 1106.53428303424 58004.6868232893 2398.7594299251 0 815.076956863868 0 1044.64562034384 0 134.247974604136 1177.37591078117 7.37684007296141
0 3537.72 292.268701515542 3015.96515676185 3754.8658573317 24.306176066439 133.110595857715 0 269.396752914336 13752.829831376 568.7424939759 76.6197530864198 107.815308641975 117.264197530864 257.323677555935 0 29.3684405208875 1152.48 4.68602387338921
0 0 1503.60311011472 15515.9090459901 65.75 122.42160777668 684.799654848576 0 1370.78545290698 49957.8421236686 2065.98555144244 0 924.30295161669 0 955.665040976074 0 151.088632745978 1495.48 24.1076791102286
0 0 702.329708466864 7258.92701814107 57.25 57.1828639628714 319.868413887035 0 640.290872660749 0 0 0 0 0 10048.8895890411 0 329.15 2119.74 53.3085040109198
0 10936.5 1721.90598603385 0 21506.3005192907 140.195572776164 784.223321291023 0 1569.80499777534 19999.875 827.086419753087 236.862139917696 370.030864197531 362.510288065843 4463.21298555076 0 172.55 1399.44 27.607788711024
0 0 447.251300568958 4615.25415426897 5584.53100684392 36.4146781338364 65.5785576955661 0.183333333333333 407.744286034946 0 0 0 0 0 0 0 44.9417715634207 274.4 7.17090219035671
4365.768 8425.86 166.88 321.9525 400 0.918 730.609352543404 0 2137.5567177571 278903.52 11533.9377777778 182.48683127572 5160.17777777778 279.290534979424 47851.2602589604 0 3849.75 42271.32 245.98214283
4383.024 10461 256.28 30.75 142 146.754342212324 266.898477882353 0 1643.2451844821 155809.5525 6443.43851851853 226.56378600823 2882.73518518519 346.748971193416 26332.982961156 0 427.75 6222.02 66.0509510963502
20678.44 26399.76 2205.61022619581 23598.8871842672 132 182.128206644555 348.762915737838 2.23333333333334 2028.5142287102 229514.355 9491.46962962962 571.764609053498 4246.3962962963 875.068312757202 61837.4872433853 0 1149.85 6935.46 10.8238659128388
0 0 0 14.76 2682.07099669238 9.65087974004183 97.8285221212252 0 189.67447959677 3452.61 142.781234567901 0 63.8790123456793 0 279.261369863013 0 0 205.8 3.44395415860409
0 0 0 0 8778.7311527027 57.0065126107549 318.881943056806 2 638.316222331677 10610.46 438.791111111111 0 196.311111111111 0 2066.71750797523 0 70.3555214181401 884.94 11.2259162264904
9.25763976448912 36.3455073844688 5.16736542028096 53.322829228756 1.85618015780831 0.427967318107783 0.759628604915859 0 4.84015524993805 512.871684123042 21.2095928106582 2.43913462066223 9.48897693103047 3.73302121763691 114.890371221406 0 11.5824608483198 30.5885056274282 0.428107959602355
2663.176 171.18 128.14 257.07 130 146.51795635736 819.589349991788 0 1640.59831276441 137346.51 5679.90716049382 3.70740740740741 2541.13827160494 5.67407407407408 22668.6167310941 0 0 3320.24 357.770846543431
0 152.16 637.166046539558 6575.013285618 39 51.8773147736653 290.190334015889 0 580.883307441439 28854.2708520347 1193.25623653124 3.29547325102881 533.851875532626 5.04362139917696 1546.68774655794 0 64.0252378810772 1516.06 10.2158571544433
0 0 0 0 16216.1110076196 105.739311358708 591.482543297907 0 1183.98959500129 1678.19694379694 72.8711852939015 0 0 0 95.5820672478203 0 130.847571872572 538.299456099456 20.8225445970484
241.584 0 1489.36296051392 15368.9627777089 74.5 121.823191440425 678.314133858347 0.166666666666667 1362.84687733925 4547.34 188.053333333333 0 84.1333333333331 0 1088.68620754363 0 149.657720081053 363.58 23.8793629044769
2494.99816100284 18898.5480046979 0 1.20001591421017 36057.2668028908 43.4144598920786 440.081377484333 149074.959096127 853.250201931244 85328.4545242876 3528.72235229256 312.993732269686 1578.71795540031 479.027370466692 16277.433950463 0 59.4154220938204 1722.71943149545 21.7991787046988
4929.464 31706.34 107.28 271.83 239.5 9356.001 377.727720842473 0 138842.3629 242735.325 10038.2172839506 686.694238683128 4491.0061728395 1050.9646090535 43787.7327978983 0 730.8 9212.98 242.529761878
11751.336 4793.04 899.96 2206.1075 66156 37494.843 21278.5669135802 1437636.57222222 590040.11975 227009.1075 9387.8661728395 103.807407407407 4200.04506172839 158.874074074074 45455.2627284669 0 1413.75 4630.5 24.5148060661159
4584.344 16243.08 982.155560816655 10135.0125230067 0 0.51 447.3120496562 36138.8888888888 438.383882382145 64568.0175 2670.18320987655 351.791769547326 1194.61543209877 538.40658436214 11249.3333008069 0 174 3587.78 17.0700416330685
1141.99806168059 11329.8802228412 1510.65799946049 0 18307.8173198812 0.195661920225051 222.253135815324 55546.5914819944 668.105357307705 127431.853550096 5269.89071257937 241.404386933679 2357.70068040101 369.462058723673 21575.3729066924 0 321.467115859204 2572.62814775904 122.481197076198
0 0 505.5087238688 5216.42136062379 9.55352062056365 41.1579294461785 230.22844080303 0 460.85566086921 0 0 0 0 0 2667.39844620306 0 90.1986979227673 1532.11296295187 7.69252142751335
1777.368 25201.5 0 2563.10250022894 206 84.5482844339212 162.512431782227 6.58333333333334 945.964214469697 48862.8525 2020.70271604938 545.812757201646 904.043827160496 835.349794238684 9503.89968099078 0 172.55 9754.92 16.4587167738481
2392.832 0 1650.61306877675 33.825 274.5 134.390986782032 286.613959457769 1.96666666666667 1504.80959226313 0 0 0 0 0 68126.8882191781 0 713.4 5824.14 129.4642857
23.008 0 1396.68677654234 6899.32222217182 35 113.716604863697 636.105775569185 0 1273.31335155704 46405.5022295038 1919.08002904239 0 681.791604938269 0 1283.47234435618 0 69.6 219.52 61.7187693844585
0 263.027232375979 113.565515582707 542.751217256043 13.5216806944873 8.93267529279675 49.9674286955971 0 100.021406100499 10325.0670294805 426.98880483621 8.78779555124684 191.030867733728 13.4494533311789 1765.58288173544 0 34.6823029127925 1000.759520557 8.04920819910625
2686.184 18639.6 53.64 128.535 330.75 5791.56 446.651652012219 0.722222222222222 82614.93645 389976.51 16127.3145679012 403.695473251028 7215.21234567903 617.843621399177 76308.8358791517 0 2466.45 9610.86 47.0213161864936
34765.088 572197.68 682.42 3145.2125 201006.25 167293.413 68528.4824691358 3474654.91111112 2303875.95985 545386.065 22554.2113580247 12392.6271604938 10090.5469135803 18966.5382716049 184180.861655095 0 10389.25 17431.26 88.898809514
23698.24 42909.12 712.22 1970.3575 0 25344.195 2507.61975308642 656724.677777778 345163.2194 335071.59 13856.744691358 929.323456790124 6199.38024691358 1422.3012345679 72135.9234077686 0 4219.5 6544.44 51.9615173245385
4037.904 16813.68 244.36 3887.28312115747 406 106.434676697449 190.792925019965 7.6 1172.96970915724 87346.8225 3612.1911111111 364.149794238683 1616.06111111111 557.320164609053 14342.3223794333 0 530.7 6503.28 20.2765479554631
3382.176 0 664.724653210371 0 181 3.264 110.989460253107 0.25 312.332734359988 22085.7545833756 913.3470927148 0 408.623096641406 0 5761.79826610548 0 356.794447504459 4884.32 48.9114926227288
0 0 639.314921851551 2509.07552636101 7987.2614716198 52.0522736899086 291.169015864886 0 582.842366316732 21241.5056329115 878.433532414068 0 215.269881552093 0 499.613485670086 0 64.2411662937323 237.94011549526 10.2503106589093
1507.024 57.06 1084.64777024121 8.61 20.5 88.3107536896417 493.991009792996 0 988.837662660331 83704.74 3461.57432098766 1.2358024691358 1548.67654320988 1.89135802469136 17908.7274010133 0 478.5 4026.82 17.3904537817862
1087.128 0 0 10540.0936709854 26651.3272145155 173.72484261686 971.778711480954 0 1945.24064331973 70893.6797844071 2931.7783134148 0 1311.65067765509 0 4921.25159169166 0 120.35 679.14 34.2104864928919
0 0 69.0783498908399 483.108179204544 0 1.25697240338333 7.03122825801555 0 14.0746353242356 488.519648828065 21.2126508638004 0 0 0 0 0 1.55131308333291 884.94 0.247527278080319
0 0 0 0 0 0 0 0 0 0 0 0 0 0 0 0 0 0 0
0 0 0 0 0 0 0 0 0 0 0 0 0 0 0 0 0 0 0
0 0 0 0 0 0 0 0 0 0 0 0 0 0 0 0 0 0 0
930.596764059895 0 306.693181443288 0 28.1740049215495 0.318971037918108 137.437839821211 0 135.503146980514 0 0 0 0 0 743.623315894691 0 11.6354215089624 576.380547511717 3.098713244105
0 0 0 0 0 0 0 0 0 0 0 0 0 0 0 0 0 0 0
0 0 0 0 0 0 0 0 0 0 0 0 0 0 0 0 0 0 0
0 0 0 0 0 0 0 0 0 0 0 0 0 0 0 0 0 0 0
0 0 0 0 0 0 0 0 0 0 0 0 0 0 0 0 0 0 0
0 0 0 0 0 0 0 0 0 0 0 0 0 0 0 0 0 0 0
0 0 0 0 0 0 0 0 0 0 0 0 0 0 0 0 0 0 0
0 0 0 0 0 0 0 0 0 0 0 0 0 0 0 0 0 0 0
0 0 0 0 0 0 0 0 0 0 0 0 0 0 0 0 0 0 0
0 0 0 0 0 0 0 0 0 0 0 0 0 0 0 0 0 0 0
0 0 0 0 0 0 0 0 0 0 0 0 0 0 0 0 0 0 0
0 0 0 0 0 0 0 0 0 0 0 0 0 0 0 0 0 0 0
0 0 0 0 0 0 0 0 0 0 0 0 0 0 0 0 0 0 0
0 0 0 0 0 0 0 0 0 0 0 0 0 0 0 0 0 0 0
0 0 0 0 0 0 0 0 0 0 0 0 0 0 0 0 0 0 0
0 0 0 0 0 0 0 0 0 0 0 0 0 0 0 0 0 0 0
0 0 0 0 0 0 0 0 0 0 0 0 0 0 0 0 0 0 0
0 0 0 0 0 0 0 0 0 0 0 0 0 0 0 0 0 0 0
0 0 0 0 0 0 0 0 0 0 0 0 0 0 0 0 0 0 0
0 0 0 0 0 0 0 0 0 0 0 0 0 0 0 0 0 0 0
96.5388242371421 0 577.444737337034 1788.02880727782 20.3118772546617 81.0588678006387 452.772632778907 33329.9278581438 907.003525202856 33030.8923874793 1365.97866366714 0 212.99665755023 0 92.8139442696287 0 68.5835780354585 1724.40781183548 23.8841717476746
1.41410506760244 0 0 0 5.80810713179895 3.67028243070852 6.72461543458633 0 41.0970731021037 0 0 0 0 0 60.5540443689143 0 10.5754670244607 118.055155330787 0.722764491419182
0 0 0 0 0 0 0 0 0 0 0 0 0 0 0 0 0 0 0
0 0 0 0 0 0 0 0 0 0 0 0 0 0 0 0 0 0 0
0 0 0 0 0 0 0 0 0 0 0 0 0 0 0 0 0 0 0
0 21302.4 1296.3 0 493.25 129.78504966929 2604.68595759813 4.58333333333334 2247.77282903281 127472.8875 5271.58765432098 461.366255144033 2358.45987654321 706.106995884773 20369.1313567273 0 865.65 6784.54 48.333333328
1161.904 0 80.46 139.195 69868.25 0 1587.41474319509 553346.477777778 0 0 0 0 0 0 47408.5602739726 0 1725.5 1934.52 58.6757088029034
2087.976 0 381.44 549.5025 25139 135.016685322537 9407.17931186049 169961.194444444 2340.24315201125 0 0 0 0 0 77165.9556164383 0 854.05 4959.78 101.845238084
7466.096 4051.26 0 432.345 182056.25 22850.397 79852.4325925925 1330689.7 328156.5915 184167.27 7616.16 87.741975308642 3407.4 134.286419753087 46712.7793432163 0 3381.4 3869.04 53.2716539013935
4572.84 53845.62 199.66 0 378.5 139.934645738011 582.447289144703 26.25 2383.18621336827 98357.28 4067.52395061728 1166.18559670782 1819.77283950617 1784.81152263374 20510.0345730907 0 809.1 16333.66 134.481277626808
431.4 2681.82 303.883831219632 700.589394528269 17890 76.1968882565124 1485.16552304028 193486.777777778 1294.33099043093 71725.8675 2966.19308641974 58.0827160493828 1327.0475308642 88.8938271604935 11446.0671870895 0 774.3 2524.48 170.892857124
158.183794420977 717.421754681254 13.8993422199203 29.3057690490606 26.87977473237 8.54223947389633 31.7347507555625 0.346618691384552 167.885713058865 13342.8056459253 551.786116220706 33.1369961726605 246.864038099309 50.7151629735423 3881.87185659201 0 186.731902123892 393.515056150678 5.39386675488826
86.28 2762.74711972143 103.468728554174 70.1337391226769 135.5 27.3908931244009 555.829811225923 0 477.906279252402 89140.5128670455 3686.36842191057 59.8354313380578 1229.56460401033 91.5763045053993 1220.01814271021 0 0 2215.78 20.5451715043425
8029.792 247.26 151.98 361.3125 42046 45221.751 2377.5436854011 621786.838888888 759680.36265 213872.3475 8844.60098765431 5.35514403292181 3956.99320987654 8.19588477366259 50909.6960255207 0 9803.45 2256.94 113.065476178
3.02587699176353 171.561732001025 0.247347504316175 0.680045800939112 0.419499213741382 0.00194495090007368 0.725266664223798 0.014581523472294 0.0119057017495629 224.447796551459 9.28194423571222 0.595118177731782 4.15265656036189 0.910810238047044 43.8459773742387 0 5.68264402828331 7.73303055961821 0.112299095593829
0.290570731923571 16.9152434543448 0 0.234863457019993 0.0617158753380325 0.0270938133274708 0.120550744306801 0 0.472722939675007 88.1737008196799 3.64638631628093 0.0591864602471775 0.999345677054631 0.0905830740246509 3.79996894579764 0 0.32201866382941 1.55617413663165 0.0203223399467631
