9121.5665002184 22730.7291093444 0 251.296096864514 196.559433219131 8.6504667755675 0 447337.61392845 24.9761026020062 12607.1692802761 521.364183688384 492.300931626091 233.253545027914 753.451575675498 3880.24098340127 0 196.003919041403 5347.86092042244 0
56.9420731911362 2048.1230227174 0 28.3288066718981 0 0.454093330333307 0.719829474803243 0 2.98667097353793 1926.72705544459 79.678987100123 44.3581403534532 35.6476466677379 67.8887822392512 486.38259649878 0 100.773133418505 945.206736489859 0
0 28335.7526679048 3328.87188199809 1130.86482887556 6383.1672564007 5.46436266299664 0.933585619893364 3948669.45869032 15.7770078848286 18119.7631142091 749.335183390159 613.694236099161 335.245675495739 939.240329374537 5978.6631440499 0 151.510173966924 4348.83212530119 165.02857066864
0 0 0 0 0 0 0 0 0 0 0 0 0 0 0 0 0 0 0
926.072 475.5 53.64 66.625 321 146.680339042128 450.909060891907 1.25555555555556 2024.45368006798 56125.965 2321.06567901234 10.298353909465 1038.42345679012 15.761316872428 5650.23452054794 0 320.45 2579.36 9.30656219617659
736.256 0 0 94.3 208.75 191.845955761549 265.275250407851 8.33333333333334 2657.98431682914 16495.7457014148 682.174626258439 0 305.198659365481 0 2501.45942299477 0 536.5 9693.18 45.5718140702333
1064.12 24364.62 479.78 972.52 2221.75 710.745171018916 842.578920571447 545.305555555556 9228.6948062419 32568.2175 1346.84493827161 527.687654320987 602.566049382716 807.609876543209 7775.80199662224 0 2750.65 20168.4 183.839285694
385.384 0 26.82 35.7725 285.5 168.072687617756 240.725240968303 10.1333333333333 2339.00509350491 2993.95891365666 123.813911776155 0 55.3932064171538 0 1411.22134799888 0 237.8 3478.02 60.7867928664092
0 25943.28 0 1349.72 986.5 1253.69942695381 988.105357418708 1748076.48333333 17348.3303861642 7031.535 290.786172839506 561.878189300411 130.095061728395 859.937448559673 12092.8793694877 0 230.55 4952.92 10.1888790605069
6384.72 121594.86 414.22 5844.8575 0 1206.64707928254 3397.8993253149 19.5166666666667 16706.2733954976 103662.51 4286.91950617284 2633.49506172839 1917.92839506173 4030.48395061729 27210.6950497279 0 4903.9 19866.56 307.261904728
959.149823806641 61099.8957905461 0 11285.5084326898 0 38.0191515695261 1933.93063742119 0 5786.19390152918 30252.4083083478 1251.07562305564 1323.29831899574 559.719737768086 2025.26775694453 8994.40252753351 0 968.576140797951 18497.6904793432 0
316.36 5515.8 283.1 517.3175 432.5 26.826 482.052674789205 139.744444444444 3029.72501868447 28947.1875 1197.0987654321 119.460905349794 535.570987654321 182.831275720164 3041.6794520548 0 598.85 6750.24 0
0 0 2483.22701122597 2530.48092308547 99 1109.04246938353 875.254921496708 1480691.77222222 15360.7440737944 22982.1473183517 953.571232369796 0 122.149135802469 0 69.0844931506849 0 178.35 1406.3 70.7750668306237
6586.04 295741.98 181.78 7928.4775 185111.905839363 0 2407.52751921078 123.855555555556 0 142841.2125 5907.13827160495 6405.16419753087 2642.79938271605 9802.90864197528 48110.0372978044 0 3761.3 25059.58 384.07738091
0 18916.9086055665 64.3392561322744 140.052002532419 164.537481111189 1.10110807474697 188.226146514583 0 1040.9708481906 24794.4128246679 1025.36251516745 409.701408397746 458.737767350156 627.035522143204 6458.87103566661 0 464.773898518765 1726.86297731586 14.9002142144557
0 48063.54 196.68 0 422.75 4.131 791.596023067845 0.916666666666666 11.92725 68883.78 2848.65975308642 1040.95761316872 1274.46419753086 1593.15390946502 16862.047903922 0 5575.25 19489.26 173.482142838
1121.64 10860.42 628.981051461598 186.345 201.25 218.328571199789 305.53909210415 1.02777777777778 3023.74954399953 24820.8975 1026.45777777778 235.214403292181 459.227777777778 359.988477366256 4235.52997560518 0 1928.5 9823.52 117.5062882952
120.792 73341.12 0 8894.38779619207 130649.491376758 1190.7762096993 3327.18603058174 178214.444444444 16443.1032217977 13789.3875 570.254320987654 1588.41810699589 255.126543209877 2431.02551440329 7804.6776580972 0 922.2 2840.04 108.415021665935
1553.04 13371.06 244.36 199.26 293 567.443960565981 785.954756630001 10.8888888888889 7858.83591679149 36210.3 1497.46172839506 289.589711934156 669.950617283952 443.208230452675 6994.35967723776 0 1074.45 20778.94 451.398809474
316.36 0 0 0 368.75 203.033302283518 294.272976380036 32.7222222222222 2811.91715689248 3616.72901026822 149.568307217913 0 66.9154862836807 0 2181.62254683971 0 519.1 6304.34 12.9586364869592
1685.336 37469.4 3285.85193731242 225.09 155447.129049189 1406.08974813475 3927.49972098366 844439.333333334 19473.6914705233 23220.9075 960.29086419753 811.510288065843 429.625308641975 1241.99176954732 6975.03985738413 0 751.1 4856.88 114.15245580653
4014.896 9567.06 542.36 1628.8275 1556.5 12.648 675.26423392805 286.744444444444 116.0361 36905.0325 1526.19209876543 207.202880658437 682.804320987655 317.117695473251 7718.1613285795 0 593.05 9459.94 189.88095236
0 0 268.2 0 0 413.544810912654 1155.11625885067 2017694.73888888 5727.40400648817 14905.17 616.397037037038 0 275.77037037037 0 2837.6660536686 0 323.35 727.16 76.454094622742
132.296 11126.7 0 7674.94220380793 112330.223734691 1017.8189377308 2842.97897716165 306835.022222222 14096.3206598431 6568.38 271.632592592593 240.981481481481 121.525925925926 368.814814814814 1530.04120848189 0 484.3 2510.76 64.962474014132
7690.424 259946.34 3215.42 13375.635 67057.25 7.344 1324.96809272651 98.9444444444444 7771.24824533646 122167.6575 5052.19209876544 5629.90411522634 2260.30432098766 8616.39670781893 37105.5595946707 0 2438.9 7985.04 430.2773899703
235.832 0 309.92 136.12 6994 605.679721832844 477.262533351721 1823874.08333333 8380.14696563491 10771.0918982136 445.433975708597 0 199.283067691523 0 2565.62037625147 0 201.55 4390.4 35.9927359932883
0 0 0 107.055406238544 0 534.093233311589 1491.8329556084 1211756.71949265 7396.94379807637 9514.05739541473 393.449842486462 0 158.665709735921 0 182.161496788433 0 503.642168499607 1010.48495161037 4.34696888181213
0 0 0 0 0 0 0 0 0 0 0 0 0 0 0 0 0 0 0
575.967755674864 11009.2538635337 0 0 13.2279526986145 0.163444518140112 599.360223388503 9.39917598737294 0.471905986198657 6976.83871302091 288.524230893803 238.437839255131 129.083089686606 364.92184789097 1852.05101947047 0 142.253632234791 763.63842710639 0.359568942616798
487.782354130212 100913.827480997 104.380468384731 151.641573694304 644.082058317117 171.806132463178 197.029115035071 64.94693570491 1005.5391451689 40499.1124590898 1674.82376399684 2185.58635070032 749.300762253265 3344.97331595694 14055.9308262741 0 1006.42718479219 8751.44134720106 311.863226771491
537.569607523671 51319.0605677293 105.728530249128 92.9559561250722 194.703873842313 0 133.758847789554 36.054352770187 0 26160.7499761678 1081.8668134598 1111.46550584174 484.01727119479 1701.06409085869 7078.97845374378 0 596.010191595079 5586.06279404145 2.09858714900688
1902.61576781899 267163.104577029 717.691044613534 975.238080517362 793.209594616937 8.2563750182364 397.547155295302 165.856940888619 77.7260460594781 63787.7220935065 2637.91442149128 5786.20442163125 1180.17867268931 8855.60956437468 42098.7903762312 0 1738.81536331776 9131.29894173756 260.477301420645
1559.24761822175 204024.949557478 165.295692783943 1299.59667789965 171.325639576342 0.365017550637847 245.803839064195 69.582212528515 42.4610244382914 28798.1603057947 1190.93580848856 4418.76159180579 532.813737348469 6762.77997866781 18574.1127552763 0 1674.74167626598 6984.25297111142 0
11444.9717389365 64483.1516843232 211.079626505225 228.534102179285 303.773074447345 1.51065528914355 103.655194830011 20.3606483332398 9.49781047903223 27017.6979778629 1117.30553768365 1396.57269662014 499.872230770267 2137.41195926279 10270.8878460148 0 560.684282455038 2977.29165434599 0
172.913198611454 53939.3486905021 59.31846328714 61.5634205377945 253.643100362335 0.808001804397491 78.9514820986583 262.423713710788 6.86460296173419 7243.76969082717 299.563049224167 1168.21556774097 134.021755573205 1787.91833144771 4572.45664022261 0 539.561587029034 1790.50193714035 62.2213701274525
78.6246963234684 5998.1519477374 2.97018277212917 11.2935808638859 945.41480697003 0.149195182740176 9.69303322826625 3.42619357514072 1.36363956920737 558.642178423304 23.1024123538369 129.907658381802 10.3358070017521 198.819712927992 589.42044544186 0 22.9171101234032 163.120843116329 2.05738543168116
806.622217866256 151842.064912844 131.836041594017 115.633038159853 255.738047634338 1.78797518737739 218.003995646541 60.258993127981 15.2191997199516 20472.5350100774 846.633075694457 3288.58742968754 378.775858453773 5033.0828594219 15736.2156771882 0 1019.11246791273 5159.30173513232 57.9958104696315
70.404456704353 18251.6766984427 26.2688280053356 40.6133452773255 34.7829242707338 0.231942308575303 28.0855936264177 10.111056597365 2.61404484147868 2307.32233379366 95.4183447783419 395.29385085531 42.6892906658634 604.985194316018 1378.51521890808 0 105.999487862337 801.917371356316 0.450579680665083
67.3427896443687 34208.7512076073 12.4429291485736 21.1979273621723 3801.36015572775 35.0721351631201 423.869432649582 12.8716527967812 101.26219417195 2612.99792804925 108.059430428065 740.891328573669 48.3447962280975 1133.91160377109 2440.55524749955 0 91.528968559336 1126.09409388226 15.7625857241325
2.3406989996855 355.024524555431 0 0 57.4523514708575 0.00678656830884503 6.40620583809814 0.165762636323269 0.0402217281770882 60.8186947082095 2.51513154258559 7.68910241937199 1.12524674090435 11.7679369695084 43.6224025409024 0 1.50253162880773 10.0414596977539 0.0770620237990499
1767.79542848527 208643.153479072 407.687179554189 1282.09843048867 966.325364147963 3.43946316052665 410.465007368508 45.9451474789306 22.4685580407816 47562.970377727 1966.9466375433 4518.7824086526 879.993851595163 6915.85879126452 19628.6656184703 0 2981.15710297412 13786.7171564734 6.25746633528641
126.587332761027 5183.59875088284 13.9195403796719 16.5822273679554 23.253878522119 0.54744862444444 11.1439315999984 8.62387031542602 5.47067759374681 1668.87449529869 69.0156029142098 112.266108225557 30.8769465675456 171.819857943609 600.445966470042 0 84.9872556899655 317.656738712217 7.80514784727016
278.276802799919 23941.895415736 629.534951206988 2124.90515104257 3716.80634422518 34.6194432085255 41.2177560677649 144.562627468774 99.9551571069684 6067.5676339392 250.921707808898 518.532307580751 112.260066383589 793.597897316396 1591.76335935829 0 899.645613597451 1151.35928883245 49.0399137683339
9738.65217258721 356607.490804712 396.073542900412 13068.2508306476 80181.1509220837 6.15819043212049 8943.91934826354 60.6350249911144 43.6582604295621 119495.333165166 4941.6792497343 7723.38621887112 2210.86188782072 11820.4072800305 58583.8920686646 0 2020.41462928846 15660.9323974471 909.468495820143
2483.47755244255 149356.758810089 315.70375250539 8491.67784990093 687.865986013152 1.37623169304775 250.417121987374 95.4007303461156 3.9735317019859 32802.5348745003 1356.53503475278 3234.76080125531 606.901309507233 4950.70284467846 13918.9583772019 0 937.626552529225 8899.31179358835 329.801697566576
442.612883426983 13284.5804871374 15.1793365929945 53.6100549799629 2057.51782281217 18.5486507630366 223.310287237097 5.67247010727346 107.191055640646 1895.93072163511 78.4054176667138 287.716743207811 35.0778634059106 440.34170888548 1472.94275722324 0 330.396768191365 1266.33564589686 0.336646600226735
300.728877870311 4773.6536058359 6.27885634800654 112.137883159199 28.093316993318 7.37401995670302 9.51211248757978 5.9011160007982 43.4416453638205 719.288790902219 29.7458854535762 103.387537905556 13.3080358204812 158.231476594717 710.920076527447 0 50.2002786449714 153.042475691246 6.54318042557093
18745.768 155317.32 1537.68 37337.265 108501.425095314 37032.579 5121.51720613884 50764.5555555556 477450.0371 74020.59 3061.09037037037 3363.85432098765 1369.5037037037 5148.27654320988 33641.2416288234 0 3165.35 24277.54 8.80473068415259
10393.6781551355 343076.625595217 5816.85599131345 26170.8570502223 9745.07575251463 3.51893707940781 10.5924031944116 93.3872190724088 11155.0802131704 117534.005925266 4860.569386557 7430.33545414211 2174.5740803442 11371.902013732 42860.3132579681 0 5357.65420210206 10289.8160122496 144.564008689805
5713.34494638871 52379.7393198371 2752.24393236991 12519.727255482 54218.0819810148 109.088261037935 10026.8732257238 36642.6281745694 748.424963048091 6618.59223451174 273.709098434259 1134.43763028644 122.454935558719 1736.22222737146 9425.73441196904 0 419.687200797103 2065.5205721833 78.0624490924191
5171.048 345650.46 41.72 785.355 53530.0358180503 334.74526059379 942.02383617307 40.5833333333334 7735.64723815477 18210.4125 753.083950617283 7486.07942386831 336.922839506173 11457.2164609053 34277.868290486 0 1061.4 6640.48 445.318196829612
51261.824 376824.24 0 72957.9625 125446.10929472 12.801 5919.41331618699 138.216666666667 13807.006621635 93557.31 3869.02320987653 8161.23950617285 1730.96543209877 12490.5283950618 77893.8673071871 0 2675.25 9151.24 210.595238072
4787.22942517116 20259.4390111614 329.469212526341 506.28609688062 315.173172404138 2.7148656214885 422.521235160008 39.8818400592594 2632.94450214153 27219.606648166 1125.65538583211 438.777861081309 503.607876106112 671.536147029535 6876.62878477578 0 1946.011992145 2647.52630754374 80.7544649439879
0 0 410.367523618712 73.7993805408503 1755.58244486311 10.9846668924588 81.6293914415442 0 253.845291066911 0 0 0 0 0 1201.83842663313 0 0 143.953455501685 5.87513462169023
0.0161808197062169 0.035127016548232 0.0322099672472042 0.000985371998874769 0.0037793079830237 0.000903377438654744 0.00624038259464902 2.65000020384616e-05 0.019773299232118 0.0355333838871834 0.00146946814722405 0.000760779070867146 0.000657426546297769 0.00116434918738109 0.0203417162429234 0 0.0105520969655459 0.0126693655899512 0.00025352359268607
4429.04 208611.36 2500.22 7931.655 1427.75 482.716279469264 3490.6468956892 123.783333333333 10857.1890579279 72189.0225 2985.34666666666 4518.0938271605 1335.61666666667 6914.80493827161 29537.83361231 0 2318.55 18618.04 0
3835.64006775633 115438.180377161 1890.85162126072 10821.5690213104 2658.08632855517 630.624038511281 15441.1036040167 16912.3773924683 12241.3887128702 12803.1691627457 529.469676400902 2500.15401932421 236.879867987074 3826.40954805663 10276.2483622392 0 1379.61286049938 16836.2915040225 117.54617048912
2413.84569343066 22711.1166077206 170.180222740613 258.264149296411 218.47928738054 267.757582409729 422.655077062577 0.456667377363066 5262.3990216082 21950.2570815147 907.74365050831 491.876165100813 406.116168087595 752.801483450993 5717.31008168919 0 218.306234479644 3300.25726239747 53.4687726603728
4262.232 107291.82 438.06 1659.7825 28461 194.75138699421 1431.70023262395 54.3888888888888 4464.27432475608 13010.445 538.041481481481 2323.72057613169 240.714814814815 3556.38353909465 17653.8996884969 0 371.2 8328.04 31.8065663393371
3675.528 57554.52 3587.92 13925.1375 74962.5634614888 476.154568989871 1354.80453021458 37613.4555555556 11003.4829768987 27915.615 1154.43851851852 1246.51275720165 516.485185185185 1907.74979423868 10056.6499230625 0 580 6297.48 254.670644174827
41822.792 318984.42 1090.68 25200.445 183641.46858995 2015.061 5989.17475066501 100347.894444444 37981.06825 68652.2025 2839.08296296296 6908.54773662552 1270.17962962963 10573.3218106996 81176.1790279602 0 1270.2 15579.06 264.970238066
10117.768 113207.04 3126.02 34634.4425 197081 6488.781 7263.08395061729 134776.383333333 90171.86535 25010.37 1034.29333333333 2451.83209876543 462.733333333333 3752.45432098766 16503.8948545693 0 4319.55 13191.78 404.64349926833
53.8221400175441 2331.89445678345 41.4688254726667 46.9961227813135 69.0987140484145 22.0462156573251 54.3001265084391 88.8472971375602 447.154611605682 4707.57302581236 194.679702730409 50.5040470987919 87.0979101126544 77.2949052500989 810.930332487186 0 40.0076755818511 796.612202542043 9.46808061219206
14328.232 847569.24 47018.44 181668.6425 293471.5 19390.608 48036.9772839506 124301.644444444 324011.9659 94483.62 3907.33037037037 18356.6098765432 1748.1037037037 28094.2320987654 124236.880105085 0 3284.25 12450.9 12.7727663207791
4009.144 101338.56 18416.4 63445.245 395.25 3169.956 791.762046718118 28.1111111111112 42017.5426 74883.7425 3096.78567901234 2194.78518518519 1385.47345679012 3359.05185185186 22523.9986714205 0 1381.85 5234.18 83.0243257063162
4406.032 225158.76 0 31567.13 5205 3713.769 1110.65737999105 63679.7666666666 53656.32985 66125.9025 2734.6088888889 4876.47654320987 1223.43888888889 7463.2987654321 25101.2041508726 0 1851.65 6441.54 211.138188965891
586.994295878967 10151.2360971612 88.1010850190631 244.364932838947 75.9106310255227 42.0398797202814 117.325127348407 3.1214107919085 960.591771722819 3757.232451128 155.378767926478 219.854935745745 69.5150330130513 336.4812802822 2246.91059436799 0 191.234441402172 1392.22470567522 28.0593135755277
5.87986861446329 125.926171853734 1.98360221395518 1.81656859631613 133.495295532261 1.47912327144823 6.21863351944874 0.106399777193036 29.0700893937571 140.133508756011 5.79516232198687 2.72730238530781 2.59270237179078 4.17405320109048 30.0071135299472 0 2.81365915071227 18.1428046456764 0.356935280314528
4722.392 155964 12968.96 67889.235 60336.25 4918.797 26330.183964567 398719.455555556 70663.86915 29326.1325 1212.76987654321 3377.86008230452 542.582098765432 5169.71193415638 18019.8486395196 0 2525.9 5769.26 186.191879578502
1415.22725562372 21729.7600817997 4115.63711578659 18.1812781186094 310.88888888889 194.335202903987 821.758922314576 340.049291827614 3819.38532766201 14977.1818916155 619.37505853047 470.621997245295 277.102709821842 720.272627152639 3784.44840042964 0 489.506952965235 2963.53402862986 74.5612754520553
325512.867884843 2079179.67847915 65034.3578231048 617295.508677797 1766112.10228372 6336.71560417121 283735.352457725 1900186.08989154 119426.114307641 131991.590424798 5458.45671345256 45030.7637651858 2442.06337648083 68918.2118763883 289925.249401503 0 8606.72295829046 102884.139977276 781.277936927696
37449.6728867049 341619.519467423 20713.8025118192 150763.076783393 292602.15947732 11514.262005621 79635.4223825605 401645.721423516 33244.6094181899 27852.2188456219 1151.81679721523 7398.77752651294 515.312251164783 11323.6035670507 43017.1630152947 0 1990.51072189793 11225.9126985915 116.133264147559
716.792718235414 19939.7881632445 232.834599596801 477.371753775751 34400.4823204303 216.719481575648 666.141709378785 54.31906218706 4848.58651779364 14533.2672873679 601.017156758415 431.854879884025 268.88955325763 660.940735247079 7074.20739106093 0 914.940481212306 5244.54446542319 82.0222988960302
4469.304 97953 259.26 33596.9375 74884.2851300077 3.978 4282.68848771505 0 8310.07303614631 60104.8875 2485.61234567901 2121.4609053498 1112.04012345679 3246.83127572017 25066.4848564458 0 1728.4 8547.56 117.380952368
1.15569343774405 48.1375376237416 1.23950186799502 0.904705236718239 0.449426937121387 0.294968131450544 1.46510273823138 0 6.79150534218169 72.798360333073 3.01054557649867 1.04256024979911 1.34689042737568 1.59560669599624 24.6675864872527 0 1.35956054625662 18.111517825105 0.0037499851743562
2433.096 233869.92 17182.7322924947 32422.9906107901 5870.5 8508.381 7391.9925925926 48091.1222222222 108059.6078 37494.5025 1550.56938271605 5065.14238683128 693.710493827159 7752.04609053498 36063.0691762057 0 1777.7 15633.94 288.015299335355
5723.24 38838.84 0 244.36 29202.0718995013 185.488586793882 518.800760159795 0 4286.46628662066 13684.125 565.901234567901 841.169547325102 253.179012345679 1287.38436213992 11229.1598573841 0 175.45 5371.38 2.36970508238486
19062.128 103259.58 0 81450.4975 32821.5 5177.622 6411.95308641975 149595.672222222 62734.51865 38252.3925 1581.91160493827 2236.39053497942 707.73271604938 3422.72757201646 32722.6820716832 0 1489.15 6352.36 99.9665461392509
20868.256 170837.64 32741.26 136369.485 176157.697743847 20534.793 15581.8031961413 129837.866666667 349196.6201 45220.77 1870.08592592592 3699.99259259259 836.659259259262 5662.72592592592 31743.6048189153 0 2208.35 7065.8 6.36970871100298
279.590937726878 37107.6978784703 58.6037020041924 0 71.148916419551 81.1023690158327 229.266827691889 2.95809633672478 1874.19925161078 11061.1389261977 457.428748572695 803.676562603556 204.649418852361 1230.00249141723 4748.46809586798 0 357.785359361419 1580.69701633519 145.789954576211
7735.71488406924 40651.2899101365 1296.88158141449 22606.153733958 249576.567457641 265.504045389483 15395.7371098151 116299.409218296 22895.1234747243 11274.2837204314 466.24326190099 880.423491841957 208.592951119913 1347.4613281737 9680.16275991075 0 377.743355846844 3694.4805251755 176.435852257348
8783.304 119673.84 12894.46 69229.32 75239.25 6738.018 23441.5089065763 461653.705555556 91594.6987 23494.59 971.608888888887 2591.88971193415 434.688888888889 3966.80823045268 42109.7565171702 0 1447.1 12437.18 322.037145702455
564.30337563145 22222.1039893056 33.601672277101 345.316835979722 7081.67189030118 0.943515187879697 126.642957215995 4.08491977005308 6.91015831395786 5695.75335951045 235.545484854986 481.28515561473 105.380885524317 736.592266135629 3189.90512008115 0 273.834791163896 842.066036592092 31.7393064845488
103.536 35434.26 3081.44308206871 79.335 224.75 138.46627030656 587.417251918982 1.44444444444444 2721.35996609036 11031.51 456.203456790124 767.433333333333 204.101234567901 1174.53333333333 2655.63346218802 0 0 768.32 1.00281450472183
8886.84 158132.28 15491.8875870196 348.09 865.75 1.989 1152.77226739139 62.1944444444444 7158.14869101709 61915.4025 2560.48543209876 3424.82057613169 1145.53765432099 5241.58353909465 45169.0933308313 0 2546.2 8698.48 347.270590293925
3209.616 205035.6 0 42353.82 577.25 3.264 1460.49935492336 86 9099.99086264373 86378.4075 3572.14271604939 4440.65020576132 1598.1438271605 6796.27983539094 27138.577031338 0 3323.4 8300.6 191.607142836
15800.744 159844.08 146.02 50851.48 81546.25 4071.075 1354.20765482963 261756.777777778 63031.41805 15199.905 628.585679012344 3461.89465020576 281.223456790123 5298.32427983539 23396.9631375492 0 842.45 6283.76 749.180430698892
38.2202809170747 6067.52113854046 21.836824869822 26.6703741353851 41.156738944587 14.9027406341495 40.1553104775746 31.9404170185574 334.121937041676 2447.37624397296 101.210215334663 131.410052655835 45.2805203319431 201.119081587153 749.906624193293 0 75.2775540530038 333.562405782234 12.9917738341564
649.976 36195.06 8673.762927203 344.4 377.75 224.188308439047 1667.18362516215 2.77777777777778 5175.47598060257 19936.7175 824.474567901233 783.910699588478 368.862345679012 1199.75144032922 6556.57461437418 0 565.5 6091.68 218.634012671172
71543.376 198074.28 16601.58 84472.71 203757.75 29204.334 3152.39592245721 88960.0444444444 359326.76135 108925.635 4504.57382716051 4289.88230452674 2015.30493827161 6565.5341563786 62548.8823719272 0 6977.4 34265.7 548.928571368
0 29.5678418208082 0 14614.9520184104 20551.7124905318 156.672069040629 192.899916081354 675155.758547888 452.352199337894 2727.29140349003 112.785989039228 0.640378757959544 50.4594151189401 0.980080177017007 516.112887064508 0 148.02057511591 817.597981508429 59.029935485729
788.024 6542.88 3527.00926020521 0 695.75 183.291010603671 143.074091552479 66.6666666666666 1061.72343770159 271998.3 11248.375308642 141.705349794239 5032.41975308642 216.875720164609 46486.9274085194 0 2860.85 20250.72 383.214285672
1029.3910547999 698.186302939342 620.129482835567 2962.38367287456 101.245568830828 33.506549686602 38.7427832743905 0 96.7419498304341 19555.2796749389 808.700367058069 15.1212821081184 361.80511316906 23.1426615281093 4622.59174762484 0 0 2881.0739053371 11.9492393503842
3715.792 35890.74 2732.62697690531 51.045 17352.0654547828 0 568.395272669875 444778.816666666 0 135388.6275 5598.93975308642 777.31975308642 2504.91419753086 1189.66419753087 26937.3747945206 0 0 3073.28 118.401304033357
1616.312 1464.54 1603.39416126259 7749.32274569074 218.75 0 62.2887203365315 0 0 167598.9525 6930.98419753085 31.7189300411522 3100.85864197531 48.5448559670782 34919.1503621693 0 150.8 3889.62 12.94642857
955.277817143517 3938.74335129603 0 14.5710799904272 0 72.6721593631921 89.4764046230552 4.4803716876965 209.823048357452 136285.580192941 5636.03285449292 85.3050956681365 2521.50931025598 130.556849713871 22630.1195937523 0 23.7839391963821 1551.87469470279 7.24757855387628
1.43117533829531 2.80338011601321 2.4421043865018 16.7968441151721 16.5736230950378 0.126345861591601 0.542896120509686 0 0.36479270822281 74.7799889281928 3.2471197433676 0.0607154586276785 0 0 -0.95707993168147 0 0 0 0.0306520898865005
12878.728 150828.6 306.94 569.3875 26886.5 76988.631 15882.8671604938 553853.911111112 1145326.94395 765405.7425 31653.0325925925 3266.6378600823 14161.2759259259 4999.48971193415 205964.31026459 0 10429.85 18871.86 325.948335865047
528.550942124187 1035.32331909513 925.739676239946 4388.39113034617 99.5 46.6611060090483 200.498323505734 0 134.722507055536 28998.0438940954 1199.20191022245 22.4229778144344 536.511915307972 34.3176843273863 6361.29739543294 0 0 1618.96 11.3201999462082
227.130525767574 2743.12904497093 11.7462180526816 33.1154238874363 34.9648479007047 0.111282183253173 13.9713284788203 0.41450247469381 0.321300029098624 39704.0671459492 1641.94499942521 59.4105441102909 734.591105103029 90.9260275494162 6438.04513455527 0 38.5792312720206 1206.17498497008 4.64661345278787
1047.53385846407 20605.0814074479 202.881136717854 346.123388950861 221.688490415272 2.51729195642371 68.7231148029828 1.39471325810419 17.9907656322439 195176.023466523 8071.42236991835 446.263765861694 3611.080200949 682.993096203911 32688.4264255065 0 575.028456712475 8161.43837182259 0
638.472 0 2450.74710911601 45646.1008458137 14852.5559217625 113.225633526949 486.519751495508 245004.4 326.911265428298 0 0 0 0 0 58663.5435616438 0 1825.55 4122.86 54.2250143053493
53.7515658941561 2015.67755959259 0 1.47361065158634 32.039478975257 20.3542130467201 19.5029263028171 12.322876528945 58.7678013946965 29866.5746042113 1235.11963248198 43.655438225134 552.581174203156 66.8133180428625 8407.41249058668 0 285.592932622074 561.452846599036 16.6955618159973
1248.184 3157.74488380299 89.4 63.14 246.5 143.132768158415 625.792694353974 0 827.122972993197 118444.091748829 4898.2056030573 68.3902720698334 1782.16090882546 104.669227583401 8826.55766465534 0 375.55 3971.94 70.776705619716
820.823780741682 1607.8261021622 1400.62318142086 9633.51500142978 9575.4907707259 72.6672999309582 89.2192498717494 0 209.809017937914 3199.98 132.333827160494 34.8222128810558 59.204938271605 53.2943357979794 281.893566678971 0 63.8 1413.16 17.579931427717
2.16752893011192 16.3105524740705 0.0192286786839286 14.3448921267776 4.59875144229395 0.103789778629952 0.127789463115011 0.00573562376850966 0.299667547122751 115.561531048655 4.77899851755159 0.353253084830449 2.13808002309632 0.540643082877369 14.0978191248557 0 0.145021662221911 3.13836555913326 0.0740543929867387
293.212047433251 574.342501268206 500.326136184557 154.656365210961 403 0 31.8706152759326 0 0 19894.6125 822.733333333334 12.4390795863456 368.083333333333 19.0376322939875 2547.18536094637 0 290 4767.7 82.2322278594968
3738.8 35377.2 202.64 106.0875 197.75 129.866464924213 95.0765299747546 1.44444444444444 753.5235749055 120378.195 4978.18962962963 766.197530864198 2227.1962962963 1172.64197530864 28602.6336648527 0 2222.85 19832.26 145.088336541246
277.574309034298 3334.35853855681 542.074218397502 2328.24708745528 55.448862525259 24.5045902428731 105.293887824653 0 70.7509982992754 39123.4824004302 1617.93516143699 72.2153612851831 723.849324210679 110.523410078822 8783.99949301903 0 44.6671392564588 622.438685874454 17.5467811835876
9122.672 42775.98 312.9 443.1075 168.5 0.816 159.859903544493 0 2.356 247724.7675 10244.5535802469 926.439917695474 4583.31913580247 1417.88806584362 37772.6822218052 0 1692.15 14207.06 53.7474817381697
3090.78380863832 10537.08 26.82 5.33 35346.75 68.2705368885742 135.903798233013 479458.627777778 197.114442291031 106588.8075 4407.93530864198 228.211522633745 1972.06975308642 349.270781893004 16570.1880151652 0 147.9 2840.04 16.4266465457375
79.3937530630617 957.877587772166 14.4519132882711 399.543735151971 31.646979279513 17.6504004676283 74.5340762568444 0 50.9612052717306 8369.33185072057 346.110198995641 20.7456622519925 154.846522664669 31.7506039660864 1468.54292812955 0 28.6688057873938 783.089269442621 5.06682250633119
1712.84853456355 3355.12036509606 3193.92105607019 20259.1904975894 26.75 154.068306476099 649.744863227498 0 444.834473109912 0 0 72.6650198288384 0 111.211598779001 0 1034.60671160286 0 878.08 36.6848043272874
0 251.603365412185 166.88 622.684736687858 69.75 0 13.961624019597 0 0 7714.0040063053 334.959861164774 5.44921241183413 0 0 123.090410958904 0 69.6 4362.96 2.75102506731342
8208.104 77715.72 175.82 307.705 892.75 3.009 270.3234562572 35.4444444444444 8.68775 401260.65 16593.9654320988 1683.16296296296 7423.98765432097 2576.02962962963 70935.3176656033 0 1225.25 40755.26 420.327380906
0 0 38.74 68.47 159 71.6065170570402 51.4646388926439 0 206.746267385278 0 0 0 0 0 26053.5279452055 0 374.1 5021.52 67.4315957471742
2398.584 8216.64 116.22 0 316.25 150.099879822553 105.130488692109 14.0888888888889 433.376613801391 177030.4725 7321.02074074073 177.955555555556 3275.35740740741 272.355555555556 30875.3985137924 0 954.1 7470.54 3.99194578271199
2.88575860397479 3.40202617547261 1.77808697045558 8.58134993479715 0.177775084827921 0.0919919441235749 0.397969253843794 0.000484730974309258 0.265604191611695 172.114137178866 7.11770776108148 0.0736809033949122 3.18439704852696 0.112766377623382 31.1225948907045 0 2.74115365971886 4.91805138148328 0.167910081235648
0 1436.11907005639 0 70.8275 167.5 65.1836159084726 79.6911220589325 0 188.201714559267 40223.8055132768 1663.43856103203 31.1033910401103 241.231178218051 47.6027922811679 140.276389647924 0 113.1 2894.92 29.3456958275039
1932.672 20505.7080508606 1741.60200638618 12006.6543610107 276.5 93.8783408556855 110.939492253212 11771.6666666667 549.618899647047 159048.294803025 6577.37534441927 444.111542948324 2942.65729036341 679.69918461222 15588.4789012359 0 334.95 8931.72 29.6275866201196
1092.88 0 989.165445084816 83.025 6664.84424774125 49.6341820646257 213.273347841477 0.222222222222222 143.306535470905 0 0 0 0 0 26306.344109589 0 288.55 2099.16 12.0414819363499
943.328 16946.82 134.1 618.895 245 221.239500263243 164.100837262864 26136.3111111112 638.774831642406 99915.165 4131.94962962963 367.033333333333 1848.5962962963 561.733333333333 16790.0010208294 0 511.85 13349.56 53.6737251468803
0 76.08 932.273349547062 4174.02042084894 99.75 49.2525326625939 37.4986194334953 0 142.204616364058 12042.03 497.993086419752 1.64773662551441 222.797530864197 2.52181069958848 1262.44602739726 0 200.1 2647.96 5.60216773832743
230.08 1104.8821882237 0 12.3 69.75 3673.683 213.96893349588 0 77399.5135 30946.2962931403 1279.77106885476 23.9294801316337 572.557816539528 36.6233402214414 24532.4467722904 0 4669 1845.34 12.080754926517
176.369900782215 2030.32271678567 0 38437.7568935262 0 91.504848556213 393.187609496634 0 264.197822547105 72840.8632165443 3012.3032653702 43.9726222668462 695.805767433671 67.2987585542542 1164.77566585587 0 0 1849.14173631124 2.44106018839794
133.725445671968 6538.54082958998 284.804128613762 1580.93512201139 2221.8479079426 11.8054414424653 50.7268562601237 0 34.0853186745689 11083.9629762519 458.37262756412 141.611372270462 0 98.3506172839506 1211.77474650688 0 7.25 1179.92 25.3045308367699
1583.71398859554 2831.76433968784 2466.83069341513 16966.9121618382 37.75 127.625113440216 548.392943729846 0 368.486234393566 79313.9931318953 3279.99683076919 61.3302026462837 756.53342046955 93.8640064476588 -269.047415474195 0 121.8 2099.16 30.9624422966013
1172.36837384784 1350.00273711761 1176.02589362478 8094.88024421255 63.5 60.8434289727056 261.438413032945 0 175.670488553547 32631.375 1349.45679012346 29.2382880453914 603.734567901234 44.748308976563 3805.37666236805 0 226.2 3800.44 30.1052532632768
1145.16389178286 9510 2204.38508801183 160.515 13378.2381046388 101.096430814155 434.401723926578 0 291.891165438908 10357.83 428.343703703704 205.9670781893 191.637037037037 315.22633744856 2233.96661752588 0 98.6 1742.44 24.5264612982452
466.831505660202 914.427551592056 796.583924572055 5478.92058981768 5463.60868331265 41.2124407279106 50.7421418929504 0 118.990821513428 4084.185 168.89975308642 19.8046236611158 22.3954840235495 30.3103730757537 -28.2333184345278 0 78.3 672.28 9.99832856985286
1679.584 4070.28 131.12 111.6225 973 6.12 228.175557796602 23.2222222222222 45.8645 244103.7375 10094.8074074074 88.1539094650206 4516.32407407408 134.916872427983 40346.6207468568 0 3494.5 40048.68 239.077380926
1340.216 8406.84 444.02 244.2575 277.25 119.029646543813 88.3261546534683 0 343.668930462283 144146.4675 5961.11654320987 182.074897119341 2666.9487654321 278.660082304527 22139.6414862076 0 382.8 6565.02 82.5800967116047
0.257397186682599 0.420351003512707 0.035297593299894 2.6096399484193 2.50903855304907 0.0191539546367264 0.0814042047868785 0 0.0553023494168228 11.7734785124342 0.486887252589783 0.00910393985357021 0.217828882858872 0.0139333025531164 2.73103303577867 0 0.0402952004049514 0.436488058533892 0.00459610763091091
2093.728 27750.18 3727.60148066647 22768.106816328 301 171.329374728899 140.96202311345 16.55 1007.53550407178 269240.4225 11134.3244444444 601.011934156378 4981.39444444444 919.830452674897 56453.4699868644 0 526.35 7607.74 4.42495077249376
141.820531179201 277.797448371183 0 0 1680.3424635739 0 55.53094577509 0 0 2778.93 114.921481481481 6.01652247838651 47.2572030341803 9.20810433255559 40.4049495610352 0 0 198.94 3.03743053219041
613.437529376827 1201.59880222616 0 0 7103.86919911058 54.1549949247003 232.698849653464 0 156.359274562002 5684.175 235.066666666667 26.0241634542887 105.166666666667 39.8291892227475 921.502924214898 0 0 2099.16 13.1382520276013
2.17469962889151 86.3459876239026 6.81793256908088 44.914376876352 0.76885087195231 0.346713441025406 0.239723647509957 0.123110188548694 1.0010500821763 548.549950776887 22.6850525237676 1.87007684377126 10.1490840488495 2.86209562902855 124.057823652567 0 5.53121192431306 29.3619774718398 0.272742205310785
2358.32 0 0 35.67 294.5 90.4083605851404 392.058327454434 0 261.031982277685 157662.1725 6520.05283950618 0 2917.01172839506 0 25974.1975980484 0 791.7 2990.96 2.41180935442056
0 1383.98274410193 1073.07593058131 7397.03828448233 172.25 55.5171612449846 248.951948452709 1.5 160.292195947529 40838.5367354776 1688.86051220326 29.9742252436471 403.442910017685 45.8746384348326 496.853940135892 0 91.35 2771.44 22.0996722516901
0 3336.8769666104 0 0 19733.5511930154 150.390092646849 646.211888799162 0 434.214532200951 0 0 72.2699052670788 0 0 0 0 145.11784710669 587.83684688257 36.4853314527302
1650.1451650545 3232.29727376322 2815.74635763658 19366.7612647934 18.75 145.676778415116 625.959226947668 0 420.6059925809 4273.6575 176.735308641975 70.0049237977132 79.06975308642 107.140402855242 -557.402585907217 0 26.1 740.88 35.3418596391351
391.947224163433 5977.43718664549 0 0 7568.6114863395 0 247.922243073634 139134.477235045 0 88941.424561099 3678.13520874398 129.459019179121 1645.56389443949 198.133084298115 13967.489776455 0 470.173130515939 1869.78995671846 1.53919681792654
0 17175.06 41.72 119.6175 364.5 7923.054 135.540009465689 0.333333333333334 140021.203 233535.3825 9657.75753086419 371.976543209876 4320.79197530864 569.298765432099 41560.5946556577 0 1558.75 10056.76 0
17279.008 5420.7 789.7 1801.6425 62239 46012.761 20294.7654320988 1392420.94444444 655243.70625 220019.6775 9098.8212345679 117.401234567901 4070.72901234568 179.679012345679 42059.2847063239 0 1673.3 3958.22 77.4577501056199
0 0 885.720734679372 6092.00540002147 0 0.153 200.599414485135 43449.1388888888 0.44175 0 0 0 0 0 15664.6010958904 0 182.7 5899.6 9.89468861709128
877.086130196761 10488.2878724128 1855.86252071437 19720.4871317347 12816.5410505091 0 116.579441765101 61795.093077762 0 141610.57272106 5856.24568108779 227.154785309059 2620.03050536472 347.653477615862 22403.5072043333 0 175.212380038387 3611.79175127407 75.3655122513573
413.74748782416 810.446805070181 706.003330188042 4997.02332921027 39.7661525449663 36.5261204771527 156.949257019699 0 105.460220397269 7729.1321460508 319.635009442591 17.5526141396592 143.001766136043 26.863741120837 630.007120659992 0 3.0110141613682 937.33493811839 0.974401465498631
2128.24 15976.8 59.6 6718.18903722747 171.75 72.0941392330781 56.3844274072101 0 208.154156903348 28905.0825 1195.3575308642 346.024691358024 534.791975308642 529.58024691358 5987.12865453181 0 861.3 12574.38 186.582800970386
0 0 1634.50627033372 0 318.75 100.357139914947 113.739987409666 59.9888888888888 617.251138332392 0 0 0 0 0 46142.8446575343 0 503.15 5261.62 0
1198.08193725498 2121.457902793 1848.06249448524 8967.03370726545 345.5 95.6122307594445 410.836639195705 0 276.056881947612 59419.2444524804 2457.25786579343 45.9464233164957 392.031071098546 70.3196009199514 -146.059139584136 0 0 82.32 100.943489297545
50.770087785875 119.28331967626 155.867926797932 754.245008500769 11.4396220237096 8.06405639932169 34.6504814610728 0 23.2829863686298 11623.5368850539 480.686479646855 2.58343184336904 215.054714022381 3.95386372032105 1997.6121553313 0 54.8985718843403 871.599319273263 0.816553995333889
661.48 17650.56 128.14 494.46 367.75 2725.032 196.86764899778 0 41096.1606 369134.535 15265.4034567901 382.274897119341 6829.60123456793 585.060082304527 65504.0639369488 0 2759.35 9377.62 38.7911776291753
37359.24 456746.28 402.3 1823.3725 275464.5 155367.114 51954.3491358025 2640728.94444444 2166449.33285 605701.4775 25048.5298765432 9892.18683127572 11206.4820987654 15139.6905349794 205250.464920247 0 6120.45 15983.8 140.684523794
14155.672 48481.98 944.66 4669.9 14523 22217.742 11647.9550617284 702923.694444444 311669.1423 360755.64 14918.8977777778 1050.02016460905 6674.57777777779 1607.02386831276 82192.4732144871 0 5375.15 9583.42 114.673550064
4526.824 11392.98 289.06 4795.22805981214 503.5 97.7391302380357 115.567440048008 4.41666666666666 282.197782893152 115809.8025 4789.26567901234 246.748559670782 2142.67345679012 377.641152263374 20982.3545055358 0 187.05 7154.98 22.771629152243
1305.92534357356 924.326987626729 805.20760568689 0 237.75 0 45.7708153494987 0 0 50394.2926981384 2084.03478140201 20.0190251243949 932.378011248346 30.6385079825903 4634.01590887186 0 44.95 4067.98 111.587510251688
470.988842849267 876.473494030851 763.521062377122 1704.53616734748 5203.45915624072 39.5018849327559 169.735833154021 1.28802374725505 114.05201090879 24548.8693079292 1015.20816629512 18.9826166851632 298.190318116377 29.0523164452248 362.168372771883 0 0 357.851637699871 9.58333982919724
931.824 76.08 1075.74068679203 37.515 192 52.7257073654453 234.530670623531 0 152.232557050231 100378.32 4151.10320987655 1.64773662551441 1857.16543209877 2.52181069958848 17857.6048339275 0 494.45 7113.82 12.7915002607602
2001.05146831278 3919.6510359582 0 16479.0530389194 23220.0326411931 176.655204354107 759.070569495137 0 510.048604728281 109784.268058015 4540.08223617979 84.8915953099872 1141.8864254785 129.924000014885 197.917022675509 0 0 343 42.8573689281815
13.0594749619447 25.5808435586204 22.2842025268289 153.271202550945 30 1.15290598702337 4.95392709965088 0 3.32873346253315 802.667398969759 34.8536713619331 0.554028559977565 0 0 -8.73335437659343 0 50.75 1625.82 0.279700320214317
0 0 0 0 0 0 0 0 0 0 0 0 0 0 0 0 0 0 0
0 0 0 0 0 0 0 0 0 0 0 0 0 0 0 0 0 0 0
0 0 0 0 0 0 0 0 0 0 0 0 0 0 0 0 0 0 0
1621.78632885535 0 304.291814101705 0 18.360076408787 0.112928309167615 68.3444216939769 0 0.326052814214338 0 0 0 0 0 1419.01609297814 0 46.6890284757119 672.788854204163 2.8088918466045
0 0 0 0 0 0 0 0 0 0 0 0 0 0 0 0 0 0 0
0 0 0 0 0 0 0 0 0 0 0 0 0 0 0 0 0 0 0
0 0 0 0 0 0 0 0 0 0 0 0 0 0 0 0 0 0 0
0 0 0 0 0 0 0 0 0 0 0 0 0 0 0 0 0 0 0
0 0 0 0 0 0 0 0 0 0 0 0 0 0 0 0 0 0 0
0 0 0 0 0 0 0 0 0 0 0 0 0 0 0 0 0 0 0
0 0 0 0 0 0 0 0 0 0 0 0 0 0 0 0 0 0 0
0 0 0 0 0 0 0 0 0 0 0 0 0 0 0 0 0 0 0
0 0 0 0 0 0 0 0 0 0 0 0 0 0 0 0 0 0 0
0 0 0 0 0 0 0 0 0 0 0 0 0 0 0 0 0 0 0
0 0 0 0 0 0 0 0 0 0 0 0 0 0 0 0 0 0 0
0 0 0 0 0 0 0 0 0 0 0 0 0 0 0 0 0 0 0
0 0 0 0 0 0 0 0 0 0 0 0 0 0 0 0 0 0 0
0 0 0 0 0 0 0 0 0 0 0 0 0 0 0 0 0 0 0
0 0 0 0 0 0 0 0 0 0 0 0 0 0 0 0 0 0 0
0 0 0 0 0 0 0 0 0 0 0 0 0 0 0 0 0 0 0
0 0 0 0 0 0 0 0 0 0 0 0 0 0 0 0 0 0 0
0 0 0 0 0 0 0 0 0 0 0 0 0 0 0 0 0 0 0
0 0 0 0 0 0 0 0 0 0 0 0 0 0 0 0 0 0 0
869.758687090538 1703.67958689367 665.117044850696 6074.99263235119 50.8244834833645 76.7833316832625 329.930655151925 30369.2526924076 221.69305079138 52458.7996978624 2188.13768139356 36.8982025955041 200.563227938103 56.4715748015108 -619.26492586864 0 63.9918229765635 1387.17921560852 2.04833664075651
29.5714299367028 54.6610101909693 0 0 4.2287545448943 3.60389682067494 3.03317275413803 0.331477715467362 23.8895445424748 57.9277823997041 2.39557907982961 1.18384527443844 0.817968855966981 1.81183912131837 -17.7912535742624 0 4.19979047266901 126.36908855611 0.672658412090974
0 0 0 0 0 0 0 0 0 0 0 0 0 0 0 0 0 0 0
0 0 0 0 0 0 0 0 0 0 0 0 0 0 0 0 0 0 0
0 0 0 0 0 0 0 0 0 0 0 0 0 0 0 0 0 0 0
235.832 20922 0 0 774.75 620.064548343661 1389.56298178006 2.33333333333334 4535.05470563949 125346.585 5183.65530864199 453.127572016461 2319.11975308642 693.497942386831 20336.0270970163 0 1886.45 7635.18 151.904761888
868.552 0 131.12 168.2025 60828 1.122 11238.9550512446 521634 3.2395 0 0 0 0 0 47868.1298630137 0 1128.1 3450.58 37.2676871386937
0.0598357629033591 0.265469701562457 0.000615889112403209 0.00415632147482708 0.00514274297996638 0 0.00399834956179192 1.95192298860077e-05 0 4.40960215216732 0.182357242561345 0.00574952878849683 0.0815849546626549 0.00879947862535181 1.18098745242635 0 0.0576379894733941 0.143763399377222 0.00309831249160421
1368.976 342.36 104.3 371.46 22104.75 538.440884087193 9085.72271399333 244052.55 3923.23691699019 201114.5325 8317.00691358025 7.41481481481481 3720.9524691358 11.3481481481481 40330.059395759 0 2465 6345.5 214.910714262
4509.568 1483.56 384.42 102.5 132298.5 37190.73 51165.2074074073 1308960.42777778 401032.864 211240.785 8735.77382716051 32.1308641975309 3908.30493827161 49.1753086419753 49481.233387127 0 2427.3 5961.34 52.8641470180227
7345.304 42985.2 0 537.2025 562.75 702.172547052116 348.002025422251 7.86111111111112 5131.71967836887 104946.7125 4340.02716049383 930.971193415637 1941.68827160494 1424.82304526749 22918.2779133046 0 2128.6 16813.86 295.562492663566
1058.368 0 191.288053859267 567.649761306223 20296.75 315.106962668828 712.187290244269 176802.95 2296.45784547911 0 0 0 0 0 18428.365479452 0 936.7 4616.78 54.374999994
166.074095291845 1094.8307766611 12.1617407946052 12.474525223035 28.8724087781372 4.71968521623139 14.5994806740354 0.0406081698707976 92.7587806876327 15103.5800674532 624.602201935959 23.7117871903899 279.441285749851 36.2901678078695 3544.58142961625 0 141.934690536659 447.943848864384 7.33937939010753
57.52 2384.31219165085 45.9801338713506 13.8952483978163 140.25 125.481240072959 283.605743228128 0 914.490672581064 153118.098234108 6332.1345592335 51.6393076346429 1395.70024808489 79.0323869093633 854.7946036755 0 81.2 2901.78 14.1216366817695
4938.44984782103 114.061839022907 104.246843761735 256.119402818262 57047.1612296813 37099.3417706676 1072.73810557006 641075.505292934 563672.010164334 219991.712095523 9097.66473702652 2.47034529089869 4070.21160597258 3.78078819745933 61607.7714866285 0 8382.52568802417 3277.40882494948 0
0.0827353799367115 0 0.00293921834545679 0.00414498828751079 0.00592816339949863 0.00120343826768383 0.00362674666113767 2.34021470613752e-05 0.0236518880452634 0 0 0 0 0 1.56283622950737 0 0.0786884066905025 0.100364114576912 6.30583220938931e-05
0.36816650372132 4.77958435724667 0.0553032985422996 0.0170034350640771 0.094305720702867 0.000666389219183512 0.0658639354152272 0.00899607561055572 0.0057841410137843 37.6383320451842 1.55651739307017 0.103515985806665 0.69637157900403 0.158428062193616 7.13815303382277 0 0.807828863346104 1.83558699960364 0.0238627379405646
0.231732217273882 0 0.0154854829750211 0.102645814894815 0.0486487453273952 0.00962831550065682 0.0296901114068693 0 0.189231011179575 0 0 0 0 0 9.08378044558583 0 0.662641519557869 0.991805011536192 0.00703601745475599
0.0192295977118234 0.293830448050912 0 0.0247864120946473 0.0159355150254448 0.0154636666799465 0.0128507168916424 0.00350469893391776 0.112697156439413 16.1194251765216 0.666612049211659 0.00636376433944263 0.127957592650824 0.00973954742060547 0.482067125474618 0 0.0276308458081052 0.133780320196129 0.0017402783276227
