63.052117112156 16555.0222527786 793.825593578506 0 0 0 8276.22582082273 5097.36692739976 0
3.51065346876925 1483.12494689556 20.2391942774537 0 0 0.0537377538766367 1594.54142885982 982.085665592777 0
152.718418682381 11351.1462263769 2947.22419821491 0 0 0.586068355785976 17390.1997390849 68652.7122385196 0
0 0 0 0 0 0 0 0 0
77.2779903999998 1448.6364 0 0 0 0.389519173161478 3430.38232205431 0 0
187.39912672 0 93.7169917193702 0 0 0.622724942168534 1634.87016258038 0.0432511730705088 0
0 15733.8009 592.533237967631 0 0 1.01060887973377 3317.59894990509 0 0
16.42157296 0 0 0 0 0.358737515783909 1226.32198578025 0.34600938456407 0
0 10800.38916 643.926426975028 0 0 1.95334399668439 6015.1403021259 24493.5865269587 0
0 70266.91338 643.926426975028 0 0 2.45762664775553 21010.9312357873 0.0660301242209766 0
166.532671869179 22385.9151970056 0 0 0 42.0570851585644 10169.3138473695 0 0
200.439787599999 1263.53286 199.526498499304 0 0 2.47249110941385 2105.21597978245 0.0807355230649496 0
0 0 2091.16725648968 0 0 1.88511618236172 5805.03912365713 14817.493197561 0
745.249619919998 179542.38582 266.035331332406 0 0 624.522518263786 10112.1053132417 0.157722611130455 0
0 4909.3710070284 38.5938909650544 0 0 0.0076426963820237 889.794143222453 0.0425771680771393 0
1036.0080588 31049.10684 507.885632543684 0 0 0.239466451274949 3806.98718668931 0 0
225.072147039999 7219.03806 667.7540918385 0 0 0.533826415359836 1781.42580254514 0.13177190728815 0
63.2713546399998 36087.14232 0 0 0 1.97958546373158 17433.6347160126 2353.79227355092 0
198.024850399999 12442.17708 311.38226280952 0 0 1.10816049215362 3642.3018309128 1.08608501265944 0
78.7269527199998 1158.90912 0 0 0 0.495776288141421 1695.0112292995 0.136962048056611 0
190.29705136 16868.56608 3048.50900950762 0 0 2.74812722323566 24201.9589660499 5114.86162116324 0
0 2832.88896 876.707341890883 0 0 0.909972514844808 3016.06166137516 1.13990869470274 0
21.7344347999999 24.14394 0 0 0 0.806404447672162 7101.76995722304 36265.1349876589 0
30.4282087199999 3541.1112 665.088328331015 0 0 1.79510378507765 15808.9581075136 6096.07551447862 0
1035.04208392 130377.276 4247.49591502307 0 0 0.317293047939308 6074.75005700774 2.27462724863702 0
19.8024850399999 0 368.821709347199 0 0 1.3164261036392 59572.0679763615 41167.0106282675 0
0 0 363.719910980279 0 0 1.13124631871009 9962.55804841568 21937.30763005 0
0 0 0 0 0 0 0 0 0
133.303936092412 6854.79970272808 0 0 0 0.09036724081793 372.943366544437 0.236103509308153 0
1740.10355928949 55248.3437154113 36.2777801728617 0 0 0.757087300025451 563.423148154715 0.919301187460446 0
87.0123488834926 19183.9525737187 44.9452087638165 0 0 0.0785332880608016 364.11170783091 0.581345267067365 0
242.234101056399 147545.138410593 643.327293065983 0 0 0.364846554782457 1137.73503626896 3.22819854727173 0
172.774364318524 101974.253246574 121.661350962163 0 0 0.123139106575004 687.908097285332 1.30033652499852 0
91.92283332467 42322.5971005012 154.64762837746 0 0 0.171193763286121 351.812781579031 0.700336869969148 0
50.7465227315897 39790.4110270114 36.068339094258 0 0 0.119810763343653 213.785501748795 0.257343372749248 0
18.956933144674 1001.95217246688 4.73060704960103 0 0 0.00721934346453018 24.2114630933726 0.00470515015211253 0
156.279463342486 59938.5512490758 170.614338828451 0 0 0.0750811740453525 485.808692643924 1.05816673909842 0
24.4786257102735 13711.4033694924 6.6113187691359 0 0 0 88.6360701811853 0.196604054467169 0
17.6906914374734 14645.4402372162 8.50002693400448 0 0 0 919.791292690291 0.157455928371197 0
0.629715358237189 148.468557326617 0 0 0 0.000424583858655062 15.6222077089905 0.00272395418594149 0
344.321488720658 126890.842164605 192.479478356747 0 0 1.38027759912996 1299.71969620092 0.878049920852676 0
23.5727702318227 591.914760683285 6.10051568151173 0 0 0 37.0175143992397 0.0724956563700426 0
16.3406431346358 6932.8697827509 1187.35608620508 0 0 0.0303815029563833 104.68033263167 0.232499218585792 0
842.569387766352 139819.251528109 1145.68598783596 0 0 0.270589224056613 20867.4869789313 3.22457621088034 0
213.331621833945 73237.9286884734 250.744760314134 0 0 0.622178722461486 891.066274088308 6.21876689989968 0
35.4445494721366 3601.98144807324 20.9043209616209 0 0 0.0307135663710748 527.51217541826 0.0843821529918025 0
18.2651729263083 573.537502779797 1.85635546150627 0 0 0.0354935316954348 18.9230084740686 0.0510186741188841 0
2329.93141055999 58589.2944 2294.554732742 0 0 4418.69482553819 14732.8547360666 0 0
1232.94632730106 128353.116868889 9546.10683852459 0 0 0.41902530060516 20.0058221243503 1.48606105367621 0
708.239004976801 25511.0926155618 3240.41143004547 0 0 67.8048737086141 22216.9379856299 503.952196978454 0
1106.0412376 142682.63742 662.065199565874 0 0 210.713163219082 2411.64546412461 0 0
4380.69608079999 200096.92674 0 0 0 0.526826192804889 20221.0098815961 2.54355343141765 0
477.309347135088 10138.5409149674 440.496968694134 0 0 0.148352079865826 1366.17834635425 0.261991387463758 0
4.82357859774972 0 235.083387047253 0 0 4.98201575659253 156.245367985983 0.00383953729959384 0
0.0574476852398592 1.85229519221196 1.14491341662412 0 0 0.0228178681606902 0.715611186637657 9.03715120582808e-06 0
1138.40139608 100978.00506 4861.19105434669 0 0 363.986202029508 11469.8879854321 0.978437648572844 0
665.850900738288 59435.5146365009 480.722176848614 0 0 62.4203991132188 10103.9320120771 264.580420986961 0
208.661997405989 13051.196441229 111.041804383507 0 0 0.586385582722511 1286.21410229505 0.563844054617419 0
557.367505759999 51780.70332 371.84483811234 0 0 120.066406363431 3734.00615111306 1.27542903699034 0
340.023157759999 31982.67252 2657.33018455892 0 0 308.414973251789 3518.44221563902 194.856146054436 0
3034.61008551999 151656.13512 2754.07030504343 0 0 741.75930614672 4757.67088467938 1505.1418801046 0
1126.32671008 51386.3523 1804.80787278916 0 0 382.805082346852 69035.2455561473 1783.5959118578 0
15.4368032685191 1692.8082669933 27.3890492969479 0 0 9.60738490084833 109.625717608663 0.0223740663315551 0
2241.06172159999 379969.27974 51632.0161798427 0 0 2587.91992558966 81267.0302043275 2483.4468917467 0
703.712700079998 44956.01628 0 0 0 422.38290008132 2115.26547572611 0.364559332125421 0
659.760843039998 92237.89878 0 0 0 306.038124729385 3088.26001818062 0.257104195474691 0
56.9944839804911 2420.48332747596 60.3312831404177 0 0 21.1394289556241 243.005320206403 0.039721995060443 0
0.70728808836179 40.837362399679 1.13398508789894 0 0 0.0853244656465802 19.0148003636318 0 0
696.467888479998 63434.17836 20097.7600306572 0 0 432.835610679471 8834.0352481065 7595.9235471131 0
126.72854024455 11194.2383015145 3426.32698705227 0 0 10.2187041527745 2277.2673460957 0.0465507838430947 0
29194.48155966 864259.204538748 70236.7714175987 0 0 1041.89898658226 608531.455212145 28879.4672992968 0
3508.22442179774 134075.450907964 47734.6239300642 0 0 457.486869115358 218326.063641297 5981.3244627368 0
388.936382699352 11795.443649088 189.5429063787 0 0 134.423218403225 1592.45306949296 0.765973686478077 0
1747.44855792 54895.27158 710.435259808129 0 0 1.01174575663666 4188.77795813853 378.942077218288 0
0.869120111647865 13.3892402690583 1.58986540936912 0 0 0.411746373352817 4.88309816052626 0 0
789.201476959998 109323.76032 10027.3936127851 0 0 661.831391372423 14114.9239722792 814.941294178629 0
276.268815679999 16796.13426 0 0 0 96.2150910835915 1114.40764275844 0.397430223659008 0
2014.0576248 41205.6576 16070.9525154894 0 0 1211.58051022561 22248.5127510753 1698.47962164311 0
1795.26431448 67281.1128 32903.7334797944 0 0 1143.42835819276 9767.38955832221 2592.6687907605 0
165.154700596028 16137.1993163684 91.2124424291629 0 0 62.4880246228643 712.875133958998 0.188609406882381 0
722.886518514161 15990.7903164478 1006.86784659595 0 0 159.532200174093 21522.3033337463 1223.16918450386 0
2498.49402711999 69260.91588 18365.5072482314 0 0 536.356957565632 34064.1289162458 7889.27991471832 0
145.940659352763 3546.55336972297 77.7521955483068 0 0 0.0907809600655321 398.748151605209 0.0487247555391251 0
43.9518570399999 16570.79082 2792.18107540842 0 0 8.32742247263482 1855.78983309014 0 0
392.668788719999 99118.92168 17466.4561335588 0 0 1.24522554662974 4185.6686215611 0.727292503610087 0
1125.3607352 99505.22472 0 0 0 0.682479386133606 4478.22947277529 1.15471020726465 0
1528.17226016 73357.3377 728.574032398975 0 0 535.788224743854 2337.17625148796 3345.62740549409 0
16.3929412461618 4210.39365966303 38.2918045441484 0 0 12.1887776874906 140.074366051517 0.109282652961264 0
207.201611759999 27685.0512 5951.42957276362 0 0 123.178832893878 3863.11947089293 0 0
5086.34073063999 82000.86822 23226.6983025781 0 0 3400.95642095837 47370.6817162096 892.851458391175 0
0 0 0 0 0 16.7274125578453 558.137232394092 9657.1625294877 0
117.84893536 5158.75518 3228.89907144846 0 0 30.5632773411703 1002.65057772448 0.010572508972791 0
117.84893536 0 541.61725537871 0 0 5.1025995322471 174.535582827537 0 0
154.5559808 18478.16208 1974.76539341185 0 0 9.54350518147441 1766.47763831978 8750.35281398024 0
536.599045839999 160.9596 1602.2975352291 0 0 0.0359199676912424 471.881539140665 0.0384454871737855 0
96.6321116376153 2264.15368242167 25.0279642878061 0 0 11.7739222736066 393.358995546678 0.0145879979297532 0
0 0 0 0 0 0 0 0 0
4142.10028543999 76463.85798 217.66527109015 0 0 12199.0196940741 23891.6963310902 6176.51231610823 0
0 0 807.77409913106 0 0 7.6100746411882 777.31314490995 0 0
73.3854450191007 1124.71010036496 11.7177620232541 0 0 0.0185636213776171 108.528590559972 0.0782334891757335 0
131.124801547062 9428.42770192196 149.918470118277 0 0 0.0452870134198386 571.927672779225 0.0230237850310783 0
154.07299336 0 1766.78961571142 0 0 16.6450012018256 1700.16443218497 2769.11502694061 0
34.9707063279621 1456.06143236904 0 0 0 2.88006146969331 97.9951256800647 0.00224158866254392 0
391.702813839999 0 60.4625753028195 0 0 17.3792245171113 1758.64962077062 0.0299874799955528 0
25.1153468799999 0 857.70480510814 0 0 8.0804739765736 275.525568882844 1.08127932676272 0
15.93858552 0 572.966345448689 0 0 0.0838132579462323 150.614061690734 1079.90682287061 0
244.874632079999 11420.08362 102.786378014793 0 0 21.1269099348576 706.047754936368 0 0
24.1215416326213 1598.14436586388 490.745810522819 0 0 4.62333745529407 472.239911801112 0 0
1975.90161704 24659.01072 229.757786150714 0 0 0.0778265966643586 1055.15669011539 0.013455920510825 0
723.515185119998 4329.81324 0 0 0 10.2210552218667 25134.1787832593 6745.44084174809 0
24.4377629379464 531.284168759124 11.374063457138 0 0 2.65943862812161 269.262109022065 0 0
97.0804754399998 0 1734.85827471671 0 0 16.3441746605633 1669.4372138742 0 0
0 80.4798 108.832635545075 0 0 0.99822171858692 61.717276351356 0 0
723.515185119998 42211.6551 166.272082082754 0 0 0.239466451274949 1788.69514073953 0.35523630148578 0
249.221519039999 56.33586 0 0 0 10.8447307451867 378.931982547683 0 0
411.022311439999 5577.25014 0 0 0 26.1239001688942 873.240747289418 0.0140326028184317 0
0.198646193872732 0 1.82386921100619 0 0 0.0171827505319283 1.75509157057241 0 0
2.89792463999999 0 0 0 0 8.12892334632303 270.176939924513 0.048056858967232 0
130.88959624 4917.31578 1256.2923519257 0 0 11.7080572027486 381.817264539963 201.083738294281 0
117.84893536 3629.63898 697.440329368976 0 0 6.57061543565491 671.140033323685 0.010572508972791 0
240.527745119999 6502.76784 102.786378014793 0 0 26.1476844049531 867.538457240584 824.273167280322 0
29.4622338399999 56.33586 727.45485487205 0 0 6.93719683341147 253.544767603346 0 0
238.112807919999 0 12.0925150605639 0 0 1466.53445423676 1289.95831716651 0 0
44.772014377428 0 8498.71109410955 0 0 11.6321985255093 1181.40874786911 584.105350207383 0
0 1496.92428 296.498630436925 0 0 2.8531930032815 285.317743084783 0 0
0 0 1525.36436696082 0 0 14.3705235164977 1467.84326768011 0 0
0 0 712.49434371787 0 0 6.71243995437598 685.626364650284 0 0
0 4627.5885 1746.82668364006 0 0 16.4569295574347 1680.95429716491 0 0
0 0 453.724252347896 0 0 4.2745557583477 140.565264214237 0.00317175269183731 0
366.587466959999 3565.25514 169.295210847895 0 0 0.107759903073727 1566.0346961946 0 0
368.036429279999 4426.389 259.989073802124 0 0 17.2268340876347 572.087224547898 0 0
1736.3398468 11170.59624 2237.53144949719 0 0 21.379213393256 747.560683270888 0.0386377146096546 0
0 0 0 0 0 1.13287349168094 209.691895382873 0 0
0 0 0 0 0 6.6917388600285 683.511900139879 0.034600938456407 0
0.777351135308205 52.3587004257735 5.24215135639133 0 0 0.0502371641808472 1.6282364130419 0 0
223.623184719999 72.43182 129.994536901062 0 0 17.1990858122328 1756.76009929324 0 0
0 64.38384 646.387585055333 0 0 6.08964532868782 622.012474911734 0 0
0 0 0 0 0 12.4122635545719 1267.82141752411 0 0
20.28547248 0 1510.91812337757 0 0 14.300278106484 1453.94178823936 0.00288341153803392 0
209.501525484608 7989.75159265998 0 0 0 5.0962287472425 943.298499930763 2579.06674253825 0
413.920236079999 13415.98266 108.832635545075 0 0 1098.25899882102 809.645694370823 0 0
986.743339919997 2028.09096 912.984887072574 0 0 4401.3514678046 45609.8378099881 24871.7872790705 0
384.940989679999 6872.97492 996.370042868455 0 0 0.0598666128187374 958.797183951894 625.219735163687 0
95.8919889249075 4796.84488980361 1532.52135988568 0 0 0.0229678753362427 476.391550167256 960.982096665835 0
0 0 512.824820187072 0 0 4.83134475799074 493.486327670449 0 0
149.24311896 10663.5735 0 0 0 9.92474393861577 348.339513924859 0.11389475575234 0
200.92277504 0 1674.50196252906 0 0 15.7755552392313 614.346645525474 0.0340242561488002 0
1.93194976 0 1416.90066109301 0 0 13.3486822636005 1363.46970035802 0 0
0 121.019358829787 115.209119760452 0 0 1.04856669252817 107.103374388143 0 0
225.555134479999 7887.0204 54.4163177725376 0 0 679.845255169581 957.381645511057 0.0124947833314803 0
2919.17608735999 242115.43032 692.296487217283 0 0 19637.823496463 146888.321167302 60113.1603683041 0
1989.9082528 18156.24288 722.527774868693 0 0 2975.04139072074 5374.99215487114 11361.6450792963 0
339.057182879999 7114.41432 247.89655874156 0 0 12.4938893732033 408.957727312928 0.131483566134347 0
283.996614719999 0 674.345040274709 0 0 0.383146322039919 237.901889789935 0.00432511730705088 0
0 0 648.567560480966 0 0 6.11018297123276 624.110244022859 0 0
126.54270928 24.14394 1100.34559539001 0 0 10.366403331115 1058.85184503997 0 0
91.2846261599998 0 0 0 0 20.3927801763522 2082.97248578138 0 0
0 0 70.0781028870708 0 0 0.147550353327819 15.0711832124571 0 0
0 0 0 0 0 0 0 0 0
0 0 0 0 0 0 0 0 0
0 0 0 0 0 0 0 0 0
78.1409159849742 0 311.131872112014 0 0 0.0374425796616356 294.593033856989 0 0
0 0 0 0 0 0 0 0 0
0 0 0 0 0 0 0 0 0
0 0 0 0 0 0 0 0 0
0 0 0 0 0 0 0 0 0
0 0 0 0 0 0 0 0 0
0 0 0 0 0 0 0 0 0
0 0 0 0 0 0 0 0 0
0 0 0 0 0 0 0 0 0
0 0 0 0 0 0 0 0 0
0 0 0 0 0 0 0 0 0
0 0 0 0 0 0 0 0 0
0 0 0 0 0 0 0 0 0
0 0 0 0 0 0 0 0 0
0 0 0 0 0 0 0 0 0
0 0 0 0 0 0 0 0 0
0 0 0 0 0 0 0 0 0
0 0 0 0 0 0 0 0 0
0 0 0 0 0 0 0 0 0
0 0 0 0 0 0 0 0 0
8.10623080300888 0 585.801944873444 0 0 9.51513696891383 970.501746180455 576.62339128806 0
0.11874043576014 0 0 0 0 0.430837994538512 14.4139697260477 0 0
0 0 0 0 0 0 0 0 0
0 0 0 0 0 0 0 0 0
0 0 0 0 0 0 0 0 0
0 9013.7376 1315.06101283632 0 0 15.2348849376706 5583.05005005695 0.0792938172959329 0
97.5634628799997 0 81.6244766588063 0 0 0 3402.56603127273 9573.15371132925 0
175.32444072 0 386.960481938045 0 0 15.8490031848503 20163.9482774379 2940.40841447482 0
626.917697119998 1714.21974 0 0 0 2682.30562735968 171160.798284623 23021.5562071374 0
383.975014799999 22783.83138 202.549627264445 0 0 16.4263005025974 1248.45467735907 0.454137317240342 0
36.2240579999999 1134.76518 308.281862893059 0 0 8.94441099459849 3183.39852970183 3347.4120450087 0
13.2824732122521 247.482706185908 14.1005037857649 0 0 1.00273518272291 68.0222893195804 0.00599666600421861 0
7.24481159999998 1169.0080738473 104.96620455862 0 0 3.21529410478024 1191.40107709938 0 0
674.250466239998 104.62374 154.17956702219 0 0 5308.37854529872 5096.17881306182 10757.2040726991 0
0.254078682546378 73.3116420555263 0.250927300430893 0 0 0.000228309063698364 1.55458283720822 0.00025226719813275 0
0.0243988202278671 6.77122300701658 0 0 0 0.00318042123972322 0.258396156002286 0 0
