84350.7810870202 56269.9509507098 0 0 0 124.88962372108 0 119908.618102333 0.0595014405852991
747.221105145032 8692.473247193 83.6898093590223 0.431275537993934 0 7.41427037280766 0 0 0.00924057636735076
0 66695.9009451373 0 0 0 81.4626469758169 21.5073162551381 815476.427453445 0.0388114296811241
0 0 0 0 0 0 0 0 0
0 339.758929394276 1364.74458340169 0.749381594196014 0 611.573157438222 16916.2751089391 0.548056837849698 0.660749905169717
8657.81094648402 0 0 0.749381594196014 0 778.523871292993 4300.48318035507 0 0.839139123161395
23279.8916561015 53749.8626301744 3207.14977099396 40.0517698469405 0 3251.95204277255 13604.1375224154 0 4.41553109655201
0 407.710715273131 0 1.90913882330889 0 1100.01591204466 10516.0574542633 0.0211332970893199 1.18839692415855
0 84735.8769909323 307.067531265379 0.7716846178328 0 6218.95640301794 78015.5327134476 547873.13314253 6.72708702039034
85551.9985378495 372919.400903157 3138.91254182388 51.1988210606062 0 5048.6233663561 140094.750308641 13.3816037169573 5.49316545257887
0 144570.007737926 0 0 0 218.87749120975 76969.6013909363 1.4036460355267 0.70983775582646
0 7066.98573140093 2934.20085431362 16.0269527853945 0 188.039399968907 8243.84654893096 13.609843325522 0.434841652952421
0 0 19847.6874895874 0 0 4711.06978632719 59081.1101786479 252581.369862508 5.0959959128151
137370.60035088 1068609.78473088 3718.92898976959 369.449586543362 0 25710.6613467305 35896.2630672422 121.524911582425 83.3817952239222
0 20527.6807153681 116.003914980889 3.05196220797126 0 10.5302631682365 2700.38602000777 1.50188107664476 0.0648552151293538
32899.6815966393 158259.709311854 614.135062530758 7.17711300631778 0 295.392802860247 12239.0260343546 0 0.425499413583689
3655.52017740436 35606.7358005201 5910.64312702565 9.63490621109161 0 1070.92124044193 6212.1495442518 9.29865071930073 1.1584227175063
0 237015.829145447 0 71.3964265541071 0 5360.95908140472 149792.850226307 40781.3460592024 5.7989855397379
12826.3865873837 44576.371536529 1262.38873964656 10.5091847376536 0 2405.13015870514 12647.3217252109 14.2396155787837 2.62541378962152
0 0 0 6.47679806412269 0 739.546864362972 4542.07594462434 16.8094245048451 0.799972823384366
6541.4571595657 81066.4805534741 28353.7921152638 1.12407239129402 0 6657.20260168512 186072.118817881 188551.938807554 7.20114088469446
17700.4134905896 20657.342907172 6721.3670732533 39.8911880767557 0 638.650180258033 21514.0896806789 152.261178869132 0.976439213277187
0 0 0 0 0 1865.23607141411 52117.3587112758 574639.327415769 2.01763841918632
0 47022.6358281677 0 134.286530741034 0 5067.65368139016 140546.660759553 81085.9249360697 5.48651598662425
59706.8295642713 861085.030656852 11839.1592610096 302.781388288281 0 316.589971584014 23835.2967773997 43.512049820437 0.989601560208183
0 0 0 2.63175678914076 0 2873.85810942685 36040.8007738769 495816.682793684 3.10867166989419
0 0 0 4.04850816856881 0 2211.49493785561 61792.3257708656 304367.726139373 2.39218896676746
0 0 0 0 0 0 0 0 0
5276.44458947441 41154.1623566949 0 135.234260333284 0 4.27449433270177 9886.00284394721 18.2492944915956 0.00601824070031266
0 317039.135990824 4539.767153303 43.8541299826687 0 3142.97798069262 2648.39448531327 141.63097175328 3.95841423269748
4838.84886437029 103648.634558488 1479.48261953249 12.9826744731035 0 16.6043802143488 1581.19436467335 96.7416296575284 0.646172852918181
0 824512.222547476 12273.3093968744 53.8919322582556 0 115.470397592021 5408.74324822405 300.26842113353 2.17717163934264
0 634061.577590367 1989.4782143702 22.4847061193659 0 30.0570729986824 3464.60688923534 203.382677514122 1.43380715670533
2156.14216524591 234809.974530107 2557.25611942923 16.064395641494 0 70.654127038554 1235.84425981528 9.17144826806394 0.566689389184032
2586.27774805178 247260.827280142 1051.3416710537 6.15113917705686 0 10.888626730197 1103.28363186547 69.4648361093182 0.420136841023588
334.91751934864 14909.562159507 13.45617720008 0.405170199724235 0 2.45500511575642 122.495954332846 0.41398316714664 0.00370998057773638
0 472308.760479984 1997.74547998495 9.49219544793122 0 83.6600586291658 3294.24859593646 195.535189059616 0.128553659376824
691.479095388159 90227.9035113309 235.196516654307 1.25703611964558 0 9.34668880932963 486.504876745462 26.8636021952038 0.193432972341677
521.642665778053 115076.512205727 271.612740575751 1.39300137358159 0 761.065734820172 33358.3590515767 31.6398335816582 0.951388079991755
38.5423115270701 1694.96406396783 0 0 0 0.437985389316458 124.553405241645 0.519477626798658 0.00431674777031439
0 678566.493869955 4202.81405052207 20.8754971864781 0 177.013855208448 5831.08464184704 33.1521304637129 0.257661810586583
1070.39348702807 4089.25634834207 147.330302375539 2.39191257555677 0 8.92440207349565 176.101003393443 12.7870169417636 0.0315824876955729
0 80967.3901937022 9343.95996423905 67.5614594622646 0 796.117530392126 560.304230755816 72.7362562187096 0.991882827767039
132820.66660675 1202520.79224607 11588.7200187171 473.309567583188 0 77.417472889634 169043.454234733 19.4386224088601 5.05441272278556
0 438249.425909292 4296.08925786073 230.380728069505 0 175.61461221092 3336.8616694047 212.707452421662 1.5385227785347
1354.71197753456 20820.8243465062 344.290975961771 2.71512185151534 0 318.075483975951 3223.95954441764 13.6436293502692 0.403207212409118
2341.73609481855 11051.7497354938 25.3850300515834 0.341665381285838 0 146.993994697095 140.55499548084 6.53790428626355 0.18390254828588
222345.411492297 552448.019195092 10849.7194380434 600.018244900457 0 230781.097471658 375875.066870439 8266.91047542192 514.183239237885
171096.695363485 1085112.40669682 10166.9132637676 793.298077833917 0 190.766377379536 886.897525999698 71.6909464537904 51.4257656221686
70860.4151743205 225197.518462479 9795.26301722871 458.924698279991 0 17411.7052755044 210604.828315166 12116.2066902655 8.2954973845781
20329.8227410032 1274775.50308732 10713.2449797032 295.581972258327 0 53258.7643158671 6867.47881604539 8.88162032340483 81.8314534902919
12954.6504532576 1118962.05806711 0 0 0 432.832509746611 199882.36071767 55.8834819365251 80.8322750319311
15819.3424939246 80949.3691694957 2133.39602746044 12.6456679525176 0 13.8030923206169 2370.62554201101 5.00690383437781 10.9833773540219
0 0 6869.98413155917 127.649393068868 0 1363.32682917644 1971.17783423315 0 2.09531149549057
0 0.210242376025477 2.61632696331776 0.000177078557168024 0 0.519644813582979 0.75069252249176 0 0.000798388949619723
86000.9220684079 746450.367879223 23098.3020740735 213.899378490961 0 71339.3867148557 105326.251032996 94.781428559127 109.642261756986
22444.8669270053 545676.56922597 35790.8378172236 849.31434816983 0 11028.2754616565 311297.3260208 4035.76149879364 30.9570723043623
4722.09476805382 61429.6516564835 2132.4367860318 7.75649615318059 0 21.6610649535457 3654.87271786713 2.51141591558814 14.6397600391664
36491.0698411067 409205.654562466 22825.3531573932 111.822899910118 0 24487.3388848335 35384.4681408994 7.35861404650117 37.626464887965
40338.9858173218 262497.748850017 4776.6060419059 2191.27653291896 0 71568.8602991561 8821.54973553574 6664.58811676907 109.994942147928
339899.244565669 1343678.61396848 3616.57314601447 1397.77955796939 0 0 160635.313610738 28037.0774980918 0
156930.83989664 392421.563450388 11190.9055838938 595.526415940008 0 0 915874.197635973 43698.8653489337 0
0 6610.81727483533 418.275629197541 1.98079715770326 0 2238.25272727989 280.072187791611 1.53530494969666 3.43368410839177
264736.6191636 3153234.67192239 375372.997664633 7108.34832384084 0 226386.445749475 1074232.49198693 27794.7828380762 538.690655724494
16802.5664294727 348796.516916163 161005.742226814 2709.62556586624 0 0 6651.65837919793 3.47431404148419 0
216060.482064479 874471.532474986 3377.74284391917 731.05742997603 0 39605.2003112693 7979.07519025089 10944.9683758341 99.2894742375109
5454.03498756791 18639.0641259899 356.188564121946 2.31666184807741 0 4510.98223012995 632.264539864385 0.673832633544293 6.9202633885069
16.1860161306472 226.595662891588 10.1359448184077 0.111441994374512 0 42.3053309277855 170.305023165345 0.0151900839705912 0.137199677313997
60732.940491262 507803.695872684 154454.968226486 1864.63536994405 0 43898.8577811775 503113.824384565 102188.147625349 142.367616325035
0 49993.1316123574 65239.8408433858 1.68050481581454 0 4637.59624557027 19735.9224013581 0 15.0401071082733
3669108.91430001 7513563.21994534 954685.820869728 31278.2126520571 0 145825.438146237 9500997.67987521 459412.549501506 333.254380325001
310590.31505629 1248253.97422169 250391.382764768 6785.06450114472 0 0 2692165.4138387 144128.392138662 0
15894.1014567089 52859.6007933068 838.865835071498 8.66406996440968 0 28423.3281995146 4332.5720610446 21.6984577783283 43.6841152407459
45533.6723852123 321479.898992864 2558.89609387816 1497.21089794691 0 787.714140960658 106046.14357055 61.7895340297535 39.8598230580602
30.3159808705749 38.7330126254382 4.6080866636864 0.0414751064536605 0 46.673803012372 6.68854686301278 0.00585721952887141 0.071733463977352
20329.8227410032 798977.098363579 225513.221384009 1946.8333298104 0 92456.5797359847 0 8517.54010780945 180.292829895572
60091.6211618928 92074.6698658487 0 17.5212553690592 0 24850.392110827 3477.83933593943 17188.0232955408 38.1928317868711
220229.057705379 318761.827557709 0 2645.49991230575 0 15505.3870316179 444031.661928824 41548.8369651628 34.2551872538406
345286.32693237 726540.494616719 0 6173.97653039186 0 105873.703758493 569680.231490769 29647.5277228052 264.1276199135
3088.20409443687 153947.972855348 1067.9143178967 9.23800127860218 0 14160.6632507311 1862.61881388544 0.966768582059797 21.7636738733819
114449.462569108 141457.414378295 14068.4008446 953.614064437218 0 36416.3139555308 540024.710007358 46406.5794956126 55.9686200120563
89912.96997756 391130.47951869 154830.272986921 4509.4171248887 0 132357.172850114 653721.529102511 154100.905642854 305.176151642277
3461.03618052178 21417.3321662288 160.729151680385 0 0 16.9113676387395 1056.75473178929 1.88318343496381 0.0206539286943143
0 125846.70744764 65323.0574216146 0 0 4669.0653167943 18742.8908696188 0 15.1421639016519
26678.8841017582 494892.856555702 314738.897266738 5577.79473424266 0 38.9754392662825 7899.8213045257 19.6849617954652 36.3335607167024
8208.88741592559 646493.290851428 409.423375020506 3101.28004274238 0 29.4025243587746 11099.8162982188 7.53754262852409 53.5345899953242
111076.507846743 583705.840699365 1705.93072925211 1548.55691896352 0 48770.582555572 320694.154152717 75792.8074938685 108.349819343716
726.482321890636 26135.1457815357 242.089287510678 1.34680384599937 0 2278.52367107753 300.508905783415 1.33246569486498 3.50556640559667
14044.8933131852 105936.834185135 138801.16202528 7.41352505686771 0 27260.2850272706 39466.6810169069 2.88821726887372 41.8966218265463
260311.515790953 506376.708369228 0 4301.1202659353 0 97826.9849990967 878208.284172227 22775.3472287277 242.297337195904
0 0 0 305.021177851079 0 0 9874.05956264208 156241.980321415 0
3334.86051271977 21472.7643377182 9846.96717315729 6.63792157290339 0 18.4620501787654 14236.6758754215 1063.74555647411 0.00879591553777098
2820.28096438103 3659.17124922685 1333.0616585092 75.3100751005556 0 0 4328.6172106223 183.321795735813 0
57462.2119114791 82289.6126992935 4618.24676242369 1.4184723032996 0 23.93228726877 21082.7612909053 111161.711879958 0.0743623502676662
19496.1076128233 3057.83036454848 3953.53224241565 176.85557012532 0 10.2566945437586 5825.0630776782 436.329854658286 0.0048866197432061
5442.55912060169 7156.84818887405 474.668463434963 3.59001360291405 0 24.7336665441457 10594.1390377977 449.073532678067 0.0117839156407409
0 0 0 0 0 0 0 0 0
189445.729895658 490611.894045334 7574.33243787935 57.7291463814572 0 1031463.11923381 0 164554.386790487 2409.64877042933
3479.63938237975 4514.65529374158 1644.72047454573 91.7942439495438 0 384.010643718321 7421.16242517829 385.813391797797 1.24537818870223
831.597934656094 4548.1070873054 245.786460321451 1.24983057560479 0 3.31847919154936 1364.92005488849 81.2078451975335 0.00158103040562046
34136.2856662295 81660.7269522851 663.010809409157 17.0346635444324 0 27.730569277447 6913.86927366733 503.181398529646 0.0132117366607137
3078.3327809721 21133.0054083239 4007.86035223449 1709.67062740602 0 13.6755927250114 18202.7295884477 43854.48672204 0.00651549299094147
1328.88278709992 14838.9910625091 194.417980723391 0.732958311504679 0 6.09252001746056 1373.89400840493 85.7715809727087 0.00290267283247876
0 17400.5713053713 648.2536771158 3.11350209969534 0 9.57291490750799 27932.759048591 851.329852004966 0.00456084509365903
7408.43205685211 9612.06416192415 3501.74214888104 308.37249664934 0 6.15401672625514 11370.592827461 481.557364461719 0.00293197184592366
6226.6622856863 3086.30246941789 3887.96933987313 10.2253300360401 0 0 2316.32568464435 0 0
0 0 2149.47271885765 19.8006243847387 0 23.2485076325194 8290.45272557777 627.674476961924 0.023483208422088
7052.73881550525 8833.00119758467 943.828211585724 26.9748927895643 0 0 4331.73336066733 130.461088390396 0
7311.04035480873 150173.44679227 4333.06405230035 17.7755098385185 0 133.337029068861 17727.2773771676 1342.71738460946 0.0635260566616793
40371.1785993926 27656.376852694 0 0.0892120945471445 0 0 563380.848613938 87510.7431173822 0
0 0 233.782036471763 16.204137081976 0 0 3674.38005173338 111.281065578735 0
13408.8014416544 17397.2385523163 7054.42649291115 560.423337682828 0 0 28597.4730396998 872.260930165055 0
0 633.974782988592 1125.91428130639 10.4329278303182 0 41.7105578112848 473.154893164495 32.1758842564516 0.0198722536223715
51626.2060142195 253596.064899887 3753.04760435463 25.8670468139445 0 566.169538815473 26565.2963529048 1697.96995690607 0.771660697778734
4617.49917145814 1834.69821872909 0 2.5960719513219 0 16.4107112700137 7246.07544602329 307.082305151362 0.00781859158912976
5322.95043376425 26569.1482786324 6141.35062530758 39.9134911003925 0 36.9241003575308 12029.0242484837 722.957599116235 0.017591831075542
1.33449777453512 0 1.62860034051468 0.059641317209798 0 0.00437800573364132 4.82839898893398 0.146917265500376 4.70407973732245e-06
0 6822.91772257527 409.423375020506 3.90748974116493 0 21.8809483600183 4115.65360074902 307.779827246533 0.0104247887855063
6028.40169607035 90167.3126887468 3191.72019637412 282.846480040413 0 104.618284346337 5835.97420958755 0 0.0498435213807022
0 0 1236.97776932146 1.31569223325463 0 0 5649.0007732689 173.794047107606 0
9876.31767228547 36897.8197322183 2456.54025012303 22.3565508935144 0 12.9918130887608 16587.2579459078 9336.77518724988 0.0061897183413944
0 407.710715273131 1548.30921265207 47.0524602213997 0 0 2965.51325320295 212.922503175964 0
10261.109269907 5215.57709491961 511.779218775632 1.04378150620159 0 104047.328350068 8612.4557421144 261.398026871868 285.085879336808
0 7596.38345815899 488.532202569034 919.823999312408 0 19.2657585193632 17233.3097371202 0 0.0358726658314868
1034.40314840449 12554.1301957283 488.931136292604 43.0565440794456 0 0 2206.11187937973 67.2375004743214 0
11211.3221757955 13048.3782230841 5947.76688679839 424.637516620023 0 16.4107112700137 21492.3126831142 654.483430545942 0.00781859158912976
3492.79884660452 4531.72902992412 1650.94055595822 145.38610766163 0 0 7449.22812702511 227.036300563778 0
9903.88203589555 44304.5643930135 4681.26600831343 3.58632620079521 0 0 21174.5581228173 649.259396468234 0
2559.51579171663 3320.84168750438 1209.80583473004 106.53863986983 0 0 3928.39020183071 166.371732844228 0
14814.4765084282 12163.3696723151 4878.96188566102 28.6058581165419 0 192.825857422661 17640.5212553616 1302.63936066183 0.283194188247852
3014.20084803518 0 2354.18440636791 9.39849416054167 0 56.7537098087974 9086.93630760736 676.809483348317 0.0270392959124071
24370.1345160291 72844.3144621327 11742.3225984008 611.974015728078 0 0 12779.2563826094 919.780653992734 0
1091.8892289653 1416.67079430406 0 0 0 10.0515606528834 2399.71459150652 70.9741677253214 0.0325980401957314
4747.10356823862 6566.83638870163 0 0 0 28.0349650862734 10150.41425503 309.201677688038 0.01335676063143
29.1571801577554 120.204790870909 24.1104595967764 1.2998779040194 0 0 26.2876710655282 1.94491677717246 0
0 815.421430546261 648.2536771158 4.1394411869875 0 41.7105578112848 16565.4112295306 508.983264896169 0.0198722536223715
0 5542.15050002888 1721.98043314302 151.642063513816 0 5.47023709000457 7808.89038397409 237.135338955805 0.00260619719637659
0 12434.4457059032 0 0 0 0 20675.9345112048 630.157595132953 0
11597.6436022987 15047.3532829822 5481.85596064255 482.746455045407 0 0 24734.7461802568 753.861362867434 0
0 27221.1155589184 274.881249871053 1.3938603464272 0 0 144151.557574922 31796.060473615 0
9940.44960522239 94249.127013972 1194.15151047647 12.949135523518 0 101204.172622538 12417.5978069074 916.673690507085 298.342126486629
257489.710741728 15085.2964651058 6823.72291700843 58.1439826211014 0 502031.008935169 615883.80299166 238651.574054599 1488.0086321919
4425.10337264739 0 1727.05471008479 152.517135557083 0 12.3080334525103 7853.52075423134 237.503470875314 0.0163847502687991
9469.3810570177 54295.5660497808 4331.70437568999 0 0 0 5756.50982276929 13696.4882770962 0
2727.71544607436 5011.45053324971 1289.30873285637 120.203124028279 0 0 5871.48210474953 177.304921086262 0
13467.7059167529 0 375.304760435463 87.7922697934254 0 8.20535563500685 5641.94436817778 429.988589942767 0.00390929579456488
0 4552.76965388329 4641.20628369225 12.635769158108 0 14.359372361262 5366.93743939623 401.635758642031 0.0961755349599707
7725.99070669708 10024.0803745397 3651.84253454569 203.814647941313 0 0 16477.521268484 502.199074516943 0
0 0 284.536057930128 15.9902113274165 0 0 1283.85846373235 39.1292186361989 0
6926.24875718722 111916.591342474 4640.13158356573 30.2785848893008 0 33762.3033195082 12914.2837878789 954.465691300714 88.94670522114
200797.082025492 1708239.94520854 4094.23375020506 19.5909759625529 0 1503465.94544303 1193973.11457011 720322.884503425 4130.24539331251
106843.800272906 122720.925297212 4981.31772941615 88.4805553718579 0 218698.027519474 0 188554.407176654 574.223075069349
10517.6370016547 35470.8322287624 4776.6060419059 118.793465849281 0 65.6428450800548 5873.49895581777 423.739609925356 0.0658750633452556
2298.05801567197 2981.61350808809 2450.96722164665 3.53416719903267 0 23.93228726877 2315.94862051688 120.141531198294 0.0114021127341476
4222.06995105334 4296.14255401245 1995.64498799084 60.0258740563751 0 0 9027.98102705734 274.439835932864 0
3847.91597621512 0 2590.66390830366 0 0 0 11764.7116617436 356.266461334812 0
29448.3173068819 16157.5954436944 0 328.524363721092 0 0 26559.7553714009 809.483680802499 0
0 0 0 0.267636283641434 0 20.5133890875171 0 0 0.0097732394864122
0 0 0 0 0 0 0 0 0
0 0 0 0 0 0 0 0 0
0 0 0 0 0 0 0 0 0
0 7.48203261397331 585.193818669134 0.0439740877185246 0 5.15482221980743 2675.47086140173 80.4754836410918 0.00245592338979783
0 0 0 0 0 0 0 0 0
0 0 0 0 0 0 0 0 0
0 0 0 0 0 0 0 0 0
0 0 0 0 0 0 0 0 0
0 0 0 0 0 0 0 0 0
0 0 0 0 0 0 0 0 0
0 0 0 0 0 0 0 0 0
0 0 0 0 0 0 0 0 0
0 0 0 0 0 0 0 0 0
0 0 0 0 0 0 0 0 0
0 0 0 0 0 0 0 0 0
0 0 0 0 0 0 0 0 0
0 0 0 0 0 0 0 0 0
0 0 0 0 0 0 0 0 0
0 0 0 0 0 0 0 0 0
0 0 0 0 0 0 0 0 0
0 0 0 0 0 0 0 0 0
0 0 0 0 0 0 0 0 0
0 0 0 0 0 0 0 0 0
6727.54856259496 6735.17672995157 2225.35344478998 19.4401432085531 0 11.9973545757182 14436.5335145385 3348.8339883496 0.0276718846830226
203.234410986353 90.3183774699032 0 0 0 23.1179000829509 177.702973603262 13.2104913119907 0.030586955892015
0 0 0 0 0 0 0 0 0
0 0 0 0 0 0 0 0 0
0 0 0 0 0 0 0 0 0
0 60748.8965756965 4844.84327107598 38.0177340912656 0 19.145829815016 48458.7613448227 14.707365887694 0.0485129891278152
3783.7840432782 7474.69644667406 648.2536771158 2.16785389749561 0 0 158242.727591932 138824.538411008 0
0 2174.45714812336 1603.57488549698 12.9625173377001 0 18.4620501787654 176304.138477104 74254.7219050486 0.00879591553777098
25652.7731747675 4620.72143976215 1808.28657300723 8.18967027942787 0 367894.641471531 1482316.1431375 342945.202482342 919.042586071495
36619.3337069806 161249.587890523 1398.86319798673 25.5325014593928 0 27.3511854500228 7016.71419831641 12.2671745171139 0.0130309859818829
9106.73447704245 7950.35894782605 1261.85277978088 3.90735261316425 0 0 103717.072423349 59622.5102484632 0
365.50878859361 2773.88897355469 124.119003154021 0.637183714063072 0 2654.57686589235 306.606729500593 0.889246919504406 1.26472594727133
0 6912.56086587426 826.422671433353 4.43483861255621 0 0 11429.3928546085 0 0
66312.4186567739 0 0 1.67718737748632 0 568870.468378663 35472.3376552995 169429.993406505 1427.56623491138
77.7826289564895 92.3584183888407 7.95786069209069 0.0478363141162249 0 0.384443908751866 18.9920465981204 0.0339471556710238 0.000183161464607073
0 2.52747880534918 0 0.00894741906612023 0 0 2.55187676458957 0 0
