18182.5856185044 53386.2579981452 0 0 0 87.532136912936 0 128250.576617012 0
106.703286379103 3984.89745946473 0 0 0 4.31947952152562 21.515825117363 0 0
0 56753.8187328911 32360.0833129168 0 0 53.6271410623605 28.7899802381735 1097973.43106199 0
0 0 0 0 0 0 0 0 0
1832.90122848 1027.42125 533.816845708125 0 0 1473.69628926658 14235.3166134242 0.35741102074496 0
1457.21339904 0 0 0 0 1927.47490879056 8374.80881797229 2.37219704034265 0
2106.12874080001 52645.06485 4774.69511994489 0 0 7140.85151414795 26600.436199722 155.228666996556 0
762.760138560002 0 266.908422854062 0 0 1688.62505831956 7599.75861928423 2.88459160105667 0
0 56056.1034 0 0 0 12595.9089365536 31194.7437526609 497613.823206711 0
12636.7724448 262732.16205 4122.25230852385 0 0 12123.1743450109 107272.567600928 5.55568546848249 0
1895.75869681867 132993.190904482 0 0 0 381.452796005856 60970.7249412577 0 0
626.146382400001 11918.0865 2817.36668568177 0 0 269.520625013764 15218.5286239288 39.7801629018527 0
0 0 24712.684755963 0 0 11142.5415460768 27632.0260682236 421499.116767033 0
13035.2292336 639014.92065 1809.04597712198 0 0 0 76006.2714723594 35.2571738782661 0
0 21740.1295737055 689.053713427076 0 0 11.9052787617757 6394.86905754221 0 0
0 103851.73995 1957.32843426312 0 0 41.5041266656176 24990.8928332659 0.260941674437692 0
2219.97353760001 23466.30135 6259.52052388907 0 0 2193.54555163384 9645.94879791828 0.292570968308927 0
239.074073280001 158469.4536 0 0 0 11963.7198348496 105040.130449823 50731.1733188905 0
3073.80951360001 28891.08555 2431.83229711479 0 0 5701.10530500368 24812.7965810315 3.09967079938106 0
626.146382400001 0 0 0 0 2039.87409714688 9290.27458720491 9.31482704507881 0
3335.65254624001 80960.7945 32700.2818165557 0 0 14126.9733744398 123992.190169672 240381.178473871 0
7946.36681664002 20671.71555 5397.48143993771 0 0 127.07436312436 21318.267920084 81.625718693497 0
0 0 2669.08422854062 0 0 4154.88167853489 36467.3214539709 574364.338548857 0
261.843032640001 24041.65725 0 0 0 10226.0193934262 89753.5875308274 87344.7757906833 0
15221.04933216 561670.64895 31999.3542510593 0 0 73.7851140722091 41829.5881332227 28.1658861923351 0
466.763666880001 0 3084.27510853583 0 0 6085.2597176825 15067.3026098612 519190.64429292 0
0 0 0 0 0 5272.45352957371 46276.2294068231 338927.68288349 0
0 0 0 0 0 0 0 0 0
1206.86368266239 25932.0694667081 0 0 0 1.73848994254709 20032.3465489594 2.83261483726984 0
966.81130616336 228462.158577552 1040.26520693032 0 0 1728.60622503536 6229.16595688782 18.5145003933178 0
1075.26318531489 98151.3463980073 1063.36279557088 0 0 0 4267.62694284383 10.3723095721756 0
3764.75663749116 577631.77107905 7140.56439105644 0 0 82.9310192603572 12547.5323999738 47.2016482084309 0
3084.88721084641 442271.494461335 1644.3525434878 0 0 3.66589248159209 7757.05234167573 19.7997693727795 0
22354.3684038136 153995.016202762 2073.01857240399 0 0 14.9780346462102 3229.40572734233 5.71974910560834 0
324.229637360996 163889.31421054 559.27274348216 0 0 7.69092670507992 2361.39539870637 70.7726308391538 0
172.588095177727 6723.41120310526 32.7826627455498 0 0 1.66244938324108 339.387166202679 1.08168659513874 0
1599.10719385583 270946.085124748 1314.16757746286 0 0 17.9932933471321 6893.75286072263 17.1817329423875 0
135.687906032801 51861.8661567714 254.56042217518 0 0 2.26914756977112 863.392866656264 2.80269105325904 0
123.711808545685 90116.4565525319 114.934888251753 0 0 327.057441599307 12420.4122580067 3.4008859378194 0
5.24260890040186 1045.39162247645 0 0 0 0.0771602971800446 228.868824707526 0.053398152712658 0
3503.3838302258 444415.150995757 4062.48682804596 0 0 34.600960349151 12975.2493679072 13.095830986208 0
261.788589351334 2493.35816604233 144.74199542739 0 0 5.7470583758889 367.606143743355 2.56507682902593 0
580.498249186161 41565.4543262195 6603.17721041056 0 0 366.594347184933 1371.48832049557 43.372817931683 0
19286.2366769812 754537.611824956 3943.97058398098 0 0 61.9075372790754 282527.268810139 17.2706981986508 0
4914.6666004411 322761.855891099 3141.39655734057 0 0 13.8250641021539 7904.63283998687 27.1533375917246 0
959.046283760182 20136.066211689 165.377911741891 0 0 204.01853092602 7718.05920158906 1.76776865319947 0
610.115176320003 3419.60484892059 64.0510771900599 0 0 75.9421308510075 307.820494341545 1.72190244589964 0
37102.0192771201 335596.8771 15302.7495769662 0 0 372066.049278744 161687.633480409 14450.8234131839 0
20569.7426460444 741281.208181776 57883.8090638796 0 0 35.3519090298608 334.378200917865 26.5818212605075 0
10915.3253262058 128848.419420762 26438.8376589001 0 0 1057.95216900317 305559.381411897 10068.6339257191 0
10234.64723232 746853.05505 415.190879995208 0 0 3363.18317511494 29739.9381125561 11.5525995864687 0
101458.48290816 814210.7922 0 0 0 128.611553000865 186877.421702203 39.3452601111232 0
9174.29446850666 42366.5231807752 3174.77147008775 0 0 26.410617067349 12915.7858213572 10.9926226182714 0
0 0 4081.60833008509 0 0 110.30058478442 2575.60681654724 0 0
1.23099757714802 6.52175798716741 12.3212894254697 0 0 0.348873269580195 7.57271750038023 0.00028996146383262 0
8766.04935360002 450750.2508 24881.7963082843 0 0 4849.84691518954 110200.632578803 35.2366148372498 0
6981.64936616937 309507.268873012 17305.6068849992 0 0 5826.83183700797 448314.085017955 4427.54052706514 0
4828.75864995087 48636.1882659187 1711.76554078267 0 0 2719.00213798544 13486.3971536637 0.131390413742774 0
8435.89944288002 231827.33085 4359.50423994969 0 0 1956.66575505021 45199.1496170016 15.4825393499697 0
7274.68251552002 124359.0681 35706.4156795879 0 0 4783.92145818643 42771.5322436806 10707.1833535139 0
82776.5517532802 689235.27135 10854.2758627319 0 0 20245.3030701879 189079.808376884 28565.3973846874 0
20025.29975712 244608.4512 31109.6595082124 0 0 65192.7350591753 229297.453953143 38365.9365181704 0
111.736639207021 8256.51047454875 432.878059919997 0 0 232.332769929639 1798.12278347026 26.5287361437318 0
28358.7388828801 1831357.8297 467920.1217546 0 0 194817.296188656 1516539.89706104 35384.1591673003 0
7934.98233696002 218964.0168 183277.117026456 0 0 31848.5246546683 24996.1342431907 8.00221134942257 0
8720.51143488002 486504.5103 0 0 0 37312.2098723903 35063.7430570485 18127.3144819653 0
1143.57437273373 14126.1421351107 863.020251759742 0 0 415.751451461262 3645.90566319771 0.87461950380692 0
11.7520143681005 183.715453049759 19.9346434769225 0 0 15.0068947902843 198.254710513949 0.030586029796403 0
9346.65781728002 336994.17 129065.050695653 0 0 49419.1173397386 831250.772570232 113500.933487511 0
2762.27736173763 47822.2488197941 40391.2572890053 0 0 1925.45934981971 25584.0554659307 95.4598333388409 0
644148.102387044 4497904.54298982 647097.352840698 0 0 63653.6867323276 8956016.41122413 540818.328785517 0
74552.1462100548 698476.15309648 207339.071725176 0 0 116356.327499016 2528728.88450806 114998.708679508 0
1405.25340868913 43227.6171991102 2295.1854228718 0 0 2156.75489180189 20831.0686139157 15.3161997910071 0
8845.74071136002 211648.7775 2580.11475425594 0 0 39.9669367891133 135205.592140242 0 0
4.11162657551778 44.1069331838566 22.1731502287187 0 0 5.32706370204306 83.142476589266 0 0
4815.63490464001 505326.8676 170999.849981854 0 0 85483.6414290328 233367.133389381 13689.7941362775 0
11327.5572816 83919.7677 0 0 0 1863.60246945526 16378.6752600438 0 0
37728.1656595201 223114.79865 0 0 0 52019.5302141584 202427.030663482 42584.449307235 0
41302.8922790401 369131.9067 325835.871321954 0 0 206312.914481781 491921.589391856 36960.1203637285 0
599.95773662342 81154.1009531031 632.312569929519 0 0 883.431506027151 7847.34323728608 0.912951229574857 0
14826.7772110579 100291.047364342 12498.4404793409 0 0 2583.20710141237 470685.320098189 32059.8519718143 0
17384.10047136 258581.3802 128323.638409948 0 0 67696.8173680009 740054.547853745 131416.026477853 0
1229.58545601175 15713.9064611004 368.142669983037 0 0 10.4360641668331 4401.60404365435 1.28016897371265 0
204.92063424 76563.43155 30666.0370301834 0 0 1391.16960099712 18544.9157945816 0.41118082032606 0
17589.0211056 341679.2109 154172.829339442 0 0 19.9834683945566 36393.3210324758 17.704497244424 0
6352.53966144002 443024.043 0 0 0 32.7933840320929 46108.3454165049 24.4810734563362 0
31273.1656809601 345377.9274 1453.16807998323 0 0 40902.0606306534 42752.6887321603 74512.6384240889 0
74.8995022206457 14646.200487116 215.171003050513 0 0 148.249410696078 1255.19703417251 9.00250426019048 0
1286.44620384 78207.30555 86319.9247990227 0 0 2252.41828864797 52633.421714692 0.790732346780885 0
141600.15825984 427982.5959 165216.313746665 0 0 293415.729247399 99521.961165033 25323.6904967834 0
0 60.2359929332455 0 0 0 1573.99990743033 6089.57867832389 192182.138102779 0
1559.67371616 14137.3164 35100.2415746848 0 0 1841.52343760925 4516.88637260679 18.9775763227412 0
2037.481649844 1508.64950414464 6171.70120697654 0 0 336.65479223275 1223.17330072739 0 0
7354.37387328002 77549.75595 27194.6739990403 0 0 0 17944.3869502745 126612.359100453 0
3199.03879008001 3164.45745 15956.7265770324 0 0 0 1966.47114094725 0 0
1908.56561307385 6828.93237472479 0 0 0 737.033524860501 2851.47643085172 1.28744635768743 0
2.83261240565718 6.05731294010398 24.3034388607824 0 0 1.26939594363941 17.1393720684352 0 0
25489.8500035201 325898.0205 3054.6186171076 0 0 773504.210321108 501426.257239901 157662.073046398 0
1046.11916906427 2237.04138519214 9212.81569569852 0 0 468.803789435332 6329.78434702397 0 0
495.101305177078 6402.6342495438 128.743650805953 0 0 1.23136265606469 485.780556458025 0.12995212621755 0
2047.73354167488 47328.1531053419 1994.14273693494 0 0 24.9793273234535 2142.85147184586 0.392128132514055 0
1263.67724448 0 24389.4498772672 0 0 1137.57710861711 15359.5554002036 69743.8455061113 0
109.825311036604 5902.52303174354 0 0 0 211.109323055683 635.616204275954 3.62127173723738 0
2470.43209056001 6822.99515393897 889.694742846875 0 0 1438.05387064811 19756.4385175044 0 0
1624.59173378207 3474.058262179 13938.7816691231 0 0 730.08782880245 2816.6749797051 0 0
580.331466609015 1240.9919886038 4979.1670366028 0 0 0 1006.16363357199 0 0
7399.91179200002 76440.141 2016.64141711958 0 0 1304.76741946999 3001.59083966778 0.41118082032606 0
550.421445056674 10341.5357865619 5404.85475626349 0 0 246.663732832513 3330.45139618505 0 0
18055.78477248 92426.81565 3113.93159996406 0 0 8.19834600802324 5046.81883359368 0 0
6117.34448273923 22767.6549 266.908422854062 0 0 685.913582801527 4290.51834307149 136484.440533743 0
163.944619615674 1700.86963138686 150.053240948523 0 0 185.015100385452 2454.98910561239 0 0
3390.10593474558 7249.46784312818 31785.400141539 0 0 1547.92314382503 20512.614733654 0 0
0 543.64383637433 1660.76351998083 0 0 0 440.772110375037 0 0
16245.65250336 167921.7291 1749.73299426552 0 0 30.2314009045857 8534.18199280509 10.0897447449241 0
0 0 385.534388566979 0 0 719.430151057639 1624.75206770785 0 0
4747.32802656001 17753.8392 1156.60316570094 0 0 1508.05239037745 3318.99693764403 4.01059446287264 0
6.07288498152413 0 18.8146980465853 0 0 0.982712838209718 13.3588304250498 0.000146714664728868 0
0 3103.04784459763 0 0 0 654.899310382042 2515.8695004798 0 0
3825.18517248001 44307.0456314411 17332.1493200598 0 0 943.195001218204 3502.38869459218 3350.96553918803 0
2163.05113920001 0 9844.01897424776 0 0 498.674262734097 6733.09519600934 0.0632585877424707 0
1867.05466752 36617.29335 1334.54211427031 0 0 2222.79163455909 5180.70621677941 7440.05758359033 0
0 164.3874 9277.83778510367 0 0 494.839833994376 1183.84119216019 0 0
455.379187200001 2387.33846251847 0 0 0 36909.4661247461 6755.05501647201 0 0
350.031731982917 4148.71823554952 0 0 0 921.868188734172 12447.0555967505 0 0
264.672221653593 14127.940677841 2834.32590569071 0 0 118.609183483808 1601.46007764441 0 0
3134.52011858445 6118.64323362252 24549.5111792478 0 0 1282.24857756876 17312.908210628 0 0
2320.37620471929 2916.97476271881 11703.6247763955 0 0 611.293484108856 8253.6788617058 0 0
2266.53252021413 20548.425 21937.6937809192 0 0 1015.71509802773 13714.1756816338 0 0
923.962759070303 1975.81976465016 7927.47796340144 0 0 414.061089365882 1601.94264905802 0 0
3324.26806656001 8794.7259 1304.88562284208 0 0 61.4875950601743 7203.56184959867 6.61052241908819 0
2652.58376544001 18164.8077 4418.81722280614 0 0 1195.88998477805 2788.47973081607 0 0
4143.95060352001 59960.30415 37096.5038118253 0 0 1721.34496981101 4450.20782132791 4.71118332212051 0
280.694185573091 600.241854158426 0 0 0 0 1753.12643615471 0 0
1214.12849237481 2596.31575895206 0 0 0 544.094836342445 7346.36335283301 0 0
3.94104449370131 187.694668322452 62.1260806247158 0 0 3.1895139932168 6.92957810721396 0.0320880814218209 0
4667.63666880001 0 0 0 0 908.33213492048 12377.3836152326 0 0
0 2990.39596408756 10679.0829319207 0 0 557.780511359807 7859.47791943513 0.426995467261678 0
0 6584.62830473771 0 0 0 1510.47136759268 20394.370170796 0 0
3266.00210372275 6984.08181993985 28021.8650064821 0 0 1463.61352301624 19761.6959949057 0 0
773.044189149398 16816.4381125675 0 0 0 0 7799.66731974932 39468.3694131438 0
0 37110.45555 415.190879995208 0 0 79602.8653581526 4279.03343684002 0.0948878816137063 0
34198.9769587201 11712.60225 7858.97022848073 0 0 462289.871890291 640711.035945139 396371.621198668 0
0 0 8814.55348182 0 0 1.53718987650436 6332.97581560011 12368.3902413191 0
1736.14684135955 23051.7529571748 18471.3743106142 0 0 0 3680.86629414782 17592.8378051529 0
837.212713038599 2320.63844883813 7183.17407075066 0 0 375.185259999588 5065.74784482859 0 0
4212.25748160001 34521.354 593.129828564583 0 0 724.329287479629 1780.07107380058 0 0
0 0 16266.3493944761 0 0 1008.28744779208 3590.80105682689 17.07665576108 0
2371.26903158107 4583.87156742368 18391.6273578971 0 0 960.615380349128 12970.2198127883 0 0
93.220993880827 168.540805053191 1439.03636906891 0 0 75.1624879141428 1014.8432034975 0 0
1309.2151632 38137.8768 1275.22913141385 0 0 27378.3764937936 6215.1630062179 0 0
73942.1955216002 986899.7559 4003.62634281094 0 0 1560972.25348038 1640212.34776168 751719.526362993 0
28017.2044924801 104755.87065 9401.10778274864 0 0 223221.490726704 367728.978155065 200096.82090574 0
8959.58550816002 24617.01315 2876.67966853823 0 0 981.98432379248 3648.49421307304 1.2572644313816 0
2584.71497522778 1997.2096509699 8013.29948187858 0 0 0 1444.99657395637 0 0
977.663234752535 1988.14113423801 7969.09277803618 0 0 416.234677934776 5619.99669894636 0.384538857337741 0
1844.28570816 164.3874 10705.6021667266 0 0 529.734794730024 7404.19441845063 0 0
3960.52325793481 8469.25923644162 0 0 0 1774.85354094733 23964.0557839352 0 0
25.8475882016218 55.2729805784484 221.768879604639 0 0 11.5832379857097 156.396770124471 0 0
0 0 0 0 0 0 0 0 0
0 0 0 0 0 0 0 0 0
0 0 0 0 0 0 0 0 0
4105.55374763008 0 3873.26822394127 0 0 1.45118475881851 2759.72011791043 0 0
0 0 0 0 0 0 0 0 0
0 0 0 0 0 0 0 0 0
0 0 0 0 0 0 0 0 0
0 0 0 0 0 0 0 0 0
0 0 0 0 0 0 0 0 0
0 0 0 0 0 0 0 0 0
0 0 0 0 0 0 0 0 0
0 0 0 0 0 0 0 0 0
0 0 0 0 0 0 0 0 0
0 0 0 0 0 0 0 0 0
0 0 0 0 0 0 0 0 0
0 0 0 0 0 0 0 0 0
0 0 0 0 0 0 0 0 0
0 0 0 0 0 0 0 0 0
0 0 0 0 0 0 0 0 0
0 0 0 0 0 0 0 0 0
0 0 0 0 0 0 0 0 0
0 0 0 0 0 0 0 0 0
0 0 0 0 0 0 0 0 0
1815.21004374618 3703.64139731644 6979.67796148863 0 0 813.461192849058 10983.3453599199 9115.90756541439 0
82.7977554000865 289.031936070337 0 0 0 51.2224518163138 135.465044437527 0.133486784568963 0
0 0 0 0 0 0 0 0 0
0 0 0 0 0 0 0 0 0
0 0 0 0 0 0 0 0 0
466.763666880001 45206.535 0 0 0 6229.78396400734 43868.8656218309 0.664215171295945 0
1719.05643168 0 1304.88562284208 0 0 11.272725761032 354816.741189558 148490.235713052 0
2709.50616384001 739.7433 1037.97719998802 0 0 5409.71160859405 286838.634911531 69472.8884157693 0
8925.43206912002 3205.5543 3825.68739424156 0 0 373654.991214424 1615298.93765112 372613.446324012 0
14537.98055136 92878.881 0 0 0 7054.72242410321 10986.514673712 2.2377725413899 0
2094.74426112 0 1903.66863409395 0 0 3165.87734006901 22483.9384345709 50329.372165662 0
326.872802572366 899.290978332782 120.35990354749 0 0 47.1554291128595 458.350973957452 0.0114955036962624 0
113.8447968 5151.82547284154 457.587062424342 0 0 1260.70909759062 8953.50725543678 0 0
9779.26804512002 246.5811 1037.97719998802 0 0 372926.875609586 33883.8905186573 182583.943412376 0
4.31607949951815 385.700013189377 3.25990837960984 0 0 0.0396565473930218 12.3161990269055 0.0151682666973175 0
0.325530407128609 31.7985663033205 0 0 0 1.32884895254837 3.47002479560044 0.00853315778030959 0
