8489.41752473841 38183.1797900642 0 0 0 0 0 228643.759468965 0
0 4924.0244500638 117.718499898431 0 0 28.5560687370078 0 1875.99784733588 0
0 51966.2223816169 0 0 0 23.4313242541767 72.9305004876591 935378.456809434 0
0 0 0 0 0 0 0 0 0
806.27954688 0 1941.10151672838 0 0 562.630271737435 2539.57452149747 0.870492191981765 0
1556.56745856 754.88625 0 0 0 681.590223103795 2665.45218785845 27.2028809994301 0
4300.15758336 49570.86375 4561.5885643117 0 0 2832.58697051505 8995.61367028581 111.524557996064 0
0 0 0 0 0 541.359723467837 2184.27721024857 12.2376693989437 0
0 49721.841 436.747841263886 0 0 4367.86059060107 268.565384989362 532005.319000299 0
8018.00216064 340302.7215 4464.53348847528 0 0 4464.39475544206 19413.5295530198 15.1131952731234 0
878.743583353565 85503.3055320361 0 0 0 940.613852934073 16241.8653697487 0 0
0 6240.393 4173.36826096602 0 0 456.672513195538 4577.43390876052 60.2786826540971 0
0 0 28838.6171245416 0 0 3886.97424318311 0 233646.931888331 0
28242.18079488 639237.6765 5289.50163308484 0 0 0 24678.6376482119 312.245549263858 0
3340.36443349476 15261.9855902486 195.457416068618 0 0 114.418176289746 2180.95538212269 1.79225429820979 0
35386.7134464 80420.5485 873.495682527772 0 0 153.83830437965 9586.21804264014 189.941396290421 0
1836.52563456 24760.269 7296.92671275644 0 0 731.196599588445 3183.14851468052 49.1755547453698 0
0 224956.1025 0 0 0 4402.84741628087 18687.3431997805 46049.4431855249 0
1556.56745856 24659.6175 1795.51890297375 0 0 2002.48383714157 8548.64086144924 0 0
492.72638976 0 0 0 0 1177.19185554882 3515.53275355456 96.1023379947867 0
1814.12898048 80923.806 40829.1313009824 0 0 5639.30642146591 41259.9775652594 222769.090260529 0
839.874528 11776.2255 9559.92496988728 0 0 505.128865411531 10268.3038134118 268.239267318541 0
0 0 0 0 0 1522.34580216613 11523.0289807962 559787.75193885 0
0 12279.483 0 0 0 3251.00335144906 13980.6465650432 61035.0852377572 0
45980.33082624 655392.24225 16839.0556576187 0 0 811.21951227001 24948.7124479816 37.6531397641712 0
0 0 0 0 0 2629.06181885448 0 511951.770062132 0
0 149.161738292268 0 0 0 1740.12605445895 104245.151994293 348854.890050153 0
0 0 0 0 0 0 0 0 0
581.547967984068 30491.7733015277 0 0 0 5.08277311045306 4767.4809589678 25.7629333705446 0
0 229927.680591902 6396.64703070283 0 0 4761.35234941217 1783.33924129076 137.513725320375 0
0 70305.5294648272 2099.76074866657 0 0 175.67674292119 1364.89108809013 158.564714614784 0
637.870064975544 565489.31485901 17458.0196268833 0 0 335.995011980072 3733.09423368528 405.399439897607 0
0 540990.799354496 2822.08720777982 0 0 0 2381.15441150845 270.643144416082 0
735.461563153855 134750.44530517 3796.39329427602 0 0 143.474835824622 1559.15561196271 2.92858502176382 0
398.171329325531 163168.617075638 1469.1066200987 0 0 14.3394188611012 2514.98376134159 76.3739321620847 0
34.9620675530972 13582.2650734415 18.231112621821 0 0 0.770461490069401 87.0062764378146 0.051723627762339 0
2762.69390925347 349289.114923262 2714.47095277912 0 0 109.898807737211 1960.81850608702 204.53943407189 0
235.230307951585 67269.6531947074 318.891282876452 0 0 5.83448568245507 449.053705896726 30.7916732566618 0
711.675621552041 135663.934696167 365.631249314193 0 0 1402.64391564455 39445.9889032422 40.6967652839988 0
14.4752984682121 2176.49973562322 0 0 0 0.0793749219012619 214.585833972843 0.625498008402985 0
1305.4698348609 368487.702289016 5984.48181258495 0 0 93.2075106930987 3895.41888049777 24.4613263894293 0
331.478762126368 2493.95294962178 193.997177510489 0 0 8.79785611214407 141.594894519108 17.0526213016296 0
259.386000560949 63846.7799100968 14118.0949918279 0 0 1681.48401883563 515.915518896778 99.0494759628326 0
18639.3854497122 987592.286381668 16441.2867017281 0 0 146.732154993427 317005.70620855 20.6561330739072 0
0 283725.563984569 6111.05749106933 0 0 167.22560525796 2897.19711133308 247.279601221452 0
87.5176565145691 20181.0791351351 494.679837659453 0 0 641.949688225443 6445.98310357628 18.7252371859469 0
847.782072671252 6125.7537064576 39.1046570700111 0 0 261.762011307312 85.8578288988393 7.7088473754279 0
47660.07988224 375681.72375 15431.7570579906 0 0 294426.69005889 801184.886375325 0 0
16808.3883415625 641681.535254493 14460.9477279923 0 0 382.209983922018 260.331707142025 0 0
12200.9563348089 198360.693006689 14263.9325528407 0 0 11517.378612551 244891.346549641 16814.97759004 0
4064.99271552 941443.805249999 15237.6469063178 0 0 28509.3807211863 26525.9770831452 4.87620709541785 0
14143.48705152 772550.58825 0 0 0 265.64861838754 219909.852093017 23.7963548881415 0
3405.30223562785 46761.9328148398 3155.06310784692 0 0 77.5375713187148 7089.93203666346 2.11974524771908 0
0 0 8650.40155195426 0 0 741.348870942933 1735.26810817001 0 0
0.0224602000117405 0 0.95509228913571 0 0 0.0822209750552892 0.192217033012713 2.66146962131202e-05 0
30504.24285696 531490.24575 32853.1431706279 0 0 45136.1484335744 139647.728479557 5671.48005709046 0
4125.65164903181 470388.311113547 51716.2767696007 0 0 16765.3840454941 289426.998861475 4601.93619840931 0
581.360527599727 43713.6789311333 3065.15373694152 0 0 96.0576448733107 7887.6741103851 1.39340624520587 0
13303.61252352 215645.83875 32464.9228672822 0 0 13609.8913035453 31811.1181958225 3.94478044999736 0
2508.42525696 112427.7255 6793.85530854934 0 0 40332.2127821846 20958.3586485521 16521.2207461149 0
52598.54210688 1016429.17275 5143.91901933021 0 0 52616.2685121172 308143.483075879 34801.8208270301 0
16797.49056 235071.57825 15917.0324371727 0 0 0 963259.95030427 38879.756115174 0
0 6860.53881971655 523.880636942303 0 0 1226.20882972982 666.987757418122 35.2041544414277 0
59944.64464512 2580855.43725 533899.972176141 0 0 374221.984155854 1264874.7372188 30797.1273010993 0
4714.49568384 310258.24875 229001.451436031 0 0 0 14013.737406453 4.09276412263426 0
15375.30302592 602298.576 4804.22625390275 0 0 46922.2687976941 17981.9350142014 0 0
987.842426669742 15179.3310601784 563.087055531417 0 0 3393.89078907612 1780.39456798418 1.30305144994055 0
14.5220981057336 93.8371576789315 16.3100927805367 0 0 0.0235859017415217 166.456982965808 0.00312853751189417 0
13986.71047296 428825.71575 219684.164155735 0 0 52770.6619031621 1245723.66172154 83980.7182624171 0
0 61572.389659417 115790.618269542 0 0 2545.88442538915 23587.7415562335 374.920734386628 0
386649.159038612 5344183.33385617 1357878.76320371 0 0 110104.084141751 10883798.509557 499922.728908454 0
23342.4405945366 942608.504838583 357585.549077575 0 0 49444.9708473963 2664186.6879311 184879.886776074 0
2713.47589254856 15934.0029531558 1199.87223196647 0 0 13984.3299283953 7402.45908600773 11.8464997719243 0
13415.59579392 160086.21075 3639.56534386572 0 0 10397.5627825887 219213.248714896 8563.00847939951 0
0 17.096627133915 5.30224923784076 0 0 30.7489923450714 16.5919727986449 0.00334379238857282 0
6640.60793472 610702.97625 297693.624538832 0 0 109946.015793475 0 7659.16918236324 0
6304.65812352 82735.533 0 0 0 104224.678121972 13966.8204513813 54248.6004368791 0
68186.61334656 220275.80775 0 0 0 153285.596657214 187621.722995353 38975.2331496109 0
30873.78764928 509598.5445 0 0 0 345400.298532232 972516.080255068 36514.6317312002 0
253.463023304824 122588.542354286 1404.47654070846 0 0 8649.83102613822 4673.3901314055 4.31683522952576 0
16366.3120454646 113425.265332183 20121.1944221722 0 0 21539.2906833296 358182.484559531 38099.3508942724 0
3975.4060992 298381.37175 220217.967072835 0 0 131193.940359726 1068594.07370617 162676.003795864 0
691.813424362709 16040.8770822693 222.798321511722 0 0 8.72700255796399 2537.39523596224 2.73883293091104 0
0 105180.8175 124790.219803379 0 0 2767.53103299326 25207.9366084698 1.30573828797265 0
23214.13195392 312019.65 431232.827218517 0 0 184.764561445662 19562.5766906492 28.7552587417976 0
6383.0464128 523790.406 582.330455018515 0 0 10.3087523553374 58591.3323581791 29.2456360099473 0
18477.239616 411312.35475 2426.37689591048 0 0 34202.8543531086 342038.403060208 93697.7396915469 0
130.718886084499 14422.6755129727 343.495025062037 0 0 1472.78060786409 800.871459815293 1.77480762886753 0
0 56213.86275 177791.388143078 0 0 15355.6470558125 35363.7740018531 0 0
105891.38049024 352028.62125 0 0 0 119641.000893194 103143.92864131 43523.9393201003 0
0 0 0 0 0 35.3375587956677 4286.99141621635 136192.252977439 0
1086.23772288 0 14695.2624466299 0 0 20.6175047106747 6912.85719260647 1457.30732137075 0
244.688311146926 3492.94853330728 1986.49507032535 0 0 0 2115.91508419007 219.301147954791 0
9596.96627328 105986.0295 7748.06626554361 0 0 132.427818718565 18535.6253165674 131531.624102 0
0 352.28025 4976.57106011446 0 0 36.4771237188861 2343.66281591476 426.176953183544 0
0 3583.38696057692 662.374795178647 0 0 46.5421831337171 2155.13073037497 355.806228973215 0
0 0 0 0 0 0 0 0 0
35084.35861632 348254.19 10773.1134178425 0 0 1213122.08246185 440965.959064869 213405.600374508 0
421.320712573979 6014.39258842892 3420.48017999361 0 0 0 8043.28254619711 377.607395676222 0
275.08264377387 1871.92526555024 325.418816993276 0 0 21.7742474887304 805.868526119463 94.2481751654214 0
762.37896492521 24680.1041936264 949.825587691566 0 0 0 3201.48049858685 565.604769522773 0
4277.76092928 2818.242 6801.06553023426 0 0 7.92980950410567 17431.3349554994 56397.069470011 0
203.32287683162 5976.74507760693 276.914691627634 0 0 2.96183121498291 623.538203649502 102.167522410918 0
0 16608.4549356628 922.023220445981 0 0 9.51577140492681 23191.7369561994 1062.02600547706 0
565.174269222684 8067.91556773218 4588.35117387949 0 0 0 4887.28192956591 506.535704358271 0
196.86523945188 2810.26971079844 5528.97539907645 0 0 37.2701046692967 980.772066368477 0 0
2933.96168448 0 3057.2348888472 0 0 36.4771237188861 3546.05794117419 608.792584297697 0
184.420166615893 0 1497.20985908097 0 0 0 3520.6992275461 165.286008372481 0
13270.0175424 82483.90425 6162.99731561261 0 0 0 8764.49255940442 1520.9023423463 0
423.07770257885 0 0 0 0 15.8596190082113 312048.013728635 71260.8019923967 0
0 427.379776776847 325.649808128626 0 0 0 2824.22362547704 130.876001143459 0
1160.87623977998 16722.5941780188 10443.6189160263 0 0 47.578857024634 22161.8717500808 1040.91924298039 0
0 813.245415387195 1601.40875130092 0 0 12.6876952065691 488.094283111434 19.4622694976146 0
12609.31624704 185702.0175 5338.02917100305 0 0 863.556254997108 12788.5499880602 1616.40344235853 0
0 0 0 0 0 0 2076.18980726371 338.703061432418 0
0 19727.694 8734.95682527772 0 0 157.010228181292 6607.53827151177 881.555257324457 0
0 0.526971204188483 6.38833642896548 0 0 0 10.2632706300658 0.4655331906 0
0 5562.1472605442 582.330455018515 0 0 35.6841427684755 3207.6663237983 423.205478517748 0
1131.03103104 67274.1828546928 5345.68431075436 0 0 44.4069332229918 3291.23238367954 9.53188950220031 0
1063.8410688 0 2227.86993413802 0 0 0 5281.94154969994 256.829124458123 0
0 0 3493.98273011109 0 0 325.915170618743 9048.86104337498 9778.91197315964 0
0 0 1631.23049699441 0 0 0 1737.50504893831 180.081353290823 0
0 6132.7444853277 727.913068773143 0 0 191424.808448161 8201.55916892152 385.037996672783 0
0 8638.10215607527 688.410263746347 0 0 80.5588233504793 12420.6824557659 0 0
98.5836110544836 1407.2902707401 800.348232642018 0 0 0 1919.72823196196 88.3552588697017 0
923.380606465484 13181.3445436767 9194.90292625021 0 0 0 17627.9278322369 880.241812447096 0
357.657277866281 5105.5911019777 2903.63040235595 0 0 0 6873.69004905069 320.549237692697 0
720.777696528953 0 5851.61315734232 0 0 0 13897.458250028 647.692258332988 0
309.532223514146 4418.60144878712 2512.92852214948 0 0 0 2676.64563830844 277.417305417958 0
1903.7155968 13185.3465 6939.43792230397 0 0 773.156426650303 8864.47777334536 1560.79257899372 0
0 1660.74975 3348.40011635646 0 0 19.0315428098536 4481.52001378991 609.973606972645 0
3785.03453952 40310.92575 17427.8998521657 0 0 0 6343.09451950603 1114.41920739941 0
114.835768599528 1639.29134015757 0 0 0 0 2192.28845316625 102.921205194086 0
402.542881896936 5746.33729876413 0 0 0 0 7684.80171856962 360.777822558184 0
6.23131771409319 28.7567150387135 33.5558119692002 0 0 0.148422089662079 12.699243152411 2.04376550640605 0
0 301.9545 922.023220445981 0 0 64.2314569832559 10567.3229933519 498.801863191356 0
0 4361.38496882943 2480.38860514426 0 0 0 5926.91049312202 286.042386029449 0
0 8397.41346250986 0 0 0 0 12967.6843092494 608.792924013622 0
926.894586475223 13231.5069370643 7524.96724552841 0 0 16.6525999586219 17695.0119637227 838.749465001498 0
0 24325.3424182568 399.000315971599 0 0 0 6187.67722228117 39065.896175473 0
1657.35240192 58679.8245 1698.46382713733 0 0 147503.97254777 5504.91292736736 981.157836550903 0
27290.32299648 0 9705.50758364191 0 0 466838.987240007 589616.974465779 220372.844329872 0
0 0 2536.33051725597 0 0 20.6175047106747 6300.84041239292 280.000792519411 0
3672.65591758128 0 6060.48565522461 0 0 9.88569247665915 2632.83399481179 31510.4440625153 0
251.027456800129 5851.59901347529 2037.95924338345 0 0 0 4876.25716669209 234.917737399183 0
0 0 533.802917100305 0 0 10.4673485454195 2238.5167702252 367.946551769003 0
0 5535.8325 8181.30629861925 0 0 99.9155997517315 3747.53917278534 641.281713277876 0
719.048159492907 10264.4797469297 5837.57196027841 0 0 0 13727.0904052906 644.444706297752 0
0 0 320.041134859754 0 0 0 771.009187263717 35.3312672736726 0
0 66329.3385 6599.7451568765 0 0 50022.8243137994 5094.16804873374 917.761456026228 0
39138.1530048 1435743.32175 5823.30455018515 0 0 2117159.22199646 1066050.32163232 948278.500863422 0
11870.2266624 102865.833 7085.0205360586 0 0 311888.923567881 0 201732.056342219 0
3404.29142016 553.58325 6793.85530854934 0 0 94.3647330988575 2888.51889559785 418.235689665653 0
6995.61233789166 3948.72090447708 4186.80154237611 0 0 22.2034666114959 2249.04728538247 232.529884493121 0
237.864252019691 3047.08205768703 1931.09414106836 0 0 0 4540.98108527781 213.18510590399 0
0 301.9545 3104.44180798404 0 0 11.8947142561585 7840.08967543794 342.718017487072 0
2760.63753421961 12552.3551578405 0 0 0 131.634837768154 17037.2172493026 788.086589138555 0
2.55312610082622 36.4461139456499 20.7274813800356 0 0 0 48.7408142826826 2.28823143271575 0
0 0 0 0 0 0 0 0 0
0 0 0 0 0 0 0 0 0
0 0 0 0 0 0 0 0 0
0 0 664.599350899817 0 0 3.87700550966988 1562.80992083293 74.7743957793851 0
0 0 0 0 0 0 0 0 0
0 0 0 0 0 0 0 0 0
0 0 0 0 0 0 0 0 0
0 0 0 0 0 0 0 0 0
0 0 0 0 0 0 0 0 0
0 0 0 0 0 0 0 0 0
0 0 0 0 0 0 0 0 0
0 0 0 0 0 0 0 0 0
0 0 0 0 0 0 0 0 0
0 0 0 0 0 0 0 0 0
0 0 0 0 0 0 0 0 0
0 0 0 0 0 0 0 0 0
0 0 0 0 0 0 0 0 0
0 0 0 0 0 0 0 0 0
0 0 0 0 0 0 0 0 0
0 0 0 0 0 0 0 0 0
0 0 0 0 0 0 0 0 0
0 0 0 0 0 0 0 0 0
0 0 0 0 0 0 0 0 0
574.771165724938 7016.37341546301 2999.53526861624 0 0 42.4222866930169 11234.6166043475 6719.9219033369 0
14.2293256042945 39.4888400955973 0 0 0 2.25516611204464 123.046518008374 12.752989405246 0
0 0 0 0 0 0 0 0 0
0 0 0 0 0 0 0 0 0
0 0 0 0 0 0 0 0 0
0 40411.57725 6890.91038438576 0 0 157.803209131703 45266.7184089688 92.019729614392 0
0 0 922.023220445981 0 0 65.0244379336665 619546.737888766 130425.189353843 0
1455.7825152 3069.87075 2280.79428215585 0 0 249.551105094205 9311.18359337307 97422.4481088491 0
11567.87183232 603.909 2571.95950966511 0 0 426972.662939066 2041651.71168379 308696.526482383 0
2620.40852736 79263.05625 1989.62905464659 0 0 92.7787711980364 6570.06146131188 13.8727438995494 0
0 0 1956.34126178952 0 0 5.55086665287397 170077.21897086 43295.996587169 0
45.6940812964068 915.038333087963 177.325628860314 0 0 0 311.639970571054 0.248285838980703 0
0 1922.09856548341 1115.53321484718 0 0 31.7192380164227 8473.74232938714 1.76274668876307 0
14669.8084224 805.212 0 0 0 438160.038187458 34953.1537255111 143663.105060085 0
0.352019000191658 1.53528179755945 0.87300500456193 0 0 0.0141154743938465 1.4819219305167 0.0170810017973395 0
0 0 0 0 0 0.001237145719596 0.123610795520579 0 0
