0 156588.803117384 7050.2592727307 182.229566868897 0 28.5678275840822 0 133106.58099587 0.0891170890764791
1904.58544599046 9292.0637368065 30.8036528529256 0.56969324074495 0 3.94209180174143 0 27067.3946193185 0.0167707517917518
21415.722741167 96429.2035941119 41663.8279437657 1270.26481871041 0 41.5421250983089 0 1411846.87898958 0.176731721117675
0 0 0 0 0 0 0 0 0
8357.75502957024 27180.8229664552 161.039973761171 8.79383127755687 0 35.5506561493592 38645.7658075345 0 0.0875668787568705
4282.05967564401 0 442.85992784322 15.3574453129725 0 42.9329455124319 10188.2071362371 0 0.105750622958059
45709.6972604891 194750.596554652 5314.31913411864 186.49838804931 0 99.0243786623173 23355.4156071959 0 0.243912678400843
3611.37563006121 0 402.599934402927 8.22921931752111 0 32.4172565894812 8336.55560563312 0 0.0798488209465194
4540.01507779124 100025.428516555 16768.2872678819 608.341156340523 0 170.961861015015 257356.488561718 497693.71024215 0.421106054770262
81668.6803198129 675647.306888661 21096.2365627134 948.971551830093 0 226.396175514343 246106.669364708 0 0.557649523232248
14402.5845160836 212040.009169741 17411.0658098519 367.991258249852 0 7.50243727945103 118527.703964503 2.26099177589259 0.139714699293207
14858.2311636804 8494.00717701726 4509.11926531279 115.703105910327 0 22.9774949205694 13891.2017537744 0 0.087238276697353
4333.65075607346 0 6552.11370985473 264.55655311425 0 176.070197554633 390893.787448329 297408.972706081 0.433688694160509
77438.2117245983 1895182.88133609 7186.40882909225 452.578831865659 0 129645.664284829 72419.1102653602 0 232.370882850585
28268.0763902265 51326.7220904429 781.230531364522 25.6477015530578 0 4.82373903811581 6065.74266213272 0 0.0350280203289243
62528.3894804885 322092.752152494 3603.2694129062 341.773734708643 0 19.9138289311601 30478.9000353389 0 0.0162984369798011
24247.8078018396 92278.8939711155 2071.87650183487 111.508048613372 0 55.6760338939473 13529.424293416 1.13479227499223 0.13713886149307
1186.59484987726 277788.010717172 17533.2271432475 361.211776394063 0 175.830268674048 191138.395772636 52597.2152103073 0.433097711448173
42511.0502738634 131351.326985395 3140.27948834283 59.5947923817738 0 109.586620950158 25906.5091912023 0 0.26992914869985
7996.61746656412 0 2395.46960969742 67.6405128122833 0 50.4781716526182 12847.9814548026 3353.77485116601 0.124335706165384
41014.9089414095 118576.340191161 9613.786816763 112.105956568791 0 258.344317426859 280836.278999754 139623.377266947 0.636342840666589
42098.3216304279 15425.1170334633 26068.3457525896 747.496831540835 0 228.243116210989 19102.7789776267 2.08451985997676 0.394778095432344
9957.07852288306 4416.88373204897 4368.20928827176 178.198592236784 0 72.0395416526476 78311.4450516414 589361.54079921 0.177444764538098
1496.14133245393 59661.9064113692 5113.01916691718 374.350569841516 0 166.533919808398 181032.68859194 153505.962280638 0.410199336504548
81668.6803198129 1096950.06286872 32469.6847095961 889.143857014805 0 52.5929328181921 39173.4190687974 4.63678563975319 0.242753815402226
6500.47613411019 0 7548.74877005489 320.473748516294 0 128.326140832262 568447.418773686 1068178.94347652 0.316087544724499
553.103223041524 0 13835.9369411429 382.761031057393 0 89.2866974439748 97060.1719600115 474190.448188372 0.219927232195934
0 0 0 0 0 0 0 0 0
1814.71394658223 61949.2386649313 1159.6765411718 26.8337501526074 0 4.4548240100688 25894.8349857246 2.77732652503543 0.00520958532061503
11334.2369339818 468837.379903583 576.031329725717 14.8016155690027 0 0 8429.33848905277 19.2011867352968 0
15610.9221097728 177540.649936419 2288.57364024097 64.9744398954947 0 47.3340718047915 6118.99117756302 17.4867020294465 0.0171281021541731
36183.2408292494 1543797.36137587 3439.02665650822 33.0131696319502 0 10.2027181225442 19432.59212014 43.2178541454455 0.00369191137778856
28467.1023202953 885495.874825976 1782.22435410883 45.9804394725832 0 124.205991011222 10949.6161667098 40.8059691713632 0.0449446417999722
2098.19252379597 413365.344466972 319.797048360498 5.44912916704378 0 10.8699040427336 5758.20404952937 9.80231140074967 0.00393333638436647
1290.61225383899 355334.006560595 205.303986611423 3.98472179149919 0 0.786064097522095 3262.7752148609 5.62079005585298 0.000284441748802254
245.152512120292 7714.11672594942 37.5682346227731 0.451581822151253 0 1.00425606496984 408.939314258753 0.074828064002572 0.00110867114865122
5974.19653297709 522293.431958692 1060.32588243902 22.6592963756328 0 6.4037819116342 8980.08134410046 18.7111639645705 0.00983975309287875
1542.88447796208 135485.107689236 41.8214187035216 0.79564659388402 0 1.95415795772433 1404.38188769217 3.14517489422977 0.000707123132430464
556.704715032531 108917.700963326 26.0048622534838 0.350215368184841 0 0 12919.2075995318 3.26888499060101 0
44.6589244648438 828.244517438904 19.9675775006821 0.527891534685508 0 0.0223233110809489 239.154247851148 0.0589712797123753 8.07781663472221e-06
13537.1542928964 1262504.28887614 737.923179587855 10.8525614941074 0 13.2995755536844 21070.2223876375 10.0623338580001 0.0158128560604591
1212.98043400224 6129.64860092937 45.3446848783183 0.930696012036674 0 1.10227369474557 598.398522921899 1.35629056204329 0.00262154950577377
997.401191488976 48752.3256787117 393.846779154858 20.422376948413 0 0 1759.5033326127 5.02818371443418 0
101166.374160803 1321010.29852801 9308.45927597551 260.6262622723 0 43.9387630102157 291391.120899516 11.1859045439634 0.0158994904235303
17219.408079163 705165.131072873 1971.36439464558 133.995202519702 0 37.2486170997658 12424.9540393438 26.8374512696667 0.0134786232086183
717.319604332405 27686.0002737785 130.214523914481 1.46039307019987 0 0 7458.99527094447 1.85557390777496 0
1648.4294294137 4923.82816720976 42.1973711070346 4.50561313817588 0 0 339.106857760441 0.780806915549075 0
225968.932280973 550003.952726222 74259.55790062 1730.58506105609 0 413274.755474356 181928.642411446 7890.91840793442 805.314128496996
129790.462235449 1248912.44938757 54989.7719306196 1699.47102545257 0 18.8907590374362 548.460353535122 29.3492023624303 12.3828193649939
60697.8251465619 210542.769886066 18022.9548525757 671.837759257007 0 3464.89518504629 316984.990086425 12558.3512455906 2.84366370298683
39209.2211263789 1078874.81559602 18378.6870054936 632.640643570562 0 9575.67983142875 17614.3940871645 0 12.7931790871437
195736.559149318 2023544.31779518 64335.4695175878 732.174674475365 0 12.7652749558719 237986.203176861 4.54527013370543 18.3050600571921
47456.0452028488 86432.4647229487 3282.3020967137 101.468629044064 0 124.001001599117 11921.5904863375 2.8171043360922 3.07009019059993
412.190646438773 0 808.146322258742 0 0 360.570767246273 2871.78446394081 0 0.481725212222569
7.56737738777437 22.9431623796238 2.65650792575145 0.0352880961244933 0 1.18525454438353 9.44002092119416 0 0.00158350883875437
74445.9290596905 958395.817797211 27638.485496761 919.167097989706 0 15007.7746270307 119530.194700434 71.4736102233008 20.0504979158696
77719.6863356678 587912.926931881 2044.90096912069 60.3520891300961 0 5210.45983202079 478558.580929033 6926.93070218717 12.02737431985
13535.5669715368 124878.606771734 616.158327925456 40.6810330071395 0 26.7930398258018 9330.75254051128 2.17692849357696 3.20648951975499
68461.3637298747 348526.102487372 3885.08936698825 131.794546771346 0 4939.10778989041 39337.7786143392 0.203367791217245 6.59868454241611
52210.1733945993 243268.365549774 51210.7116560524 2077.77907058107 0 13997.0126993304 25327.8210495032 7358.27579227939 18.7001125037448
212813.206771464 1298020.20076307 24457.9460149778 2038.01627329556 0 45743.5968878695 37602.5889682334 37934.2693418355 89.2914615545351
133569.307231835 448755.387176176 14292.2976713039 974.386147681202 0 22221.2800321835 928599.238381444 60848.7067457478 45.7953209969527
1402.22010533416 16590.6507443853 126.64892974294 1.96796630445609 0 512.615578176721 930.195125451738 0 0.684858204317805
233294.865701954 2984318.45760195 222818.9336953 9117.29041181185 0 241928.51218568 1625326.98151159 44428.0164515829 422.007339792047
34514.4328072993 329295.670238605 21881.3064347991 1104.62095391295 0 69523.2616866659 14930.022903642 3.20304271167161 94.2724953411471
48753.5710058264 895676.068802116 2113.64965561537 254.08949731509 0 28857.180565244 22058.1811886275 0 46.9242619916481
5660.9740541178 20714.4433974523 1172.93157081216 29.9145679625491 0 978.183199741667 1796.58456212978 0.807632646071125 1.30685999058338
74.3115885610571 307.138598280497 8.81936353897723 0.143486179110967 0 0.277338029011479 211.095169906286 0.00933714896290177 0.0164292147279053
86053.9221563158 541102.233204707 38327.5137551587 2509.14966569789 0 52852.3232052954 17360.439839324 165306.593935878 82.6990005257618
2134.82210703254 136719.695095361 7262.21818910414 31.6203178529082 0 8.64364779061909 25806.6204037495 0 1.99020801592594
3119483.9790859 7314753.10631801 580144.438676417 35794.7023139176 0 59154.6540527786 8137620.07682804 629539.493098762 172.046302564457
374817.354329462 1020625.27434493 223631.12770106 7450.1818633687 0 76510.9871117074 2316829.34045089 153061.646105992 112.617427835937
16830.2192092244 135374.455467544 1301.54310468589 53.874089865913 0 6199.67819890232 12111.8897699517 31.9464093366767 8.28281593343369
140018.192285516 475732.353970383 2717.54955721976 1253.28328299036 0 56.6778208040711 27537.6000306351 9.99552693832762 9.04742926746662
39.2266744894138 178.477360781121 7.39771030347213 0.111616985727885 0 19.287165327313 37.7614264023417 0 0.0257677955465694
33637.3844399987 967841.153778055 20041.2720699584 2587.87958560341 0 27230.3739248677 299636.835783164 29970.4659512067 65.6708350663055
91986.8964057021 145757.163157616 6683.1589110886 254.788204615634 0 5263.35221026164 9777.92241135693 6557.26903933413 7.03187748650366
150284.817290976 257266.489377499 72709.5481531687 2932.39690623969 0 31197.3107701544 229005.659315538 38125.7950265701 64.5990027834285
139089.552837786 551159.137702296 36354.7740765843 2516.53902472486 0 95187.5916799472 104226.719728272 64357.5983459869 221.008022966574
20754.4294630123 131056.424553417 461.588240289848 8.97471690894464 0 2794.66037322836 5140.25360771143 1.10855601586615 3.73368693104267
114692.004666045 159763.862740145 18192.5911857689 1041.5775618258 0 6856.27468892048 54607.1532157906 23506.3315167137 9.16003370101433
135013.85748386 584931.310238116 90584.9852406587 6564.12218617967 0 70319.8148439123 91007.8527250749 105452.977994623 127.664213731488
8923.82249917776 28268.8555483639 465.354598793343 13.6971509413761 0 6.30054575800729 2802.08760277807 1.41977711832463 0.00719617721162274
0 194003.123923074 6426.33371946065 3.55705534822525 0 12.254663957637 22836.2671800136 0.335556855508454 1.76446755314867
27652.819110183 1084175.07607448 32658.9433609469 0 0 43.9125458481993 26927.9222543752 9.3955919542367 8.95381883459429
16096.4170939871 1086417.49396922 11816.3080747259 982.827096483737 0 27.0623829064484 33694.9238034418 0 11.5742209526906
96062.5917596283 524725.787367418 9239.66849454718 1973.982219378 0 57255.832454073 17779.1106491965 62599.6668219259 112.894052791438
783.526237011226 43476.8240395915 37.1318789770173 1.05146656670643 0 587.916549101411 1086.54936101449 0.480795598663256 0.785460858482737
8460.93719042913 267459.297989919 13585.2618912874 8.63856298854703 0 6061.33835973179 48275.8418412691 0.782965996186391 8.09799288498692
507398.276023601 751957.467366984 184088.820005739 4906.00507019417 0 161047.730065276 924009.39473412 35040.4961649796 282.58843658117
106.929986512802 466.385835066823 4589.45671588493 150.055504815559 0 0 8492.87506896432 147014.559250614 0
60258.3819415928 45867.6387558932 20790.7320291735 19.9872633852657 0 0 16948.6883008478 0 0
2357.66545957246 0 3844.13491603867 98.689056645275 0 0 3221.36739564098 0 0
18263.2424720239 126322.874736601 10271.7979059522 2.92186689318503 0 9.19099796822775 23780.8489469976 170433.973866773 0.00332581470590213
7893.43530570523 5707.9728229556 9541.26112636429 244.949274761004 0 14.2971079505765 7826.99937512494 0 0.00517348954251442
9254.13021039743 27991.5095017855 194.428253373559 6.4028521604866 0 0 5971.46998552211 0 0
0 0 0 0 0 0 0 0 0
175306.491299257 707788.630046494 3019.49950802196 97.261467765659 0 1126608.02161744 304479.563331864 91795.4763848952 2023.91687434355
3497.7106324774 0 5702.95989785773 146.409984222248 0 0 13203.2609211627 0 0
2059.68058742484 19552.1092133622 284.009662535098 5.60245099985216 0 1.06873972610507 1801.60288934629 0.0733082999833004 0.000386729527103512
11274.4263891919 110936.821610517 1235.13107582787 44.917665453144 0 5.57930369473822 8355.48287510843 0 0.00201890266332334
6655.24937539852 20181.761052593 10593.7113906781 1757.12097999937 0 0 24526.1299605417 56932.7501072525 0
3330.73268594453 12727.0527849574 51.2156641808147 1.33401063833373 0 0 1534.26484732906 0.0301826988659611 0
26517.8153407352 0 684.419888484977 12.2803101307776 0 0 24491.1373594115 0 0
0 0 0 0 0 0 85.0109763186978 0 0
1851.71959182535 0 3019.19846547673 15.1677331492831 0 6.63794297705338 2604.62943529566 20206.8515072716 0.00240197728759598
9337.98555772971 75087.0234448326 3703.91939650693 81.7487541636767 0 0 11072.5491315271 0 0
1843.2813404132 10626.846753996 3005.44003475788 77.157552560576 0 0 6958.07259257121 0 0
131144.526451652 241977.276458868 483.119921283513 12.9366715343192 0 6.1273319788185 16834.7000957315 0 0.00221720980393475
4783.79868202552 45935.5908133093 2375.33961297727 37.8290013223955 0 0 281590.150116041 110000.712945958 0
1345.33885040366 4669.66015352479 882.716831622163 26.3143557807156 0 0 3651.03887427171 0 0
6842.22261261865 0 11156.1319022956 709.450220672613 0 0 25828.2230657533 0 0
1444.55025202449 0 724.679881925269 16.1516697279063 0 11.2334419611673 944.494968026503 0 0.00406488464054705
122425.633859075 401596.659329376 1147.40981304834 40.4615045860622 0 6.1273319788185 28256.7548340799 4.50459657546198 0.00221720980393475
5881.38316895684 271.808229664552 624.029898324537 12.3155983782799 0 0 6433.54998233387 0 0
20997.5697347845 49605.0019137808 1288.31979008937 137.70885705272 0 0 14111.1559297029 0.386398803312766 0
20.7400951972497 0 12.7169524413064 0.326477625589853 0 0 29.4417713278427 0 0
2373.18969975451 0 523.379914723806 7.86927919299832 0 0 3807.82612033063 0 0
2785.91834319008 0 7254.19044616608 461.314643633312 0 0 5892.52924157665 7763.98233369032 0
4178.87751478512 32820.8437319947 5053.56440848898 9.01967606157117 0 0 11699.8068831319 0 0
27910.7745123302 50080.6663156938 1087.0198228879 61.5144730458954 0 0 13635.1138826791 16991.675873176 0
5984.56532981573 4009.17138755215 3962.93000760143 202.669045537095 0 0 3621.9936349966 0 0
10472.9893271775 0 201.299967201464 4.41103093777933 0 130377.880456298 23643.9480688919 0 215.2522805151
4687.69385850823 0 81236.1987331905 2662.58917879734 0 0 17616.3598347962 15790.6276088181 0
984.244420316792 0 1604.79440655763 102.053449693636 0 0 3715.35477262642 0 0
5699.41270819596 0 9292.79907101986 590.955575762306 0 0 21514.3106422163 0 0
3603.58358648041 0 5875.58401528487 373.645131908722 0 0 13602.913260386 0 0
6346.35988334801 58438.7693778787 10347.6358438695 10.6288201476731 0 0 23956.4258579314 0 0
2227.88570950425 0 3632.5311591925 231.003008485314 0 0 2950.67237637426 0 0
36784.4403461949 35403.0219138079 1811.69970481317 57.7527458621572 0 102.63281064521 27479.0530099583 0 0.0371382642159071
37403.5333113483 49401.1457415324 3744.17938994722 40.1721409565439 0 0 9396.17048490772 0 0
118711.076068155 173073.890238904 15173.9516062217 964.954825721849 0 0 13107.2271725055 0 0
966.517612350082 0 201.299967201464 3.76172718373821 0 11.7440529594021 3648.43909678104 0 0.00424965212420828
2484.19258432567 0 120.779980320878 5.25089122833251 0 0 9377.40319759889 0 0
40.7839610059668 153.644813957595 31.8870880967417 2.02779080464131 0 0 26.0085370279013 0 0
4849.56156036792 2582.17818181325 885.71985568644 17.3971060186017 0 0 22136.1966938803 0 0
412.728643435567 0 3151.51710540936 200.413954000143 0 0 7296.2642882791 0 0
506.039550560386 0 315.917384423867 7.4948801180615 0 0 20352.9754765853 0 0
5116.21698921777 0 8341.9080032876 530.485702893605 0 0 19312.8462974314 0 0
724.801376155688 61744.2561097793 141.402827807848 3.11091544548422 0 2.39118565405888 13264.4829727127 48200.2318876975 0.000865264081256747
52932.4485206115 92686.6063156123 1248.05979664907 27.2284117727242 0 65360.7608290552 12488.0208867524 0 141.819643528793
73775.2450141077 31054.0902391751 8333.8186421406 314.121863965892 0 303813.543949751 685747.995918293 544419.931192975 640.143720142004
1960.46105631894 105461.593109846 5432.75409807547 345.484315486321 0 12.7652749558719 12577.6914378008 0 0.00461918709153074
4107.0393071312 79299.4831601422 9224.52860941852 1045.52592344953 0 13.2230022885881 7529.7881426717 18559.3406862282 0.00478481832109944
1543.41219659941 0 2516.50830727427 160.031934863807 0 0 5826.11773295071 0 0
21410.2983782201 75902.4481338262 201.299967201464 99.8678129124752 0 0 6252.16314417309 0 0
6397.29397325129 883.376746409795 10023.6010182229 11.3487003967187 0 0 9212.73547662927 0 0
4226.13607177002 0 6890.64564587023 176.901001999318 0 0 15952.9426836534 0 0
1178.41275414441 1566.17960010694 784.641407768884 20.1438092129524 0 0 1816.56989034984 0 0
6913.20477754575 107975.819234243 1650.659731052 20.9541613668269 0 32450.860770821 14809.187611484 0 77.822138646438
164059.635765638 1831511.80353717 9783.17840599114 527.735741395919 0 1976244.29824035 1724785.57325565 1416885.92846078 4025.52640279463
147860.036510792 188499.007272367 5374.70912427908 183.597694104626 0 480998.113392244 238245.772821087 211404.119629578 698.338942561132
20945.978654355 59322.1461242885 1268.18979336922 96.1089841028188 0 0 5727.555680554 0 0
1955.64097063937 0 3188.64057152273 0.55049666103486 0 65.358207774064 3004.59039486215 0.325388465947592 0.0236502379086374
1956.28374938335 0 3189.68861173684 812.072176621225 0 0 7384.63740799623 0 0
4952.74372122681 8358.10306218498 6574.30068106137 2.54075382016089 0 0 15220.553681052 0 0
6845.31260666789 0 301.949950802196 145.187980424632 0 0 25839.88726613 0 0
154.011808664905 0 251.113731495387 15.9690378155773 0 0 581.368302986983 0 0
0 0 0 0 0 0 0 0 0
0 0 0 0 0 0 0 0 0
0 0 0 0 0 0 0 0 0
3658.93168465041 2431.39790419657 1622.80588958705 100.392042370922 0 0.602553163445724 3757.05422594081 0 0.00021803727723618
0 0 0 0 0 0 0 0 0
0 0 0 0 0 0 0 0 0
0 0 0 0 0 0 0 0 0
0 0 0 0 0 0 0 0 0
0 0 0 0 0 0 0 0 0
0 0 0 0 0 0 0 0 0
0 0 0 0 0 0 0 0 0
0 0 0 0 0 0 0 0 0
0 0 0 0 0 0 0 0 0
0 0 0 0 0 0 0 0 0
0 0 0 0 0 0 0 0 0
0 0 0 0 0 0 0 0 0
0 0 0 0 0 0 0 0 0
0 0 0 0 0 0 0 0 0
0 0 0 0 0 0 0 0 0
0 0 0 0 0 0 0 0 0
0 0 0 0 0 0 0 0 0
0 0 0 0 0 0 0 0 0
0 0 0 0 0 0 0 0 0
3598.44524449598 0 3532.09183769997 325.180964214734 0 0 13583.5168960062 7572.4984298186 0
185.584111693421 0 1953.15609419163 67.7045058584091 0 0 249.633013067144 0 0
0 0 0 0 0 0 0 0 0
0 0 0 0 0 0 0 0 0
0 0 0 0 0 0 0 0 0
21410.2983782201 104170.50401894 12299.4279960094 367.809403715791 0 0 66307.9869231399 0 0
6706.84045582797 9377.38392342705 402.599934402927 6.78945881942994 0 37845.4659671725 45509.3413428833 186967.006562485 53.9030932228867
25743.9491342935 1019.28086124207 1590.26974089156 47.5473846845109 0 0 121075.181611845 54004.2742505034 0
73310.9252902427 23035.7474640708 2294.81962609669 85.9480556164426 0 297899.136757196 1480915.74473079 474633.899440042 481.3236165517
30541.919614232 224649.501817752 5012.36918331645 163.151683501831 0 0 10911.6244095881 0 0
8615.71043171747 23103.6995214869 334.910663738043 5.84100996622265 0 0 38443.4417955359 28874.1589970245 0
846.8981274564 3327.40623669934 71.9420774193849 1.61599177133859 0 0.278368399945502 582.036752743904 0.0147825949270694 0.000100729183207045
464.319723865013 4209.59086378321 142.778252929532 4.53282843463352 0 0 16389.1092475277 0 0
40705.3624588328 3669.41110047146 5757.17906196186 179.327816156856 0 412892.818447676 61664.3394608303 230270.271006928 811.236618740171
50.9233357087551 889.893969099892 2.89010234753984 0.0548042157113451 0 0.0177546210719363 17.4448260013673 0.00572552667312965 1.53885231862804e-05
4.47479491334002 25.2001846280711 0.729095505623956 0.0168509712271277 0 0 2.42406321151705 0 0
