5617.46808421643 139667.903177234 6567.07331516297 94.3200373521822 0 0 103589.743520728 93750.4605704938 0
312.772746083618 12697.9100486686 167.432586874286 0.848565257016516 0 4.43355801857334 19958.1477384511 18062.4594580578 0.00211643400656946
13606.0592746517 95915.3812736726 24381.4731377587 577.190619891784 0 48.3527477570417 217665.19785065 1262656.48195312 0.0230820030403049
0 0 0 0 0 0 0 0 0
6884.88610005277 12233.3315466508 0 0.309281547643365 0 32.1367330968581 42936.5308067827 0 1.93238261262716
16695.848792628 0 775.291651561949 3.00583004115895 0 51.3770480071602 20462.9241030735 0.79547292814621 2.47551682852385
0 132867.573187235 4901.84399052071 79.1084208581544 0 83.3788682845021 41524.872782065 0 5.01357355920081
1463.03829626121 0 0 0 0 29.5971356249469 15349.3129272997 6.36378342516968 1.77967654935052
0 91206.2829755852 5327.00392847404 112.602645963094 0 161.157906960778 75288.7674440563 450484.544399276 9.6904292156827
0 593384.542965599 5327.00392847404 437.98133165646 0 202.763039851453 262984.242451531 1.21442200363654 11.8414118562425
14836.8050439982 189040.004188467 0 642.818488186104 0 3469.86082765253 127284.662844793 0 11.2751222908015
17857.6733220119 10670.1836268009 1650.62093558351 20.0356452582717 0 203.989411413768 26350.0281556748 1.48488279920626 3.381820324446
0 0 17299.5791502883 42.8215215168965 0 155.528866826825 72659.0268277207 272522.42806074 9.35195488327792
66396.1203273839 1516185.51930129 2200.82791411134 189.130498908099 0 51525.3545018715 126568.609717946 2.90082461130651 24.5965006009774
0 41903.6065129772 319.275308751875 9.06146922252059 0 0.63054994642741 11137.1474242225 0.783076669557182 1.32287322855763
92300.5042788324 262201.072816548 4201.58056330347 155.810244673709 0 19.7568437204618 47650.3221146568 0 0.0270478722450471
20052.2307664037 60962.768874143 5524.12282128041 14.5311377277693 0 44.042599729384 22297.2941993158 2.42354085441878 2.64828268870552
5637.0004944182 304745.881417678 0 445.05264310282 0 163.322922396913 218208.853644628 43290.8034433447 9.820611651223
17642.5206313852 105070.725395123 2575.96903583486 32.3779120189147 0 91.4272272550246 45589.0306352017 19.9752090845604 5.49752159735221
7013.97771442876 9786.66523732062 0 12.545232776284 0 40.9033273469876 21215.6824027349 2.51899760579633 2.45951815717208
16954.0320213799 142450.349565445 25219.3710171572 25.1387907943872 0 226.730382416175 302924.881010927 94072.2219075185 13.7717325198486
0 23922.9594690059 7252.72835332146 354.14670214838 0 75.076006137755 37750.6680833288 20.9651309506979 0.303033956460224
1936.37421563984 203.888859110846 0 3.91917711154326 0 66.5312680056862 88889.6151867946 666986.143271125 4.00052690803206
2710.92390189578 29903.6993362574 5502.06978527835 403.577263437117 0 148.102520227637 197873.517608352 112118.647783203 8.90540846549604
92214.4432025818 1100999.83919857 35138.2184014367 536.83544632197 0 26.1778179296119 76034.8755558006 41.8348051500182 9.19760493532219
1764.25206313852 0 3051.14779001799 11.3274366824382 0 108.609889446576 745636.401938729 757141.140058998 6.53071553021173
0 0 3008.94219198013 14.955544843037 0 93.331890998132 124696.794817901 403469.619371292 5.6120490786923
0 0 0 0 0 0 0 0 0
11876.3753034262 56926.9547800508 0 3.71956725362608 0 7.45562246729611 4667.96200641304 4.34240129368919 0.00355906765262234
155030.102956774 464404.408247865 300.114841388 5.17455171937879 0 62.4624259043921 7052.11054828203 16.9077311786505 0.0298174968643852
7752.14402263885 168937.662189772 371.81779411613 7.04510500873646 0 6.47927879170763 4557.42016272686 10.6920665736426 0.0210540607711127
21581.2314307022 1245973.55466666 5322.0474791757 69.7408617963424 0 30.1011533198429 14240.5104878991 59.372830116059 0.0345111048104015
15392.8927652609 871197.103819726 1006.46668216963 11.0376953788889 0 10.159419290372 8610.23187457391 23.9157097873338 0.0258469481165273
8189.63115058553 370576.366135681 1279.35194050961 13.8574075234493 0 14.1241013476172 4403.48011280615 12.8805528519404 0.0417869780478429
4521.13243592751 318104.239873916 298.382200201417 2.38248936232854 0 9.88481899993564 2675.85561028182 4.73304356222071 0.00471868575816669
1688.91976657038 8313.53343468515 39.1348472148806 0.178295708624395 0 0.59562180770489 303.043839837459 0.0865368336430304 0.000284330157313842
13923.3214958239 458209.225491379 1411.43959172902 13.1072019376268 0 6.19446696631279 6080.64581134418 19.4617379058211 0.0102417122121583
2180.8609285608 114812.346627598 54.6933928787907 0.600015722619249 0 0 1109.41726041998 3.6159297376157 0
1576.10718068289 115815.080211196 70.3180906587222 1.04917083249697 0 0 11512.6080613535 2.89591979831918 0
56.1028889917534 927.359147244615 0 0 0 0.0350296957967081 195.536048053483 0.0500987986821675 7.64800265799664e-05
30676.447710037 1079857.52611739 1592.32312016414 15.174307502576 0 113.877867532911 16267.9985893507 16.1490404077729 0.111509968614166
2100.15603755677 5016.90120312023 50.4676771130419 1.14844229808437 0 0 463.331342741311 1.33333567523238 0
1455.82805920865 60063.8639495477 9822.62921778997 77.1772195653717 0 2.50658329259171 1310.23597515868 4.27611139930568 0.00119655998602382
75066.5776391947 1174668.89614032 9477.90539778004 351.565616632337 0 22.3245844403874 261188.816118449 59.306208326835 0.0309398702222836
19006.2385197098 618400.532169724 2074.33375504166 368.091047445289 0 51.3319829162812 11153.0701060067 114.375180235169 0.115648374572387
3157.84202876148 29844.4227724844 172.93497396552 1.52383792865654 0 2.53397971891537 6602.62928280111 1.55195139364762 0.00669739081638005
1627.28914849474 5297.79504262694 15.3570538835357 5.01186441122178 0 2.92834405429434 236.850665618312 0.938332332057799 0.00139789462853095
207579.315916591 494770.298108987 18982.1407592103 1225.44114710156 0 364558.219540892 184404.422556653 0 852.943768065344
109846.21865822 1083900.89812521 78971.9857738119 1332.92140898634 0 34.5710947604531 250.40375016939 27.3315439524551 7.52302665554529
63098.7536767001 213408.755959573 26806.9203166806 534.328127982716 0 5594.14601174606 278079.278837094 9268.6579650139 5.93527768867601
98539.9323070053 1204915.19439206 5477.06037716345 86.9951003230602 0 17384.5940147318 30185.4662378897 0 20.5782928486652
390286.980796741 1689762.90135766 0 2782.3257977448 0 43.465056185016 253097.15717211 46.7808790454695 12.2012413505628
42524.6628762701 86959.2566340204 3644.09501522999 60.7693797203536 0 12.2395802915597 17099.8311991855 4.81852956439205 1.91726370658024
429.744472756879 0 1944.77206379397 0 0 411.03422292279 1955.65200205723 0.0706165350349092 0.486409509761595
5.1181554740341 14.2361422430338 9.47151415538324 0.00603872410796185 0 1.88255621146384 8.9569788076408 0.000166210731905024 0.00222777859567371
101422.978361402 852731.171754596 40215.1282487618 410.653407407659 0 30030.1711225705 143563.356093185 17.9953653522854 35.5235396056491
59322.293287801 505284.964487321 3976.8657059271 257.01273861408 0 5149.90748676003 126466.3082354 4866.14691050227 12.2030315923585
18590.2102023313 111512.421916495 918.614461833119 23.5697651195433 0 48.3789201205426 16098.9552308087 10.3701853453353 2.23686100784021
49657.2409966306 437273.639839728 3076.1571981329 103.54166312198 0 9905.9104687535 46736.8517815734 23.4576127922227 11.7580963030891
30293.4988402322 270084.775368834 21983.2697329985 796.94122789004 0 25445.3448286576 44038.7363275591 3583.78231306049 30.1115017037083
270360.871041447 1280693.88702826 22783.5707926754 1002.50230901669 0 61197.8112663166 59549.596322032 27682.4773443819 105.547761744028
100347.214908269 433943.455140918 14930.6166445963 367.972553832875 0 31582.7964504373 864082.679215835 32803.7868550334 68.2212761208965
1375.30274406147 14295.364493295 226.581123386117 2.67677513724187 0 792.643817277136 1372.13510315119 0.411502458679795 0.937998514663225
199661.69690153 3208734.90173346 427135.681194404 8733.98042729571 0 213512.704008124 1017182.3483087 45675.4032463543 469.068134303439
62695.4940486055 379641.055664396 0 2156.28678754863 0 34848.1087963366 26475.8131124721 6.70495292546349 67.3888702827249
58779.7150792005 778923.404756469 0 992.518314056831 0 25249.2462747502 38654.3419832456 4.72864462842469 82.0460397804982
5077.7786599503 19159.8289561948 499.102022895154 6.10575505971375 0 1744.07893879272 3041.58674972588 0.73056450217035 2.06390741766297
63.0140341782878 235.061440804275 9.38110747596777 0.119159317700014 0 7.03957537407139 237.999582830457 0 0.0228747137595334
62050.0359767256 535683.99583723 166262.545147866 3159.68794606316 0 35710.4950247348 110571.589685484 139703.761008897 96.2992657613654
11290.5571262071 94368.1906990979 28344.9421481375 2.07239850594662 0 843.079854806864 28503.5166291212 0.856159167539828 2.73954170959921
2601008.11690298 7299507.49283736 581047.060022886 31458.540559595 0 85960.4146669317 7616710.65223001 531149.395148744 203.140655772288
312556.336318769 1130514.11951341 394893.762000459 8762.72717928008 0 37744.3125295983 2732687.75237984 110008.153462318 122.648071692652
34651.298269935 99393.7032565549 1568.02976954521 18.3449553388576 0 11090.3991112506 19932.0086968304 14.0877411642073 13.124151941424
155684.486937443 463575.302665027 5877.21090700188 1544.32008777023 0 83.4726647189513 52429.0230526496 6969.47949298923 6.90100685297772
77.4320468866736 145.125751560672 13.1524642050182 0.106739961349276 0 33.9705570758985 61.119512322003 0 0.0401929082649751
70311.8992967889 923208.754053911 82953.5222192911 1977.52137025315 0 54603.4707535194 176670.065046344 14988.3504082242 144.921809517547
24613.4678076887 141838.682988112 0 15.1547958345249 0 7938.09115209188 13948.5321437749 7.30951235085461 9.39377504451048
179437.343982625 347970.319549177 132950.013538817 2887.79080549119 0 99959.7508036767 278474.48577381 31238.3332545116 161.658969822228
159944.510211851 568170.287388891 272202.397922589 6521.41889564853 0 94336.9530808332 122253.959850633 47684.205728649 208.346836211773
14714.0381964691 140667.827973342 754.572290856928 9.42870288666472 0 5155.4868345913 8922.73288427215 3.46889266850775 6.10758214268225
64403.7366586813 136549.098282311 8329.50590251025 1097.38765189699 0 13161.9804379283 269384.853746832 22496.452783588 77.4570914553017
222596.973722331 584889.173835981 151932.154298027 4465.55196060036 0 44251.3785650904 426365.163793964 145099.153368518 84.871785447078
13002.21203747 27895.7196836838 643.219836587596 7.08442990007904 0 7.48975579359507 4990.94873054609 0.896142721926413 0.00956658332256546
3915.77896940501 139935.720303077 23098.8493943088 1.36277181930358 0 687.042312232732 23228.0748495902 0 2.23250628026479
34983.8274958931 837031.72960306 144494.582831581 21.2534413521175 0 102.735587346402 52390.1049049881 13.376319216183 6.97685567153643
100261.153832018 840293.951348834 0 2976.06652472246 0 56.3070046033163 56051.9556323128 21.2373594638857 7.56773745165282
136148.622628543 619482.316931788 6027.26735569128 1652.4913090585 0 44204.4560612543 29253.3690713512 61532.5744898526 97.9143895681595
1460.4874265038 36026.2909094759 316.776241337505 4.92444321350575 0 1005.61800884045 1753.24694700787 2.00991986517836 1.1909712084257
18460.1008557665 233792.558447104 49234.3339022144 6.66888337106005 0 10162.6968545962 48352.9043121189 0 12.0263280262879
453154.596997848 692474.52849347 192147.282546789 5440.7408429408 0 280591.139807836 592917.215603039 16421.2693803287 616.070820670323
0 0 0 407.612009847986 0 1380.07171356789 6985.94915179893 177613.942225153 2.55493743851355
10499.4513025805 43564.2528966841 26711.6821389894 2.84152421897341 0 2521.58033327736 12549.7199370841 0.194448937991296 4.66842663818772
10499.4513025805 0 4480.631833493 124.339663626767 0 420.98281821932 2184.58227841685 0 0.779368747772377
13769.7722001055 156042.940172834 16336.622582703 4.72620864992517 0 787.373510618904 22110.1948460919 160935.953434185 2.55852700201001
47806.9278572414 1359.25906073897 13255.3113324555 351.342639678614 0 2.96352655806928 5906.32598360983 0.707087047241074 1.05846229125081
8609.19233003977 19072.9705703947 207.048598252392 3.30063017271684 0 971.390944735831 4923.49512234562 0.268301565140303 1.79834356993111
0 0 0 0 0 0 0 0 0
369029.894962828 645716.01680405 1800.67738427291 23.486067524168 0 1006463.01122963 299041.465130869 113598.036516052 2168.88131597219
0 0 6682.46498222632 185.441580331745 0 627.858535450445 9729.2740748956 0 1.16235936331559
6538.08966489628 9804.29321776485 96.9374166300819 7.28338048893155 0 1.53156554703482 1358.40286432107 1.43886554503997 0.24426013767988
11682.2308508627 79384.6515678715 1240.22907868922 18.140081715013 0 3.73634152900568 7158.55780379337 0.423452045238718 1.21923633619061
13726.7416619802 0 14616.1033767401 1638.24312561644 0 1373.27248021807 21280.1826926947 50929.3941059853 2.54234996521932
3115.62617842627 12303.2130249351 0 0 0 237.615432387738 1226.56028910413 0.0412271614965513 0.439899287991712
34897.7664196425 0 500.188162298032 0.753873772380702 0 1433.84854512732 22012.215121064 0.551527896848039 2.64253831070676
2237.58798251715 0 7095.52625095058 411.331189867328 0 666.668172900443 3448.62786877645 19.8868232036552 1.23420794532862
1420.00775813588 0 4739.97314790583 1.51687904344819 0 6.91489530216164 1885.16750979703 19861.5801960687 0.325231499589551
21816.4828295422 96439.4303594302 850.319875906654 10.0709803951371 0 1743.0460745418 8837.27769525426 0 3.22558617045047
2149.04743043472 13462.8308765251 4059.78812333884 113.100357731768 0 381.44197270592 5910.81157073423 0 0.706166474615507
176037.931470724 208238.488105211 1900.71501673252 12.6273856873768 0 6.4209742091501 13206.9149959913 0.247480466534376 2.31147620384492
64459.7461117441 36564.0687338784 0 4.06415283700109 0 843.273826465043 314593.051244599 124061.735141263 1.5611593578598
2177.22036374088 4489.70855541248 94.0941048242412 0 0 219.413254258445 3370.23099868404 0 0.404477896810684
8649.13816319129 0 14351.9452807301 835.024239423509 0 1348.45320832823 20895.5841168668 0 2.49640185518665
0 679.629530369487 900.338692136457 28.4380979476071 0 82.3568829265717 772.486996663331 0 0.26761417031084
64459.7461117441 356465.688678796 1375.51744631959 17.7208661751284 0 19.7568437204618 22388.2811896934 6.53348431650756 3.87740664991845
22203.7576726702 475.740671258641 0 0.309281547643365 0 894.729300836952 4742.91878130668 0 1.65641927558494
36618.9879446557 47098.3264546055 0 0 0 2155.31574572501 10929.9561179165 0.258086772242992 3.99015271194434
17.6978776485208 0 15.0883051930242 0.418707642608537 0 1.41763873452658 21.9676806296852 0 0.00262448555500428
258.183228751979 0 0 3.16047081498063 0 670.665420203345 3381.68151980334 0.883858809051345 1.24160808018015
11661.2758319644 41525.3643055757 10392.9175969037 597.108487075269 0 965.956839437779 4779.03253992518 3698.31980840783 1.78296932784786
10499.4513025805 30651.2918196639 5769.70787156224 1.07282036838792 0 542.099411497264 8400.35366647138 0.194448937991296 1.0035928337737
21429.2079864142 54914.0660538546 850.319875906654 29.3237567359365 0 2157.27803076462 10858.5831543908 15159.981647201 3.99378550541691
2624.86282564512 475.740671258641 6018.00874658186 132.682830831759 0 572.343695603639 3173.50420537973 0 1.05338459649061
21214.0552957876 0 100.037632459606 0.811864062563832 0 120994.368391759 16145.8198604862 0 268.73743811496
3988.8488023948 0 70307.2051227418 2189.71435985066 0 959.698225660872 14787.1544148779 10742.829853837 1.77181950652531
0 12641.1092648725 2452.84135416595 142.192434652708 0 235.398687248366 3571.19204670608 0 0.431367043142422
0 0 12618.867054931 731.522006530105 0 1185.61988865271 18372.3246464648 0 2.19494727091665
0 0 5894.24507055962 342.233564390382 0 553.800444511215 8581.67246795976 0 1.02525504670272
0 39078.6979962455 14450.9562215479 0 0 1357.75589296044 21039.7381950688 0 2.51362398720475
0 0 3753.52023686228 217.593437134112 0 352.666227951532 1759.39129539467 0.0583346813973887 0.65289371576443
32660.1784371253 30107.5881953683 1400.52685443449 15.1789584554345 0 8.89057967420783 19601.3419686068 0 3.4227269293825
32789.2700515013 37379.6241703218 2150.80909788154 1.44975725457827 0 1421.27578646474 7160.55484050466 0 2.63121885739087
154694.784560561 94332.5788152848 18510.4047950776 1112.6067608249 0 1763.86201753159 9356.87608370663 0.710622482477283 3.24812446826075
0 0 0 0.695883482197571 0 93.466138622048 2624.61780663783 0 0.303713086880648
0 0 0 0 0 552.092529754521 8555.20668016486 0.636378342516968 1.02209317090252
69.2561232330352 129.87108367375 43.3666948572606 2.51398889460252 0 4.14474677515718 20.3798924859874 0 0.00775021761000943
19923.1391520277 611.666577332539 1075.40454894077 12.1199706482744 0 1418.98645391854 21988.564842609 0 2.62698059833954
0 543.70362429559 5347.36432713631 309.989372675552 0 502.417647362996 7785.44642664118 0 0.930129676883978
0 0 0 0 0 1024.05639687414 15868.742385083 0 1.89584352885466
1807.28260126385 0 12499.357755272 724.593992921199 0 1179.82438961587 18198.3261692601 0.0530315285430806 2.18223575961457
18665.0058222636 67528.9763674976 0 0.0565766431621322 0 420.457205537282 11806.8370519162 47434.0376901892 1.36625260952865
36877.1711734076 113294.242712594 900.338692136457 12.8158541304719 0 90610.3184340611 10133.9658484811 0 222.319010526919
87911.3893900488 17126.6641653111 7552.84125070028 104.010417967627 0 363127.330134438 570877.535611878 457440.389486276 944.79186938416
34295.3388858879 58040.3618935542 8242.6608230818 477.831152210427 0 4.93921093011546 12000.8270103122 11499.003105758 0.701954856763302
8543.25297847693 40484.3384594749 12678.0746411236 0 0 1.89493234310382 5962.77573445457 17674.3239098894 1.06979252486046
0 0 4242.4409331805 245.936413349639 0 398.603323493109 6176.74326693106 0 0.737937416074992
13296.4362807269 90050.912773957 0 120.841510371857 0 818.82707960497 4360.00680585877 2.09474537745169 1.51470937084417
17900.7038601372 0 13852.6362002778 1.5947329800361 0 1301.54006043689 7689.49673686853 0.625772036808351 2.40955118161098
172.122152501319 0 11721.5804037697 325.279429049323 0 1101.31430917332 17065.9283127596 0 2.03887169950258
0 939.858435405219 953.089371472194 25.58886226498 0 86.5105243948118 1340.56408358965 0 0.160157602991746
20095.261304529 66603.6939762097 450.169346068229 6.05998532413718 0 56089.6793223912 11983.1093613253 0.229803290353349 132.285784703455
260076.572429493 2044597.47916357 5727.15445831247 148.286004522448 0 1620191.08632533 1838534.11510689 1105597.56657567 3689.04283298256
177285.817076359 153324.422051356 5977.24853946148 92.8956123491938 0 245451.617566623 67276.3250790172 208962.680967106 552.686829901927
30207.4377639815 60079.2504846627 2050.77146542193 183.272094487731 0 1030.79082056342 5118.73733273202 2.41823770156448 1.87819812102812
25301.9564176939 0 5578.64769670289 0 0 31.610949952739 2977.70943905758 0.079547292814621 0.500117565040948
0 0 5365.39858876908 118.294323467534 0 504.112076757957 7811.70324573865 0 0.933266587129685
11274.0009888364 203.888859110846 9102.81837143643 0.405932031281916 0 855.26556837375 13253.1655646917 0 1.58335976241439
8132.77170568733 0 0 496.929341900672 0 1682.47772840349 26071.6164873056 0 3.11478403296167
0 0 579.734444404021 22.7768971560288 0 12.1734349679303 188.639125772082 0 0.0225367743205651
0 0 0 0 0 0 0 0 0
0 0 0 0 0 0 0 0 0
0 0 0 0 0 0 0 0 0
6961.76626133308 0 2573.89763113179 0 0 3.08914752328508 3687.28663051451 0 0.216972146906552
0 0 0 0 0 0 0 0 0
0 0 0 0 0 0 0 0 0
0 0 0 0 0 0 0 0 0
0 0 0 0 0 0 0 0 0
0 0 0 0 0 0 0 0 0
0 0 0 0 0 0 0 0 0
0 0 0 0 0 0 0 0 0
0 0 0 0 0 0 0 0 0
0 0 0 0 0 0 0 0 0
0 0 0 0 0 0 0 0 0
0 0 0 0 0 0 0 0 0
0 0 0 0 0 0 0 0 0
0 0 0 0 0 0 0 0 0
0 0 0 0 0 0 0 0 0
0 0 0 0 0 0 0 0 0
0 0 0 0 0 0 0 0 0
0 0 0 0 0 0 0 0 0
0 0 0 0 0 0 0 0 0
0 0 0 0 0 0 0 0 0
722.204025888535 0 4846.1580872027 84.2994385283238 0 785.033031026861 12147.3276768635 10605.2221232878 1.45232421903363
10.5788772643756 0 0 0 0 35.5456845066005 180.413084340948 0 0.0658060006814546
0 0 0 0 0 0 0 0 0
0 0 0 0 0 0 0 0 0
0 0 0 0 0 0 0 0 0
0 76118.5074013826 10879.0925299822 0 0 1256.93281547478 69880.4908505136 1.45836703493472 3.59920863346146
8692.16870131662 0 675.254019102343 6.56256783905765 0 0 42588.3669830609 176068.857182912 0
15620.0853394947 0 3201.2042387074 25.9071621393137 0 1307.59978018242 252382.943100672 54079.8116063798 3.74727519094635
55853.6384866781 14476.1089968701 0 20.3835869993705 0 221299.863960544 2142341.63965147 423411.0528452 525.455251526596
34209.2778096372 192403.120047602 1675.63034369841 0 0 1355.2288857471 15626.3377322905 8.3524657455352 3.81603704943449
3227.29035939974 9582.77637820977 2550.32038741331 33.0303921039986 0 737.946084935987 39845.1473359258 61565.3974705856 2.07252584208887
1183.3681843952 2563.51740384266 116.649101378077 1.38166670828849 0 82.7292599551617 851.403968047795 0.110290314154351 0.26882418902461
645.458071879947 9871.94809414264 868.352905886344 3.30656575882279 0 265.273330795422 14912.2238419994 0 0.765239433475499
60070.6312229604 883.518389480333 1275.47981385998 17.0346477412947 0 437960.327094431 63786.5456561894 197845.838965488 1216.42546996065
22.6364943074824 613.030595947593 2.07584385290121 0.0320618319790884 0 0.0188363191062388 19.4580042732711 0.00463968286933536 1.90638057240341e-05
2.17375086198578 60.4421606990635 0 0.0110730081512217 0 0.26239619397167 3.23422682107989 0 0.000756939697703202
