0 18563.6550897105 691.180017136745 0 0 0.346261598714253 0 7664.44126265791 0
17.8304241966438 1085.4936925659 3.01987040237077 0 0 0.0477808473721643 0 1558.57399867694 0
200.490569617968 11413.7845698562 4084.55975846697 0 0 0.503518953556792 0 81295.8863109723 0
0 0 0 0 0 0 0 0 0
78.2439652799997 3219.192 15.7877331198964 0 0 0.430898254247262 3116.21762095484 0 0
40.0879575199998 0 43.4162660797151 0 0 0.520376647712962 821.530378308358 0 0
427.926871839998 23065.51068 520.995192956581 0 0 1.20024316047065 1883.27378534385 0 0
33.8091207999998 0 39.469332799741 0 0 0.392919309652314 672.221676385538 0 0
42.5028947199998 11846.62656 1643.89771110921 0 0 2.07217462160852 20752.0489700513 28657.818271687 0
764.569117519997 80021.06514 2068.19303870643 0 0 2.7440764071283 19844.9150555916 0 0
134.834691712261 25113.5773329107 1706.91322110221 0 0 0.090934668342916 9557.53138662069 0.130190697800426 0
139.100382719999 1005.9975 442.056527357099 0 0 0.278502945392954 1120.12291066854 0 0
40.5709449599998 0 642.343762274895 0 0 2.13409115242531 31519.8853720417 17125.175819548 0
724.964147439997 224458.1622 704.527590475377 0 0 1571.39407431349 5839.54549190972 0 0
264.64120804974 6014.33494075758 76.5888049174025 0 0 0.0584670145534272 489.113717193573 0 0
585.380777279997 38147.4252 353.250528557682 0 0 0.24136921934056 2457.67895583859 0 0
227.004096799999 10929.15684 203.118719560053 0 0 0.674831589817105 1090.95083260836 0.0653427401704932 0
11.10871112 32900.14224 1718.88944342872 0 0 2.13118305038204 15412.5251370126 3028.61258656538 0
397.981650559998 15556.74534 307.86079583798 0 0 1.32826475713671 2088.98229216391 0 0
74.8630531999997 0 234.842530158459 0 0 0.611829946297598 1036.00240198503 193.114496387963 0
383.975014799998 14043.7251 942.49829399332 0 0 3.13130972621839 22645.3517723228 8039.68643736436 0
394.117751039998 1826.89146 2555.63929878323 0 0 2.76646259090334 1540.36063758582 0.120029227015691 0
93.2165759199996 523.1187 428.24226087719 0 0 0.873168489618955 6314.67639191622 33936.1651251883 0
14.0066357599999 7066.12644 501.260526556711 0 0 2.01850494733234 14597.6471774056 8839.06282142604 0
764.569117519997 129918.54114 3183.20169029911 0 0 0.637462297232762 3158.76516416282 0.266991841556854 0
60.8564174399997 0 740.049989995144 0 0 1.55540054806856 45836.997299805 61507.0623032361 0
5.17806387322916 0 1356.42148212488 0 0 1.08221580762035 7826.48789161077 27304.4714262923 0
0 0 0 0 0 0 0 0 0
16.9890615993339 7460.74884772061 113.690180827882 0 0 0.0539955122305677 2088.04093768277 0.159921890105616 0
106.10931260848 55784.6599388727 56.4718727282941 0 0 0 679.703263312169 1.10562803735883 0
146.146954920818 20164.1095336227 224.362864781254 0 0 0.573721306898208 493.407433687638 1.00690589135072 0
338.741711039027 182842.0172733 337.148807076201 0 0 0.123663918019146 1566.95525939874 2.48853739700639 0
266.504456961323 103664.553966253 174.722348776452 0 0 1.50546151578559 882.926916530158 2.34965808256653 0
19.6429426803968 47216.988658544 31.3516596788188 0 0 0.131750667446784 464.315211492032 0.564429192059697 0
12.0825054122833 44454.4632496461 20.1272049005602 0 0 0.00952763419965247 263.09525520599 0.323652030654693 0
2.29507859213135 929.859173649686 3.68304370745621 0 0 0.0121722699967812 32.9749940353326 0.00430869230548347 0
55.9294720230858 68332.3894608355 103.950228387967 0 0 0.0776182142661552 724.112645650764 1.07741192125475 0
14.4442376089747 16182.8312369502 4.10000934405171 0 0 0.023685730270888 113.242925674484 0.181103053337072 0
5.21178046498179 13775.4379456851 2.54941562326969 0 0 0 1041.74575219792 0.188226433414459 0
0.418089705059116 132.621742132509 1.95754369097908 0 0 0.000270573790069774 19.2843036153433 0.00339563908980047 0
126.732672438456 148376.906698351 72.3431204701765 0 0 0.161199947034324 1699.00626652847 0.579401606163171 0
11.3557287366761 723.317262613112 4.44541666609054 0 0 0.013360310672553 48.252117211739 0.0780968849932413 0
9.33751036264898 5628.13808710915 38.61120747976 0 0 0 141.878293123317 0.289529025903907 0
947.103407474283 157263.282909082 912.5651685989 0 0 0.532567843342812 23496.4458993803 0.644098193383585 0
161.205343195786 83526.9566753538 193.264903227616 0 0 0.451478701658312 1001.89140796916 1.54533357672365 0
6.71543135895595 3342.01301909798 12.7657258249745 0 0 0 601.459228772852 0.106846236438926 0
15.4323325564386 533.137446126174 4.1368662564929 0 0 0 27.3440244605966 0.0449598261553171 0
2115.48498719999 65140.35012 7280.11843491223 0 0 5009.1725427007 14669.8927914222 454.368823791784 0
1215.07753994888 147917.12885135 5390.98351352265 0 0 0.228968912878523 44.2253318667074 1.68996330556854 0
568.243326890533 25172.5254063541 1766.90044464609 0 0 41.9968981757627 25560.2183329726 723.125368839895 0
367.070454399998 127777.77846 1801.77504230818 0 0 116.0637853 1420.34409436294 0 0
1832.45434735999 239660.79642 6307.19938139861 0 0 0.154723858551641 19190.1178405238 0.261722265736653 0
444.275901846901 10078.738274887 321.784140369047 0 0 1.50297690398422 961.302475628247 0.162212345574614 0
3.85886287819976 0 79.2275244441399 0 0 4.37036417798481 231.567551143518 0 0
0.070844576264174 2.98566302671608 0.260433712097176 0 0 0.0143660952942131 0.761200067384155 0 0
696.950875919997 113508.70992 2709.56969670222 0 0 181.90448749398 9638.36764981471 4.11553871557703 0
727.599267710668 69165.9413446277 200.474143177483 0 0 63.1543349301504 38588.7729583935 398.861221588002 0
126.717812189871 14617.8921536347 60.4057676717917 0 0 0.324749957874503 752.389165434561 0.125350230222987 0
640.924332879997 41278.08942 380.879061517501 0 0 59.865362688705 3172.01836542011 0.0117101684893357 0
488.783289279998 28811.7684 5020.49913212706 0 0 169.653361993627 2042.31952985299 423.698604399678 0
1992.32318999999 153732.51396 2397.76196758427 0 0 554.443663688293 3032.1006166602 2184.30206107813 0
1250.45448215999 53148.85992 1401.16131439081 0 0 269.337104012355 74877.9911326101 3503.74365619044 0
13.127360259843 1964.92324075297 12.4161688306494 0 0 6.21325122125155 75.0066761594323 0 0
2184.06920367999 353451.18564 21844.3022380167 0 0 2932.33894517939 131058.926476553 2558.22003661953 0
323.118597359999 39000.51108 2145.15823766592 0 0 842.669456352632 1203.88869210913 0.184435153707037 0
456.423130799998 106080.42438 207.21399719864 0 0 349.76875464184 1778.6707410211 0 0
52.9971332940765 2617.29916360004 114.989652416027 0 0 11.8562490473269 144.868353700801 0.046504484836923 0
0.695693201667333 53.3679251605136 0.8646161234925 0 0 0.00336152649434509 17.0217480340932 0.000537644564614488 0
805.623049919997 64086.06474 3757.48048253535 0 0 640.606286038531 1399.866386508 9518.55776079834 0
19.9858629776349 16220.701449471 711.959645485724 0 0 0.104766919846938 2080.92771766935 0 0
29204.1098701194 866203.147131511 56875.1059435641 0 0 716.994844057258 656180.426138777 36249.6612209474 0
3508.9800974944 121062.384745886 21923.9265816193 0 0 927.365465173383 186818.510762974 8813.47854755211 0
157.561819268715 16067.9977129079 127.598227327685 0 0 75.1443377466317 976.647338602554 1.83951368957017 0
1310.82791215999 56343.90798 266.417996398252 0 0 0.686973931969287 2220.50598975428 0.575554781250851 0
0.367233849992055 16.4688858295964 0.72524276576656 0 0 0.233773628087236 3.04490854013364 0 0
314.907810879999 114627.37914 1964.76842012518 0 0 330.050746108019 24161.3425958453 1725.73643000145 0
861.166605519996 17262.9171 655.190924475701 0 0 63.7954267106007 788.446896520268 377.575646669047 0
1406.94241271999 30469.65228 7128.16150363323 0 0 378.132732391527 18465.9678996018 2195.33034645633 0
1302.13413823999 65277.16578 3564.08075181661 0 0 1153.73867949354 8404.36549269367 3705.78996649196 0
194.299647760032 15037.0044201035 45.2523170413969 0 0 33.8731940974262 414.486517056005 0.0638320239796092 0
1073.72819605662 18712.3906134466 1783.53093143357 0 0 83.1027360418712 4403.27082477043 1353.52358886001 0
1263.97813047999 69277.01184 8880.59987994173 0 0 852.324225126255 7338.45657812917 6072.11266163631 0
83.5433983551978 3594.56868385952 45.621556190524 0 0 0.0763669215140287 225.947515355841 0.081752519282292 0
0 22976.9829 630.012780880736 0 0 0.148534904209576 1841.41203301804 0.0193217780074039 0
258.881267839999 128405.5209 3201.75587289349 0 0 0.532250073417646 2171.34436519372 0.541009784207308 0
150.692081279999 128671.10424 1158.4249176724 0 0 0.328014580129479 2717.0043884224 0 0
899.322613279996 62146.50156 905.821187754056 0 0 693.979828284505 1433.62608379545 3604.5660990533 0
7.33524726051076 5081.95240555005 3.64026509591241 0 0 7.12595046309544 87.6143658711105 0.0276848041451331 0
79.2099401599996 31676.84928 1331.84627452578 0 0 73.4675643295396 3892.74286247581 0.0450841486839423 0
4750.18147239998 89058.94668 18047.3524226816 0 0 1952.00857739619 74507.8871547915 2017.67502899956 0
1.00106142409019 55.047957282181 449.932498766825 0 0 0 684.826562223663 8465.27982088903 0
564.129329919998 5432.3865 2038.24256163047 0 0 0 1366.66462758712 0 0
22.0720867874166 0 376.864046322437 0 0 0 259.756318243503 0 0
170.977553759999 14961.19482 1007.00714371195 0 0 0.111401178157182 1917.57878208358 9813.79862731042 0
73.8970783199997 676.03032 935.388157189342 0 0 0.173290721577838 631.133394883109 0 0
86.6356862957929 3323.40686718036 19.060990284199 0 0 0 481.512000164815 0 0
0 0 0 0 0 0 0 0 0
1641.19132111999 83827.75968 296.019995998058 0 0 13655.2593486989 24551.8379736805 5285.69685785527 0
32.7450072799178 0 559.096022918992 0 0 0 1064.65051155927 0 0
19.2824000943044 2243.30099452555 27.843203465903 0 0 0.0129538560494804 145.273008631892 0.00422118241700418 0
105.549375858316 13177.9568652346 121.087450139431 0 0 0.0676249746805681 673.7478847404 0 0
62.3053797599997 2390.25006 1038.56629058616 0 0 0 1977.67483085993 3278.2580384373 0
31.1817864622678 1506.46355887412 5.02098465840598 0 0 0 123.716092890214 0.00173795706324864 0
248.255544159999 0 67.0978657595597 0 0 0 1974.8531877131 0 0
0 0 0 0 0 0 6.85489592050605 0 0
17.3355025289043 0 295.990482956974 0 0 0.0804564064468534 210.025392762266 1163.5354564891 0
87.4207266399996 8893.0179 363.117861757617 0 0 0 892.839667983133 0 0
17.2565049693707 1261.69292041884 294.641659883643 0 0 0 561.067117387177 0 0
1227.75407247999 28658.85678 47.3631993596892 0 0 0.0742674521047878 1357.47314060421 0 0
44.7851578155384 5440.43448 232.869063518472 0 0 0 22706.1404876559 6333.97685461505 0
12.5948470526339 552.667122919707 86.5381273519025 0 0 0 294.403059094728 0 0
64.0557932896594 0 1093.70381160775 0 0 0 2082.66965742883 0 0
13.5236483199999 0 71.0447990395338 0 0 0.136156995525444 76.1597499950056 0 0
1146.12919512 47563.5618 112.487598479262 0 0 0.0742674521047878 2278.49534056311 0.259380232038786 0
55.0605681599998 32.19192 61.1774658395986 0 0 0 518.772015544684 0 0
196.575888079999 5875.0254 126.301864959171 0 0 0 1137.85900838866 0.0222493201297379 0
0.194165452657558 0 1.24672059087338 0 0 0 2.37404964520225 0 0
22.2174222399999 0 51.3101326396633 0 0 0 307.045664790345 0 0
26.0813217599999 0 711.172636769185 0 0 0 475.146579991249 447.059687925793 0
39.1219826399998 3887.17434 495.431813120851 0 0 0 943.418861268269 0 0
261.296205039999 5931.36126 106.567198559301 0 0 0 1099.47315720282 978.401674129993 0
56.0265430399998 474.83082 388.510255383101 0 0 0 292.060983978797 0 0
98.0464503199996 0 19.7346663998705 0 0 1580.26903484002 1906.539722053 0 0
43.8854398353006 0 7964.08118630553 0 0 0 1420.50260325208 909.243832294404 0
9.21433877612233 0 157.327806328439 0 0 0 299.589198677488 0 0
53.3569898230679 0 911.029902970943 0 0 0 1734.81551018714 0 0
33.7361729347849 0 576.01942046027 0 0 0 1096.87664644676 0 0
59.413605760182 6921.2628 1014.44200038908 0 0 0 1931.73650032908 0 0
20.8571095330634 0 356.119236433128 0 0 0 237.928711225835 0 0
344.370044719998 4192.99758 177.611997598835 0 0 1.2439798227552 2215.78502605554 0 0
350.165893999998 5850.88146 367.064795037591 0 0 0 757.664168964575 0 0
1111.35409944 20498.20506 1487.59523948093 0 0 0 1056.90678974348 0 0
9.04838323636731 0 19.7346663998705 0 0 0.14234594986751 294.193424940567 0 0
23.2566134840166 0 11.8407998399223 0 0 0 756.150860839163 0 0
0.381812917181878 61.9532266818052 3.1260861827299 0 0 0 2.09720934979638 0 0
45.4008193599998 305.82324 86.8325321594302 0 0 0 1784.96155418256 0 0
3.86389951999998 0 308.962488138384 0 0 0 588.337347369786 0 0
4.73746130202018 0 30.9713125054067 0 0 0 1641.17075942719 0 0
47.8972048179167 0 817.808238480894 0 0 0 1557.29950449357 0 0
6.78547450962292 7306.4985674017 13.8625836535453 0 0 0.0289828046938493 1069.58717750041 2775.42885848153 0
495.545113439998 10977.44472 122.354931679197 0 0 792.217100556113 1006.97682980222 0 0
690.672039199997 3677.92686 817.015188954639 0 0 3682.42783352906 55295.5787978829 31348.371760659 0
18.3535227199999 12490.46496 532.606096506454 0 0 0.154723858551641 1014.20745249576 0 0
38.4494448346247 9397.41953043358 904.33693225963 0 0 0.160271826717405 607.167641834532 1068.66974945188 0
14.4491780264182 0 246.708693632611 0 0 0 469.791459990652 0 0
200.439787599999 8989.59366 19.7346663998705 0 0 0 504.145811367467 0 0
59.8904425599997 104.62374 982.674885495923 0 0 0 742.872809726304 0 0
39.56440968875 0 675.532117523268 0 0 0 1286.37225988652 0 0
11.032111648949 201.698931382979 76.9231939831687 0 0 0 146.47987906868 0 0
64.7203169599997 12788.24022 161.824264478938 0 0 393.326615301298 1194.14508737553 0 0
1535.90005919999 216917.20494 959.104787033707 0 0 23953.4318157225 139078.811958749 81586.0410005653 0
1384.24200303999 22325.09652 526.915592876543 0 0 5830.02593499755 19211.0483482341 12172.910200699 0
196.092900639999 7025.88654 124.328398319184 0 0 0 461.843867336757 0 0
18.3083978491195 0 312.601928469842 0 0 0.792186155784403 242.276413381247 0.0187362695829371 0
18.314415440871 0 312.704674259058 0 0 0 595.463351140879 0 0
46.3667942399998 989.90154 644.518886698777 0 0 0 1227.31576384847 0 0
64.0847213195249 0 29.6019995998058 0 0 0 2083.61020514444 0 0
1.44183390961465 0 24.6182142420741 0 0 0 46.8788782464608 0 0
0 0 0 0 0 0 0 0 0
0 0 0 0 0 0 0 0 0
0 0 0 0 0 0 0 0 0
34.2543329737194 291.129986966206 159.09358212013 0 0 0.00730335623424513 302.951651678151 0 0
0 0 0 0 0 0 0 0 0
0 0 0 0 0 0 0 0 0
0 0 0 0 0 0 0 0 0
0 0 0 0 0 0 0 0 0
0 0 0 0 0 0 0 0 0
0 0 0 0 0 0 0 0 0
0 0 0 0 0 0 0 0 0
0 0 0 0 0 0 0 0 0
0 0 0 0 0 0 0 0 0
0 0 0 0 0 0 0 0 0
0 0 0 0 0 0 0 0 0
0 0 0 0 0 0 0 0 0
0 0 0 0 0 0 0 0 0
0 0 0 0 0 0 0 0 0
0 0 0 0 0 0 0 0 0
0 0 0 0 0 0 0 0 0
0 0 0 0 0 0 0 0 0
0 0 0 0 0 0 0 0 0
0 0 0 0 0 0 0 0 0
33.688068599302 0 346.272555727509 0 0 0 1095.31261242647 436.033808341261 0
1.73740875874969 0 191.479832220587 0 0 0 20.1292632669274 0 0
0 0 0 0 0 0 0 0 0
0 0 0 0 0 0 0 0 0
0 0 0 0 0 0 0 0 0
200.439787599999 12337.55334 1205.78811703209 0 0 0 5346.77248444242 0 0
62.7883671999997 1110.62124 39.469332799741 0 0 458.712917925222 3669.66492828801 10765.7910610566 0
241.010732559999 120.7197 155.903864558977 0 0 0 9762.9483208631 3109.63278320772 0
686.325152239997 2728.26522 224.975196958524 0 0 3610.74117538491 119414.265507447 27330.0058968335 0
285.928564479999 26606.62188 491.393193356776 0 0 0 879.863435175351 0 0
80.6589024799996 2736.3132 32.8333397889467 0 0 0 3099.90313893701 1662.60972211588 0
7.92852475885532 321.280260138935 7.05292165579099 0 0 0.00337401529440638 46.9327789744633 0.000851200065996009 0
4.34688695999998 498.567730958269 13.9974249866652 0 0 0 1321.54273467502 0 0
381.077090159998 434.59092 564.411459036296 0 0 5004.54320485283 4972.33001331588 13259.2464885239 0
0.476736120769322 106.438486524716 0.283334401307179 0 0 0.00021519814409549 1.40667090026596 0.000329682894381795 0
0.0418923139761491 2.82358254933563 0.0714776896249244 0 0 0 0.195465359171769 0 0
