2302.84208050089 9268.40481715412 0 0 0 0 0 12849.0281905014 0
0 1198.86872279951 11.0719541674455 0.0857687285062716 0 0.282658550954817 0 105.424916392745 0.0029842725715132
0 12636.1989882752 0 0 0 0.231931930884266 6.17290673177796 52565.1965671229 0.00153059283474339
0 0 0 0 0 0 0 0 0
218.711644679022 0 182.569324669605 0.0220232458707136 0 5.56912293485684 214.951996144004 0.0489188016343094 0.0401854830097502
422.234980699779 183.391620987476 0 0.742283491506097 0 6.74663261885945 225.606401212726 1.52871255107216 0.0485738100211501
1166.46210495479 12042.7164448442 429.037912973572 2.60958779290781 0 28.0379955628016 761.397272889653 6.2673138027156 0.358020175390402
0 0 0 0.257104711263407 0 5.35857916543009 184.879294740259 0.687716819642333 0.0385543627185047
0 12079.3947690417 41.0780980506612 0.183360206150866 0 43.234702811593 22.731628904753 29896.9512975463 0.319671457703907
2174.96579986361 82672.942741154 419.909446740092 0.855569733522874 0 44.1902337497933 1643.17955401506 0.849311927707666 0.325122364632258
238.368262112198 20771.8253405321 0 0 0 9.3105444985083 1374.72688939683 0 0.134194499362475
0 1516.03740016313 392.524048039651 0.851732349772674 0 4.5203137739145 387.438347477649 3.3874639505038 0.0651520696720737
0 0 2712.40159644345 2.29842602359811 0 38.474711533138 0 13130.1900451161 0.284476735601328
7660.98288722909 155296.024652194 497.501409724674 6.12946974847179 0 0 2088.82329685279 17.5471741462267 0
906.108311818162 3694.87335365602 18.3836487405656 0.261132507863036 0 1.13255351115748 184.598132057117 0.100718804028284 0.0199092440412283
9599.01107202376 19537.3206891991 82.1561961013223 0.993381862986582 0 1.52274854769993 811.386587120953 10.6740825166063 0.0116243299573442
498.176523991106 6015.2451683892 686.308763673981 0.562771720596812 0 7.23765491693575 269.42470932097 2.76350463565819 0.0530183031884868
0 54650.7030542677 0 16.0118384822317 0 43.5810153779423 1581.71445232972 2587.82743522906 0.322364081288009
422.234980699779 5990.79295225754 168.876625319385 0.437461747522811 0 19.8213271206808 723.565070421005 0 0.146385537664116
133.657116192736 0 0 0.739113478842888 0 11.652281241851 297.558026547137 5.40063570042775 0.0715504136924881
492.1012005278 19659.5817698574 3840.16336303242 1.32408420276549 0 55.8199448307105 3492.28363390562 12518.8910791961 0.410630026181051
227.824629873982 2860.90928740462 899.153923997805 2.08686938902186 0 4.99995270559204 869.11897367929 15.0741656609403 0.0407060609750165
0 0 0 0 0 15.0687429160991 975.320101883381 31458.2327637767 0.111416216615306
0 2983.17036806294 0 11.942167395802 0 32.1796359622482 1183.33518512693 3429.97129093325 0.237931810963543
12472.6390701676 159220.605341326 1583.78889150882 5.34530872125699 0 8.02975136235582 2111.68268405615 2.11598276469205 0.157519381375336
0 0 0 0.28146375593859 0 26.0234281872621 0 28770.0077228581 0.192413655746105
0 36.2471889098734 0 0 0 17.2244125604956 8823.40853549573 19604.4988372276 0.127354942054341
0 0 0 0 0 0 0 0 0
157.750885570298 7469.62450176222 0 0.0388917051896273 0 0.0503111718725788 403.524110056195 1.44779222453726 0.000106528839924156
0 55626.233187893 601.633411998753 0.162251211226109 0 47.1296300644492 150.943524780422 7.72781963227908 0.200460469635291
0 18101.3561837545 197.491938751312 0.200982471534478 0 1.73891350549287 115.525676218841 8.91081607841002 0.00774577161638605
173.028835398549 137380.982276671 1642.0052356256 1.87970477928839 0 3.3258031449985 315.972636570303 22.7821167905738 0.018510215263303
0 131588.278039551 265.429989746997 0.21509989225053 0 0 201.543167781915 15.2092556571184 0
199.501536034281 33533.2778360548 357.067857576239 0.509365836397956 0 1.42016709534358 131.968409768456 0.164576857860978 0.00785524937056058
108.008080618943 35516.2206923738 138.176082594138 0.162409846818882 0 0.141936881933621 212.870610881448 4.29196410017597 0.000873459139735197
9.48382149281413 3566.62334754788 1.71471810755745 0.0121902726297667 0 0.00762631335409532 7.3642937582857 0.00290669796882649 5.99955854642618e-05
749.409222862839 80574.4822555938 255.308197130985 0.287361619442289 0 1.08781912639131 165.965538081938 11.4944442855684 0.0070789593736688
63.8086476700631 15682.5590092657 29.9931588616262 0.0743477997570986 0 0.0577519014874799 38.0083315694344 1.7303908867946 0.000399925624086539
193.049353998779 32809.2357794522 34.3892628438645 0.0170525449469428 0 13.8838892829764 3338.74591308565 2.28702452063773 0.0293977373990967
3.92657403682544 428.916666896621 0 0 0 0.000785682392537672 18.1627485101284 0.0351509333197582 6.43159318665783e-06
354.122159945816 89300.8648150478 562.86742017628 0.283392291319625 0 0.922602482619516 329.711948632365 1.3746461879599 0.00195351784755726
89.9170337649832 646.180169481183 18.2463067390697 0.03265217407866 0 0.0870844401962383 11.9847261669388 0.958301299521469 0.000643193214441257
70.3611284807181 15343.586556078 1327.87030769192 3.699639574789 0 16.6439519597389 43.6675788364504 5.5662551729236 0.0352418921688991
5056.12558732006 237575.330178087 1546.37693287315 0 0 1.4524092476066 26831.6636356816 1.16080682363608 0.00761013170554873
0 68924.041708782 574.772431810828 11.6184045709822 0 1.6552610129944 245.221511332723 13.8963012785033 0.00907886025123589
23.7400671625916 5179.1093747484 46.5268627688131 0.0268720274874696 0 6.35425591424437 545.594123541304 1.05229681769957 0.013454497001979
229.969632940368 1956.4136585151 3.67796880852545 0.0109521713035612 0 2.59101739432556 7.26708806934855 0.433211899039783 0.0111940369668193
12928.2883299155 91267.8967114337 1451.42613112336 38.0401519585053 0 2914.34448981472 67813.0486618816 0 26.5734903245248
4559.44873315008 155888.012142098 1360.11714896385 63.1206640374921 0 3.78325606409021 22.0347226025712 0 1.1410736453355
3309.63527100379 50016.3891618522 1341.58698597799 28.5678157049178 0 114.003281733338 20727.835837713 944.946503586508 0.534370492998992
1102.67120859007 228713.803587514 1433.1691986564 8.03748368617998 0 282.196415672101 2245.18385872373 0.274026820488189 1.71945241875122
3836.56676707785 187682.984918583 0 283.781535723711 0 2.6294884715437 18613.3784533535 1.3372769740099 1.73524357839915
923.723360545776 12120.1434438294 296.7478701786 0.34045581974525 0 0.767495615567714 600.098571987366 0.119122719587371 0.246238160946754
0 0 813.609157404097 3.80200249258231 0 7.33814586113357 146.874738480299 0 0.0447028271142123
0.00609256095283126 0 0.089830723803949 2.3505879201338e-06 0 0.000813853681375312 0.0162694319813059 1.49565849826061e-06 4.951094198589e-06
8274.59055702301 129119.927283249 3089.98582003307 4.62488163284986 0 446.774324204563 11819.9161865731 318.718548473278 3.36425809593518
1119.12557006331 116095.037166509 4864.14834200223 21.5001789384051 0 165.949984367384 24497.3756889631 258.613697052493 2.07006063829207
157.700040432409 11112.4888353397 288.291489620342 0 0 0.95081416696672 667.620217720924 0.0783048536599185 0.256269677802233
3608.74213720387 52388.8730620889 3053.47195509915 5.93359633443984 0 134.715747813254 2692.52321516161 0.221683702739478 0.81967589515562
680.436227890292 27313.125419068 638.992636343618 45.0280277676197 0 399.223188836189 1773.93535384494 928.438333945171 2.43200469549837
14267.8971535746 246930.704605603 483.808710374454 79.8404394638915 0 520.815324800308 26081.5566644092 1955.74800696883 7.50660198048349
4556.49259747963 57108.1507754999 1497.06846229076 11.9681325457871 0 0 81531.2357919647 2184.9145742003 0
0 1622.86534530415 49.2733292255845 0.0292988148074727 0 12.137469417499 56.4544763884695 1.97835783443749 0.0741225172582823
16260.603249539 626991.499940048 50215.6927503749 270.03852977207 0 3704.18788213122 107060.197421174 1730.69738617553 35.5114534613983
1278.85558902595 75373.9562258525 21538.6160778967 139.740164534026 0 0 1186.13602532866 0.229999899017311 0
4170.70955755969 146322.061331874 451.859078557273 63.1454843517166 0 464.454005487115 1522.00803446208 0 5.54760401116461
267.962448826463 3447.40054445298 52.9608691624924 0.0724906633090681 0 33.5939887725483 150.694284838895 0.073227210980287 0.204540011440218
3.9392689212887 24.6263496537278 1.5340375547488 0.0027928731789569 0 0.000233461996138891 14.0890769133684 0.000175813530965081 0.00130366503181283
3794.03950283471 104178.666828952 20662.2833194826 120.65585408765 0 522.34356780153 105439.232227362 4719.44049082529 7.5286288130158
0 15012.327833668 10890.6282326626 0.399045039605211 0 25.200107522025 1996.48881697378 21.0693136629918 0.363213538514368
104882.573065792 1298653.49788863 127714.602582524 1064.55436329309 0 1089.85102831685 921215.028523327 28094.0151252587 10.6651669723579
6331.87781211731 229121.321080138 33632.5285638515 216.437546279185 0 489.424645263432 225499.28809862 10389.6423088902 5.54884540281142
736.058328098083 3872.42558495465 112.853377936226 0 0 138.42208008526 626.5511578583 0.665734371590777 0.84279857122248
3639.1187545204 38891.2497574107 342.31748375551 115.648235136411 0 102.918929655729 18554.41728274 481.212947175325 1.48338845727928
0 4.52966349564908 0.498700379264075 0.00103339553625327 0 0.304364921503175 1.40436031423592 0.000187910147925065 0.00185277927127205
1801.33340687028 148363.821378868 27999.4237921698 70.7314518031233 0 1088.28640922705 0 430.420147781741 9.94483514864972
1710.20355492069 20099.7216602273 0 0.636004645902729 0 1031.65448868351 1182.16492975329 3048.5931386346 7.03345204947776
18496.3222840357 53513.6750041454 0 73.512927345355 0 1517.27764183526 15880.4805830419 2190.28006989489 10.1705546365455
8374.83339416756 123801.570274612 0 253.469374109793 0 3418.9001567977 82314.6834099221 2052.00235322255 26.1927763299137
68.754459798502 29912.1459705304 132.097333056345 0.458482467764175 0 85.6192330383234 395.560173171433 0.242591959154061 0.521635860913595
4439.53097737006 27719.724327138 1892.48879852162 41.2043332557211 0 213.203881431142 30316.905209181 2141.05836440621 1.29880441627295
1078.36991473685 72488.5947223162 20712.4898837667 309.862731488875 0 1298.60624085396 90446.8159002285 9141.85702485742 11.5506056908482
187.661528112549 3699.29707229123 20.9551838197901 1.0180982062257 0 0.0863831054593394 214.767539349371 0.153913413688101 0.000983377482859012
0 25552.5658575883 11737.0812183351 0.0170179627182787 0 27.3940477841255 2133.62366285949 0.0733782024514639 0.394835181604192
6297.07276971685 75801.8700081566 40559.3861846772 184.945366002227 0 1.82886810110353 1655.79504510689 1.61595108065335 0.685554899826757
1731.46718704226 127249.332749176 54.7707974008815 236.129237999269 0 0.102039851134531 4959.22594139945 1.64350867224068 1.15797101783711
5012.14185722759 99923.9812220426 228.211655837006 119.091369416971 0 338.552527625739 28950.4548393195 5265.50517485854 3.79269407663132
35.4588463477488 3792.94331968105 32.3072514304363 0.0313475542258353 0 14.5781282545281 67.786519940573 0.0997383585233219 0.0887930030454026
0 13656.562709534 16722.0793892643 0.288304309580251 0 151.995885208966 2993.22337207946 0 0.925938115175573
28724.1293345116 85521.6259204928 0 104.313771437722 0 1184.25096460942 8730.19994645045 2445.90241423821 13.1663499413899
0 0 0 4.75220042669768 0 0.349784252708404 362.855019440244 7653.55722762484 0.00211438463559166
294.65318797035 0 1382.15550171004 0.637673073620208 0 0.204079702269063 585.110789240792 81.8958842262146 0.102717124616981
66.3742286056544 848.574859522277 186.838792470815 1.52502769826884 0 0 179.093059553014 12.3240041137571 0
2603.2761040267 25748.1835866416 728.740466897273 0.125132078810873 0 1.31081962611283 1568.87290679863 7391.64519492793 0.00702743186178881
0 85.582756460822 468.06888242854 2.79702972120259 0 0.361064088629881 198.369843572183 23.9497447833936 0.00076451684722092
0 870.233630776961 62.299327465239 0.121266976290354 0 0.460691776729093 182.412309039952 19.9951412496494 0.00240261340228729
0 0 0 0 0 0 0 0 0
9516.99420526912 84604.6678155554 1013.25975191631 2.50447684670668 0 12007.9319432219 37323.7770068103 11992.6937065393 128.549111101066
114.287589634352 1461.13299327818 321.711539105755 4.85849221174326 0 0 680.791063313955 21.220295201821 0
74.6190048789505 475.775229045233 30.6071027925314 0.0623008349701045 0 0.215529570963661 68.2094763719959 5.29643784031721 0.00141343221766556
206.803158944946 5981.96645077124 89.3353668545019 0.25698853130985 0 0 270.976345825664 31.7851300431692 0
1160.38678149148 684.662051686576 639.670790109606 55.7728376377286 0 0.0784921931804088 1475.40472328017 3169.33004060492 0.000166199314613243
55.153427821396 1452.89597389628 26.045071731621 0.0379613001603772 0 0.0293173029911798 52.7768649480208 5.74147914056561 6.2076436725927e-05
0 4034.84826058051 86.7204292180624 0.203381338760605 0 0.0941906318164906 1962.97061203868 59.6823727667605 0.00406436050220513
153.309350870034 1960.01465645519 431.555056725756 9.63654784866082 0 0 413.664177832143 28.4656426220036 0
53.40172706509 682.725268443202 520.024994069126 0.423200292365392 0 0.368913307947921 83.0134779049023 0 0.000781136778682244
795.867373693109 0 287.546686354628 0.0680718508731148 0 0.361064088629881 300.141707378697 34.212143362133 0.00076451684722092
50.0258726748335 0 140.819318570105 2.13786703495465 0 0 297.995321805893 9.2885307082336 0
3599.62915200891 20038.5911198982 579.657605825996 0.174183853704735 0 0 741.834962859199 85.4697154962578 0
114.764191298299 0 0 0.0582281273399928 0 0.156984386360818 26412.0398420875 4004.62298120289 0.000332398629226487
0 103.862753815573 30.6288285473269 0.100288767186244 0 0 239.044966278596 7.35480133837047 0
314.899655651151 4062.57718089659 982.269312642264 19.984478774901 0 0.470953159082453 1875.80184422323 58.4962420498771 0.00099719588767946
0 197.569362256222 150.619692852424 0.288378047524735 0 0.125587509088654 41.3127630526922 1.09371561247413 0.000265918903381189
3420.40710984138 45114.338762919 502.065642841414 0.923474741624241 0 8.54779983734652 1082.43500021413 90.8365635971243 0.10462054413592
0 0 0 0.128135248702334 0 0 175.730674436762 19.0339994175305 0
0 4792.63436180603 821.561961013223 0 0 1.55414542497209 559.268306181409 49.5405095645488 0.00810877708665666
0 0.380790907500876 0.600851762541622 0.00323887588983927 0 0 0.868692960267189 0.0261614360414913 0
0 1351.26477967011 54.7707974008815 0.266781592024781 0 0.35321486931184 271.49991993847 23.7827576684299 0.02491415199376
306.803834896962 16343.5503618326 502.785643151858 11.3709326748196 0 0.439556281810289 278.573030504554 0.535660877895687 0.00237052706632573
288.577864507043 0 209.541183612506 0.0260274723926615 0 0 447.068542392873 14.4329531143497 0
0 0 328.624784405289 1.06629215424038 0 3.2260291397148 765.904181050077 549.542729298128 0.0188204103868037
0 0 153.424562110838 2.28945654366502 0 0 147.064075268541 10.1199804901367 0
0 1489.88533340785 68.4634967511019 0 0 1894.79369415575 694.187746777877 21.637870568404 16.7380746814838
0 2098.69852932854 64.7480803372027 46.2103078757444 0 0.797401087824163 1051.29834337895 0 0.00507749833219277
26.7418214880405 341.886269555088 75.2763495750808 1.96854446870849 0 0 162.487618308165 4.96527530264802 0
250.47651510728 3202.26808033566 864.821959686809 15.8265931999728 0 0 1492.04453082458 49.4666982770897 0
97.0182262172632 1240.34929539506 273.099493807896 6.25576281898166 0 0 581.795645062385 18.0138141584234 0
195.518385733362 0 550.37052578495 0.408153009838816 0 0 1176.29404724458 36.3981772580139 0
83.9638087657075 1073.45243364901 236.352225413266 5.27770325902999 0 0 226.553825475175 15.5899412523967 0
516.402494381025 3203.24031324791 652.685335693838 1.44018680572727 0 7.65298883508986 750.297806197546 87.7114157569554 0.047291402659934
0 403.461566172446 314.932085055069 0.272454246264207 0 0.188381263632981 379.32010443837 34.2785129568217 0.000398878355071784
1026.72966529874 9793.1125607312 1639.17233539756 21.8576012824633 0 0 536.885536201528 62.6266986038379 0
31.1503868795526 398.248472723178 0 0 0 0 185.557373939029 5.78383363714193 0
109.193909350916 1396.01179907721 0 0 0 0 650.44890606454 20.2745284775071 0
1.69030921228327 8.01293034010242 3.15607497967577 0.0413258628568332 0 0.00146913684722994 1.07487598494224 0.114852907718001 2.11749252410075e-05
0 73.3566483949903 86.7204292180624 0.133307374626516 0 0.635786764761311 894.428240672395 28.0310261539864 0.00381243733058084
0 1059.55229570553 233.291699922327 5.26241826924242 0 0 501.659325481104 16.0746424494894 0
0 2039.57797893513 0 0 0 0 1097.59709905847 34.2121624530521 0
251.429718435174 3214.45450264228 707.757001031317 15.8040882602776 0 0.164833605678859 1497.72259533909 47.1349646524468 0.000349018560687811
0 5939.73323546635 37.5277735873755 0.087697533258127 0 0 523.730868759799 2195.37503412153 0
449.573936284657 14255.6420047598 159.748159085904 0.155664306040726 0 1460.04898378742 465.94105127453 55.1378473239507 15.2451713184657
7402.78164003857 0 912.846623348026 0.774317303681681 0 4620.94530160112 49905.739937521 12384.2299295286 60.819752378163
0 0 238.553288266338 5.48802271952716 0 0.204079702269063 533.309108499816 15.7351247407782 0.000432118217994433
996.245804798884 0 570.015923283117 0 0 0.0978522476735784 222.845566416724 1770.78344493121 0.000207192280375384
68.0937872587754 1422.1735711837 191.679229325315 4.54349345116282 0 0 412.731031446132 13.2016051402471 0
0 0 50.2065642841414 2.48628337578187 0 0.10360969499814 189.470182539872 20.6773875099767 0.00149334457846173
0 1344.87188724149 769.488639817033 0.119125739027951 0 0.989001634073151 317.195269915948 36.0379256844703 0.00637733012168059
195.049230970414 2493.64666449091 549.049888073105 8.29175917182379 0 0 1161.87395128162 36.2156755017981 0
0 0 30.1013076102888 0.458305983715892 0 0 65.2589488691114 1.98550115804572 0
0 16114.0104307662 620.735703876657 0.443301244533985 0 495.144453020655 431.175215178426 51.5751789947158 5.19552703319462
10616.6277521275 348798.637010113 547.707974008815 1.37044652713668 0 20956.4265775351 90231.5103120917 53290.1366664869 216.196553381149
3219.92143555227 24990.16488656 666.378035044059 1.17991208180066 0 3087.1921484173 0 11336.6788793587 33.0357169805229
923.449166422539 134.487188724149 638.992636343618 3.89468354671111 0 0.934057098846865 244.486978922091 23.5034718606313 0.00589010370989335
1897.63201345955 959.299930948778 393.787508551119 0 0 0.219778140905145 190.361495330389 13.0674156509909 0.000465358080917082
64.5231321703301 740.429032632262 181.628085996502 1.34212398698456 0 0 384.352945924608 11.9803026416175 0
0 73.3566483949903 291.986709337595 0.143187421568137 0 0.117738289770613 663.59262601582 19.2596267587258 0.000249298971919865
748.851409921322 3049.46176938163 0 10.1399299890621 0 1.30297040679479 1442.04622682906 44.2878774558107 0.00704510147313191
0.692561792923355 8.85419745714931 1.94951281272139 0.0435322752186067 0 0 4.12546874882372 0.128591089709347 0
0 0 0 0 0 0 0 0 0
0 0 0 0 0 0 0 0 0
0 0 0 0 0 0 0 0 0
0 0 62.5085569322215 0.00240098688936916 0 0.0383760373145103 132.277713937139 4.20207540992361 0.000270529831672028
0 0 0 0 0 0 0 0 0
0 0 0 0 0 0 0 0 0
0 0 0 0 0 0 0 0 0
0 0 0 0 0 0 0 0 0
0 0 0 0 0 0 0 0 0
0 0 0 0 0 0 0 0 0
0 0 0 0 0 0 0 0 0
0 0 0 0 0 0 0 0 0
0 0 0 0 0 0 0 0 0
0 0 0 0 0 0 0 0 0
0 0 0 0 0 0 0 0 0
0 0 0 0 0 0 0 0 0
0 0 0 0 0 0 0 0 0
0 0 0 0 0 0 0 0 0
0 0 0 0 0 0 0 0 0
0 0 0 0 0 0 0 0 0
0 0 0 0 0 0 0 0 0
0 0 0 0 0 0 0 0 0
0 0 0 0 0 0 0 0 0
155.91260804795 1704.18606510954 282.1197776595 1.00859581028394 0 0.419911514966274 950.908604797748 377.637536115057 0.00272288363248481
3.8598513600293 9.59747568171664 0 0 0 0.022322469919217 10.4147739869721 0.716676111177281 4.72655821009036e-05
0 0 0 0 0 0 0 0 0
0 0 0 0 0 0 0 0 0
0 0 0 0 0 0 0 0 0
0 9817.56477686286 648.121102577098 0.696902257590687 0 1.56199464429014 3831.41797908687 5.17120652076283 0.031068250193918
0 0 86.7204292180624 0.0897614112003327 0 0.643635984079352 52439.02350035 7329.46719670466 0.00355719017266429
394.896025114901 745.792592015734 214.518956486786 0.758467240365637 0 2.47014931938747 788.107410480189 5474.8215522942 0.0356026923365081
3137.90456879764 146.713296789981 241.904355187227 0.352538776703166 0 4226.33364960593 172807.337269425 17347.7307243996 53.1238037172601
710.812845206822 19256.1202036849 187.133557786345 0.335520813984887 0 0.918358660210783 556.096233421431 0.779602635378775 0.00194453198097495
0 0 184.002691209156 0.0890085589047936 0 0.0549445352262862 14395.4971224275 2433.09278143625 0.00011633952022927
12.3949909322473 203.843589779627 16.6782726347077 0.0178834812887376 0 0 26.3775026822237 0.0139528485350958 0
0 466.953493485547 104.920914195371 0 0 0.313968772721635 717.225587630198 0.0990605733094763 0.000664797258452974
3979.33686846554 195.617729053307 0 0.374562022573879 0 4337.07043574485 2958.4680824395 8073.39457302158 48.2772256159878
0.0954887852334931 0.391198010091974 0.08211004563259 0.000179551865880626 0 0.000139720196605135 0.125431277719037 0.000959896190150819 2.95843445984855e-07
0 0 0 4.2242128161406e-05 0 1.22457268064974e-05 0.0104625349707908 0 3.24172153226772e-07
