0 3163.09063691276 0 0 0 3.67103345612342 0 12505.9308207538 0
0 937.199069139471 14.0781617446899 0 0 1.45365175137552 0 371.817281906729 0
0 5503.14025385722 0 0 0 4.6275667223684 0 51717.4808665081 0
0 0 0 0 0 0 0 0 0
0 0 235.731779333961 0 0 1.24900422652105 678.60587704114 0.0352669675196479 0
0 908.726800736226 0 0 0 5.52892709299563 51.707302202048 1.7845935371388 0
129.2603724 2310.514902 553.969681434808 0 0 9.61703246761052 51.1693108235567 2.43257095240944 0
0 486.355285931047 0 0 0 2.44831466503996 19.2450014951583 303.731191530744 0
0 0 53.0396503501411 0 0 9.58142568203714 2837.56505991097 28696.0353942773 0
127.34540392 42941.764764 542.18309246811 0 0 14.13247907698 5106.85532456858 72.3252420473598 0
0 21956.277705163 0 0 0 41.501550791093 3106.39214547685 2.74495209182724 0
0 563.54022 506.823325568015 0 0 1.51516720805463 24.0219384959178 0 0
0 3162.59126494592 3542.44148238425 0 0 9.91447338240049 2922.51499602665 21835.8131782399 0
751.625128399999 96074.215173 642.369098685043 0 0 896.335559997795 216.370258534464 8.16689489045956 0
33.7279407963711 1287.69337500935 26.7356856166713 0 0 8.87147475698713 14.8025467237098 0.157203726427764 0
123.99420908 17131.622688 106.079300700282 0 0 17.9225600569201 45.7559738112898 8.50792221734232 0
0 2911.62447 952.776914110711 0 0 1.99034931882307 57.7952568146965 1.00753052268179 0
83.7798709999999 34066.006299 0 0 0 11.2476688526333 6098.40680358781 5157.34785136422 0
0 1352.496528 218.051895883914 0 0 5.78064096868462 115.430024358376 0.370175687989364 0
0 2388.44775960928 0 0 0 9.82018426863809 101.612762506179 3.29308495988886 0
0 11712.244239 4851.54665409658 0 0 13.4299099083173 7228.07949861875 15899.7336324808 0
29.20326932 3165.217569 1160.97901321976 0 0 8.74853394787706 151.209109459487 0 0
0 0 0 0 0 4.1280835475807 2220.67159682718 23914.8094115876 0
0 2921.016807 0 0 0 7.89267793078293 4265.03170766518 3628.86260744987 0
2398.97676332 101578.124655 2044.97318572211 0 0 1.01703004376269 103.989350116685 1.00693565816942 0
0 1617.12491618876 0 0 0 5.06955866073455 2723.4275694311 26127.891845174 0
0 1537.33009404809 0 0 0 5.22480393911546 19279.1098514876 14131.0826403246 0
0 0 0 0 0 0 0 0 0
8.06607676958823 3704.60816210657 0 0 0 0.142287753771973 302.529114520023 0.95832858661339 0
140.985342074986 43827.6877081097 787.872515157097 0 0 0.834387766493397 805.466432009212 7.43827765937651 0
30.9823158440511 19951.7303843246 257.696586558176 0 0 1.4430631931851 671.184883647847 6.4290073663491 0
149.263732778443 118632.950650708 2120.11153700504 0 0 3.9512157838791 1857.99396680096 23.5107593528655 0
66.0014279553027 114008.430731746 342.927625127272 0 0 0 1062.55078857778 10.4854845658122 0
49.1194215786942 26032.9991875997 466.450398199191 0 0 1.37576155004652 520.508480981705 3.29075417441834 0
0 28598.3436370848 175.60132652692 0 0 0.0705618574859889 312.515970343963 3.02750524786918 0
11.3501878339986 2623.75813300207 2.31536520397042 0 0 0.0175744232397946 47.8446982145473 0.00416420298648901 0
243.686582319341 52225.1263647536 320.549706290331 0 0 1.0447005648754 960.193050396447 10.2138286741826 0
2.20896577556979 13853.7992993063 36.1533612869287 0 0 0.327573585576977 134.630573975781 1.68689942489273 0
2.80759336801871 23296.2441119712 41.8374250450035 0 0 0 1305.31407840831 1.95014486093535 0
0.808673262360844 242.047432420255 0 0 0 0.00161995355189444 17.5901287748033 0.026373675406731 0
223.20717387494 37771.1137758687 726.65666458731 0 0 1.62950785986424 2726.59574831789 8.20312312143165 0
1.50992104639922 622.506278125527 22.9756736199155 0 0 0.170928962007359 67.9107018194565 0.927710231747839 0
17.8624349105571 10939.0843724163 1853.83372283345 0 0 1.37808331108067 406.28710417895 4.77536308148286 0
1108.17108430383 170812.58587113 2003.84165283635 0 0 1.14003688203793 26884.9245880798 1.90404362807363 0
55.4982283549919 67017.7293639965 742.075647691059 0 0 1.69049855109727 1331.03620545507 14.8679798040596 0
0 4015.46671710196 63.7265118161855 0 0 0.0130175034143274 701.787905372945 1.06799226231993 0
37.644423500896 1379.95236300599 4.82709584308417 0 0 0.0791184014039435 40.3210433960337 0.403584742498618 0
1091.5320336 69353.016408 1874.06764570499 0 0 4094.39691046718 131710.516695193 992.72128566546 0
899.472177870905 100530.304154032 1756.03724450375 0 0 1.99236200592704 94.0694412620333 0 0
308.882651745341 32847.215452747 1708.07877643157 0 0 86.8407689825927 20763.3193394473 1784.75953097716 0
546.723501039999 223208.888805 1850.49446777159 0 0 276.703697673907 1073.91106731565 0.789470188572359 0
716.676953639999 141439.202883 0 0 0 63.4502213016848 2658.81713909496 14.8400849903339 0
137.013698921537 20441.2648014902 378.449368722463 0 0 0.157425427990681 430.922209743034 0.603557438057542 0
0 0 819.644842310815 0 0 4.54360884896354 31.2196854792894 0 0
0 0 3.61795865504965 0 0 0.0200557462350678 0.0835699628380115 2.33168690320877e-05 0
329.853320679999 67549.687704 3989.76036522728 0 0 293.427784754962 7664.25625054296 1.92710607817603 0
410.360227044185 44239.1405486886 5727.86298342001 0 0 305.269289715398 25435.3948400319 183.535839911206 0
83.9438278369415 6994.07041560845 375.294393193061 0 0 0.235381392533275 445.827298630912 0.124098504498579 0
907.216317399999 39814.116543 3942.61400936049 0 0 99.5161841124028 389.952196121885 7.1618288064719 0
0 20973.088521 825.061227668862 0 0 275.059546266277 1061.58908315265 680.409003582351 0
1853.21074652 185949.487926 624.689215234996 0 0 877.520504188185 32539.1011548447 1075.91359760561 0
397.834701719999 36395.305875 1933.00059053848 0 0 0 86573.365860528 2188.66655959839 0
9.25239168597395 880.178864563483 65.7095397293848 0 0 8.40074600520673 39.8747526615022 0.0606415477526666 0
2266.8439382 541421.266365 64838.0259058059 0 0 3200.21994484798 82634.1045721377 1001.94491487184 0
268.0955872 48868.329411 27810.456666924 0 0 702.549825230644 811.458303087626 0.339837597858003 0
950.303108199998 134225.888067 583.436153851553 0 0 0 1174.83291633866 0.464759145457722 0
62.4935588643519 2710.49425937731 69.3824352729497 0 0 27.5960574745146 108.641759894757 0.205134924409482 0
2.71925598721894 49.6327557002708 2.27044007705123 0 0 0.363846703114726 2.77257295228961 0.00030566515875612 0
291.55395108 102226.195908 26678.944126121 0 0 1236.8434453641 173401.789001154 5125.90365316239 0
102.699597209634 3096.61866870093 17157.379222498 0 0 49.4821294234116 372.091294812938 0.334754774822101 0
14778.3208247134 712560.385944075 164889.852151224 0 0 2438.92509949886 1228148.65831228 31218.1306978904 0
1437.75234987807 170811.497982341 43643.2024073745 0 0 593.099281759394 293033.342256935 19614.3284671043 0
43.0868940443174 5945.0989295052 144.129830009356 0 0 130.634432676532 481.758282334232 0.514180317191109 0
352.832942439999 9674.10711000001 441.997086251176 0 0 155.485894867276 7655.3723911652 9.82265777034587 0
0.637060388157156 8.67865290573702 0.779347618897881 0 0 0.302571106395582 1.20356454591741 0.000179107300713521 0
335.119483999999 80116.63461 30673.028831823 0 0 1528.57540006015 4.80337072956601 606.772170265838 0
83.3011288799999 8030.448135 0 0 0 94.0135148580238 645.97822176958 1595.98188573408 0
1007.7521626 39278.753334 0 0 0 0 30357.8342071495 3128.3147133145 0
2146.20092396 122757.84459 0 0 0 1258.16994271035 62973.1089944686 2422.2817509001 0
10.4045755216295 13380.8859880579 178.396958963829 0 0 68.4247825286922 308.590692432054 0.453479250875964 0
533.348081835739 14402.8624065625 2384.29176972046 0 0 187.683044196922 35173.8951877433 4137.61819239358 0
419.378097119999 56044.074879 26743.7703654378 0 0 1838.89409769885 106006.672872111 7624.0410820102 0
24.2663629501038 3033.81463569891 29.6537440414871 0 0 0.470739520021789 147.849946162415 0.495378838866042 0
0 4442.575401 9501.33477749508 0 0 27.5006148567601 361.899042212661 0.0127470966938486 0
177.61332652 37475.42463 57075.9082880504 0 0 0.425492161166025 1209.70471818223 0.326750578585654 0
384.908664479999 59622.555276 70.7195338001882 0 0 0.664182885722576 3225.20724474318 1.08715738669604 0
1220.31366388 69193.346679 294.664724167451 0 0 3559.65704245738 37357.414825497 6181.47560382528 0
16.2758105458255 1618.52209382411 43.2583608500105 0 0 10.4921239711255 42.1012580406844 0.0926752088498462 0
0 3832.073496 23452.6728907577 0 0 129.35123216876 883.867729402121 0 0
3334.91760791999 56570.045751 0 0 0 1598.03440090611 8298.24676215434 4741.87535527327 0
0 0 0 0 0 26.7673009426823 1134.55264644047 13467.104326455 0
0 2179.022184 1598.92149226665 0 0 38.7545380794307 904.869583499107 20.8852458923106 0
21.7145313087121 381.979152132098 237.77109944815 0 0 7.189160039739 180.10841498963 3.26130106169973 0
231.71118608 16953.168285 845.14081930431 0 0 0.21793500937772 1692.45234686017 3975.24881378274 0
0 0 621.86578194612 0 0 0.705694316080237 359.14463355271 8.44726761243061 0
0 648.707219858982 80.8774625840222 0 0 11.4595824011357 264.919464748905 6.25441963977106 0
0 0 0 0 0 0 0 0 0
1722.99288988 57415.356081 1308.31137530348 0 0 13708.8489177475 52333.8995116943 18254.9533325778 0
22.2459417795582 391.327165137863 243.589970236333 0 0 7.26941081537653 486.310387857857 3.34111349274554 0
22.9550817329105 64.0704198212734 39.361766292847 0 0 0.0802589034975229 85.0086548921426 0.0605889789775669 0
172.318765285215 2588.31452596973 115.612412438829 0 0 19.5682996734427 447.421199883335 10.6585755112005 0
0 544.755546 732.432445219908 0 0 21.8578471586846 1496.22425640012 3053.21094411045 0
84.1443658027472 645.201835657194 32.2409392917285 0 0 3.21967040284317 77.328261318605 0.159329131538057 0
134.52653572 1890.23269882077 111.972595183631 0 0 35.1135296716377 2349.03139571538 16.138623988023 0
58.16981316587 1023.26205419257 636.951368395101 0 0 19.0084228910899 805.686630188296 8.73651246437974 0
13.6805473923242 240.653773241995 627.156945461821 0 0 0.840606464742635 125.510717372072 0.159423689317733 0
20.10716904 0 371.277552450988 0 0 17.1591778336911 412.208130589021 7.81382432369322 0
23.6943421579586 459.047595669796 259.449753048002 0 0 7.74271140566283 517.973338196089 4.57598687944673 0
398.792185959999 375.69348 748.448399385325 0 0 48.4090631019038 1139.89032674278 26.4081437267809 0
77.8309788122374 0 0 0 0 13.0162974541924 284.737003429071 3921.58991024996 0
0 82.3332133080164 40.8650490884889 0 0 4.82749379242129 329.860212632017 2.69554291575065 0
119.30819516888 2136.31339110699 1430.16733706762 0 0 39.0699218159521 2612.32322570979 17.9188736814981 0
0 29.8399626982037 194.478717950518 0 0 0.176423579020059 20.6817242387511 0.26326878031325 0
462.943630039999 17009.522307 648.262393168392 0 0 1.23496505314041 1524.37680812956 0.598433699453879 0
0 0 0 0 0 13.0058980980213 315.006118095049 9.85180096266334 0
148.88879932 0 1060.79300700282 0 0 27.6695206901749 638.585356049589 0.989854548599659 0
0 0.874341189818182 1.08964410873957 0 0 0.0227413226535202 1.52517105627973 0.0125230766939031 0
0 733.013157762355 70.7195338001882 0 0 14.2912330614061 340.679162196938 10.2719454964657 0
54.5766016799999 10457.8666240793 487.867885787524 0 0 14.7461532932474 347.924439212522 0.401533545856231 0
0 3728.757789 373.754956685284 0 0 11.1539006379966 778.420450884599 6.55542725452201 0
62.2364755999999 0 424.317202801129 0 0 50.8045511828195 1254.25083046999 829.084595909765 0
0 0 177.977185831653 0 0 5.45663052786548 133.817371750406 2.44115952888411 0
349.481747599999 761.793985982073 88.3994172502352 0 0 1601.23078104365 953.410609998333 6.50412338320659 0
0 928.791531268757 82.2799159247618 0 0 21.7649982801705 1451.34872020189 166.57998750887 0
6.23294744376654 1988.11084318584 68.2499081116387 0 0 2.03676949298794 136.256181865093 0.951421630909901 0
86.2298566978874 1516.86477049202 1150.47025156123 0 0 28.6343607608234 1885.0393240807 12.9508447224098 0
37.8374726384719 665.596945740488 414.315065873847 0 0 12.6341528364461 836.305794610192 5.74653783980533 0
92.7324360554331 0 1015.40728473192 0 0 32.0149599082196 2057.73926832683 19.6830324894716 0
19.6621874213064 345.876481213283 215.298219162755 0 0 6.61190671247358 272.333030887191 3.75272432421335 0
302.56501984 1916.036748 842.741111118909 0 0 14.145019894373 1176.26938759162 20.9576435315135 0
0 103.315707 406.637319351082 0 0 1435.27279747649 733.972883649967 16.3731042811014 0
266.65936084 0 2020.97265269722 0 0 252.655468999305 1423.26731386577 15.5046702846997 0
6.67535320520987 117.42577913645 0 0 0 2.296829675502 154.064927346793 1.00256994663464 0
37.0102523981401 651.045358992598 0 0 0 12.0940138983047 809.067576316119 5.55856231589039 0
0.109691551963375 21.4953300827206 4.98940878232747 0 0 0.0771195122419518 1.90265314207935 0.0469924126676352 0
0 103.315707 111.972595183631 0 0 19.0828521261162 1257.44830282844 8.58946887220664 0
0 553.604986971921 344.603273968132 0 0 10.2839323161281 692.858889263411 6.11843931789455 0
0 1042.07030109273 0 0 0 18.8404714005064 1260.39333680587 8.65931982723662 0
108.483651834158 1908.33008360534 1187.8809080447 0 0 35.7402921330048 2371.52139129411 19.6155007345215 0
0 0 46.4421722498808 0 0 9.86435092850083 640.466172656945 2063.2132167833 0
349.481747599999 6875.190684 206.265306917216 0 0 1477.81729859032 1079.49449089285 20.2436564636356 0
482.093314839999 0 1178.6588966698 0 0 7783.53848206769 22066.1765394313 13094.9735456689 0
0 0 299.915492890415 0 0 0.0622671455364915 598.76036575156 6.69169373316094 0
54.008708255242 0 751.807426563338 0 0 16.8962330969496 407.520942541078 1056.29853577823 0
15.5647163729593 420.467795432768 170.431480743604 0 0 5.12099688363653 344.523291593094 2.89920175005229 0
0 140.885055 64.8262393168392 0 0 10.7558036099253 254.252493454167 5.9622186024787 0
0 1183.434462 893.887713778328 0 0 19.3993222263997 435.045717343856 10.205105917785 0
73.1592533435295 1286.94049001034 801.083654765215 0 0 23.9065926167719 1599.30764997217 10.9877734504307 0
0 0 39.0475288754125 0 0 1.16528824419682 80.0641083841376 0.54117768872791 0
42.6080486799999 10510.025103 801.488049735466 0 0 550.649123694373 714.495537385996 1104.76585631834 0
707.102111239999 190119.685554 707.195338001882 0 0 25771.5101753739 78503.4995979792 57929.0666262281 0
487.359478159999 11890.698642 860.420994568956 0 0 3738.58168515649 19.4960341376502 14826.9492771522 0
0 197.239077 825.061227668862 0 0 14.5302691860976 348.796441436285 7.69709512536808 0
14.5705944863522 256.310543793521 395.277763605016 0 0 0.63304931295433 142.802523476404 0.13307968948378 0
26.4664536522967 419.182447619677 289.803988579542 0 0 8.64856729066241 578.573452561019 3.97499131657663 0
28.24578508 46.961685 363.808414007947 0 0 10.8570677887455 741.779329659615 4.99004618144581 0
72.7063764398034 1278.97395675912 0 0 0 23.7586039051857 1589.40747380138 10.9197559599335 0
0.471201402720696 8.2888785272788 5.15958986144268 0 0 0.153976694136006 25.0499349857358 0.0707696432918568 0
0 0 0 0 0 0 0 0 0
0 0 0 0 0 0 0 0 0
0 0 0 0 0 0 0 0 0
0 0 82.8234088885691 0 0 0.0462731606168527 167.807866211319 1.13601725343741 0
0 0 0 0 0 0 0 0 0
0 0 0 0 0 0 0 0 0
0 0 0 0 0 0 0 0 0
0 0 0 0 0 0 0 0 0
0 0 0 0 0 0 0 0 0
0 0 0 0 0 0 0 0 0
0 0 0 0 0 0 0 0 0
0 0 0 0 0 0 0 0 0
0 0 0 0 0 0 0 0 0
0 0 0 0 0 0 0 0 0
0 0 0 0 0 0 0 0 0
0 0 0 0 0 0 0 0 0
0 0 0 0 0 0 0 0 0
0 0 0 0 0 0 0 0 0
0 0 0 0 0 0 0 0 0
0 0 0 0 0 0 0 0 0
0 0 0 0 0 0 0 0 0
0 0 0 0 0 0 0 0 0
0 0 0 0 0 0 0 0 0
52.10354767216 766.942604230652 362.699236119913 0 0 17.1082926365195 1146.55810494367 119.686915059484 0
1.91793019805712 16.0329048915425 0 0 0 0.677970573240916 14.9971973443218 0.619538409440031 0
0 0 0 0 0 0 0 0 0
0 0 0 0 0 0 0 0 0
0 0 0 0 0 0 0 0 0
0 4489.537086 836.84781663556 0 0 185.24933396628 4186.27653529352 0.828561285100159 0
460.549919439999 0 111.972595183631 0 0 0.176423579020059 2929.1056595292 4696.7197000224 0
42.1293065599999 328.731795 276.984840717404 0 0 237.774518146166 5705.48831299915 5910.0207409685 0
685.558715839999 197.239077 312.344607617498 0 0 5009.60979342012 103967.727518139 17594.2533800196 0
0 5860.818288 241.62507381731 0 0 233.322009937846 806.138251700829 0.279501340173787 0
203.465401 0 224.488062306335 0 0 121.766132411145 11275.219744361 2761.54598434882 0
0 388.16343665045 21.287474385825 0 0 28.147286084791 41.4119546620142 0.00516721033223869 0
0 370.868707669056 142.127914204044 0 0 49.6480936909312 1156.64460651403 0.25341228227371 0
57.4490543999999 84.531033 0 0 0 3952.99860081139 4300.83709538155 4340.72022822754 0
0.223627128682109 0.264656170484062 0.520955803048385 0 0 0.00131330545134674 0.900349128891173 0.00235437879174309 0
0 0.166748193457414 0 0 0 0.0956504965055857 0.370105977423929 0 0
