1187.76780492837 604.098715053452 1390.14131837785 1235.80467160522 1129.56115056673 0
1004.85009487051 1004.82055306119 896.13484474381 881.445140175711 621.070765658373 0
52.604249055149 43.8038582989163 58.5062447540709 59.0176623383583 43.8929017465718 0
2.80152529514774 1.74964849783 1.23833246559785 1.06294459834521 2.37292491310308 0
36.3672943373096 35.9395563802131 31.9311416484207 33.7612299901134 24.0461932891486 0
0.147254991826414 0.41695181535095 0.329968301733472 0.766338980137481 0.435129139850385 0
1.30743606096422 1.15961088240284 0.649620036051508 0.873215667237829 0.225314310938288 0
33.5872725763599 20.443004721019 16.7160850743849 0 0 0
5.55775122710552 10.845978462774 9.32944168654787 7.74191827635248 9.64738006160935 0
403.424190313141 437.321461765967 332.233021952424 290.418926325917 228.360457481084 0
127.88497075132 125.498411811914 167.863419438603 184.879784384372 148.724602178576 0
124.313997967218 87.5288341121773 170.919563535552 155.509691100935 207.313757235808 0
0 0 0 0 0 0
0 0 0 0 0 0
0 0 0 0 0 0
0 0 0 0 0 0
0 0 0 0 0 0
0 0 0 0 0 0
9.26467982915812 5.24362486461564 5.21747052523165 3.79863545823086 2.8449771861912 0
1.68448724166511 0.953386339021025 0.948631004587568 0.690660992405613 0.517268579307494 0
0 0 0 0 0 0
0 0 0 0 0 0
