11714.2363322033 6145.99898201967 14303.8862164625 12157.1695871284 11418.8446577449 11252.6047518401
11209.4657635064 11792.151204799 10597.333169124 9984.4389273962 7261.85564698687 5378.71971161569
456.242691333293 375.011751523506 497.44919936743 514.163037787639 637.464878728003 1123.75690837408
32.3068709474652 20.6878175989802 14.630477884127 12.7655227306794 29.3072013359045 25.8219226167948
331.715543223678 340.629700634136 309.653884886975 333.709800358894 247.459199568271 240.257008351877
1.96503782820816 5.43422008817738 4.4894066057116 10.1266766404654 6.05525415977569 14.8891417455831
43.8846870355339 42.3419662099696 23.8501520159325 34.0029287156306 9.10810260706758 15.7882593768764
113.236495551515 78.5495779736992 67.5574382318823 0 0 0
57.400635301178 115.995684946178 96.7384998689691 84.8837098911919 113.87316620693 158.243594166977
0 0 0 0 0 0
299.278557760797 302.463981143816 406.736738662146 455.782481110694 380.287413923059 373.88560621837
0 0 0 0 0 0
0 0 0 0 0 0
0 0 0 0 0 0
0 0 0 0 0 0
0 0 0 0 0 0
0 0 0 0 0 0
0 0 0 0 0 0
91.3719403831629 53.3477596905155 53.6852647598056 37.368895365484 28.7601539125585 28.341452597011
16.613080069666 9.6995926710028 9.76095722905555 6.7943446119062 5.22911889319244 5.15299138127471
0 0 0 0 0 0
0 0 0 0 0 0
