12514.702026926 11164.2412381602 13507.943253356 14317.9144735121 14766.5690458432 0
6021.92504191867 6104.93974232135 5051.19950662813 4863.80669720973 4291.79719104137 0
2073.32974587885 1737.07847972352 1768.85395665912 1943.28380619122 1021.92063530475 0
279.020829891531 209.6500028507 139.901754668299 129.653710992165 96.4696858463693 0
621.974586197195 513.458611477337 407.094197074554 518.201283340123 325.892212352723 0
70.104632960378 19.3156970603337 24.2664779305413 52.7495995519218 54.1239560662836 0
22.5243068038871 26.020567192991 20.8720375243927 42.711498193027 21.110370221387 0
532.134346667354 427.148894116679 393.994944714191 325.005914178044 287.367414799757 0
36.1808666531932 68.9573578593212 46.7620968332278 46.1164679507481 71.3064155235494 0
3697.33210170125 3702.31123220939 2557.91444333907 2143.04616130045 2152.98154647223 0
9995.94288112195 9822.91747750136 9448.69760021629 9166.69780084141 8181.25757956038 0
3250.36882748811 2727.52081580767 3381.27019305704 4294.31170899152 5656.05632655589 0
0 0 0 0 0 0
0 0 0 0 0 0
0 0 0 0 0 0
64.728983027987 51.7511633688205 14.1077096805533 8.99374809328187 14.1007142640869 0
0 0 0 0 0 0
0 0 0 0 0 0
97.6156340959066 96.9065013584813 50.6979361372599 44.0106263203822 37.1919236357088 0
17.7482971083467 17.6193638833603 9.21780657041088 8.00193205825134 6.76216793376527 0
0 0 0 0 0 0
0 0 0 0 0 0
