258277.18522403 701548.95432835 2805366.00027323 2426431.98249923 58454.1384766637 23543.930479317
132092.191545129 489787.7715637 1177402.07010085 1397375.76362537 29895.5374225852 12041.208254231
266444.131919594 747709.480080817 2837554.11435591 2874341.43211723 60302.5086014192 24288.4098070666
277391.480978644 1891758.09013369 4281258.36086611 2792557.16856816 62780.1484955314 25286.3439643384
345050.878979341 1050465.55511661 3456418.21382696 3689177.98403485 78093.0450510282 31454.0128640095
246721.530145731 802942.356699704 2170709.46153247 2641769.62764351 55838.8247719338 22490.5446002256
92850.618497473 498093.59381555 1052475.41855657 921176.216370603 21014.2560853268 8464.04030990923
204512.169210362 425443.922581378 2217020.08186902 2281445.50743251 46285.8639597451 18642.8402101661
25964.7440871908 8630.79209356511 13950.0610168876 179907.785651629 5876.42592227916 2366.8839706915
28648.0871864761 38694.1835581121 128790.764493532 152111.294682506 6483.72892107082 2611.49110982742
68471.1960429487 271807.167458803 741799.415690202 607093.350751799 15496.6253472431 6241.67046761232
32840.9868226004 135998.972493726 414830.69196884 301808.986936188 7432.67969942227 2993.70581243089
76965.111849718 98708.307426692 691695.29585326 601648.354551561 17418.9961921451 7015.95551752211
38458.2424095986 60348.3018944988 265199.192231569 194678.268822079 8703.99538166648 3505.76139686094
202114.608445014 504483.760110288 2113248.49250877 2018791.619865 45743.2401547727 18424.2843050817
