169480.907677078 1486015.32726237 167578.246392359 0 0 167143.686556066 326330.830167312 15771.4452400139 0
119712.280612475 624607.249627456 118368.342084245 0 0 118061.392175974 230502.706463703 11140.1083704025 0
230753.952358975 1455063.25102733 228163.415067979 0 0 227571.747244533 444310.393836046 21473.3528007803 0
281093.570739142 2236059.06404734 277937.900511981 0 0 277217.158702431 541237.945626158 26157.8246127835 0
315235.067061985 1835127.50006252 311696.11057476 0 0 310887.827795219 606976.458541231 29334.9420064065 0
252962.509316975 1149347.11855241 250122.649774331 0 0 249474.037797067 487072.359937447 23540.022402233 0
71964.9405441008 567039.378369067 71157.032986211 0 0 70972.5102974298 138566.515323625 6696.86712532075 0
137945.046188028 1138813.77645203 136396.419251826 0 0 136042.719371937 265609.395518335 12836.8013359414 0
2096.97395423605 6446.27245259883 2073.43247565611 0 0 2068.05570094589 4037.66572119695 195.138852760831 0
11349.7045707776 62967.4551426535 11222.2881922852 0 0 11193.1868272533 21853.5442457777 1056.17350403514 0
52436.5923344026 382008.099233518 51847.9179196575 0 0 51713.467158844 100965.217511311 4879.61066476407 0
26798.7483525166 207294.178842978 26497.8947539131 0 0 26429.1810571519 51600.2534868676 2493.82067830283 0
37281.3920366966 361938.261288313 36862.8560361472 0 0 36767.2641736639 71784.2958235094 3469.30778833548 0
16081.2524898102 134773.613751242 15900.7178387895 0 0 15859.484483687 30964.0097345294 1496.47884537605 0
174876.942565685 1091413.73700031 172913.703208697 0 0 172465.307595443 336720.747054978 16273.5859821501 0
