1237.3859300188 10431.2891944657 2506.99805709474 35729.0710191689 1242862.77578141 622.00222388126 321848.241812562 857566.901663484 13654.7358586438 699.258457652249 224.727389878442 2790.2625417295 41.1086688802027 858.542320532154 3400.97034951112 0 706.243182180708 1174.2733168243 109.77271669408
923.094540776169 7510.14141414141 1870.22994532147 26654.0208714816 927180.288239017 464.015989907614 240099.994486821 639748.122288627 10186.4841203287 521.649429810913 167.647474993121 2008.88556345346 30.667221035327 618.118634908759 2537.13662553738 0 526.860060483713 876.01229482476 81.8908580162493
1740.06377540747 13756.929038282 3525.44537507485 50243.7119262154 1747765.54466459 874.68550574373 452596.439938601 1205946.39422672 19201.8598676183 983.326448353499 316.021041602927 3679.83698554868 57.8087271224867 1132.25753401498 4782.58655028451 0 993.148659709166 1651.3121827743 154.366978978445
2067.49629958919 16077.5098039216 4188.83800144868 59698.2075905523 2076647.33167459 1039.27745177385 537762.740656546 1432872.60088086 22815.1259641242 1168.36165547034 375.487578869558 4300.56846606956 68.6867522322362 1323.25183571371 5682.53884422298 0 1180.0321390001 1962.04407884587 183.414632456193
2256.37181244558 17300.2744249215 4571.50805795767 65151.9196854726 2266358.83436014 1134.22033594872 586889.896751936 1563772.25347178 24899.3950475626 1275.09698888909 409.790135563024 4627.6454223041 74.9616101639678 1423.89089917049 6201.66549936727 0 1287.83362598943 2141.2860352704 200.170421947769
1829.99587047647 11201.7199728376 3707.65173619374 52840.468632164 1838095.69195146 919.89206723289 475988.080313918 1268273.58435992 20194.2737730867 1034.14792334023 332.35402592161 2996.34484870142 60.796468156392 921.952261138899 5029.76601255172 0 1044.47777818455 1736.65730995222 162.345161172228
528.751813334658 4273.95042865631 1071.27431834882 15267.5172974217 531092.143912274 265.789997927655 137530.124877352 366449.984042943 5834.85408287615 298.802635866083 96.0290658084218 1143.23776898214 17.5662925259308 351.76546737912 1453.28082029678 0 301.787303519457 501.782936558783 46.9073727109412
970.025871757793 8018.46031746032 1965.31487616921 28009.1460729142 974319.343953067 487.607168320184 252306.991508462 672273.751620976 10704.3782651562 548.170767512951 176.170891381783 2144.85564047292 32.2263825698383 659.955581683977 2666.12796224118 0 553.646313448408 920.549902985484 86.0542960956234
8.27773765287631 57.3846872082166 16.7710588179919 239.016679681473 8314.37609468198 4.16100676748157 2153.06740211876 5736.86322071921 91.3460533331416 4.6778276070363 1.50335827465011 15.3498134507575 0.275004562435996 4.72301952331001 22.7514630928738 0 4.72455330176221 7.85553335756517 0.734346276446915
68.9569961586436 450.806977336389 139.709892604147 1991.10831410803 69262.2096114974 34.6629163321714 17935.9466080221 47790.45575772 760.950601836477 38.9682487964709 12.5235994564398 120.586228505619 2.29090233959264 37.1034549248057 189.529146596435 0 39.3574932599754 65.4398588451873 6.11740979088273
369.681589992077 2650.89262371615 748.991083032397 10674.4221530832 371317.853182521 185.829469630011 96155.4248217567 256206.805039975 4079.49075602353 208.910552616646 67.139585790966 709.086504286214 12.2816315471279 218.180462857297 1016.07436760177 0 210.997309873777 350.826057026754 32.7957118799635
201.138157037998 1438.94329853153 407.514710381599 5807.79150880289 202028.423070889 101.107001421223 52316.7110871505 139398.244276754 2219.58916682247 113.665069283008 36.5296322994577 384.902528413785 6.68224981087641 118.431547204241 552.830682526953 0 114.800442318202 190.879146978299 17.8436503868813
254.67175360928 2485.86393345217 515.976120308459 7353.55474030966 255798.966939231 128.016969695385 66240.9795925377 176499.555543352 2810.34028416624 143.917409529388 46.2521167211829 664.94302746663 8.46075305875297 204.597854605117 699.968426883602 0 145.354965914172 241.682273539095 22.5927979143187
104.295871783943 787.862490450726 211.30800147483 3011.50556150093 104757.500116365 52.4268642607416 27127.7070052512 72281.965918821 1150.92029560663 58.9385806593326 18.9416563357448 210.745110614392 3.46493713458745 64.8446494198128 286.658478093583 0 59.5273039639974 98.9762824351428 9.2524417063049
1250.75348010156 9749.79831932773 2534.08129868704 36115.0541911709 1256289.49253825 628.721749033124 325325.186545087 866831.245332829 13802.2487412693 706.812586260548 227.155132562669 2607.9707438531 41.5527681517077 802.452536570184 3437.71122426504 0 713.872767162548 1186.95905778247 110.958597551887
