232381.597157837 753806.215755824 6871.33640883749 1773.17614185894 28653.7909002012 254266.510432716
160859.37296153 519072.960744298 3514.24723906559 906.865708523648 17125.7717329364 189683.769621561
311553.347294428 976778.291535145 7088.61397491282 1829.24549626144 24309.8933449858 357560.186656166
382067.418638976 1138060.66476413 7379.86276680457 1904.40342455957 25134.2510590423 424843.257609297
381150.058751994 1250630.90299086 9179.9074919279 2368.91224365371 24205.9827087601 463654.687733974
265531.047074184 888226.255185801 6563.90393702 1693.84194952361 10131.2870319988 376040.047655353
95509.6432780516 312752.765488456 2470.24465173475 637.456619847222 19192.2945108736 108651.533203979
180907.222929969 632223.975475025 5440.94482494284 1404.0578104066 43026.3637341428 199327.539983875
1180.54815630731 20376.6234678955 690.77913807101 178.258349474207 11490.3515616331 1700.96605772977
12755.6157939185 36911.1821822406 762.168150304237 196.680572714511 3025.09839711861 14169.754445902
65983.9809787432 197436.37161838 1821.64220939012 470.082137230163 7601.49600088899 75964.6974950452
36916.0979541262 110008.764669391 873.718165468418 225.466505136439 3270.15431421738 41331.2419870027
53293.0979275027 173782.721816546 2047.6186264942 528.396265311038 7006.17464751299 52331.6909664781
19354.1162563494 57931.6577392934 1023.16246423297 264.03121065214 896.662198430317 21431.4279221182
219569.657193373 694911.687007597 5377.15890995758 1387.59759715128 6929.97351428086 257013.365904499
