2157.34367291267 12555.2030968498 2570.65406255036 28274.1718535058 900431.108576794 516.677995151425 185524.496882274 766989.670361681 19725.7997925225 460.319912207153 147.937420344842 3358.38765965117 27.0617232338126 1033.35004912344 1282.19724839568 0 513.615152498908 1468.38633523835 96.8196124409401
1523.83259382437 5277.24763733403 1815.77302547838 19971.3681110408 636016.546167734 364.953799160141 131044.616975833 541760.626041455 13933.2536769707 325.145453000815 104.495109332028 1411.60945031569 19.1149590241514 434.341369327904 905.675800916467 0 362.79037034615 1037.18984882067 68.3882141781127
2937.29592285253 12293.6919291851 3500.03191044616 38496.2353240675 1225967.2194284 703.4744568708 252597.838315597 1044282.21609296 26857.3394369545 626.74103264614 201.42177024097 3288.43611274499 36.8454457757872 1011.82649622923 1745.75465063503 0 699.304293651776 1999.25735051977 131.823156618796
3578.07522181766 18892.2517625618 4263.57363482006 46894.2964427431 1493415.38810207 856.939371933148 307702.761349291 1272095.29449057 32716.3429519177 763.46633717101 245.36249127189 5053.48298175522 44.8833825497361 1554.91784054007 2126.59589733947 0 851.859475975496 2435.40091833327 160.580745947259
4012.66659901394 15504.818859672 4781.42533520799 52590.0562047052 1674804.93695334 961.022835453223 345076.19777301 1426603.40616653 36690.0549783175 856.196608712255 275.164107052341 4147.37953036493 50.3348976315259 1276.11677857382 2384.89126075981 0 955.325937659838 2731.20359812877 180.084809782164
3219.99142227215 9710.72521088258 3836.88706392599 42201.2459040515 1343958.53677303 771.179267055845 276908.72626508 1144787.54152396 29442.1824982688 687.060753193263 220.807296734656 2597.51908933073 40.3915786709737 799.236642870995 1913.772104711 0 766.607752932851 2191.6727795463 144.510272276939
916.05072973863 4790.86213225722 1091.55048380655 12005.7717666238 382340.831666149 219.39168081613 78777.365371715 325678.961613109 8375.96416440314 195.460925760276 62.8171503521168 1281.50633167374 11.4909421375823 394.309640514998 544.446274281339 0 218.0911373366 623.505837675486 41.1115195706348
1755.919747435 9621.72999869826 2092.32413404116 23013.1051085207 732884.975447664 420.538046924448 151003.352779997 624273.41789657 16055.356327569 374.666695033713 120.410225329275 2573.71378566003 22.0262607309649 791.911934049239 1043.61465297973 0 418.045117325716 1195.1589333134 78.8040735273853
26.6926437581598 54.463946888831 31.8065007345265 349.834106785437 11140.9633577553 6.39281623758954 2295.48002289519 9489.90292747923 244.065770937508 5.69550210548688 1.830418078189 14.5685454640906 0.334832575278476 4.48262937356634 15.8645258096084 0 6.3549199261036 18.1682287518655 1.19794145742199
144.47180913055 532.006079146056 172.150152860916 1893.4492499422 60299.5771544748 34.6006089037689 12424.1028627719 51363.3440294616 1320.98655321113 30.8264516824043 9.90699211427455 142.306152857998 1.81225465505022 43.7865085716918 85.8654828453169 0 34.3954981350735 98.334091604444 6.48376276079193
667.471942723283 3227.55033715178 795.348225108427 8747.89522546109 278589.132031427 159.857731299937 57400.4030565897 237302.981325092 6103.06928590071 142.420806630357 45.7711391091094 863.33650993772 8.37276934922733 265.64200305776 396.705772514046 0 158.910102249823 454.311796565359 29.9555307858849
341.124619832916 1751.4089312679 406.478300522927 4470.78332753342 142378.43671161 81.6984270448213 29335.6011206196 121278.340119383 3119.09318835583 72.7869449011717 23.3922378283209 468.483870503759 4.27906789542456 144.148883231926 202.744261102942 0 81.2141226437348 232.184948863411 15.3093611838371
474.559502483844 3057.9821726113 565.477039332784 6219.5824876742 198071.426575378 113.655721803642 40810.5644197846 168717.78054985 4339.16294986828 101.258409248027 32.542385100287 817.978770451582 5.95287532322322 251.685775523564 282.050048828468 0 112.981976074756 323.006805755698 21.2977967708861
204.700274425633 1138.68952876855 243.917368690254 2682.80423292781 85437.7062594735 49.025164013107 17603.5538061516 72776.0708578662 1871.68909687108 43.6776085032242 14.0370915040736 304.58773403274 2.56776064098908 93.7193027793045 121.661713852029 0 48.7345451657881 139.328327498383 9.18676124035715
2226.03047595915 9221.25154386878 2652.50008991819 29174.3819117307 929099.57479675 533.128299355158 191431.337195966 791409.547958507 20353.8416489477 474.975853930826 152.647540749864 2466.58991914186 27.9233306249751 758.95074435134 1323.02061417327 0 529.967940079455 1515.13770094379 99.9022133887011
