1130.21277708737 7740.80884894879 2561.01755314435 34540.815236442 1253259.14103664 1075.56715172831 491185.460532251 934030.680939538 24493.0242358557 530.858207748021 170.606988184745 2070.58672914268 31.2085953996485 637.103608966979 2728.21473340047 0 922.561225589371 1076.9449258858 112.41177231986
797.986344649667 4836.23814577709 1808.20556734805 24387.530782283 884863.187825467 759.403819557578 346801.326388556 659472.042772669 17293.2913833757 374.812255989359 120.457005648158 1293.64394845889 22.0348181063703 398.044291833505 1926.25507927461 0 651.374037746051 760.376596530179 79.368293393644
1556.39522037233 10162.1821541968 3526.73015188835 47565.5211404554 1725840.10421833 1481.14373512344 676402.460303879 1286236.46535101 33728.8930243642 731.03507054988 234.939744405605 2718.27917704852 42.9767825132205 836.393592938007 3756.97431253303 0 1270.44208941653 1483.04104256585 154.800183380592
1803.41675662475 11149.1122783814 4086.47120523005 55114.829922033 1999754.89674002 1716.22181559538 783756.924441341 1490380.0552927 39082.1367647162 847.060488655717 272.227944619905 2982.27283166581 49.7977947475436 917.622409743327 4353.25831173521 0 1472.07889254956 1718.42025207818 179.369122304525
2053.00518120311 12066.918018655 4652.0287262254 62742.5862465831 2276516.03494433 1953.74267571157 892226.946861342 1696644.97362455 44491.007957927 964.291567999704 309.903619737314 3227.77642474311 56.6896865373136 993.161976844033 4955.73850929207 0 1675.81097516264 1956.24537037332 204.193365779881
1650.93569194611 7871.76364768938 3740.95512977875 50454.8044924021 1830673.20520582 1571.11318848222 717489.329971529 1364366.62175215 35777.6949035052 775.440501382687 249.21074314474 2105.6157905342 45.5873310630621 647.88178170283 3985.18506424201 0 1347.61284442044 1573.12574450544 164.203246397585
459.765240706156 2809.07581565822 1041.80989247751 14051.041143151 509819.922697046 437.535657386903 199811.934594256 379959.286919212 9963.64703329607 215.950621523755 69.4021201840012 751.398880731622 12.6955097897563 231.19965560973 1109.82491883737 0 375.293566440076 438.096129432521 45.728580145799
850.70628180547 5771.77384166422 1927.66686454257 25998.7226264137 943322.749153076 809.574755327825 369713.177268386 703040.864324682 18435.7936844005 399.574682957529 128.415144042788 1543.89012225586 23.4905751297783 475.043114540265 2053.51546086671 0 694.407854759511 810.611799992731 84.6118561036215
11.1679387473116 22.2185519714108 25.3061084993334 341.307156194865 12383.7932160658 10.6279705137271 4853.53665079842 9229.41028832142 242.022210284489 5.24555381767659 1.68581388614337 5.94323406642676 0.308380588928665 1.82868740505439 26.9582291492482 0 9.11607749169017 10.6415846735653 1.11077118680272
76.540660820507 349.773871186301 173.438117020537 2339.18504291686 84873.6492623012 72.8399308688325 33264.2317417874 63254.7490128167 1658.72506355515 35.9509632582064 11.5539054954847 93.5609120457183 2.11351929795452 28.7879729371441 184.761102323454 0 62.4780105883801 72.9332369671299 7.61278894717478
329.075083385247 1951.52948148892 745.671153199947 10056.9750090941 364901.516511586 313.164350392107 143014.57182144 271954.299620164 7131.43945650864 154.565770730902 49.6742825786163 522.014058834484 9.08675900828346 160.61971041061 794.352629068901 0 268.61482934319 313.565505957638 32.7300434923163
172.589672918142 1092.7487833212 391.081388208934 5274.57141242588 191379.525712497 164.244987033921 75006.7064308677 142631.593790947 3740.2187688378 81.064951926357 26.0526202546003 292.299057266989 4.76572321730494 89.9381714667658 416.613312142413 0 140.880145225186 164.455380683698 17.1658924851577
228.429366654701 1817.99373984256 517.611930705601 6981.10719340021 253298.491792826 217.384839602556 99274.3896848598 188778.645232555 4950.32982026024 107.29272101474 34.4816896853172 486.294621768586 6.30762616194826 149.629114390334 551.404457888654 0 186.460532683637 217.663304051525 22.7197484191713
97.423284616753 515.51529170031 220.757318486052 2977.3859771313 108029.766138735 92.7128828053915 42339.7274311163 80512.5713624078 2111.27578773633 45.759481146422 14.706162861088 137.895036874568 2.69015174288195 42.4292421152518 235.169559091921 0 79.5239150353594 92.831645649525 9.689789667052
1129.97583354959 7708.4909551722 2560.48064843785 34533.573924783 1252996.40143516 1075.34166437653 491082.485921555 933834.866011214 24487.8893940534 530.746915941423 170.571221270612 2061.94202504606 31.2020526714534 634.443700014172 2727.64277662927 0 922.367815175828 1076.71914969047 112.388205745883
