135746.158873758 1160033.7654257 174803.626512464 0 0 299716.358379687 314910.425220387 11615.1159434106 0
101267.143215211 835181.295534217 130404.160437706 0 0 223589.526508839 234924.357310272 8664.92002028955 0
190891.918177335 1529868.63804324 245816.160443634 0 0 421473.661095866 442840.192482092 16333.6611561273 0
226812.568614448 1787933.77202184 292072.054644907 0 0 500783.504033327 526170.633631915 19407.2105151025 0
247532.963726081 1923913.9199292 318754.210798239 0 0 546532.432905948 574238.796219168 21180.1504908017 0
200757.82675842 1245711.16350884 258520.730599596 0 0 443256.776114095 465727.598595324 17177.8373229311 0
58006.1773101168 475293.774007088 74695.9636873641 0 0 128072.870504445 134565.501622229 4963.29679219589 0
106415.696917847 891709.983452 137034.078116276 0 0 234957.109794282 246868.218184267 9105.45586081091 0
908.100749558034 6381.58654591237 1169.38339602711 0 0 2005.01179523256 2106.65550730036 77.7016129364206 0
7564.85679117602 50132.9515125666 9741.4498658101 0 0 16702.5818478126 17549.3162282111 647.286740588519 0
40555.5410242991 294798.168730684 52224.3554074733 0 0 89543.300294965 94082.6817860977 3470.1336306912 0
22065.6559594468 160020.758864131 28414.4812279717 0 0 48719.1542235449 51188.9629777175 1888.04717910827 0
27938.5044612384 276445.801213947 35977.0909149698 0 0 61685.9208773956 64813.0775331356 2390.55728202642 0
11441.6720261601 87615.9288077371 14733.7190247792 0 0 25262.2711530614 26542.9374420907 979.006317916653 0
137212.63229427 1084247.11899575 176692.039961628 0 0 302954.211125599 318312.420328456 11740.5946969052 0
