330084.347726265 473061.16922299 8665.72663192747 1572.96207508295 36803.5158087111 280043.986995008
153539.281457176 274671.974388157 4431.96258759516 804.469072771006 21618.2240203499 194935.840235243
347774.216526876 565731.864497237 8939.74435989634 1622.7004885251 31511.1238906968 377449.532892486
564286.516616094 592822.054908915 9307.05026114241 1689.37213386475 28343.6867651447 462923.920421524
419690.333301864 745303.777891626 11577.1611369685 2101.43201823172 28232.4813454823 514605.66552537
278153.748630238 547317.201154819 8278.01082236215 1502.58571886265 10503.7079635656 410764.238635517
141703.556777234 176414.257485147 3115.32773135405 565.479685779587 23341.086310191 118480.031164522
244906.789570671 397828.241357187 6861.80062610732 1245.52188294066 53945.0369252195 227457.559015051
2183.3481823245 16113.3802232263 871.170150520195 158.130721855898 14421.0969094015 3384.27338715537
15927.9972153047 24359.5482042753 961.201787414122 174.472842535084 3745.37662182632 18506.8529818267
93844.0356353452 114035.78442216 2297.34835678433 417.003904226797 9172.52978731316 86118.8123909276
49014.59601825 56005.81453116 1101.88212667926 200.008478237989 3812.20943561348 44094.2162161701
74279.6092388231 116143.799589356 2582.33656568178 468.733627939741 8211.12332668638 61839.2794633339
30619.1129154405 40546.2511327054 1290.35251478718 234.218739576914 1034.81299380283 26529.9832300815
245555.519633339 418500.288415614 6781.35756971458 1230.92023644475 7261.22087499018 285973.820201725
