2156.63241772486 12527.0265725072 2072.33089658941 36290.7346320186 666831.611291856 776.179450424718 194793.622784948 744479.095651346 18251.6345088832 1128.5352704669 362.688191958791 3350.85072927146 66.3454009680716 1031.03099362199 3104.16445677454 0 544.55475316874 1468.38633523835 96.8196124409401
1523.33020106641 5265.4043803697 1463.78409942849 25633.8408110182 471014.311088898 548.251796904012 137591.833510733 525860.355778528 12891.9818869915 797.137169200335 256.183609149236 1408.44150092194 46.8628553321773 433.366615668288 2192.6163342523 0 384.644455317668 1037.18984882067 68.3882141781127
2936.32752500777 12266.10229107 2821.54817045685 49411.0549980352 907913.652177772 1056.79441053374 265218.064783999 1013633.31200414 24850.213853946 1536.5387028309 493.812163951143 3281.05616839322 90.3314934056969 1009.55574412099 4226.42424442157 0 741.429599899105 1999.25735051977 131.823156618796
3576.89556528177 18849.853564176 3437.07677436608 60190.2144747625 1105977.5479661 1287.33705905056 323076.125425071 1234760.24648166 30271.3573242304 1871.73890692767 601.538664973815 5042.14189988247 110.037560665942 1551.42827688691 5148.43048267611 0 903.174535286465 2435.40091833327 160.580745947259
4011.34366193565 15470.0227753189 3854.54254473138 67500.8903495526 1240309.07425374 1443.69642846716 362316.803606341 1384733.66033099 33948.1025164276 2099.0794570518 674.601275634913 4138.0719357849 123.40267237224 1273.25290331843 5773.7564904197 0 1012.87370056543 2731.20359812877 180.084809782164
3218.92982247581 9688.93229497527 3093.10370661447 54166.5455023609 995294.396261272 1158.50395275091 290743.566894935 1111188.8811029 27241.8842203772 1684.42049185832 541.338351292894 2591.68970853248 99.0253081633343 797.442987240763 4633.18990369352 0 812.787344073691 2191.6727795463 144.510272276939
915.748716739029 4780.11042697214 879.952625961365 15409.762644599 283149.871671567 329.581123720418 82713.2192895659 316120.527020999 7750.0044711059 479.198363722566 154.004569175977 1278.63036112424 28.1715675321908 393.424726499765 1318.08953369857 0 231.228702819227 623.505837675486 41.1115195706348
1755.34083780394 9600.13680682114 1686.72557378313 29538.0000828751 542752.093318728 631.753225814927 158547.742400587 605951.458740836 14855.4937535033 918.54505703966 295.201625229285 2567.93782898508 54.00029729804 790.134716610793 2526.56252101789 0 443.227686276616 1195.1589333134 78.8040735273853
26.6838434536057 54.3417183025254 25.6407873563353 449.022408166673 8250.65513222644 9.60360735413986 2410.16618939529 9211.38135528894 225.826039711141 13.9632782302233 4.48751250197259 14.5358505747496 0.820886433287669 4.47256940761526 38.4075829232881 0 6.73773317420539 18.1682287518655 1.19794145742199
144.424178182812 530.812145274668 138.778720102203 2430.29803401039 44656.0140038817 51.9787601858621 13044.8326078895 49855.8681952661 1222.26546015632 75.5751316951096 24.2883041308994 141.986787830673 4.44298246296941 43.6882424094377 207.87798464372 0 36.4674443616626 98.334091604444 6.48376276079193
667.251883727611 3220.30703332466 641.169391265558 11228.1818848939 206314.550920552 240.146255870957 60268.226830468 230338.315832812 5646.96950999552 349.163482326989 112.214013524645 861.39900068355 20.5269536935326 265.045846364169 960.413821177826 0 168.482668561566 454.311796565359 29.9555307858849
341.012154369674 1747.47840015621 327.682185338898 5738.38244237208 105441.095338968 122.731451308718 30801.2586741351 117718.91130111 2885.99445760358 178.446841798878 57.3491711836487 467.432493868945 10.4907020457894 143.825382728906 490.838308940556 0 86.1063702947682 232.184948863411 15.3093611838371
474.403044839981 3051.11941551679 455.858902601088 7983.01781398234 146685.612342848 170.739293167152 42849.5310582778 163766.039541084 4014.88492575619 248.248409937011 79.7819698798153 816.143053533298 14.594262782893 251.120939548707 682.835451175973 0 119.787883582808 323.006805755698 21.2977967708861
204.632786739753 1136.1340692528 196.633808770877 3443.45846772404 63272.5399949085 73.64804620627 18483.0579110314 70640.1474634897 1731.81243192493 107.081445791011 34.4137901425159 303.904174903012 6.29520551387486 93.5089768932345 294.539680507254 0 51.6702595015496 139.328327498383 9.18676124035715
2225.29657540165 9200.55711012757 2138.31101182483 37446.1808288296 688062.596472871 800.891917756389 200995.579093965 768182.268056039 18832.7410059743 1164.4662539383 374.235676358772 2461.05437102178 68.457745675385 757.247498775932 3202.99670837332 0 561.89261433039 1515.13770094379 99.9022133887011
