2604.89323754016 535586.011057618 1229202.7737902 2405742.1113125 65286.483298311 26542.230373451
13002.059468134 479381.562814747 768833.014509752 1584668.84586367 33389.8429691651 13574.6460744633
127717.871975304 866231.365462833 1577755.69345574 2967884.31052923 67350.898041625 27381.5185221635
4993.88860640476 1390907.96627687 1865205.37046585 2939517.76855656 70118.1340283595 28506.538761376
155925.502960858 1034789.87707739 1877690.46409399 3905857.39263241 87220.8609057442 35459.6551471915
20535.4059318142 866420.738595732 1215282.45803063 2860322.41458822 62365.4816557693 25354.6966819315
130409.598851061 274180.084718383 473666.734903103 1035637.3244988 23470.4832659339 9541.9287783381
119934.293397438 479972.326281217 976264.838187 2066673.44380645 51695.9339938298 21016.9903495238
15428.8773830107 1705.62526731184 6611.1716945143 202686.564805646 6563.28521515722 2668.30466869203
1100.54128944337 30235.399698493 64400.4444785044 168963.242229711 7241.57212727132 2944.06232282034
53668.4597455614 245943.29493546 304133.286290023 612452.571440031 17307.9305978801 7036.541991664
44473.068487937 179828.007213086 178613.364197118 255252.049602233 8301.4399271619 3374.95174876107
43063.9898505627 65684.6146864617 298308.917939275 543834.348897645 19454.9955505003 7909.43159637459
52756.8606242301 43281.1421174415 108458.090315101 154270.483000745 9721.35188239246 3952.21718444922
53288.8006066116 606247.390681254 1095420.75179304 2103236.86436191 51089.8862287987 20770.6015323582
