339539.529766526 413209.793802538 13856.6713897536 1582.63550275787 40715.4409688117 260801.712762597
155239.622795309 252547.493255295 7086.79742581824 809.416409719196 23916.0717287441 184216.430336435
349521.059009902 523629.900869478 14294.8312547835 1632.67979830151 34860.5092866943 355090.297938609
580981.642817018 438929.878254801 14882.160787466 1699.76146200675 31356.3984300539 432554.236935075
432275.059407011 690852.533964421 18512.1137920684 2114.35543893215 31233.3727462251 485092.076384468
285033.134760278 516755.968825823 13236.7060026659 1511.82634488093 11620.1697622314 389265.414015211
144709.703563222 140800.432012983 4981.47177707105 568.957281920445 25822.0607713131 110741.557913537
258732.606787717 363866.038868825 10972.1573800472 1253.1816136125 59678.9713761333 212273.49325684
2433.65702265546 17221.4610518025 1393.01861379344 159.103196733257 15953.9464374018 3226.87910030166
17404.7821118861 21626.1781174216 1536.98101419093 175.545818451182 4143.48078983918 17465.2262132569
98734.3995235349 91554.3830578397 3673.50628514694 419.568401598728 10147.4977833944 80690.8180967682
52463.3172077992 44921.9464575436 1761.93170961375 201.238493620594 4217.41740770671 41238.6242558189
77436.8552341952 105578.996920243 4129.20817009875 471.616253605359 9083.90135423423 57369.5941956497
31949.425314158 34726.9398746808 2063.29965550403 235.65914177942 1144.80550124415 24746.2575590012
255704.308223652 386258.400587775 10843.5273129603 1238.49016967421 8033.03171995295 269105.274269106
