225116.568407625 719500.943753343 2096662.33358808 2902699.03468378 98056.595381172 23690.0765287288
115132.665892611 493568.97010862 876210.055217323 1697611.43756767 50149.6505319196 12115.9525717971
232234.947883841 762974.662279969 2094298.86660247 3370930.13567078 101157.229248356 24439.1771202353
241776.749461073 1972956.99961229 3207350.31091734 3884523.92029929 105313.460764696 25443.3058309096
300749.250207629 1065593.20782435 2580344.07891171 4324352.32776128 131000.786603148 31649.2597758309
215044.562184263 803971.517133841 1617685.64240852 3097031.70906335 93669.4165701813 22630.1518864997
80929.3805511551 507463.360551391 797085.634946006 1208915.04357612 35251.3348052826 8516.57979792897
178254.527941761 459990.399759279 1661816.21849348 2632188.26199276 77644.3610742913 18758.5633452189
22631.0894762947 9385.71829152807 10527.6059296984 205388.855005472 9857.6821755469 2381.57611149766
24969.9139057441 42749.0420301102 97400.7819606194 182660.870893839 10876.4306504741 2627.70161933052
59680.0707526073 289780.109533224 554486.459854718 769476.278900284 25995.5301891049 6280.41486848342
28624.4805177473 151680.509038432 310042.183202749 383832.439307651 12468.2919785921 3012.2888726371
67083.4392580548 103793.893878474 516815.280865698 679434.89952694 29220.2999834005 7059.50619750036
33520.5277644939 63158.748932663 198716.532442652 238790.748996312 14600.9192091744 3527.52297905648
176164.793799833 516151.266206562 1582383.8309536 2357490.48087891 76734.1117014498 18538.6507812652
