2018.75559956746 12767.1091890133 1946.2609145497 33567.8664025953 630017.665118984 554.036673891262 194645.589506137 847306.636210287 17178.3751021389 587.092258744836 188.679463911725 3415.07035920108 34.514536081413 1050.79087975418 3683.18383817145 0 529.351673529254 1337.5153806809 80.7274638166884
1425.94136493471 5366.31675995834 1374.73498307903 23710.5518103917 445010.901530244 391.341978772302 137487.270692089 598492.250183632 12133.8886419697 414.690682198768 133.273117539875 1435.43452426869 24.3792288182697 441.672161313444 2601.60476614057 0 373.905810116146 944.749581354939 57.0215780291335
2748.60360279984 12501.1842488935 2649.89965247205 45703.7783832009 857790.227080789 754.339553667144 265016.512499233 1153636.46469281 23388.9350974941 799.345843502652 256.893431970282 3343.93817357234 46.9927009701735 1028.90405340687 5014.77859407117 0 720.730095967228 1821.0721470828 109.913155380961
3348.21914580059 19211.11424629 3227.98265338057 55674.1851251965 1044919.55786819 918.900831480474 322830.603947168 1405305.477459 28491.296530917 973.7253689857 312.935450742024 5138.77541567429 57.2442897698824 1581.16166636132 6108.76653276466 0 877.959376831937 2218.34411573054 133.891016822875
3754.89230930922 15766.5084196824 3620.05194760456 62436.3461441447 1171835.00865141 1030.51010549038 362041.461202213 1575993.2369299 31951.8363546686 1091.99360620389 350.9444472221 4217.37879538829 64.1971549796524 1297.65501396563 6850.73451718733 0 984.595920516995 2487.78317572349 150.153358385863
3013.13870195508 9874.62234704504 2904.93514271301 50102.4677882695 940346.919702476 826.939796358664 290522.616522508 1264666.42050955 25639.9669519414 876.277646893619 281.617742681861 2641.35988706966 51.5154407344867 812.726119098357 5497.41819742207 0 790.095648426899 1996.33841701953 120.49157688472
857.203496766449 4871.72206456652 826.420821782155 14253.5790194013 267517.943073614 235.254913620153 82650.3614358157 359783.131523448 7294.27733078448 249.290967776592 80.1170266810916 1303.13553167417 14.6555536611753 400.964778976668 1563.95259831884 0 224.773174952764 567.935445748972 34.2784754546707
1643.1192058239 9784.12507810466 1584.1138416786 27321.7847650566 512788.23736124 450.945275295621 158427.254153486 689645.545739892 13981.9392011689 477.85010039891 153.571264874429 2617.15279866997 28.0923045502004 805.277784206145 2997.84189050739 0 430.853492912812 1088.63956119925 65.7062431247621
24.9779044158004 55.383186670138 24.0809333741274 415.332573505198 7795.15906877457 6.85505223429176 2408.33458526783 10483.6584352601 212.546685399622 7.26404638844189 2.33451618205853 14.8144326483908 0.427045643059488 4.55828696873564 45.5717442346062 0 6.54962666436227 16.5489727139177 0.998834566886285
135.190918963862 540.985251236657 130.336134615699 2247.95448621683 42190.6778260585 37.1024244336906 13034.9191963779 56741.966594664 1150.39201221866 39.3160727297994 12.635382966269 144.707989013921 2.31135054261019 44.5255350812063 246.65343734622 0 35.4493328537697 89.5699972207106 5.40611256822688
624.593447416545 3282.024770893 602.163934282651 10385.7393155007 194924.489856178 171.416330047622 60222.4260332021 262152.671201453 5314.9081188225 181.643571871489 58.3765349538002 877.907860526933 10.6786344427683 270.125495546749 1139.5596829281 0 163.778907529072 413.820941361665 24.9766960088003
319.210724320183 1780.96912392606 307.747681979228 5307.8356540789 99619.981368835 87.605675501615 30777.8512789244 133978.261223862 2716.28797471693 92.8325079057938 29.8344724604158 476.390917922609 5.45752545007606 146.581820899264 582.394313129837 0 83.7024210179673 211.491303626856 12.7648300779836
444.073730577088 3109.59464332205 428.126785226325 7384.05761653747 138587.501596924 121.87365954756 42816.9675868078 186385.424251081 3778.79576829105 129.145028546105 41.5045751157381 831.784575374211 7.59230032604966 255.933715499757 810.20465665506 0 116.44360144523 294.218599284858 17.7579425784799
191.550298831998 1157.90827388701 184.671616448722 3185.09820700801 59779.4364255069 52.5699547139317 18469.0117239648 80396.9729684913 1629.97585491175 55.706444915185 17.9029139057228 309.728550628212 3.27492327543709 95.3010925009884 349.480127760929 0 50.2277102158737 126.910593296541 7.65985234733177
2083.02995233168 9376.88736787295 2008.22713800923 34636.6202860099 650076.545780034 571.676426137465 200842.83264275 874283.693585096 17725.3105218933 605.784454546941 194.686753959824 2508.22090087136 35.6134306024069 771.760277191189 3800.45125645668 0 546.205489913982 1380.09999836512 83.2977132754276
