2058.50958587221 10379.6624657657 2516.95651850796 39421.6532449986 955145.811443053 959.165965272368 262138.981938789 814762.407683719 21853.8935231264 464.571634439012 149.30383705271 2776.45292294144 27.3116775096421 854.293207058905 3951.18516180437 0 604.040868913696 1418.09713494673 115.05113343472
1464.90260629519 7244.74322361732 1791.1484062056 28053.7350806626 679712.933171503 682.57380584496 186546.655157299 579811.521266975 15551.9438915611 330.60433760971 106.24948337839 1937.89427792233 19.4358811058031 596.27516243764 2811.79231867876 0 429.855196814911 1009.16420463643 81.8741415548591
2972.02071091588 14981.8443525989 3633.91404772634 56915.9214544231 1379013.80349925 1384.81799334796 378469.203547759 1176332.02523353 31552.0630123089 670.736016355132 215.560859655578 4007.48923011904 39.4318645711424 1233.0736092674 5704.6147436668 0 872.097941623366 2047.41045855581 166.10772848913
3505.65438703048 16313.8946453524 4286.39231103397 67135.3160513787 1626619.14577403 1633.46549227881 446424.285974866 1387545.35246612 37217.3140357681 791.168328551151 254.265345644501 4363.7989792095 46.511953471555 1342.70737821831 6728.89244311202 0 1028.68528598849 2415.02807491418 195.932782352023
3629.29213598379 17748.5664896134 4437.56519859176 69503.0506981739 1683986.9029414 1691.07470703923 462168.819720183 1436481.43258406 38529.8977709173 819.07132764516 263.232799791899 4747.55893755092 48.1523414253474 1460.78736540028 6966.20765527133 0 1064.96505549787 2500.20151241735 202.842958165642
3025.63532432927 12917.1212904565 3699.46907435545 57942.6724170387 1403890.91545705 1409.79981164033 385296.706452621 1197552.80157168 32121.2554323304 682.835949605005 219.449531129181 3455.19705300278 40.1432069138745 1063.13755477008 5807.52476479509 0 887.830400629127 2084.34530218958 169.10427612933
870.07041570871 4129.10781147749 1063.84221837426 16662.3534144328 403711.558560738 405.410757309916 110798.305023341 344375.69376527 9236.98697009655 196.360530879703 63.106265068139 1104.49385903719 11.5438289758791 339.844264319135 1670.0477568175 0 255.310003668555 599.387232484341 48.6286720170361
1587.68736024192 8176.90777829909 1941.27832978751 30405.1343780381 736684.901748272 739.785566163361 202182.565049633 628409.984173869 16855.4719185527 358.314829810823 115.15506974128 2187.23870612939 21.0649517819414 672.996524962888 3047.47025830058 0 465.884666860792 1093.75001807253 88.736643049643
13.1361231012866 45.672228967592 16.0616452284807 251.564381063165 6095.14429512744 6.12079840718523 1672.80733596138 5199.30505016281 139.45790562863 2.96460615060531 0.95276388144086 12.216851369932 0.174286075873328 3.75903119074832 25.2139970771363 0 3.8546117378882 9.04941063286282 0.734184510052042
118.504269913732 467.209986698108 144.896140721158 2269.42554392402 54985.8294676137 55.2172616638753 15090.8156482656 46904.2383568997 1258.08483696383 26.7444576113048 8.59512257153437 124.973864754638 1.57227851918312 38.4534968475809 227.461808342855 0 34.7734218290481 81.6370090268061 6.62326309481423
636.65996390899 2752.85131192071 778.449348611996 12192.4078005006 295409.407862192 296.652769083071 81074.8688884897 251991.347832625 6759.01591967048 143.683644732584 46.1769894888179 736.359404423236 8.44701027234474 226.572124437919 1222.03045338078 0 186.818968656492 438.591919586365 35.5832447723098
348.564777687622 1634.95302610407 426.193006505435 6675.21778558988 161733.610428559 162.414337900222 44387.6562877593 137962.669424332 3700.49165171601 78.6653166881398 25.2814264880559 437.333113978456 4.62465118683949 134.564035070294 669.04909599603 0 102.28146258446 240.124561952293 19.4814602873904
430.948586322845 2331.53909606164 526.924363593616 8252.91553317846 199959.59212362 200.801210555438 54878.7455069173 170570.35351697 4575.10841051091 97.2579824166113 31.2567296028302 623.662721168752 5.71769443954211 191.896221898078 827.179854524658 0 126.455839859149 296.878362757213 24.0859326810107
167.187021289102 798.75653772211 204.420939271572 3201.72848625846 77574.5637561675 77.901070636903 21290.2751849631 66172.9733657085 1774.91879890984 37.731351007704 12.1260857637928 213.659156180811 2.21818642020599 65.741278824865 320.905417345371 0 49.0586948458498 115.174317145527 9.34416649157144
2055.98161885272 10653.808610507 2513.86555254309 39373.2412094458 953972.83798366 957.988054835094 261817.060338126 813761.833040063 21827.0556971318 464.001114010973 149.120483436801 2849.78419622614 27.278137214049 876.85667576189 3946.33288137512 0 603.299072321871 1416.35563089342 114.90984408981
