259866.016424891 743655.7707581 11452.3599500715 856.744823728257 38747.9755055838 225379.48265433
124662.254810814 437459.973158596 5857.14654918678 438.169950098563 22760.3911313405 159196.054833608
271196.320574168 914966.398068472 11814.4934198533 883.83583179008 33175.9678346038 306861.741041653
459162.050215479 986006.106013754 12299.9136934812 920.14985864364 29841.1838211885 373804.485820644
333353.740265916 1206086.21936225 15300.0229723438 1144.58640329386 29724.1030265287 419206.607415063
225122.817958201 892617.2255196 10939.9665642571 818.412953011397 11058.6559448679 336395.174313264
119303.603447654 269949.166020398 4117.12208996496 307.999665973887 24574.2783195438 95700.579442157
187318.691598079 643218.4424342 9068.34637343365 678.398063725347 56795.143711011 183442.392247645
1804.18471496364 19757.9166647036 1151.31189400283 86.1290170745592 15183.0143813836 2788.60263036723
12443.922740398 42302.3731795449 1270.29495871256 95.0300754804944 3943.25809403682 15093.0897143602
74785.3478521591 193422.91102077 3036.1055027589 227.129402596653 9657.14692504791 69731.3474093581
37505.4849690875 102861.421331931 1456.21380332815 108.938563202883 4013.62192136934 35637.5719380848
56661.1895446244 184313.868367728 3412.7372254577 255.305017079678 8644.94596628902 49577.6247898887
23944.4213985427 67033.4066356563 1705.29051855583 127.571856900679 1089.48581828807 21385.2074328799
192693.54955187 687694.805214581 8962.03528419397 670.444988917351 7644.85681387423 232555.249932472
