197429.983258446 804409.427186349 1468186.31366582 2226255.5892891 65286.483298311 26542.230373451
100972.75585029 469509.523445516 1054619.79200325 1639827.08964936 33389.8429691651 13574.6460744633
203672.889103882 1308124.00428842 2062395.82598781 2816714.46077241 67350.898041625 27381.5185221635
212041.165765941 1577162.5508329 2387963.37519475 3076787.35764198 70118.1340283595 28506.538761376
263760.770046773 977784.229045977 2601580.37154276 3969784.00126775 87220.8609057442 35459.6551471915
188596.710638295 1052797.47924359 1841517.42839909 2762671.82426898 62365.4816557693 25354.6966819315
70976.0563620501 416049.474833574 552955.951464258 956487.549556346 23470.4832659339 9541.9287783381
156331.400732617 452452.963592791 1217084.74827561 2250901.8901327 51695.9339938298 21016.9903495238
19847.7422076496 1479.92257420462 7608.31277352054 188642.575228557 6563.28521515722 2668.30466869203
21898.9198318328 47938.7463438024 69589.4566485441 134665.23849851 7241.57212727132 2944.06232282034
52340.1518284294 292990.358426626 390634.936192478 599438.492215918 17307.9305978801 7036.541991664
25104.0194392423 133796.124074128 259633.134453327 344052.795010617 8301.4399271619 3374.95174876107
58832.9965373978 77633.6005908697 360333.496143017 570464.207503929 19454.9955505003 7909.43159637459
29397.9127443652 38018.8579574305 126968.038082492 175718.215853457 9721.35188239246 3952.21718444922
154498.678336509 532309.087872676 1569913.92287027 2200951.73252789 51089.8862287987 20770.6015323582
