56527.7459696865 215923.900309664 66066.5306815793 0 0 310715.693945353 213353.65176833 9100.37850071804 0
42169.9103255577 142817.168758187 49285.8794662878 0 0 231795.072059754 159162.623741012 6788.91646430956 0
79491.6773183228 273868.047354436 92905.5147767163 0 0 436941.386166147 300026.816037362 12797.332333782 0
94449.8420267871 330988.360616039 110387.797692823 0 0 519161.832918648 356483.676461523 15205.4410985663 0
103078.279405639 339119.530268544 120472.242296889 0 0 566589.708590035 389050.137272108 16594.5296721565 0
83600.0629894809 207998.248015246 97707.1707306063 0 0 459523.922987865 315533.167312793 13458.7396478913 0
24155.0735789751 83831.3486381158 28231.1258364511 0 0 132773.035978069 91168.9130426444 3888.71532926942 0
44313.8835932255 172156.347331036 51791.6378905635 0 0 243579.835988267 167254.659220295 7134.07383608343 0
378.153525018982 1282.23463871582 441.965109955232 0 0 2078.5940236705 1427.27140641928 60.878779969379 0
3150.17608259795 9667.74458866827 3681.75311509753 0 0 17315.5524028743 11889.7642105869 507.145547797431 0
16888.2371310173 54758.6491768918 19738.045758493 0 0 92829.4632956303 63741.5662348234 2718.8303277572 0
9188.63417630916 31527.3315374977 10739.1719113739 0 0 50507.1057677222 34680.8212966804 1479.27442487958 0
11634.2200476299 53401.6383361422 13597.4386126271 0 0 63949.7417348078 43911.2384557003 1872.98828527236 0
4764.56892135514 16748.1226163036 5568.56696525652 0 0 26189.3750290913 17982.9950944469 767.045984822067 0
57138.418401774 196808.707665358 66780.2511436077 0 0 314072.373134563 215658.523317427 9198.69040360075 0
