2697.79071581079 563744.167248199 2050134.09863658 2619421.74377873 65286.483298311 26542.230373451
13337.2412076136 552261.06731322 1309022.85076973 1868428.26832826 33389.8429691651 13574.6460744633
130858.390259151 944722.172508276 2618527.55726325 3288726.6803097 67350.898041625 27381.5185221635
5181.15140899675 1395665.40407339 3136567.60556048 3553486.37520587 70118.1340283595 28506.538761376
160288.531485241 1166790.264715 3158884.4577593 4265150.41324252 87220.8609057442 35459.6551471915
21019.5731161817 1004734.44913052 1991228.27056695 3071088.60060393 62365.4816557693 25354.6966819315
133077.805492256 303485.288078459 797488.93440086 1199974.43485474 23470.4832659339 9541.9287783381
121824.674099108 465916.81287856 1631225.20611067 2332782.37425473 51695.9339938298 21016.9903495238
15596.8424393546 1581.81305657868 11424.8604087417 202991.575336351 6563.28521515722 2668.30466869203
1130.1672368126 30000.733077845 101232.159965472 151269.627946627 7241.57212727132 2944.06232282034
55113.1842452787 245754.018616237 515329.707591856 675245.073424684 17307.9305978801 7036.541991664
45363.3201459533 166463.986070852 299287.679643053 312510.676395431 8301.4399271619 3374.95174876107
43818.2608871682 67375.9810996925 503891.28853679 612425.174326102 19454.9955505003 7909.43159637459
54282.4507995536 43562.4688923153 170281.456731946 180672.20367757 9721.35188239246 3952.21718444922
54538.9566664736 650474.983608686 1843718.66012089 2222980.23823221 51089.8862287987 20770.6015323582
